1
490.0000,234.5000,34.0000,85.0000
490.0000,234.5000,34.0000,85.0000
486.0000,234.5000,34.0000,85.0000
486.0000,234.5000,34.0000,85.0000
486.0000,234.5000,34.0000,85.0000
486.0000,234.5000,34.0000,85.0000
486.0000,234.5000,34.0000,85.0000
482.0000,234.5000,34.0000,85.0000
482.0000,234.5000,34.0000,85.0000
482.0000,234.5000,34.0000,85.0000
478.0000,238.5000,34.0000,85.0000
478.0000,238.5000,34.0000,85.0000
478.0000,238.5000,34.0000,85.0000
474.0000,238.5000,34.0000,85.0000
474.0000,242.5000,34.0000,85.0000
474.0000,242.5000,34.0000,85.0000
470.0000,242.5000,34.0000,85.0000
470.0000,242.5000,34.0000,85.0000
466.0000,246.5000,34.0000,85.0000
466.0000,246.5000,34.0000,85.0000
466.0000,246.5000,34.0000,85.0000
466.0000,246.5000,34.0000,85.0000
462.0000,246.5000,34.0000,85.0000
462.0000,246.5000,34.0000,85.0000
458.0000,246.5000,34.0000,85.0000
458.0000,246.5000,34.0000,85.0000
454.0000,246.5000,34.0000,85.0000
454.0000,246.5000,34.0000,85.0000
454.0000,246.5000,34.0000,85.0000
450.0000,246.5000,34.0000,85.0000
446.0000,246.5000,34.0000,85.0000
446.0000,246.5000,34.0000,85.0000
442.0000,246.5000,34.0000,85.0000
438.0000,246.5000,34.0000,85.0000
438.0000,246.5000,34.0000,85.0000
434.0000,246.5000,34.0000,85.0000
430.0000,242.5000,34.0000,85.0000
426.0000,242.5000,34.0000,85.0000
422.0000,242.5000,34.0000,85.0000
422.0000,242.5000,34.0000,85.0000
418.0000,242.5000,34.0000,85.0000
418.0000,242.5000,34.0000,85.0000
414.0000,238.5000,34.0000,85.0000
410.0000,238.5000,34.0000,85.0000
406.0000,238.5000,34.0000,85.0000
406.0000,238.5000,34.0000,85.0000
402.0000,242.5000,34.0000,85.0000
402.0000,242.5000,34.0000,85.0000
398.0000,242.5000,34.0000,85.0000
394.0000,242.5000,34.0000,85.0000
394.0000,242.5000,34.0000,85.0000
390.0000,242.5000,34.0000,85.0000
386.0000,242.5000,34.0000,85.0000
382.0000,242.5000,34.0000,85.0000
382.0000,242.5000,34.0000,85.0000
378.0000,242.5000,34.0000,85.0000
374.0000,242.5000,34.0000,85.0000
374.0000,242.5000,34.0000,85.0000
370.0000,242.5000,34.0000,85.0000
366.0000,242.5000,34.0000,85.0000
366.0000,242.5000,34.0000,85.0000
362.0000,242.5000,34.0000,85.0000
362.0000,242.5000,34.0000,85.0000
358.0000,242.5000,34.0000,85.0000
354.0000,242.5000,34.0000,85.0000
354.0000,242.5000,34.0000,85.0000
350.0000,242.5000,34.0000,85.0000
346.0000,242.5000,34.0000,85.0000
346.0000,242.5000,34.0000,85.0000
342.0000,242.5000,34.0000,85.0000
338.0000,242.5000,34.0000,85.0000
338.0000,242.5000,34.0000,85.0000
334.0000,242.5000,34.0000,85.0000
330.0000,242.5000,34.0000,85.0000
330.0000,242.5000,34.0000,85.0000
326.0000,242.5000,34.0000,85.0000
322.0000,238.5000,34.0000,85.0000
322.0000,238.5000,34.0000,85.0000
318.0000,238.5000,34.0000,85.0000
314.0000,238.5000,34.0000,85.0000
314.0000,238.5000,34.0000,85.0000
310.0000,242.5000,34.0000,85.0000
310.0000,242.5000,34.0000,85.0000
306.0000,242.5000,34.0000,85.0000
302.0000,242.5000,34.0000,85.0000
302.0000,246.5000,34.0000,85.0000
298.0000,246.5000,34.0000,85.0000
298.0000,246.5000,34.0000,85.0000
294.0000,246.5000,34.0000,85.0000
290.0000,246.5000,34.0000,85.0000
286.0000,246.5000,34.0000,85.0000
282.0000,246.5000,34.0000,85.0000
282.0000,246.5000,34.0000,85.0000
278.0000,246.5000,34.0000,85.0000
274.0000,246.5000,34.0000,85.0000
274.0000,246.5000,34.0000,85.0000
270.0000,246.5000,34.0000,85.0000
266.0000,246.5000,34.0000,85.0000
262.0000,246.5000,34.0000,85.0000
262.0000,246.5000,34.0000,85.0000
258.0000,246.5000,34.0000,85.0000
258.0000,246.5000,34.0000,85.0000
254.0000,246.5000,34.0000,85.0000
254.0000,246.5000,34.0000,85.0000
258.0000,246.5000,34.0000,85.0000
258.0000,246.5000,34.0000,85.0000
262.0000,242.5000,34.0000,85.0000
266.0000,238.5000,34.0000,85.0000
270.0000,238.5000,34.0000,85.0000
278.0000,234.5000,34.0000,85.0000
282.0000,230.5000,34.0000,85.0000
290.0000,226.5000,34.0000,85.0000
298.0000,222.5000,34.0000,85.0000
306.0000,218.5000,34.0000,85.0000
318.0000,214.5000,34.0000,85.0000
326.0000,210.5000,34.0000,85.0000
334.0000,210.5000,34.0000,85.0000
346.0000,206.5000,34.0000,85.0000
354.0000,202.5000,34.0000,85.0000
366.0000,202.5000,34.0000,85.0000
374.0000,198.5000,34.0000,85.0000
386.0000,198.5000,34.0000,85.0000
394.0000,194.5000,34.0000,85.0000
402.0000,194.5000,34.0000,85.0000
410.0000,190.5000,34.0000,85.0000
418.0000,186.5000,34.0000,85.0000
426.0000,186.5000,34.0000,85.0000
434.0000,182.5000,34.0000,85.0000
438.0000,182.5000,34.0000,85.0000
446.0000,178.5000,34.0000,85.0000
450.0000,178.5000,34.0000,85.0000
454.0000,174.5000,34.0000,85.0000
458.0000,174.5000,34.0000,85.0000
462.0000,170.5000,34.0000,85.0000
462.0000,170.5000,34.0000,85.0000
462.0000,170.5000,34.0000,85.0000
466.0000,170.5000,34.0000,85.0000
466.0000,170.5000,34.0000,85.0000
466.0000,166.5000,34.0000,85.0000
466.0000,166.5000,34.0000,85.0000
466.0000,166.5000,34.0000,85.0000
466.0000,162.5000,34.0000,85.0000
466.0000,162.5000,34.0000,85.0000
466.0000,162.5000,34.0000,85.0000
466.0000,158.5000,34.0000,85.0000
466.0000,158.5000,34.0000,85.0000
466.0000,158.5000,34.0000,85.0000
462.0000,154.5000,34.0000,85.0000
462.0000,154.5000,34.0000,85.0000
462.0000,154.5000,34.0000,85.0000
462.0000,154.5000,34.0000,85.0000
462.0000,154.5000,34.0000,85.0000
458.0000,154.5000,34.0000,85.0000
458.0000,154.5000,34.0000,85.0000
458.0000,154.5000,34.0000,85.0000
458.0000,154.5000,34.0000,85.0000
454.0000,150.5000,34.0000,85.0000
454.0000,150.5000,34.0000,85.0000
454.0000,150.5000,34.0000,85.0000
450.0000,150.5000,34.0000,85.0000
450.0000,150.5000,34.0000,85.0000
450.0000,150.5000,34.0000,85.0000
450.0000,146.5000,34.0000,85.0000
450.0000,146.5000,34.0000,85.0000
450.0000,146.5000,34.0000,85.0000
450.0000,146.5000,34.0000,85.0000
446.0000,146.5000,34.0000,85.0000
446.0000,146.5000,34.0000,85.0000
446.0000,146.5000,34.0000,85.0000
446.0000,146.5000,34.0000,85.0000
442.0000,146.5000,34.0000,85.0000
442.0000,146.5000,34.0000,85.0000
442.0000,146.5000,34.0000,85.0000
438.0000,146.5000,34.0000,85.0000
434.0000,146.5000,34.0000,85.0000
434.0000,146.5000,34.0000,85.0000
430.0000,146.5000,34.0000,85.0000
430.0000,146.5000,34.0000,85.0000
426.0000,146.5000,34.0000,85.0000
426.0000,146.5000,34.0000,85.0000
422.0000,146.5000,34.0000,85.0000
422.0000,146.5000,34.0000,85.0000
418.0000,146.5000,34.0000,85.0000
418.0000,150.5000,34.0000,85.0000
418.0000,150.5000,34.0000,85.0000
414.0000,150.5000,34.0000,85.0000
414.0000,154.5000,34.0000,85.0000
410.0000,154.5000,34.0000,85.0000
410.0000,154.5000,34.0000,85.0000
410.0000,158.5000,34.0000,85.0000
406.0000,158.5000,34.0000,85.0000
406.0000,158.5000,34.0000,85.0000
406.0000,158.5000,34.0000,85.0000
406.0000,158.5000,34.0000,85.0000
406.0000,158.5000,34.0000,85.0000
402.0000,158.5000,34.0000,85.0000
402.0000,158.5000,34.0000,85.0000
402.0000,158.5000,34.0000,85.0000
406.0000,162.5000,34.0000,85.0000
406.0000,162.5000,34.0000,85.0000
406.0000,162.5000,34.0000,85.0000
406.0000,162.5000,34.0000,85.0000
410.0000,166.5000,34.0000,85.0000
410.0000,166.5000,34.0000,85.0000
414.0000,166.5000,34.0000,85.0000
414.0000,166.5000,34.0000,85.0000
418.0000,166.5000,34.0000,85.0000
418.0000,166.5000,34.0000,85.0000
422.0000,166.5000,34.0000,85.0000
422.0000,166.5000,34.0000,85.0000
426.0000,166.5000,34.0000,85.0000
426.0000,166.5000,34.0000,85.0000
430.0000,166.5000,34.0000,85.0000
430.0000,166.5000,34.0000,85.0000
434.0000,166.5000,34.0000,85.0000
434.0000,166.5000,34.0000,85.0000
438.0000,170.5000,34.0000,85.0000
438.0000,170.5000,34.0000,85.0000
438.0000,170.5000,34.0000,85.0000
438.0000,174.5000,34.0000,85.0000
438.0000,174.5000,34.0000,85.0000
438.0000,174.5000,34.0000,85.0000
438.0000,178.5000,34.0000,85.0000
438.0000,178.5000,34.0000,85.0000
434.0000,178.5000,34.0000,85.0000
434.0000,178.5000,34.0000,85.0000
430.0000,178.5000,34.0000,85.0000
430.0000,182.5000,34.0000,85.0000
426.0000,182.5000,34.0000,85.0000
426.0000,182.5000,34.0000,85.0000
422.0000,182.5000,34.0000,85.0000
422.0000,186.5000,34.0000,85.0000
418.0000,186.5000,34.0000,85.0000
414.0000,190.5000,34.0000,85.0000
414.0000,190.5000,34.0000,85.0000
410.0000,194.5000,34.0000,85.0000
406.0000,194.5000,34.0000,85.0000
402.0000,194.5000,34.0000,85.0000
398.0000,194.5000,34.0000,85.0000
394.0000,194.5000,34.0000,85.0000
394.0000,194.5000,34.0000,85.0000
390.0000,194.5000,34.0000,85.0000
390.0000,198.5000,34.0000,85.0000
386.0000,198.5000,34.0000,85.0000
386.0000,198.5000,34.0000,85.0000
386.0000,198.5000,34.0000,85.0000
382.0000,198.5000,34.0000,85.0000
382.0000,198.5000,34.0000,85.0000
382.0000,198.5000,34.0000,85.0000
382.0000,202.5000,34.0000,85.0000
382.0000,202.5000,34.0000,85.0000
386.0000,202.5000,34.0000,85.0000
386.0000,202.5000,34.0000,85.0000
386.0000,202.5000,34.0000,85.0000
390.0000,202.5000,34.0000,85.0000
390.0000,202.5000,34.0000,85.0000
394.0000,202.5000,34.0000,85.0000
398.0000,202.5000,34.0000,85.0000
398.0000,202.5000,34.0000,85.0000
402.0000,202.5000,34.0000,85.0000
406.0000,202.5000,34.0000,85.0000
410.0000,202.5000,34.0000,85.0000
414.0000,202.5000,34.0000,85.0000
418.0000,202.5000,34.0000,85.0000
422.0000,202.5000,34.0000,85.0000
426.0000,202.5000,34.0000,85.0000
430.0000,202.5000,34.0000,85.0000
434.0000,202.5000,34.0000,85.0000
438.0000,202.5000,34.0000,85.0000
438.0000,202.5000,34.0000,85.0000
442.0000,202.5000,34.0000,85.0000
446.0000,202.5000,34.0000,85.0000
446.0000,202.5000,34.0000,85.0000
446.0000,202.5000,34.0000,85.0000
450.0000,202.5000,34.0000,85.0000
450.0000,202.5000,34.0000,85.0000
450.0000,198.5000,34.0000,85.0000
450.0000,198.5000,34.0000,85.0000
454.0000,202.5000,34.0000,85.0000
454.0000,202.5000,34.0000,85.0000
454.0000,202.5000,34.0000,85.0000
454.0000,202.5000,34.0000,85.0000
454.0000,202.5000,34.0000,85.0000
454.0000,206.5000,34.0000,85.0000
454.0000,206.5000,34.0000,85.0000
458.0000,206.5000,34.0000,85.0000
458.0000,206.5000,34.0000,85.0000
458.0000,206.5000,34.0000,85.0000
458.0000,206.5000,34.0000,85.0000
458.0000,206.5000,34.0000,85.0000
458.0000,206.5000,34.0000,85.0000
462.0000,206.5000,34.0000,85.0000
462.0000,206.5000,34.0000,85.0000
466.0000,206.5000,34.0000,85.0000
466.0000,206.5000,34.0000,85.0000
470.0000,206.5000,34.0000,85.0000
470.0000,206.5000,34.0000,85.0000
474.0000,206.5000,34.0000,85.0000
478.0000,206.5000,34.0000,85.0000
482.0000,210.5000,34.0000,85.0000
486.0000,210.5000,34.0000,85.0000
486.0000,210.5000,34.0000,85.0000
490.0000,210.5000,34.0000,85.0000
494.0000,206.5000,34.0000,85.0000
494.0000,206.5000,34.0000,85.0000
498.0000,206.5000,34.0000,85.0000
498.0000,206.5000,34.0000,85.0000
502.0000,202.5000,34.0000,85.0000
506.0000,202.5000,34.0000,85.0000
506.0000,202.5000,34.0000,85.0000
506.0000,202.5000,34.0000,85.0000
510.0000,202.5000,34.0000,85.0000
510.0000,202.5000,34.0000,85.0000
510.0000,206.5000,34.0000,85.0000
514.0000,206.5000,34.0000,85.0000
514.0000,206.5000,34.0000,85.0000
514.0000,206.5000,34.0000,85.0000
514.0000,206.5000,34.0000,85.0000
514.0000,206.5000,34.0000,85.0000
514.0000,206.5000,34.0000,85.0000
514.0000,206.5000,34.0000,85.0000
514.0000,206.5000,34.0000,85.0000
514.0000,206.5000,34.0000,85.0000
514.0000,206.5000,34.0000,85.0000
510.0000,206.5000,34.0000,85.0000
510.0000,206.5000,34.0000,85.0000
510.0000,206.5000,34.0000,85.0000
510.0000,206.5000,34.0000,85.0000
510.0000,206.5000,34.0000,85.0000
506.0000,210.5000,34.0000,85.0000
506.0000,210.5000,34.0000,85.0000
506.0000,210.5000,34.0000,85.0000
506.0000,210.5000,34.0000,85.0000
502.0000,210.5000,34.0000,85.0000
502.0000,210.5000,34.0000,85.0000
498.0000,210.5000,34.0000,85.0000
498.0000,210.5000,34.0000,85.0000
494.0000,210.5000,34.0000,85.0000
494.0000,210.5000,34.0000,85.0000
494.0000,210.5000,34.0000,85.0000
490.0000,210.5000,34.0000,85.0000
490.0000,210.5000,34.0000,85.0000
486.0000,210.5000,34.0000,85.0000
486.0000,210.5000,34.0000,85.0000
486.0000,210.5000,34.0000,85.0000
486.0000,214.5000,34.0000,85.0000
482.0000,214.5000,34.0000,85.0000
482.0000,214.5000,34.0000,85.0000
482.0000,214.5000,34.0000,85.0000
482.0000,214.5000,34.0000,85.0000
478.0000,214.5000,34.0000,85.0000
478.0000,214.5000,34.0000,85.0000
478.0000,214.5000,34.0000,85.0000
478.0000,214.5000,34.0000,85.0000
478.0000,214.5000,34.0000,85.0000
478.0000,214.5000,34.0000,85.0000
482.0000,214.5000,34.0000,85.0000
482.0000,210.5000,34.0000,85.0000
482.0000,210.5000,34.0000,85.0000
486.0000,210.5000,34.0000,85.0000
486.0000,210.5000,34.0000,85.0000
490.0000,210.5000,34.0000,85.0000
494.0000,210.5000,34.0000,85.0000
494.0000,210.5000,34.0000,85.0000
498.0000,210.5000,34.0000,85.0000
498.0000,210.5000,34.0000,85.0000
502.0000,210.5000,34.0000,85.0000
506.0000,210.5000,34.0000,85.0000
510.0000,210.5000,34.0000,85.0000
510.0000,210.5000,34.0000,85.0000
514.0000,206.5000,34.0000,85.0000
518.0000,206.5000,34.0000,85.0000
518.0000,202.5000,34.0000,85.0000
518.0000,202.5000,34.0000,85.0000
522.0000,202.5000,34.0000,85.0000
522.0000,198.5000,34.0000,85.0000
526.0000,198.5000,34.0000,85.0000
526.0000,198.5000,34.0000,85.0000
530.0000,198.5000,34.0000,85.0000
530.0000,198.5000,34.0000,85.0000
534.0000,198.5000,34.0000,85.0000
534.0000,198.5000,34.0000,85.0000
538.0000,194.5000,34.0000,85.0000
538.0000,194.5000,34.0000,85.0000
542.0000,194.5000,34.0000,85.0000
542.0000,190.5000,34.0000,85.0000
546.0000,190.5000,34.0000,85.0000
546.0000,190.5000,34.0000,85.0000
546.0000,186.5000,34.0000,85.0000
550.0000,186.5000,34.0000,85.0000
550.0000,186.5000,34.0000,85.0000
550.0000,186.5000,34.0000,85.0000
554.0000,186.5000,34.0000,85.0000
554.0000,186.5000,34.0000,85.0000
554.0000,182.5000,34.0000,85.0000
558.0000,182.5000,34.0000,85.0000
558.0000,178.5000,34.0000,85.0000
562.0000,178.5000,34.0000,85.0000
562.0000,178.5000,34.0000,85.0000
562.0000,178.5000,34.0000,85.0000
566.0000,174.5000,34.0000,85.0000
566.0000,174.5000,34.0000,85.0000
570.0000,174.5000,34.0000,85.0000
570.0000,174.5000,34.0000,85.0000
574.0000,174.5000,34.0000,85.0000
574.0000,174.5000,34.0000,85.0000
578.0000,170.5000,34.0000,85.0000
578.0000,170.5000,34.0000,85.0000
582.0000,170.5000,34.0000,85.0000
582.0000,166.5000,34.0000,85.0000
586.0000,166.5000,34.0000,85.0000
586.0000,166.5000,34.0000,85.0000
590.0000,162.5000,34.0000,85.0000
594.0000,162.5000,34.0000,85.0000
594.0000,162.5000,34.0000,85.0000
598.0000,162.5000,34.0000,85.0000
602.0000,162.5000,34.0000,85.0000
602.0000,162.5000,34.0000,85.0000
606.0000,162.5000,34.0000,85.0000
610.0000,158.5000,34.0000,85.0000
610.0000,158.5000,34.0000,85.0000
614.0000,158.5000,34.0000,85.0000
618.0000,158.5000,34.0000,85.0000
618.0000,154.5000,34.0000,85.0000
622.0000,154.5000,34.0000,85.0000
626.0000,154.5000,34.0000,85.0000
626.0000,150.5000,34.0000,85.0000
630.0000,150.5000,34.0000,85.0000
634.0000,150.5000,34.0000,85.0000
634.0000,146.5000,34.0000,85.0000
638.0000,146.5000,34.0000,85.0000
638.0000,146.5000,34.0000,85.0000
642.0000,146.5000,34.0000,85.0000
642.0000,146.5000,34.0000,85.0000
646.0000,146.5000,34.0000,85.0000
646.0000,146.5000,34.0000,85.0000
646.0000,146.5000,34.0000,85.0000
650.0000,146.5000,34.0000,85.0000
650.0000,146.5000,34.0000,85.0000
650.0000,142.5000,34.0000,85.0000
650.0000,142.5000,34.0000,85.0000
654.0000,142.5000,34.0000,85.0000
654.0000,142.5000,34.0000,85.0000
654.0000,138.5000,34.0000,85.0000
658.0000,138.5000,34.0000,85.0000
658.0000,138.5000,34.0000,85.0000
658.0000,138.5000,34.0000,85.0000
658.0000,138.5000,34.0000,85.0000
662.0000,138.5000,34.0000,85.0000
662.0000,142.5000,34.0000,85.0000
662.0000,138.5000,34.0000,85.0000
662.0000,138.5000,34.0000,85.0000
662.0000,138.5000,34.0000,85.0000
658.0000,138.5000,34.0000,85.0000
658.0000,138.5000,34.0000,85.0000
658.0000,134.5000,34.0000,85.0000
658.0000,134.5000,34.0000,85.0000
654.0000,134.5000,34.0000,85.0000
654.0000,134.5000,34.0000,85.0000
654.0000,134.5000,34.0000,85.0000
650.0000,134.5000,34.0000,85.0000
650.0000,134.5000,34.0000,85.0000
650.0000,134.5000,34.0000,85.0000
650.0000,134.5000,34.0000,85.0000
650.0000,134.5000,34.0000,85.0000
650.0000,134.5000,34.0000,85.0000
650.0000,134.5000,34.0000,85.0000
650.0000,134.5000,34.0000,85.0000
650.0000,130.5000,34.0000,85.0000
650.0000,130.5000,34.0000,85.0000
654.0000,130.5000,34.0000,85.0000
654.0000,130.5000,34.0000,85.0000
658.0000,130.5000,34.0000,85.0000
658.0000,130.5000,34.0000,85.0000
662.0000,130.5000,34.0000,85.0000
666.0000,130.5000,34.0000,85.0000
670.0000,130.5000,34.0000,85.0000
670.0000,130.5000,34.0000,85.0000
674.0000,130.5000,34.0000,85.0000
678.0000,130.5000,34.0000,85.0000
682.0000,130.5000,34.0000,85.0000
686.0000,130.5000,34.0000,85.0000
690.0000,130.5000,34.0000,85.0000
694.0000,130.5000,34.0000,85.0000
694.0000,130.5000,34.0000,85.0000
698.0000,130.5000,34.0000,85.0000
702.0000,130.5000,34.0000,85.0000
706.0000,126.5000,34.0000,85.0000
706.0000,126.5000,34.0000,85.0000
710.0000,126.5000,34.0000,85.0000
714.0000,126.5000,34.0000,85.0000
714.0000,126.5000,34.0000,85.0000
718.0000,126.5000,34.0000,85.0000
722.0000,126.5000,34.0000,85.0000
722.0000,126.5000,34.0000,85.0000
722.0000,126.5000,34.0000,85.0000
726.0000,126.5000,34.0000,85.0000
726.0000,126.5000,34.0000,85.0000
726.0000,126.5000,34.0000,85.0000
726.0000,126.5000,34.0000,85.0000
726.0000,126.5000,34.0000,85.0000
726.0000,126.5000,34.0000,85.0000
726.0000,126.5000,34.0000,85.0000
726.0000,126.5000,34.0000,85.0000
726.0000,126.5000,34.0000,85.0000
726.0000,126.5000,34.0000,85.0000
726.0000,126.5000,34.0000,85.0000
726.0000,126.5000,34.0000,85.0000
726.0000,126.5000,34.0000,85.0000
726.0000,126.5000,34.0000,85.0000
722.0000,126.5000,34.0000,85.0000
722.0000,126.5000,34.0000,85.0000
722.0000,126.5000,34.0000,85.0000
718.0000,126.5000,34.0000,85.0000
718.0000,126.5000,34.0000,85.0000
714.0000,126.5000,34.0000,85.0000
714.0000,126.5000,34.0000,85.0000
710.0000,126.5000,34.0000,85.0000
710.0000,126.5000,34.0000,85.0000
706.0000,122.5000,34.0000,85.0000
706.0000,122.5000,34.0000,85.0000
702.0000,122.5000,34.0000,85.0000
702.0000,122.5000,34.0000,85.0000
698.0000,122.5000,34.0000,85.0000
698.0000,122.5000,34.0000,85.0000
694.0000,122.5000,34.0000,85.0000
694.0000,122.5000,34.0000,85.0000
690.0000,122.5000,34.0000,85.0000
690.0000,126.5000,34.0000,85.0000
690.0000,126.5000,34.0000,85.0000
686.0000,126.5000,34.0000,85.0000
686.0000,126.5000,34.0000,85.0000
686.0000,126.5000,34.0000,85.0000
690.0000,126.5000,34.0000,85.0000
690.0000,126.5000,34.0000,85.0000
690.0000,126.5000,34.0000,85.0000
694.0000,126.5000,34.0000,85.0000
694.0000,126.5000,34.0000,85.0000
698.0000,126.5000,34.0000,85.0000
698.0000,126.5000,34.0000,85.0000
702.0000,126.5000,34.0000,85.0000
702.0000,126.5000,34.0000,85.0000
706.0000,130.5000,34.0000,85.0000
706.0000,130.5000,34.0000,85.0000
710.0000,130.5000,34.0000,85.0000
710.0000,130.5000,34.0000,85.0000
714.0000,130.5000,34.0000,85.0000
714.0000,130.5000,34.0000,85.0000
714.0000,130.5000,34.0000,85.0000
718.0000,130.5000,34.0000,85.0000
718.0000,130.5000,34.0000,85.0000
718.0000,130.5000,34.0000,85.0000
718.0000,130.5000,34.0000,85.0000
718.0000,130.5000,34.0000,85.0000
722.0000,130.5000,34.0000,85.0000
722.0000,130.5000,34.0000,85.0000
722.0000,130.5000,34.0000,85.0000
722.0000,130.5000,34.0000,85.0000
722.0000,134.5000,34.0000,85.0000
722.0000,134.5000,34.0000,85.0000
722.0000,134.5000,34.0000,85.0000
722.0000,134.5000,34.0000,85.0000
718.0000,134.5000,34.0000,85.0000
718.0000,134.5000,34.0000,85.0000
718.0000,134.5000,34.0000,85.0000
718.0000,134.5000,34.0000,85.0000
718.0000,134.5000,34.0000,85.0000
714.0000,134.5000,34.0000,85.0000
714.0000,134.5000,34.0000,85.0000
714.0000,134.5000,34.0000,85.0000
710.0000,134.5000,34.0000,85.0000
710.0000,134.5000,34.0000,85.0000
710.0000,134.5000,34.0000,85.0000
706.0000,134.5000,34.0000,85.0000
706.0000,134.5000,34.0000,85.0000
702.0000,134.5000,34.0000,85.0000
702.0000,134.5000,34.0000,85.0000
698.0000,134.5000,34.0000,85.0000
698.0000,134.5000,34.0000,85.0000
694.0000,134.5000,34.0000,85.0000
694.0000,134.5000,34.0000,85.0000
694.0000,134.5000,34.0000,85.0000
690.0000,134.5000,34.0000,85.0000
690.0000,134.5000,34.0000,85.0000
686.0000,134.5000,34.0000,85.0000
686.0000,134.5000,34.0000,85.0000
682.0000,134.5000,34.0000,85.0000
682.0000,134.5000,34.0000,85.0000
678.0000,134.5000,34.0000,85.0000
678.0000,138.5000,34.0000,85.0000
674.0000,138.5000,34.0000,85.0000
674.0000,138.5000,34.0000,85.0000
670.0000,138.5000,34.0000,85.0000
670.0000,138.5000,34.0000,85.0000
670.0000,138.5000,34.0000,85.0000
666.0000,138.5000,34.0000,85.0000
666.0000,138.5000,34.0000,85.0000
666.0000,138.5000,34.0000,85.0000
662.0000,138.5000,34.0000,85.0000
662.0000,138.5000,34.0000,85.0000
