1
1213.0000,240.0000,29.0000,36.0000
1211.0000,240.0000,29.0000,36.0000
1209.0000,240.0000,29.0000,36.0000
1209.0000,240.0000,29.0000,36.0000
1206.0000,240.0000,29.0000,36.0000
1204.0000,240.0000,29.0000,36.0000
1202.0000,240.0000,29.0000,36.0000
1200.0000,240.0000,29.0000,36.0000
1198.0000,240.0000,29.0000,36.0000
1196.0000,240.0000,29.0000,36.0000
1193.0000,240.0000,29.0000,36.0000
1191.0000,240.0000,29.0000,36.0000
1189.0000,240.0000,29.0000,36.0000
1187.0000,239.0000,29.0000,36.0000
1185.0000,239.0000,29.0000,36.0000
1183.0000,239.0000,29.0000,36.0000
1181.0000,239.0000,29.0000,36.0000
1178.0000,239.0000,29.0000,36.0000
1177.0000,238.0000,29.0000,36.0000
1175.0000,238.0000,29.0000,36.0000
1175.0000,238.0000,29.0000,36.0000
1172.0000,238.0000,29.0000,36.0000
1170.0000,238.0000,29.0000,36.0000
1168.0000,238.0000,29.0000,36.0000
1166.0000,238.0000,29.0000,36.0000
1166.0000,238.0000,29.0000,36.0000
1164.0000,237.0000,29.0000,36.0000
1162.0000,237.0000,29.0000,36.0000
1160.0000,237.0000,29.0000,36.0000
1158.0000,237.0000,29.0000,36.0000
1158.0000,237.0000,29.0000,36.0000
1156.0000,237.0000,29.0000,36.0000
1155.0000,237.0000,29.0000,36.0000
1153.0000,236.0000,29.0000,36.0000
1151.0000,236.0000,29.0000,36.0000
1151.0000,236.0000,29.0000,36.0000
1149.0000,236.0000,29.0000,36.0000
1147.0000,235.0000,29.0000,36.0000
1145.0000,235.0000,29.0000,36.0000
1143.0000,235.0000,29.0000,36.0000
1143.0000,235.0000,29.0000,36.0000
1141.0000,235.0000,29.0000,36.0000
1140.0000,235.0000,29.0000,36.0000
1138.0000,234.0000,29.0000,36.0000
1135.0000,234.0000,29.0000,36.0000
1135.0000,234.0000,29.0000,36.0000
1134.0000,234.0000,29.0000,36.0000
1132.0000,234.0000,29.0000,36.0000
1130.0000,233.0000,29.0000,36.0000
1128.0000,233.0000,29.0000,36.0000
1128.0000,233.0000,29.0000,36.0000
1126.0000,233.0000,29.0000,36.0000
1124.0000,233.0000,29.0000,36.0000
1123.0000,232.0000,29.0000,36.0000
1121.0000,232.0000,29.0000,36.0000
1121.0000,232.0000,29.0000,36.0000
1119.0000,232.0000,29.0000,36.0000
1117.0000,232.0000,29.0000,36.0000
1115.0000,231.0000,29.0000,36.0000
1113.0000,231.0000,29.0000,36.0000
1113.0000,231.0000,29.0000,36.0000
1112.0000,231.0000,29.0000,36.0000
1110.0000,230.0000,29.0000,36.0000
1108.0000,230.0000,29.0000,36.0000
1107.0000,230.0000,29.0000,36.0000
1107.0000,230.0000,29.0000,36.0000
1105.0000,229.0000,29.0000,36.0000
1103.0000,229.0000,29.0000,36.0000
1101.0000,229.0000,29.0000,36.0000
1099.0000,229.0000,29.0000,36.0000
1099.0000,229.0000,29.0000,36.0000
1097.0000,228.0000,29.0000,36.0000
1096.0000,228.0000,29.0000,36.0000
1094.0000,228.0000,29.0000,36.0000
1092.0000,228.0000,29.0000,36.0000
1092.0000,228.0000,29.0000,36.0000
1091.0000,227.0000,29.0000,36.0000
1088.0000,227.0000,29.0000,36.0000
1087.0000,227.0000,29.0000,36.0000
1085.0000,226.0000,29.0000,36.0000
1085.0000,226.0000,29.0000,36.0000
1083.0000,226.0000,29.0000,36.0000
1081.0000,226.0000,29.0000,36.0000
1079.0000,226.0000,29.0000,36.0000
1078.0000,225.0000,29.0000,36.0000
1078.0000,225.0000,29.0000,36.0000
1076.0000,225.0000,29.0000,36.0000
1074.0000,225.0000,29.0000,36.0000
1072.0000,224.0000,29.0000,36.0000
1071.0000,224.0000,29.0000,36.0000
1071.0000,224.0000,29.0000,36.0000
1069.0000,224.0000,29.0000,36.0000
1067.0000,224.0000,29.0000,36.0000
1066.0000,223.0000,29.0000,36.0000
1064.0000,223.0000,29.0000,36.0000
1064.0000,223.0000,29.0000,36.0000
1062.0000,223.0000,29.0000,36.0000
1060.0000,223.0000,29.0000,36.0000
1059.0000,223.0000,29.0000,36.0000
1057.0000,222.0000,29.0000,36.0000
1057.0000,222.0000,29.0000,36.0000
1055.0000,222.0000,29.0000,36.0000
1054.0000,222.0000,29.0000,36.0000
1052.0000,222.0000,29.0000,36.0000
1050.0000,222.0000,29.0000,36.0000
1050.0000,222.0000,29.0000,36.0000
1049.0000,221.0000,29.0000,36.0000
1047.0000,221.0000,29.0000,36.0000
1045.0000,221.0000,29.0000,36.0000
1043.0000,221.0000,29.0000,36.0000
1043.0000,221.0000,29.0000,36.0000
1042.0000,221.0000,29.0000,36.0000
1040.0000,220.0000,29.0000,36.0000
1038.0000,220.0000,29.0000,36.0000
1036.0000,220.0000,29.0000,36.0000
1036.0000,220.0000,29.0000,36.0000
1035.0000,220.0000,29.0000,36.0000
1033.0000,219.0000,29.0000,36.0000
1031.0000,219.0000,29.0000,36.0000
1030.0000,219.0000,29.0000,36.0000
1030.0000,219.0000,29.0000,36.0000
1028.0000,219.0000,29.0000,36.0000
1026.0000,219.0000,29.0000,36.0000
1024.0000,218.0000,29.0000,36.0000
1023.0000,218.0000,29.0000,36.0000
1023.0000,218.0000,29.0000,36.0000
1021.0000,218.0000,29.0000,36.0000
1019.0000,218.0000,29.0000,36.0000
1018.0000,217.0000,29.0000,36.0000
1016.0000,217.0000,29.0000,36.0000
1016.0000,217.0000,29.0000,36.0000
1014.0000,217.0000,29.0000,36.0000
1012.0000,216.0000,29.0000,36.0000
1010.0000,216.0000,29.0000,36.0000
1009.0000,216.0000,29.0000,36.0000
1009.0000,216.0000,29.0000,36.0000
1007.0000,216.0000,29.0000,36.0000
1005.0000,216.0000,29.0000,36.0000
1003.0000,215.0000,29.0000,36.0000
1001.0000,215.0000,29.0000,36.0000
1001.0000,215.0000,29.0000,36.0000
1000.0000,215.0000,29.0000,36.0000
998.0000,215.0000,29.0000,36.0000
996.0000,215.0000,29.0000,36.0000
994.0000,214.0000,29.0000,36.0000
994.0000,214.0000,29.0000,36.0000
993.0000,214.0000,29.0000,36.0000
991.0000,214.0000,29.0000,36.0000
989.0000,214.0000,29.0000,36.0000
987.0000,213.0000,29.0000,36.0000
987.0000,213.0000,29.0000,36.0000
986.0000,213.0000,29.0000,36.0000
984.0000,213.0000,29.0000,36.0000
982.0000,213.0000,29.0000,36.0000
981.0000,213.0000,29.0000,36.0000
981.0000,213.0000,29.0000,36.0000
979.0000,213.0000,29.0000,36.0000
977.0000,212.0000,29.0000,36.0000
976.0000,212.0000,29.0000,36.0000
974.0000,212.0000,29.0000,36.0000
974.0000,212.0000,29.0000,36.0000
972.0000,212.0000,29.0000,36.0000
970.0000,212.0000,29.0000,36.0000
969.0000,211.0000,29.0000,36.0000
967.0000,211.0000,29.0000,36.0000
967.0000,211.0000,29.0000,36.0000
965.0000,211.0000,29.0000,36.0000
964.0000,211.0000,29.0000,36.0000
962.0000,211.0000,29.0000,36.0000
960.0000,211.0000,29.0000,36.0000
960.0000,211.0000,29.0000,36.0000
958.0000,211.0000,29.0000,36.0000
957.0000,210.0000,29.0000,36.0000
955.0000,210.0000,29.0000,36.0000
953.0000,210.0000,29.0000,36.0000
953.0000,210.0000,29.0000,36.0000
951.0000,210.0000,29.0000,36.0000
950.0000,210.0000,29.0000,36.0000
947.0000,210.0000,29.0000,36.0000
946.0000,210.0000,29.0000,36.0000
946.0000,210.0000,29.0000,36.0000
944.0000,210.0000,29.0000,36.0000
942.0000,210.0000,29.0000,36.0000
940.0000,209.0000,29.0000,36.0000
938.0000,209.0000,29.0000,36.0000
938.0000,209.0000,29.0000,36.0000
936.0000,209.0000,29.0000,36.0000
935.0000,209.0000,29.0000,36.0000
933.0000,209.0000,29.0000,36.0000
931.0000,209.0000,29.0000,36.0000
931.0000,209.0000,29.0000,36.0000
929.0000,209.0000,29.0000,36.0000
927.0000,209.0000,29.0000,36.0000
925.0000,209.0000,29.0000,36.0000
924.0000,209.0000,29.0000,36.0000
924.0000,209.0000,29.0000,36.0000
922.0000,209.0000,29.0000,36.0000
920.0000,209.0000,29.0000,36.0000
918.0000,209.0000,29.0000,36.0000
916.0000,209.0000,29.0000,36.0000
916.0000,209.0000,29.0000,36.0000
914.0000,209.0000,29.0000,36.0000
912.0000,209.0000,29.0000,36.0000
910.0000,209.0000,29.0000,36.0000
909.0000,209.0000,29.0000,36.0000
909.0000,209.0000,29.0000,36.0000
907.0000,208.0000,29.0000,36.0000
905.0000,208.0000,29.0000,36.0000
903.0000,208.0000,29.0000,36.0000
902.0000,208.0000,29.0000,36.0000
902.0000,208.0000,29.0000,36.0000
900.0000,208.0000,29.0000,36.0000
898.0000,208.0000,29.0000,36.0000
896.0000,208.0000,29.0000,36.0000
894.0000,208.0000,29.0000,36.0000
894.0000,208.0000,29.0000,36.0000
893.0000,208.0000,29.0000,36.0000
891.0000,208.0000,29.0000,36.0000
889.0000,208.0000,29.0000,36.0000
887.0000,208.0000,29.0000,36.0000
887.0000,208.0000,29.0000,36.0000
886.0000,208.0000,29.0000,36.0000
884.0000,208.0000,29.0000,36.0000
882.0000,208.0000,29.0000,36.0000
880.0000,208.0000,29.0000,36.0000
880.0000,208.0000,29.0000,36.0000
878.0000,208.0000,29.0000,36.0000
876.0000,208.0000,29.0000,36.0000
874.0000,208.0000,29.0000,36.0000
872.0000,208.0000,29.0000,36.0000
872.0000,208.0000,29.0000,36.0000
870.0000,208.0000,29.0000,36.0000
868.0000,208.0000,29.0000,36.0000
866.0000,207.0000,29.0000,36.0000
864.0000,207.0000,29.0000,36.0000
864.0000,207.0000,29.0000,36.0000
862.0000,207.0000,29.0000,36.0000
860.0000,207.0000,29.0000,36.0000
858.0000,207.0000,29.0000,36.0000
856.0000,207.0000,29.0000,36.0000
856.0000,207.0000,29.0000,36.0000
854.0000,207.0000,29.0000,36.0000
852.0000,207.0000,29.0000,36.0000
850.0000,207.0000,29.0000,36.0000
848.0000,207.0000,29.0000,36.0000
848.0000,207.0000,29.0000,36.0000
846.0000,207.0000,29.0000,36.0000
844.0000,207.0000,29.0000,36.0000
841.0000,207.0000,29.0000,36.0000
841.0000,207.0000,29.0000,36.0000
839.0000,207.0000,29.0000,36.0000
837.0000,207.0000,29.0000,36.0000
835.0000,207.0000,29.0000,36.0000
833.0000,207.0000,29.0000,36.0000
833.0000,207.0000,29.0000,36.0000
831.0000,207.0000,29.0000,36.0000
829.0000,207.0000,29.0000,36.0000
826.0000,206.0000,29.0000,36.0000
825.0000,206.0000,29.0000,36.0000
825.0000,206.0000,29.0000,36.0000
822.0000,206.0000,29.0000,36.0000
820.0000,206.0000,29.0000,36.0000
818.0000,206.0000,29.0000,36.0000
816.0000,206.0000,29.0000,36.0000
816.0000,206.0000,29.0000,36.0000
814.0000,206.0000,29.0000,36.0000
812.0000,206.0000,29.0000,36.0000
809.0000,206.0000,29.0000,36.0000
808.0000,206.0000,29.0000,36.0000
808.0000,206.0000,29.0000,36.0000
805.0000,206.0000,29.0000,36.0000
804.0000,206.0000,29.0000,36.0000
801.0000,206.0000,29.0000,36.0000
799.0000,206.0000,29.0000,36.0000
799.0000,206.0000,29.0000,36.0000
797.0000,206.0000,29.0000,36.0000
795.0000,206.0000,29.0000,36.0000
793.0000,206.0000,29.0000,36.0000
791.0000,206.0000,29.0000,36.0000
791.0000,206.0000,29.0000,36.0000
789.0000,206.0000,29.0000,36.0000
786.0000,206.0000,29.0000,36.0000
785.0000,206.0000,29.0000,36.0000
782.0000,206.0000,29.0000,36.0000
782.0000,206.0000,29.0000,36.0000
781.0000,206.0000,29.0000,36.0000
778.0000,206.0000,29.0000,36.0000
776.0000,206.0000,29.0000,36.0000
774.0000,206.0000,29.0000,36.0000
774.0000,206.0000,29.0000,36.0000
772.0000,206.0000,29.0000,36.0000
770.0000,206.0000,29.0000,36.0000
768.0000,206.0000,29.0000,36.0000
766.0000,206.0000,29.0000,36.0000
766.0000,206.0000,29.0000,36.0000
763.0000,206.0000,29.0000,36.0000
761.0000,206.0000,29.0000,36.0000
759.0000,206.0000,29.0000,36.0000
757.0000,206.0000,29.0000,36.0000
757.0000,206.0000,29.0000,36.0000
754.0000,206.0000,29.0000,36.0000
752.0000,206.0000,29.0000,36.0000
750.0000,206.0000,29.0000,36.0000
748.0000,206.0000,29.0000,36.0000
748.0000,206.0000,29.0000,36.0000
746.0000,206.0000,29.0000,36.0000
744.0000,206.0000,29.0000,36.0000
741.0000,206.0000,29.0000,36.0000
739.0000,206.0000,29.0000,36.0000
739.0000,206.0000,29.0000,36.0000
737.0000,206.0000,29.0000,36.0000
735.0000,206.0000,29.0000,36.0000
732.0000,206.0000,29.0000,36.0000
730.0000,206.0000,29.0000,36.0000
730.0000,206.0000,29.0000,36.0000
728.0000,206.0000,29.0000,36.0000
726.0000,206.0000,29.0000,36.0000
723.0000,206.0000,29.0000,36.0000
721.0000,206.0000,29.0000,36.0000
721.0000,206.0000,29.0000,36.0000
719.0000,206.0000,29.0000,36.0000
717.0000,206.0000,29.0000,36.0000
714.0000,206.0000,29.0000,36.0000
712.0000,206.0000,29.0000,36.0000
712.0000,206.0000,29.0000,36.0000
710.0000,206.0000,29.0000,36.0000
708.0000,206.0000,29.0000,36.0000
705.0000,206.0000,29.0000,36.0000
703.0000,206.0000,29.0000,36.0000
703.0000,206.0000,29.0000,36.0000
701.0000,206.0000,29.0000,36.0000
699.0000,206.0000,29.0000,36.0000
696.0000,206.0000,29.0000,36.0000
694.0000,206.0000,29.0000,36.0000
694.0000,206.0000,29.0000,36.0000
692.0000,206.0000,29.0000,36.0000
690.0000,206.0000,29.0000,36.0000
688.0000,205.0000,29.0000,36.0000
686.0000,205.0000,29.0000,36.0000
685.0000,205.0000,29.0000,36.0000
683.0000,205.0000,29.0000,36.0000
681.0000,205.0000,29.0000,36.0000
679.0000,205.0000,29.0000,36.0000
677.0000,205.0000,29.0000,36.0000
677.0000,205.0000,29.0000,36.0000
675.0000,204.0000,29.0000,36.0000
673.0000,204.0000,29.0000,36.0000
671.0000,204.0000,29.0000,36.0000
668.0000,204.0000,29.0000,36.0000
668.0000,204.0000,29.0000,36.0000
666.0000,204.0000,29.0000,36.0000
664.0000,204.0000,29.0000,36.0000
662.0000,204.0000,29.0000,36.0000
660.0000,203.0000,29.0000,36.0000
660.0000,203.0000,29.0000,36.0000
658.0000,203.0000,29.0000,36.0000
656.0000,203.0000,29.0000,36.0000
654.0000,203.0000,29.0000,36.0000
651.0000,203.0000,29.0000,36.0000
651.0000,203.0000,29.0000,36.0000
649.0000,203.0000,29.0000,36.0000
647.0000,202.0000,29.0000,36.0000
645.0000,202.0000,29.0000,36.0000
643.0000,202.0000,29.0000,36.0000
643.0000,202.0000,29.0000,36.0000
641.0000,202.0000,29.0000,36.0000
638.0000,202.0000,29.0000,36.0000
636.0000,202.0000,29.0000,36.0000
634.0000,202.0000,29.0000,36.0000
634.0000,202.0000,29.0000,36.0000
632.0000,202.0000,29.0000,36.0000
629.0000,202.0000,29.0000,36.0000
627.0000,202.0000,29.0000,36.0000
625.0000,201.0000,29.0000,36.0000
625.0000,201.0000,29.0000,36.0000
622.0000,201.0000,29.0000,36.0000
620.0000,201.0000,29.0000,36.0000
618.0000,201.0000,29.0000,36.0000
616.0000,201.0000,29.0000,36.0000
616.0000,201.0000,29.0000,36.0000
613.0000,201.0000,29.0000,36.0000
611.0000,200.0000,29.0000,36.0000
609.0000,200.0000,29.0000,36.0000
607.0000,200.0000,29.0000,36.0000
607.0000,200.0000,29.0000,36.0000
604.0000,200.0000,29.0000,36.0000
602.0000,200.0000,29.0000,36.0000
600.0000,200.0000,29.0000,36.0000
597.0000,200.0000,29.0000,36.0000
597.0000,200.0000,29.0000,36.0000
595.0000,199.0000,29.0000,36.0000
593.0000,199.0000,29.0000,36.0000
591.0000,199.0000,29.0000,36.0000
588.0000,199.0000,29.0000,36.0000
588.0000,199.0000,29.0000,36.0000
586.0000,199.0000,29.0000,36.0000
584.0000,198.0000,29.0000,36.0000
582.0000,198.0000,29.0000,36.0000
579.0000,198.0000,29.0000,36.0000
579.0000,198.0000,29.0000,36.0000
577.0000,198.0000,29.0000,36.0000
575.0000,198.0000,29.0000,36.0000
573.0000,198.0000,29.0000,36.0000
571.0000,197.0000,29.0000,36.0000
571.0000,197.0000,29.0000,36.0000
568.0000,197.0000,29.0000,36.0000
566.0000,197.0000,29.0000,36.0000
564.0000,197.0000,29.0000,36.0000
561.0000,197.0000,29.0000,36.0000
561.0000,197.0000,29.0000,36.0000
559.0000,197.0000,29.0000,36.0000
557.0000,197.0000,29.0000,36.0000
554.0000,197.0000,29.0000,36.0000
552.0000,196.0000,29.0000,36.0000
552.0000,196.0000,29.0000,36.0000
550.0000,196.0000,29.0000,36.0000
547.0000,196.0000,29.0000,36.0000
545.0000,196.0000,29.0000,36.0000
543.0000,196.0000,29.0000,36.0000
543.0000,196.0000,29.0000,36.0000
540.0000,196.0000,29.0000,36.0000
538.0000,196.0000,29.0000,36.0000
536.0000,195.0000,29.0000,36.0000
533.0000,195.0000,29.0000,36.0000
533.0000,195.0000,29.0000,36.0000
530.0000,195.0000,29.0000,36.0000
528.0000,195.0000,29.0000,36.0000
526.0000,195.0000,29.0000,36.0000
523.0000,195.0000,29.0000,36.0000
523.0000,195.0000,29.0000,36.0000
521.0000,194.0000,29.0000,36.0000
519.0000,194.0000,29.0000,36.0000
516.0000,194.0000,29.0000,36.0000
514.0000,194.0000,29.0000,36.0000
514.0000,194.0000,29.0000,36.0000
511.0000,194.0000,29.0000,36.0000
509.0000,193.0000,29.0000,36.0000
507.0000,193.0000,29.0000,36.0000
504.0000,193.0000,29.0000,36.0000
504.0000,193.0000,29.0000,36.0000
502.0000,193.0000,29.0000,36.0000
500.0000,193.0000,29.0000,36.0000
497.0000,192.0000,29.0000,36.0000
495.0000,192.0000,29.0000,36.0000
495.0000,192.0000,29.0000,36.0000
492.0000,192.0000,29.0000,36.0000
490.0000,192.0000,29.0000,36.0000
488.0000,192.0000,29.0000,36.0000
485.0000,192.0000,29.0000,36.0000
485.0000,192.0000,29.0000,36.0000
482.0000,192.0000,29.0000,36.0000
480.0000,191.0000,29.0000,36.0000
478.0000,191.0000,29.0000,36.0000
476.0000,191.0000,29.0000,36.0000
476.0000,191.0000,29.0000,36.0000
474.0000,191.0000,29.0000,36.0000
471.0000,191.0000,29.0000,36.0000
469.0000,191.0000,29.0000,36.0000
466.0000,191.0000,29.0000,36.0000
466.0000,191.0000,29.0000,36.0000
464.0000,190.0000,29.0000,36.0000
462.0000,190.0000,29.0000,36.0000
459.0000,190.0000,29.0000,36.0000
457.0000,190.0000,29.0000,36.0000
457.0000,190.0000,29.0000,36.0000
454.0000,190.0000,29.0000,36.0000
452.0000,190.0000,29.0000,36.0000
450.0000,190.0000,29.0000,36.0000
448.0000,189.0000,29.0000,36.0000
448.0000,189.0000,29.0000,36.0000
445.0000,189.0000,29.0000,36.0000
443.0000,189.0000,29.0000,36.0000
440.0000,189.0000,29.0000,36.0000
438.0000,189.0000,29.0000,36.0000
438.0000,189.0000,29.0000,36.0000
436.0000,188.0000,29.0000,36.0000
433.0000,188.0000,29.0000,36.0000
431.0000,188.0000,29.0000,36.0000
428.0000,188.0000,29.0000,36.0000
428.0000,188.0000,29.0000,36.0000
426.0000,188.0000,29.0000,36.0000
423.0000,188.0000,29.0000,36.0000
421.0000,188.0000,29.0000,36.0000
419.0000,187.0000,29.0000,36.0000
419.0000,187.0000,29.0000,36.0000
416.0000,187.0000,29.0000,36.0000
414.0000,187.0000,29.0000,36.0000
412.0000,187.0000,29.0000,36.0000
409.0000,187.0000,29.0000,36.0000
409.0000,187.0000,29.0000,36.0000
406.0000,187.0000,29.0000,36.0000
404.0000,186.0000,29.0000,36.0000
401.0000,186.0000,29.0000,36.0000
399.0000,186.0000,29.0000,36.0000
399.0000,186.0000,29.0000,36.0000
397.0000,186.0000,29.0000,36.0000
394.0000,186.0000,29.0000,36.0000
392.0000,186.0000,29.0000,36.0000
392.0000,186.0000,29.0000,36.0000
389.0000,186.0000,29.0000,36.0000
387.0000,185.0000,29.0000,36.0000
384.0000,185.0000,29.0000,36.0000
382.0000,185.0000,29.0000,36.0000
382.0000,185.0000,29.0000,36.0000
379.0000,185.0000,29.0000,36.0000
377.0000,185.0000,29.0000,36.0000
374.0000,185.0000,29.0000,36.0000
372.0000,185.0000,29.0000,36.0000
372.0000,185.0000,29.0000,36.0000
369.0000,184.0000,29.0000,36.0000
367.0000,184.0000,29.0000,36.0000
364.0000,184.0000,29.0000,36.0000
362.0000,184.0000,29.0000,36.0000
362.0000,184.0000,29.0000,36.0000
359.0000,184.0000,29.0000,36.0000
356.0000,184.0000,29.0000,36.0000
354.0000,184.0000,29.0000,36.0000
351.0000,183.0000,29.0000,36.0000
351.0000,183.0000,29.0000,36.0000
349.0000,183.0000,29.0000,36.0000
346.0000,183.0000,29.0000,36.0000
344.0000,183.0000,29.0000,36.0000
341.0000,183.0000,29.0000,36.0000
341.0000,183.0000,29.0000,36.0000
339.0000,182.0000,29.0000,36.0000
336.0000,182.0000,29.0000,36.0000
334.0000,182.0000,29.0000,36.0000
331.0000,182.0000,29.0000,36.0000
331.0000,182.0000,29.0000,36.0000
328.0000,182.0000,29.0000,36.0000
326.0000,181.0000,29.0000,36.0000
323.0000,181.0000,29.0000,36.0000
321.0000,181.0000,29.0000,36.0000
321.0000,181.0000,29.0000,36.0000
318.0000,181.0000,29.0000,36.0000
315.0000,181.0000,29.0000,36.0000
313.0000,181.0000,29.0000,36.0000
310.0000,181.0000,29.0000,36.0000
310.0000,181.0000,29.0000,36.0000
308.0000,180.0000,29.0000,36.0000
305.0000,180.0000,29.0000,36.0000
302.0000,180.0000,29.0000,36.0000
300.0000,180.0000,29.0000,36.0000
300.0000,180.0000,29.0000,36.0000
297.0000,180.0000,29.0000,36.0000
294.0000,179.0000,29.0000,36.0000
292.0000,179.0000,29.0000,36.0000
289.0000,179.0000,29.0000,36.0000
289.0000,179.0000,29.0000,36.0000
286.0000,179.0000,29.0000,36.0000
284.0000,179.0000,29.0000,36.0000
281.0000,178.0000,29.0000,36.0000
278.0000,178.0000,29.0000,36.0000
278.0000,178.0000,29.0000,36.0000
276.0000,178.0000,29.0000,36.0000
273.0000,178.0000,29.0000,36.0000
270.0000,177.0000,29.0000,36.0000
267.0000,177.0000,29.0000,36.0000
267.0000,177.0000,29.0000,36.0000
265.0000,177.0000,29.0000,36.0000
262.0000,176.0000,29.0000,36.0000
259.0000,176.0000,29.0000,36.0000
256.0000,176.0000,29.0000,36.0000
256.0000,176.0000,29.0000,36.0000
254.0000,175.0000,29.0000,36.0000
251.0000,175.0000,29.0000,36.0000
248.0000,175.0000,29.0000,36.0000
245.0000,175.0000,29.0000,36.0000
245.0000,175.0000,29.0000,36.0000
242.0000,174.0000,29.0000,36.0000
240.0000,174.0000,29.0000,36.0000
237.0000,174.0000,29.0000,36.0000
234.0000,173.0000,29.0000,36.0000
234.0000,173.0000,29.0000,36.0000
232.0000,173.0000,29.0000,36.0000
229.0000,173.0000,29.0000,36.0000
226.0000,172.0000,29.0000,36.0000
223.0000,172.0000,29.0000,36.0000
223.0000,172.0000,29.0000,36.0000
220.0000,172.0000,29.0000,36.0000
218.0000,171.0000,29.0000,36.0000
215.0000,171.0000,29.0000,36.0000
212.0000,171.0000,29.0000,36.0000
212.0000,171.0000,29.0000,36.0000
209.0000,170.0000,29.0000,36.0000
207.0000,170.0000,29.0000,36.0000
204.0000,170.0000,29.0000,36.0000
201.0000,169.0000,29.0000,36.0000
201.0000,169.0000,29.0000,36.0000
198.0000,169.0000,29.0000,36.0000
195.0000,169.0000,29.0000,36.0000
192.0000,168.0000,29.0000,36.0000
190.0000,168.0000,29.0000,36.0000
190.0000,168.0000,29.0000,36.0000
187.0000,168.0000,29.0000,36.0000
184.0000,167.0000,29.0000,36.0000
181.0000,167.0000,29.0000,36.0000
178.0000,166.0000,29.0000,36.0000
178.0000,166.0000,29.0000,36.0000
175.0000,166.0000,29.0000,36.0000
172.0000,166.0000,29.0000,36.0000
170.0000,165.0000,29.0000,36.0000
167.0000,165.0000,29.0000,36.0000
167.0000,165.0000,29.0000,36.0000
164.0000,165.0000,29.0000,36.0000
161.0000,164.0000,29.0000,36.0000
158.0000,164.0000,29.0000,36.0000
156.0000,164.0000,29.0000,36.0000
156.0000,164.0000,29.0000,36.0000
153.0000,164.0000,29.0000,36.0000
150.0000,163.0000,29.0000,36.0000
148.0000,163.0000,29.0000,36.0000
145.0000,163.0000,29.0000,36.0000
145.0000,163.0000,29.0000,36.0000
142.0000,162.0000,29.0000,36.0000
139.0000,162.0000,29.0000,36.0000
137.0000,162.0000,29.0000,36.0000
134.0000,162.0000,29.0000,36.0000
134.0000,162.0000,29.0000,36.0000
132.0000,161.0000,29.0000,36.0000
129.0000,161.0000,29.0000,36.0000
126.0000,161.0000,29.0000,36.0000
124.0000,161.0000,29.0000,36.0000
124.0000,161.0000,29.0000,36.0000
121.0000,161.0000,29.0000,36.0000
119.0000,160.0000,29.0000,36.0000
116.0000,160.0000,29.0000,36.0000
114.0000,160.0000,29.0000,36.0000
114.0000,160.0000,29.0000,36.0000
112.0000,160.0000,29.0000,36.0000
109.0000,160.0000,29.0000,36.0000
107.0000,159.0000,29.0000,36.0000
105.0000,159.0000,29.0000,36.0000
105.0000,159.0000,29.0000,36.0000
102.0000,159.0000,29.0000,36.0000
100.0000,159.0000,29.0000,36.0000
98.0000,159.0000,29.0000,36.0000
96.0000,159.0000,29.0000,36.0000
96.0000,159.0000,29.0000,36.0000
93.0000,159.0000,29.0000,36.0000
91.0000,159.0000,29.0000,36.0000
89.0000,158.0000,29.0000,36.0000
88.0000,158.0000,29.0000,36.0000
88.0000,158.0000,29.0000,36.0000
86.0000,158.0000,29.0000,36.0000
84.0000,158.0000,29.0000,36.0000
83.0000,158.0000,29.0000,36.0000
81.0000,158.0000,29.0000,36.0000
81.0000,158.0000,29.0000,36.0000
80.0000,158.0000,29.0000,36.0000
78.0000,158.0000,29.0000,36.0000
77.0000,158.0000,29.0000,36.0000
76.0000,158.0000,29.0000,36.0000
76.0000,158.0000,29.0000,36.0000
75.0000,157.0000,29.0000,36.0000
74.0000,157.0000,29.0000,36.0000
74.0000,157.0000,29.0000,36.0000
73.0000,157.0000,29.0000,36.0000
73.0000,157.0000,29.0000,36.0000
72.0000,157.0000,29.0000,36.0000
72.0000,157.0000,29.0000,36.0000
71.0000,157.0000,29.0000,36.0000
70.0000,157.0000,29.0000,36.0000
70.0000,157.0000,29.0000,36.0000
70.0000,157.0000,29.0000,36.0000
69.0000,157.0000,29.0000,36.0000
68.0000,157.0000,29.0000,36.0000
68.0000,157.0000,29.0000,36.0000
68.0000,157.0000,29.0000,36.0000
67.0000,157.0000,29.0000,36.0000
67.0000,157.0000,29.0000,36.0000
66.0000,157.0000,29.0000,36.0000
66.0000,157.0000,29.0000,36.0000
66.0000,157.0000,29.0000,36.0000
65.0000,157.0000,29.0000,36.0000
64.0000,156.0000,29.0000,36.0000
64.0000,156.0000,29.0000,36.0000
63.0000,156.0000,29.0000,36.0000
63.0000,156.0000,29.0000,36.0000
63.0000,156.0000,29.0000,36.0000
62.0000,156.0000,29.0000,36.0000
61.0000,156.0000,29.0000,36.0000
61.0000,156.0000,29.0000,36.0000
61.0000,156.0000,29.0000,36.0000
60.0000,156.0000,29.0000,36.0000
60.0000,156.0000,29.0000,36.0000
59.0000,156.0000,29.0000,36.0000
59.0000,156.0000,29.0000,36.0000
59.0000,156.0000,29.0000,36.0000
58.0000,156.0000,29.0000,36.0000
58.0000,156.0000,29.0000,36.0000
57.0000,156.0000,29.0000,36.0000
57.0000,156.0000,29.0000,36.0000
57.0000,156.0000,29.0000,36.0000
56.0000,156.0000,29.0000,36.0000
55.0000,156.0000,29.0000,36.0000
55.0000,156.0000,29.0000,36.0000
54.0000,156.0000,29.0000,36.0000
54.0000,156.0000,29.0000,36.0000
54.0000,155.0000,29.0000,36.0000
53.0000,155.0000,29.0000,36.0000
53.0000,155.0000,29.0000,36.0000
52.0000,155.0000,29.0000,36.0000
52.0000,155.0000,29.0000,36.0000
51.0000,155.0000,29.0000,36.0000
51.0000,155.0000,29.0000,36.0000
50.0000,155.0000,29.0000,36.0000
50.0000,155.0000,29.0000,36.0000
50.0000,155.0000,29.0000,36.0000
50.0000,155.0000,29.0000,36.0000
49.0000,155.0000,29.0000,36.0000
49.0000,155.0000,29.0000,36.0000
48.0000,155.0000,29.0000,36.0000
48.0000,155.0000,29.0000,36.0000
48.0000,155.0000,29.0000,36.0000
47.0000,155.0000,29.0000,36.0000
46.0000,155.0000,29.0000,36.0000
46.0000,155.0000,29.0000,36.0000
46.0000,155.0000,29.0000,36.0000
45.0000,155.0000,29.0000,36.0000
45.0000,154.0000,29.0000,36.0000
44.0000,154.0000,29.0000,36.0000
44.0000,154.0000,29.0000,36.0000
44.0000,154.0000,29.0000,36.0000
43.0000,154.0000,29.0000,36.0000
43.0000,154.0000,29.0000,36.0000
42.0000,154.0000,29.0000,36.0000
42.0000,154.0000,29.0000,36.0000
42.0000,154.0000,29.0000,36.0000
41.0000,154.0000,29.0000,36.0000
41.0000,154.0000,29.0000,36.0000
40.0000,154.0000,29.0000,36.0000
40.0000,154.0000,29.0000,36.0000
40.0000,154.0000,29.0000,36.0000
39.0000,154.0000,29.0000,36.0000
39.0000,154.0000,29.0000,36.0000
38.0000,154.0000,29.0000,36.0000
38.0000,154.0000,29.0000,36.0000
38.0000,154.0000,29.0000,36.0000
37.0000,153.0000,29.0000,36.0000
37.0000,153.0000,29.0000,36.0000
37.0000,153.0000,29.0000,36.0000
36.0000,153.0000,29.0000,36.0000
36.0000,153.0000,29.0000,36.0000
36.0000,153.0000,29.0000,36.0000
36.0000,153.0000,29.0000,36.0000
35.0000,153.0000,29.0000,36.0000
35.0000,153.0000,29.0000,36.0000
35.0000,153.0000,29.0000,36.0000
35.0000,153.0000,29.0000,36.0000
35.0000,153.0000,29.0000,36.0000
35.0000,153.0000,29.0000,36.0000
35.0000,153.0000,29.0000,36.0000
35.0000,153.0000,29.0000,36.0000
35.0000,153.0000,29.0000,36.0000
35.0000,153.0000,29.0000,36.0000
35.0000,153.0000,29.0000,36.0000
35.0000,153.0000,29.0000,36.0000
35.0000,153.0000,29.0000,36.0000
35.0000,153.0000,29.0000,36.0000
35.0000,153.0000,29.0000,36.0000
36.0000,153.0000,29.0000,36.0000
36.0000,153.0000,29.0000,36.0000
36.0000,153.0000,29.0000,36.0000
36.0000,153.0000,29.0000,36.0000
37.0000,153.0000,29.0000,36.0000
37.0000,153.0000,29.0000,36.0000
37.0000,153.0000,29.0000,36.0000
38.0000,153.0000,29.0000,36.0000
38.0000,153.0000,29.0000,36.0000
39.0000,153.0000,29.0000,36.0000
40.0000,154.0000,29.0000,36.0000
40.0000,154.0000,29.0000,36.0000
40.0000,154.0000,29.0000,36.0000
41.0000,154.0000,29.0000,36.0000
42.0000,154.0000,29.0000,36.0000
42.0000,154.0000,29.0000,36.0000
42.0000,154.0000,29.0000,36.0000
43.0000,154.0000,29.0000,36.0000
44.0000,154.0000,29.0000,36.0000
45.0000,154.0000,29.0000,36.0000
45.0000,155.0000,29.0000,36.0000
45.0000,155.0000,29.0000,36.0000
46.0000,155.0000,29.0000,36.0000
47.0000,155.0000,29.0000,36.0000
47.0000,155.0000,29.0000,36.0000
48.0000,155.0000,29.0000,36.0000
48.0000,155.0000,29.0000,36.0000
49.0000,155.0000,29.0000,36.0000
51.0000,155.0000,29.0000,36.0000
52.0000,155.0000,29.0000,36.0000
54.0000,155.0000,29.0000,36.0000
54.0000,155.0000,29.0000,36.0000
56.0000,155.0000,29.0000,36.0000
58.0000,155.0000,29.0000,36.0000
60.0000,155.0000,29.0000,36.0000
62.0000,155.0000,29.0000,36.0000
62.0000,155.0000,29.0000,36.0000
64.0000,155.0000,29.0000,36.0000
66.0000,156.0000,29.0000,36.0000
69.0000,156.0000,29.0000,36.0000
71.0000,156.0000,29.0000,36.0000
71.0000,156.0000,29.0000,36.0000
73.0000,156.0000,29.0000,36.0000
76.0000,156.0000,29.0000,36.0000
78.0000,156.0000,29.0000,36.0000
81.0000,156.0000,29.0000,36.0000
81.0000,156.0000,29.0000,36.0000
84.0000,156.0000,29.0000,36.0000
86.0000,156.0000,29.0000,36.0000
89.0000,156.0000,29.0000,36.0000
92.0000,156.0000,29.0000,36.0000
92.0000,156.0000,29.0000,36.0000
95.0000,156.0000,29.0000,36.0000
97.0000,156.0000,29.0000,36.0000
100.0000,156.0000,29.0000,36.0000
102.0000,156.0000,29.0000,36.0000
102.0000,156.0000,29.0000,36.0000
105.0000,156.0000,29.0000,36.0000
108.0000,156.0000,29.0000,36.0000
110.0000,156.0000,29.0000,36.0000
113.0000,156.0000,29.0000,36.0000
113.0000,156.0000,29.0000,36.0000
115.0000,156.0000,29.0000,36.0000
118.0000,156.0000,29.0000,36.0000
120.0000,156.0000,29.0000,36.0000
123.0000,156.0000,29.0000,36.0000
123.0000,156.0000,29.0000,36.0000
