1
388.0000,287.0000,18.0000,11.0000
388.0000,287.0000,18.0000,11.0000
388.0000,287.0000,18.0000,11.0000
388.0000,287.0000,18.0000,11.0000
390.0000,287.0000,18.0000,11.0000
388.0000,287.0000,18.0000,11.0000
388.0000,288.0000,18.0000,11.0000
388.0000,288.0000,18.0000,11.0000
390.0000,288.0000,18.0000,11.0000
390.0000,288.0000,18.0000,11.0000
388.0000,288.0000,18.0000,11.0000
390.0000,288.0000,18.0000,11.0000
388.0000,288.0000,18.0000,11.0000
390.0000,288.0000,18.0000,11.0000
388.0000,289.0000,18.0000,11.0000
388.0000,289.0000,18.0000,11.0000
388.0000,289.0000,18.0000,11.0000
388.0000,289.0000,18.0000,11.0000
388.0000,289.0000,18.0000,11.0000
388.0000,289.0000,18.0000,11.0000
388.0000,290.0000,18.0000,11.0000
388.0000,290.0000,18.0000,11.0000
390.0000,290.0000,18.0000,11.0000
388.0000,290.0000,18.0000,11.0000
388.0000,290.0000,18.0000,11.0000
388.0000,290.0000,18.0000,11.0000
388.0000,291.0000,18.0000,11.0000
388.0000,291.0000,18.0000,11.0000
388.0000,291.0000,18.0000,11.0000
388.0000,291.0000,18.0000,11.0000
388.0000,291.0000,18.0000,11.0000
388.0000,291.0000,18.0000,11.0000
388.0000,291.0000,18.0000,11.0000
388.0000,292.0000,18.0000,11.0000
386.0000,292.0000,18.0000,11.0000
386.0000,292.0000,18.0000,11.0000
386.0000,292.0000,18.0000,11.0000
384.0000,293.0000,18.0000,11.0000
386.0000,293.0000,18.0000,11.0000
386.0000,293.0000,18.0000,11.0000
388.0000,293.0000,18.0000,11.0000
386.0000,293.0000,18.0000,11.0000
386.0000,294.0000,18.0000,11.0000
386.0000,294.0000,18.0000,11.0000
386.0000,294.0000,18.0000,11.0000
386.0000,295.0000,18.0000,11.0000
386.0000,295.0000,18.0000,11.0000
386.0000,295.0000,18.0000,11.0000
384.0000,295.0000,18.0000,11.0000
384.0000,296.0000,18.0000,11.0000
384.0000,296.0000,18.0000,11.0000
384.0000,297.0000,18.0000,11.0000
384.0000,297.0000,18.0000,11.0000
384.0000,297.0000,18.0000,11.0000
382.0000,297.0000,18.0000,11.0000
382.0000,297.0000,18.0000,11.0000
382.0000,297.0000,18.0000,11.0000
382.0000,298.0000,18.0000,11.0000
382.0000,298.0000,18.0000,11.0000
380.0000,299.0000,18.0000,11.0000
380.0000,299.0000,18.0000,11.0000
380.0000,299.0000,18.0000,11.0000
380.0000,299.0000,18.0000,11.0000
380.0000,300.0000,18.0000,11.0000
380.0000,300.0000,18.0000,11.0000
378.0000,299.0000,18.0000,11.0000
378.0000,301.0000,18.0000,11.0000
378.0000,301.0000,18.0000,11.0000
378.0000,301.0000,18.0000,11.0000
378.0000,301.0000,18.0000,11.0000
376.0000,301.0000,18.0000,11.0000
376.0000,301.0000,18.0000,11.0000
376.0000,301.0000,18.0000,11.0000
376.0000,301.0000,18.0000,11.0000
374.0000,301.0000,18.0000,11.0000
374.0000,301.0000,18.0000,11.0000
374.0000,302.0000,18.0000,11.0000
374.0000,302.0000,18.0000,11.0000
374.0000,302.0000,18.0000,11.0000
372.0000,302.0000,18.0000,11.0000
372.0000,302.0000,18.0000,11.0000
372.0000,302.0000,18.0000,11.0000
370.0000,302.0000,18.0000,11.0000
372.0000,302.0000,18.0000,11.0000
370.0000,302.0000,18.0000,11.0000
370.0000,302.0000,18.0000,11.0000
366.0000,303.0000,18.0000,11.0000
368.0000,303.0000,18.0000,11.0000
368.0000,303.0000,18.0000,11.0000
366.0000,304.0000,18.0000,11.0000
366.0000,304.0000,18.0000,11.0000
366.0000,304.0000,18.0000,11.0000
366.0000,304.0000,18.0000,11.0000
366.0000,304.0000,18.0000,11.0000
366.0000,304.0000,18.0000,11.0000
364.0000,305.0000,18.0000,11.0000
360.0000,305.0000,18.0000,11.0000
364.0000,306.0000,18.0000,11.0000
360.0000,306.0000,18.0000,11.0000
362.0000,306.0000,18.0000,11.0000
362.0000,305.0000,18.0000,11.0000
364.0000,301.0000,18.0000,11.0000
364.0000,303.0000,18.0000,11.0000
366.0000,301.0000,18.0000,11.0000
364.0000,304.0000,18.0000,11.0000
364.0000,301.0000,18.0000,11.0000
364.0000,306.0000,18.0000,11.0000
362.0000,307.0000,18.0000,11.0000
2
0
0
0
0
0
2
0
0
0
0
0
2
0
0
0
0
0
2
0
0
0
0
0
2
0
0
0
0
0
2
0
0
0
0
0
2
0
0
0
0
0
2
0
0
0
0
0
2
0
0
0
0
0
2
0
0
0
0
0
2
0
0
0
0
0
2
0
0
0
0
0
2
0
0
0
0
0
2
0
0
0
0
0
2
0
0
0
0
0
2
0
0
0
0
0
2
0
0
0
0
0
2
0
0
0
0
0
2
0
0
0
0
0
2
0
0
0
0
0
2
0
0
0
0
0
2
0
0
0
0
0
2
0
0
0
0
0
2
0
0
0
0
0
2
0
0
0
0
0
2
0
0
0
0
0
2
0
0
0
0
0
2
0
0
0
0
0
2
0
0
0
0
0
2
0
0
0
0
0
2
0
0
0
0
0
2
0
0
0
0
0
2
0
0
0
0
0
2
0
0
0
0
0
2
0
0
0
0
0
2
0
0
0
0
0
2
0
0
0
0
0
2
0
0
0
0
0
2
0
0
0
0
0
2
0
0
0
0
0
2
0
0
0
0
0
2
0
0
0
0
0
2
0
0
0
0
0
2
0
0
0
0
0
2
0
0
0
0
0
2
0
0
0
0
0
2
0
0
0
0
0
2
0
0
0
0
0
2
0
0
0
0
0
2
0
0
0
0
0
2
0
0
0
0
0
2
0
0
0
0
0
2
0
0
0
0
0
2
0
0
0
0
0
2
0
0
0
0
0
2
0
0
0
0
0
2
0
0
0
0
0
2
0
0
0
0
0
2
0
0
0
0
0
2
0
0
0
0
0
2
0
0
0
0
0
2
0
0
0
0
0
2
0
0
0
0
0
2
0
0
0
0
0
2
0
0
0
0
0
2
0
0
0
0
0
2
0
0
0
0
0
2
0
0
0
0
0
2
0
0
0
0
0
2
0
0
0
0
0
2
0
0
0
0
0
2
0
0
0
0
0
2
0
0
0
0
0
2
0
0
0
0
0
2
0
0
0
0
0
360.0000,337.0000,18.0000,11.0000
360.0000,337.0000,18.0000,11.0000
360.0000,335.0000,18.0000,11.0000
360.0000,334.0000,18.0000,11.0000
358.0000,334.0000,18.0000,11.0000
362.0000,332.0000,18.0000,11.0000
358.0000,333.0000,18.0000,11.0000
356.0000,332.0000,18.0000,11.0000
358.0000,332.0000,18.0000,11.0000
356.0000,331.0000,18.0000,11.0000
354.0000,332.0000,18.0000,11.0000
354.0000,331.0000,18.0000,11.0000
352.0000,332.0000,18.0000,11.0000
350.0000,332.0000,18.0000,11.0000
348.0000,334.0000,18.0000,11.0000
348.0000,334.0000,18.0000,11.0000
344.0000,335.0000,18.0000,11.0000
342.0000,336.0000,18.0000,11.0000
338.0000,338.0000,18.0000,11.0000
336.0000,340.0000,18.0000,11.0000
334.0000,341.0000,18.0000,11.0000
326.0000,344.0000,18.0000,11.0000
328.0000,344.0000,18.0000,11.0000
324.0000,347.0000,18.0000,11.0000
320.0000,350.0000,18.0000,11.0000
318.0000,351.0000,18.0000,11.0000
312.0000,356.0000,18.0000,11.0000
310.0000,357.0000,18.0000,11.0000
308.0000,360.0000,18.0000,11.0000
310.0000,362.0000,18.0000,11.0000
312.0000,367.0000,18.0000,11.0000
308.0000,371.0000,18.0000,11.0000
312.0000,377.0000,18.0000,11.0000
312.0000,385.0000,18.0000,11.0000
308.0000,387.0000,18.0000,11.0000
308.0000,391.0000,18.0000,11.0000
300.0000,396.0000,18.0000,11.0000
296.0000,399.0000,18.0000,11.0000
294.0000,400.0000,18.0000,11.0000
290.0000,403.0000,18.0000,11.0000
288.0000,405.0000,18.0000,11.0000
284.0000,409.0000,18.0000,11.0000
282.0000,409.0000,18.0000,11.0000
280.0000,411.0000,18.0000,11.0000
276.0000,413.0000,18.0000,11.0000
276.0000,415.0000,18.0000,11.0000
274.0000,416.0000,18.0000,11.0000
272.0000,416.0000,18.0000,11.0000
272.0000,417.0000,18.0000,11.0000
270.0000,418.0000,18.0000,11.0000
270.0000,417.0000,18.0000,11.0000
268.0000,419.0000,18.0000,11.0000
266.0000,419.0000,18.0000,11.0000
268.0000,418.0000,18.0000,11.0000
266.0000,419.0000,18.0000,11.0000
266.0000,421.0000,18.0000,11.0000
268.0000,419.0000,18.0000,11.0000
268.0000,420.0000,18.0000,11.0000
270.0000,417.0000,18.0000,11.0000
270.0000,418.0000,18.0000,11.0000
270.0000,419.0000,18.0000,11.0000
272.0000,417.0000,18.0000,11.0000
276.0000,415.0000,18.0000,11.0000
276.0000,413.0000,18.0000,11.0000
278.0000,411.0000,18.0000,11.0000
280.0000,409.0000,18.0000,11.0000
282.0000,405.0000,18.0000,11.0000
284.0000,402.0000,18.0000,11.0000
284.0000,401.0000,18.0000,11.0000
286.0000,397.0000,18.0000,11.0000
290.0000,392.0000,18.0000,11.0000
292.0000,390.0000,18.0000,11.0000
294.0000,387.0000,18.0000,11.0000
294.0000,384.0000,18.0000,11.0000
294.0000,383.0000,18.0000,11.0000
298.0000,377.0000,18.0000,11.0000
302.0000,370.0000,18.0000,11.0000
304.0000,367.0000,18.0000,11.0000
302.0000,363.0000,18.0000,11.0000
306.0000,360.0000,18.0000,11.0000
310.0000,353.0000,18.0000,11.0000
304.0000,355.0000,18.0000,11.0000
298.0000,351.0000,18.0000,11.0000
306.0000,348.0000,18.0000,11.0000
308.0000,344.0000,18.0000,11.0000
308.0000,345.0000,18.0000,11.0000
308.0000,348.0000,18.0000,11.0000
308.0000,346.0000,18.0000,11.0000
318.0000,345.0000,18.0000,11.0000
318.0000,341.0000,18.0000,11.0000
326.0000,340.0000,18.0000,11.0000
320.0000,338.0000,18.0000,11.0000
320.0000,334.0000,18.0000,11.0000
320.0000,332.0000,18.0000,11.0000
322.0000,331.0000,18.0000,11.0000
322.0000,329.0000,18.0000,11.0000
324.0000,328.0000,18.0000,11.0000
324.0000,327.0000,18.0000,11.0000
324.0000,327.0000,18.0000,11.0000
324.0000,327.0000,18.0000,11.0000
326.0000,325.0000,18.0000,11.0000
328.0000,325.0000,18.0000,11.0000
328.0000,323.0000,18.0000,11.0000
330.0000,322.0000,18.0000,11.0000
332.0000,323.0000,18.0000,11.0000
332.0000,322.0000,18.0000,11.0000
334.0000,320.0000,18.0000,11.0000
336.0000,321.0000,18.0000,11.0000
340.0000,322.0000,18.0000,11.0000
342.0000,322.0000,18.0000,11.0000
342.0000,321.0000,18.0000,11.0000
346.0000,322.0000,18.0000,11.0000
346.0000,322.0000,18.0000,11.0000
348.0000,323.0000,18.0000,11.0000
348.0000,323.0000,18.0000,11.0000
348.0000,324.0000,18.0000,11.0000
348.0000,325.0000,18.0000,11.0000
346.0000,326.0000,18.0000,11.0000
346.0000,328.0000,18.0000,11.0000
344.0000,330.0000,18.0000,11.0000
342.0000,333.0000,18.0000,11.0000
338.0000,336.0000,18.0000,11.0000
338.0000,335.0000,18.0000,11.0000
336.0000,338.0000,18.0000,11.0000
328.0000,339.0000,18.0000,11.0000
328.0000,341.0000,18.0000,11.0000
320.0000,345.0000,18.0000,11.0000
316.0000,349.0000,18.0000,11.0000
310.0000,347.0000,18.0000,11.0000
306.0000,353.0000,18.0000,11.0000
302.0000,352.0000,18.0000,11.0000
296.0000,355.0000,18.0000,11.0000
290.0000,358.0000,18.0000,11.0000
286.0000,360.0000,18.0000,11.0000
282.0000,362.0000,18.0000,11.0000
276.0000,365.0000,18.0000,11.0000
272.0000,368.0000,18.0000,11.0000
270.0000,370.0000,18.0000,11.0000
268.0000,373.0000,18.0000,11.0000
268.0000,374.0000,18.0000,11.0000
268.0000,376.0000,18.0000,11.0000
272.0000,376.0000,18.0000,11.0000
274.0000,377.0000,18.0000,11.0000
280.0000,376.0000,18.0000,11.0000
284.0000,377.0000,18.0000,11.0000
290.0000,376.0000,18.0000,11.0000
302.0000,375.0000,18.0000,11.0000
312.0000,374.0000,18.0000,11.0000
322.0000,373.0000,18.0000,11.0000
336.0000,373.0000,18.0000,11.0000
346.0000,370.0000,18.0000,11.0000
344.0000,376.0000,18.0000,11.0000
344.0000,379.0000,18.0000,11.0000
2
0
0
0
0
0
2
0
0
0
0
0
2
0
0
0
0
0
2
0
0
0
0
0
2
0
0
0
0
0
2
0
0
0
0
0
2
0
0
0
0
0
2
0
0
0
0
0
2
0
0
0
0
0
2
0
0
0
0
0
2
0
0
0
0
0
2
0
0
0
0
0
2
0
0
0
0
0
2
0
0
0
0
0
2
0
0
0
0
0
2
0
0
0
0
0
2
0
0
0
0
0
2
0
0
0
0
0
2
0
0
0
0
0
2
0
0
0
0
0
2
0
0
0
0
0
2
0
0
0
0
0
2
0
0
0
0
0
2
0
0
0
0
0
2
0
0
0
0
0
2
0
0
0
0
0
2
0
0
0
0
0
2
0
0
0
0
0
2
0
0
0
0
0
2
0
0
0
0
0
2
0
0
0
0
0
2
0
0
0
0
0
2
0
0
0
0
0
2
0
0
0
0
0
2
0
0
0
0
0
2
0
0
0
0
0
2
0
0
0
0
0
2
0
0
0
0
0
2
0
0
0
0
0
288.0000,346.0000,18.0000,11.0000
282.0000,347.0000,18.0000,11.0000
290.0000,351.0000,18.0000,11.0000
290.0000,349.0000,18.0000,11.0000
296.0000,348.0000,18.0000,11.0000
300.0000,349.0000,18.0000,11.0000
300.0000,353.0000,18.0000,11.0000
304.0000,355.0000,18.0000,11.0000
294.0000,359.0000,18.0000,11.0000
288.0000,357.0000,18.0000,11.0000
286.0000,360.0000,18.0000,11.0000
282.0000,361.0000,18.0000,11.0000
278.0000,361.0000,18.0000,11.0000
276.0000,362.0000,18.0000,11.0000
272.0000,364.0000,18.0000,11.0000
268.0000,364.0000,18.0000,11.0000
266.0000,365.0000,18.0000,11.0000
262.0000,366.0000,18.0000,11.0000
258.0000,365.0000,18.0000,11.0000
256.0000,368.0000,18.0000,11.0000
252.0000,369.0000,18.0000,11.0000
248.0000,369.0000,18.0000,11.0000
246.0000,370.0000,18.0000,11.0000
242.0000,371.0000,18.0000,11.0000
238.0000,372.0000,18.0000,11.0000
232.0000,373.0000,18.0000,11.0000
230.0000,374.0000,18.0000,11.0000
226.0000,375.0000,18.0000,11.0000
222.0000,376.0000,18.0000,11.0000
216.0000,377.0000,18.0000,11.0000
212.0000,378.0000,18.0000,11.0000
208.0000,379.0000,18.0000,11.0000
202.0000,381.0000,18.0000,11.0000
198.0000,380.0000,18.0000,11.0000
192.0000,382.0000,18.0000,11.0000
188.0000,382.0000,18.0000,11.0000
184.0000,384.0000,18.0000,11.0000
182.0000,383.0000,18.0000,11.0000
176.0000,384.0000,18.0000,11.0000
172.0000,384.0000,18.0000,11.0000
168.0000,386.0000,18.0000,11.0000
164.0000,385.0000,18.0000,11.0000
164.0000,387.0000,18.0000,11.0000
164.0000,386.0000,18.0000,11.0000
162.0000,387.0000,18.0000,11.0000
160.0000,387.0000,18.0000,11.0000
160.0000,387.0000,18.0000,11.0000
156.0000,388.0000,18.0000,11.0000
154.0000,388.0000,18.0000,11.0000
152.0000,388.0000,18.0000,11.0000
150.0000,390.0000,18.0000,11.0000
148.0000,390.0000,18.0000,11.0000
144.0000,390.0000,18.0000,11.0000
140.0000,392.0000,18.0000,11.0000
140.0000,393.0000,18.0000,11.0000
140.0000,394.0000,18.0000,11.0000
140.0000,395.0000,18.0000,11.0000
142.0000,395.0000,18.0000,11.0000
144.0000,395.0000,18.0000,11.0000
144.0000,396.0000,18.0000,11.0000
144.0000,396.0000,18.0000,11.0000
144.0000,398.0000,18.0000,11.0000
146.0000,399.0000,18.0000,11.0000
148.0000,401.0000,18.0000,11.0000
146.0000,402.0000,18.0000,11.0000
148.0000,404.0000,18.0000,11.0000
148.0000,405.0000,18.0000,11.0000
148.0000,406.0000,18.0000,11.0000
150.0000,408.0000,18.0000,11.0000
152.0000,410.0000,18.0000,11.0000
154.0000,412.0000,18.0000,11.0000
152.0000,411.0000,18.0000,11.0000
152.0000,413.0000,18.0000,11.0000
156.0000,415.0000,18.0000,11.0000
162.0000,419.0000,18.0000,11.0000
166.0000,421.0000,18.0000,11.0000
166.0000,421.0000,18.0000,11.0000
168.0000,422.0000,18.0000,11.0000
174.0000,425.0000,18.0000,11.0000
174.0000,425.0000,18.0000,11.0000
180.0000,428.0000,18.0000,11.0000
182.0000,428.0000,18.0000,11.0000
188.0000,430.0000,18.0000,11.0000
192.0000,432.0000,18.0000,11.0000
198.0000,435.0000,18.0000,11.0000
202.0000,438.0000,18.0000,11.0000
204.0000,440.0000,18.0000,11.0000
208.0000,442.0000,18.0000,11.0000
212.0000,446.0000,18.0000,11.0000
214.0000,447.0000,18.0000,11.0000
208.0000,441.0000,18.0000,11.0000
210.0000,443.0000,18.0000,11.0000
214.0000,445.0000,18.0000,11.0000
216.0000,447.0000,18.0000,11.0000
218.0000,451.0000,18.0000,11.0000
216.0000,453.0000,18.0000,11.0000
214.0000,456.0000,18.0000,11.0000
214.0000,460.0000,18.0000,11.0000
214.0000,464.0000,18.0000,11.0000
210.0000,469.0000,18.0000,11.0000
206.0000,473.0000,18.0000,11.0000
202.0000,475.0000,18.0000,11.0000
200.0000,479.0000,18.0000,11.0000
196.0000,485.0000,18.0000,11.0000
188.0000,489.0000,18.0000,11.0000
184.0000,493.0000,18.0000,11.0000
178.0000,497.0000,18.0000,11.0000
174.0000,500.0000,18.0000,11.0000
170.0000,505.0000,18.0000,11.0000
166.0000,509.0000,18.0000,11.0000
166.0000,513.0000,18.0000,11.0000
