1
414.0000,304.0000,33.0000,71.0000
415.0000,303.0000,33.0000,71.0000
416.0000,302.0000,33.0000,71.0000
414.0000,301.0000,33.0000,71.0000
415.0000,307.0000,33.0000,71.0000
416.0000,306.0000,33.0000,71.0000
414.0000,305.0000,33.0000,71.0000
415.0000,304.0000,33.0000,71.0000
413.0000,303.0000,33.0000,71.0000
414.0000,302.0000,33.0000,71.0000
415.0000,308.0000,33.0000,71.0000
413.0000,307.0000,33.0000,71.0000
414.0000,306.0000,33.0000,71.0000
412.0000,305.0000,33.0000,71.0000
416.0000,311.0000,33.0000,71.0000
414.0000,310.0000,33.0000,71.0000
415.0000,309.0000,33.0000,71.0000
413.0000,308.0000,33.0000,71.0000
414.0000,307.0000,33.0000,71.0000
415.0000,306.0000,33.0000,71.0000
413.0000,305.0000,33.0000,71.0000
414.0000,311.0000,33.0000,71.0000
415.0000,310.0000,33.0000,71.0000
416.0000,309.0000,33.0000,71.0000
414.0000,308.0000,33.0000,71.0000
415.0000,314.0000,33.0000,71.0000
416.0000,313.0000,33.0000,71.0000
417.0000,312.0000,33.0000,71.0000
415.0000,311.0000,33.0000,71.0000
416.0000,317.0000,33.0000,71.0000
417.0000,316.0000,33.0000,71.0000
418.0000,315.0000,33.0000,71.0000
416.0000,314.0000,33.0000,71.0000
417.0000,313.0000,33.0000,71.0000
418.0000,319.0000,33.0000,71.0000
419.0000,318.0000,33.0000,71.0000
417.0000,317.0000,33.0000,71.0000
418.0000,316.0000,33.0000,71.0000
419.0000,322.0000,33.0000,71.0000
420.0000,321.0000,33.0000,71.0000
421.0000,320.0000,33.0000,71.0000
419.0000,319.0000,33.0000,71.0000
420.0000,318.0000,33.0000,71.0000
421.0000,324.0000,33.0000,71.0000
422.0000,323.0000,33.0000,71.0000
423.0000,322.0000,33.0000,71.0000
421.0000,321.0000,33.0000,71.0000
422.0000,327.0000,33.0000,71.0000
423.0000,326.0000,33.0000,71.0000
421.0000,325.0000,33.0000,71.0000
422.0000,324.0000,33.0000,71.0000
423.0000,330.0000,33.0000,71.0000
424.0000,329.0000,33.0000,71.0000
422.0000,328.0000,33.0000,71.0000
423.0000,327.0000,33.0000,71.0000
421.0000,326.0000,33.0000,71.0000
422.0000,332.0000,33.0000,71.0000
423.0000,331.0000,33.0000,71.0000
421.0000,330.0000,33.0000,71.0000
422.0000,336.0000,33.0000,71.0000
423.0000,335.0000,33.0000,71.0000
421.0000,334.0000,33.0000,71.0000
422.0000,333.0000,33.0000,71.0000
423.0000,339.0000,33.0000,71.0000
424.0000,338.0000,33.0000,71.0000
422.0000,337.0000,33.0000,71.0000
423.0000,336.0000,33.0000,71.0000
424.0000,335.0000,33.0000,71.0000
425.0000,341.0000,33.0000,71.0000
426.0000,340.0000,33.0000,71.0000
424.0000,339.0000,33.0000,71.0000
425.0000,338.0000,33.0000,71.0000
426.0000,337.0000,33.0000,71.0000
427.0000,343.0000,33.0000,71.0000
428.0000,342.0000,33.0000,71.0000
426.0000,341.0000,33.0000,71.0000
427.0000,340.0000,33.0000,71.0000
428.0000,346.0000,33.0000,71.0000
429.0000,345.0000,33.0000,71.0000
430.0000,344.0000,33.0000,71.0000
431.0000,350.0000,33.0000,71.0000
429.0000,349.0000,33.0000,71.0000
430.0000,348.0000,33.0000,71.0000
431.0000,347.0000,33.0000,71.0000
432.0000,353.0000,33.0000,71.0000
433.0000,352.0000,33.0000,71.0000
431.0000,351.0000,33.0000,71.0000
432.0000,350.0000,33.0000,71.0000
433.0000,349.0000,33.0000,71.0000
434.0000,355.0000,33.0000,71.0000
435.0000,354.0000,33.0000,71.0000
433.0000,353.0000,33.0000,71.0000
434.0000,352.0000,33.0000,71.0000
435.0000,358.0000,33.0000,71.0000
436.0000,357.0000,33.0000,71.0000
434.0000,356.0000,33.0000,71.0000
435.0000,355.0000,33.0000,71.0000
436.0000,354.0000,33.0000,71.0000
437.0000,360.0000,33.0000,71.0000
438.0000,359.0000,33.0000,71.0000
436.0000,358.0000,33.0000,71.0000
437.0000,357.0000,33.0000,71.0000
441.0000,363.0000,33.0000,71.0000
439.0000,362.0000,33.0000,71.0000
440.0000,361.0000,33.0000,71.0000
441.0000,367.0000,33.0000,71.0000
442.0000,366.0000,33.0000,71.0000
443.0000,365.0000,33.0000,71.0000
444.0000,364.0000,33.0000,71.0000
445.0000,363.0000,33.0000,71.0000
446.0000,362.0000,33.0000,71.0000
447.0000,368.0000,33.0000,71.0000
448.0000,367.0000,33.0000,71.0000
449.0000,366.0000,33.0000,71.0000
447.0000,365.0000,33.0000,71.0000
451.0000,371.0000,33.0000,71.0000
452.0000,370.0000,33.0000,71.0000
453.0000,369.0000,33.0000,71.0000
454.0000,368.0000,33.0000,71.0000
455.0000,374.0000,33.0000,71.0000
459.0000,373.0000,33.0000,71.0000
460.0000,372.0000,33.0000,71.0000
461.0000,371.0000,33.0000,71.0000
462.0000,370.0000,33.0000,71.0000
463.0000,362.0000,33.0000,71.0000
464.0000,361.0000,33.0000,71.0000
465.0000,360.0000,33.0000,71.0000
466.0000,359.0000,33.0000,71.0000
467.0000,365.0000,33.0000,71.0000
468.0000,364.0000,33.0000,71.0000
472.0000,363.0000,33.0000,71.0000
470.0000,362.0000,33.0000,71.0000
471.0000,361.0000,33.0000,71.0000
472.0000,360.0000,33.0000,71.0000
476.0000,366.0000,33.0000,71.0000
477.0000,365.0000,33.0000,71.0000
478.0000,364.0000,33.0000,71.0000
479.0000,370.0000,33.0000,71.0000
480.0000,369.0000,33.0000,71.0000
484.0000,368.0000,33.0000,71.0000
485.0000,367.0000,33.0000,71.0000
486.0000,366.0000,33.0000,71.0000
484.0000,358.0000,33.0000,71.0000
488.0000,357.0000,33.0000,71.0000
489.0000,356.0000,33.0000,71.0000
490.0000,355.0000,33.0000,71.0000
494.0000,361.0000,33.0000,71.0000
495.0000,367.0000,33.0000,71.0000
496.0000,366.0000,33.0000,71.0000
500.0000,365.0000,33.0000,71.0000
2
0
0
0
0
0
2
0
0
0
0
0
2
0
0
0
0
0
2
0
0
0
0
0
2
0
0
0
0
0
2
0
0
0
0
0
2
0
0
0
0
0
2
0
0
0
0
0
2
0
0
0
0
0
2
0
0
0
0
0
2
0
0
0
0
0
2
0
0
0
0
0
2
0
0
0
0
0
2
0
0
0
0
0
2
0
0
0
0
0
2
0
0
0
0
0
2
0
0
0
0
0
2
0
0
0
0
0
2
0
0
0
0
0
2
0
0
0
0
0
2
0
0
0
0
0
2
0
0
0
0
0
2
0
0
0
0
0
2
0
0
0
0
0
2
0
0
0
0
0
2
0
0
0
0
0
2
0
0
0
0
0
2
0
0
0
0
0
2
0
0
0
0
0
2
0
0
0
0
0
2
0
0
0
0
0
2
0
0
0
0
0
2
0
0
0
0
0
2
0
0
0
0
0
2
0
0
0
0
0
2
0
0
0
0
0
2
0
0
0
0
0
2
0
0
0
0
0
2
0
0
0
0
0
2
0
0
0
0
0
2
0
0
0
0
0
2
0
0
0
0
0
2
0
0
0
0
0
2
0
0
0
0
0
2
0
0
0
0
0
2
0
0
0
0
0
2
0
0
0
0
0
2
0
0
0
0
0
2
0
0
0
0
0
2
0
0
0
0
0
2
0
0
0
0
0
2
0
0
0
0
0
2
0
0
0
0
0
2
0
0
0
0
0
2
0
0
0
0
0
2
0
0
0
0
0
2
0
0
0
0
0
2
0
0
0
0
0
2
0
0
0
0
0
2
0
0
0
0
0
2
0
0
0
0
0
2
0
0
0
0
0
2
0
0
0
0
0
2
0
0
0
0
0
2
0
0
0
0
0
2
0
0
0
0
0
2
0
0
0
0
0
2
0
0
0
0
0
2
0
0
0
0
0
2
0
0
0
0
0
2
0
0
0
0
0
2
0
0
0
0
0
2
0
0
0
0
0
2
0
0
0
0
0
2
0
0
0
0
0
2
0
0
0
0
0
2
0
0
0
0
0
2
0
0
0
0
0
2
0
0
0
0
0
2
0
0
0
0
0
2
0
0
0
0
0
2
0
0
0
0
0
2
0
0
0
0
0
2
0
0
0
0
0
2
0
0
0
0
0
2
0
0
0
0
0
2
0
0
0
0
0
2
0
0
0
0
0
2
0
0
0
0
0
2
0
0
0
0
0
2
0
0
0
0
0
2
0
0
0
0
0
2
0
0
0
0
0
2
0
0
0
0
0
2
0
0
0
0
0
2
0
0
0
0
0
2
0
0
0
0
0
2
0
0
0
0
0
2
0
0
0
0
0
2
0
0
0
0
0
2
0
0
0
0
0
2
0
0
0
0
0
2
0
0
0
0
0
2
0
0
0
0
0
2
0
0
0
0
0
2
0
0
0
0
0
2
0
0
0
0
0
2
0
0
0
0
0
2
0
0
0
0
0
2
0
0
0
0
0
2
0
0
0
0
0
2
0
0
0
0
0
2
0
0
0
0
0
2
0
0
0
0
0
2
0
0
0
0
0
2
0
0
0
0
0
2
0
0
0
0
0
2
0
0
0
0
0
2
0
0
0
0
0
2
0
0
0
0
0
2
0
0
0
0
0
2
0
0
0
0
0
2
0
0
0
0
0
2
0
0
0
0
0
2
0
0
0
0
0
2
0
0
0
0
0
2
0
0
0
0
0
2
0
0
0
0
0
2
0
0
0
0
0
2
0
0
0
0
0
2
0
0
0
0
0
2
0
0
0
0
0
2
0
0
0
0
0
2
0
0
0
0
0
2
0
0
0
0
0
2
0
0
0
0
0
2
0
0
0
0
0
2
0
0
0
0
0
2
0
0
0
0
0
2
0
0
0
0
0
2
0
0
0
0
0
2
0
0
0
0
0
2
0
0
0
0
0
2
0
0
0
0
0
2
0
0
0
0
0
2
0
0
0
0
0
2
0
0
0
0
0
2
0
0
0
0
0
2
0
0
0
0
0
2
0
0
0
0
0
2
0
0
0
0
0
2
0
0
0
0
0
2
0
0
0
0
0
2
0
0
0
0
0
2
0
0
0
0
0
2
0
0
0
0
0
2
0
0
0
0
0
2
0
0
0
0
0
2
0
0
0
0
0
2
0
0
0
0
0
2
0
0
0
0
0
2
0
0
0
0
0
2
0
0
0
0
0
2
0
0
0
0
0
2
0
0
0
0
0
2
0
0
0
0
0
