1
882.3700,443.9500,73.2600,188.1000
881.8206,442.5392,74.3589,190.9215
882.3782,443.9712,73.2435,188.0577
882.3782,443.9712,73.2435,188.0577
890.3395,443.9712,73.2435,188.0577
890.3395,443.9712,73.2435,188.0577
890.7057,444.9114,72.5111,186.1771
891.2496,446.3078,71.4234,183.3844
891.6067,447.2247,70.7092,181.5506
891.2531,446.3170,71.4163,183.3661
891.6102,447.2338,70.7021,181.5324
891.6102,447.2338,70.7021,181.5324
891.9637,455.7496,69.9951,179.7171
892.3137,456.6482,69.2951,177.9200
899.8458,456.6482,69.2951,177.9200
900.3655,457.9826,68.2557,175.2511
900.1948,457.5445,68.5970,176.1274
899.8519,456.6638,69.2830,177.8887
900.0251,457.1086,68.9365,176.9992
900.1974,457.5511,68.5919,176.1142
900.3689,457.9913,68.2489,175.2337
900.3689,457.9913,68.2489,175.2337
900.7101,458.8675,67.5664,173.4813
901.0480,459.7349,66.8907,171.7465
901.5496,468.1847,65.8874,169.1703
909.0980,469.4535,64.8991,166.6328
909.2603,469.8700,64.5746,165.7996
909.7446,471.1135,63.6060,163.3126
910.0626,478.7747,62.9699,161.6795
910.5349,479.9872,62.0254,159.2543
910.8450,480.7835,61.4051,157.6617
910.8450,480.7835,61.4051,157.6617
911.1520,488.1795,60.7910,156.0851
917.9977,488.9600,60.1831,154.5243
917.6967,481.5803,60.7850,156.0695
917.3928,480.7999,61.3928,157.6302
916.9324,479.6177,62.3137,159.9947
916.4650,471.5429,63.2484,162.3946
915.9907,463.3470,64.1971,164.8305
915.5092,440.8629,65.1601,167.3030
915.0204,432.4193,66.1375,169.8125
907.4290,424.3095,66.7989,171.5106
907.0950,416.1186,67.4669,173.2257
906.5891,414.8194,68.4789,175.8241
906.2466,413.9403,69.1637,177.5824
899.1498,407.3856,68.4720,175.8065
899.4922,408.2646,67.7873,174.0485
892.7430,409.5700,66.7705,171.4378
885.4853,409.5700,66.7705,171.4378
885.3184,416.4353,67.1043,172.2949
878.4329,417.2968,66.4333,170.5720
871.2119,424.5178,66.4333,170.5720
871.7101,432.9098,65.4368,168.0134
864.5974,440.0225,65.4368,168.0134
857.0864,446.3662,66.0912,169.6935
849.9026,453.5501,66.0912,169.6935
842.9199,468.2701,65.7607,168.8451
835.1716,481.5140,66.7471,171.3778
827.3070,494.9566,67.7483,173.9484
826.7990,501.1264,68.7646,176.5576
819.5338,509.0048,68.4207,175.6749
812.3050,516.8439,68.0786,174.7965
812.6454,525.0437,67.3978,173.0485
812.8139,532.7655,67.0609,172.1833
805.9329,540.8428,66.3902,170.4614
806.2648,541.6951,65.7263,168.7568
806.4291,549.2254,65.3977,167.9130
799.7188,557.1024,64.7437,166.2339
799.8806,557.5179,64.4200,165.4027
799.5585,563.7631,65.0642,167.0568
792.6843,571.2176,64.7389,166.2215
786.0416,572.0487,64.0915,164.5593
779.2701,572.4601,63.7710,163.7365
779.1107,579.0170,64.0899,164.5552
772.1444,579.0170,64.0899,164.5552
772.4649,579.8398,63.4490,162.9096
772.7821,580.6544,62.8145,161.2805
765.5721,579.8480,63.4427,162.8933
759.2554,581.0696,62.4910,160.4499
752.2728,580.6685,62.8035,161.2522
752.7438,581.8779,61.8614,158.8334
746.5845,583.0692,60.9335,156.4509
740.3322,583.8514,60.3242,154.8864
740.0306,583.0770,60.9274,156.4352
732.8517,575.1819,61.8413,158.7818
726.6945,576.3727,60.9137,156.4000
727.1514,577.5457,60.0000,154.0540
720.8123,577.9308,59.7000,153.2838
714.3231,577.9308,59.7000,153.2838
708.0157,578.3141,59.4015,152.5173
707.8672,577.9328,59.6985,153.2799
701.5599,578.3160,59.4000,152.5135
701.8569,579.0786,58.8060,150.9884
696.0018,580.2109,57.9239,148.7236
690.0583,580.9546,57.3447,147.2363
690.0583,580.9546,57.3447,147.2363
683.4762,580.2184,57.9181,148.7087
683.4762,580.2184,57.9181,148.7087
676.6519,585.4930,58.7869,150.9393
676.2110,584.3609,59.6687,153.2034
669.7253,584.3609,59.6687,153.2034
669.7253,584.3609,59.6687,153.2034
663.2396,584.3609,59.6687,153.2034
663.5379,585.1270,59.0720,151.6714
663.0948,583.9894,59.9581,153.9465
663.5446,585.1440,59.0587,151.6373
656.5859,584.0067,59.9446,153.9118
657.0355,585.1611,59.0454,151.6031
657.0355,585.1611,59.0454,151.6031
657.0355,578.7430,59.0454,151.6031
656.7402,577.9850,59.6359,153.1192
656.2930,576.8367,60.5304,155.4160
655.9903,569.4144,61.1357,156.9701
655.5318,568.2371,62.0528,159.3247
655.5318,561.4922,62.0528,159.3247
655.9972,556.0435,61.1220,156.9348
662.8801,550.2509,60.5108,155.3655
662.4263,549.0857,61.4184,157.6959
662.4263,542.4097,61.4184,157.6959
661.9656,534.4510,62.3397,160.0614
662.1215,534.8511,62.0280,159.2611
662.1215,528.1089,62.0280,159.2611
661.8113,527.3127,62.6483,160.8537
668.6209,520.5031,62.6483,160.8537
675.5531,514.1296,62.3350,160.0494
676.0206,515.3300,61.4000,157.6487
682.6945,508.6561,61.4000,157.6487
689.4885,502.4097,61.0930,156.8604
689.1831,501.6254,61.7039,158.4290
696.1315,495.7776,61.0869,156.8447
703.1299,490.4137,60.1706,154.4921
702.6786,489.2550,61.0732,156.8094
709.5560,483.4670,60.4624,155.2414
709.7072,483.8552,60.1601,154.4651
716.1286,476.8972,60.4609,155.2375
723.0553,471.5882,59.5540,152.9089
723.0553,471.5882,59.5540,152.9089
729.8781,466.3588,58.6607,150.6153
730.0248,466.7354,58.3674,149.8622
736.2549,459.9847,58.6592,150.6115
742.6309,453.6087,58.6592,150.6115
742.1909,446.0075,59.5391,152.8707
748.6626,439.5358,59.5391,152.8707
748.2160,438.3893,60.4322,155.1638
754.9030,432.2413,60.1300,154.3879
761.7918,426.9614,59.2281,152.0721
762.0880,421.3483,58.6358,150.5514
768.5761,421.7247,58.3426,149.7986
769.0137,416.6017,57.4675,147.5517
775.4850,411.1555,56.8928,146.0761
775.7695,411.8859,56.3239,144.6154
782.2222,406.9402,55.4790,142.4462
782.2222,406.9402,55.4790,142.4462
788.1440,400.5236,55.7564,143.1584
787.8652,399.8078,56.3140,144.5900
794.0965,394.0788,56.0324,143.8670
800.0773,393.7191,56.3126,144.5863
800.0773,387.5981,56.3126,144.5863
806.4186,388.3211,55.7495,143.1405
812.6965,383.0377,55.1920,141.7091
812.9725,383.7462,54.6400,140.2920
819.1254,384.4477,54.0936,138.8891
819.5311,379.6978,53.2822,136.8057
825.1142,379.0138,53.8151,138.1738
825.1142,379.0138,53.8151,138.1738
831.1742,379.7046,53.2769,136.7921
831.4406,380.3886,52.7441,135.4241
831.4406,380.3886,52.7441,135.4241
831.4406,380.3886,52.7441,135.4241
831.1769,379.7115,53.2716,136.7784
830.9105,379.0276,53.8043,138.1462
831.1796,379.7183,53.2663,136.7647
831.4459,380.4021,52.7336,135.3970
831.8414,381.4176,51.9426,133.3661
826.5116,382.0844,51.4232,132.0324
826.8973,383.0747,50.6518,130.0519
821.7000,383.7249,50.1453,128.7514
816.7073,384.6906,49.3931,126.8202
816.9542,385.3247,48.8992,125.5520
806.6747,391.2144,48.4102,124.2964
801.5601,391.5251,48.1681,123.6749
796.4711,391.8344,47.9273,123.0566
791.2615,391.8344,47.9273,123.0566
786.4897,392.7573,47.2084,121.2107
776.3963,393.0603,46.9723,120.6047
766.1849,398.1660,46.9723,120.6047
761.3652,398.7690,46.5026,119.3986
751.5895,399.3660,46.0376,118.2046
741.7465,404.6406,45.8074,117.6136
732.2812,405.5227,45.1203,115.8494
722.9580,406.3915,44.4435,114.1117
713.6152,406.9621,43.9991,112.9706
704.5237,412.5201,43.3391,111.2760
694.7913,411.9638,43.7725,112.3888
680.8792,412.5257,43.3347,111.2649
671.4586,417.2360,43.3347,111.2649
657.6857,417.7923,42.9014,110.1522
648.3593,417.7923,42.9014,110.1522
639.0329,417.7923,42.9014,110.1522
620.9817,423.2117,42.2579,108.4999
606.8528,422.6692,42.6805,109.5849
593.4642,423.4911,42.0402,107.9412
584.7774,424.3007,41.4096,106.3220
570.7612,423.5033,42.0308,107.9169
552.4869,428.0718,42.0308,107.9169
538.7812,428.0718,42.0308,107.9169
520.5070,428.0718,42.0308,107.9169
506.2804,427.2625,42.6612,109.5356
492.1930,426.9886,42.8745,110.0833
473.5518,431.6489,42.8745,110.0833
454.3096,430.8233,43.5177,111.7346
439.7595,430.2646,43.9528,112.8519
425.2455,429.9825,44.1726,113.4162
410.2941,429.1318,44.8352,115.1174
390.1718,428.2685,45.5077,116.8442
374.9564,427.6842,45.9628,118.0126
359.9685,427.6842,45.9628,118.0126
345.3604,428.2743,45.5032,116.8325
330.3344,427.9822,45.7307,117.4166
315.0445,427.3951,46.1880,118.5908
299.4108,426.5057,46.8808,120.3697
288.7149,425.6029,47.5840,122.1752
273.1983,425.6029,47.5840,122.1752
262.3419,419.4369,48.2978,124.0078
251.4959,418.8168,48.7808,125.2479
246.4906,414.1938,48.2930,123.9954
240.9474,413.5739,48.7759,125.2354
235.2003,407.2533,49.5075,127.1139
229.6684,401.5274,49.7551,127.7495
229.4196,395.4264,50.2526,129.0270
223.6515,394.7812,50.7551,130.3173
223.6515,389.2644,50.7551,130.3173
217.8257,383.0408,51.2627,131.6204
218.2102,378.5395,50.4938,129.6461
218.2102,378.5395,50.4938,129.6461
218.5889,374.1057,49.7364,127.7014
218.9619,375.0634,48.9903,125.7859
214.0842,376.0069,48.2555,123.8991
214.4461,376.9361,47.5316,122.0406
214.6837,377.5463,47.0563,120.8202
209.7121,377.8484,46.8210,120.2161
209.9462,378.4494,46.3528,119.0140
209.5986,377.5568,47.0481,120.7992
204.4847,382.6707,47.0481,120.7992
199.5139,388.0611,46.8129,120.1952
199.7480,388.6621,46.3447,118.9932
194.7105,393.6996,46.3447,118.9932
194.4788,398.1924,46.8082,120.1832
189.2485,403.0052,47.0422,120.7841
188.8957,407.2894,47.7479,122.5958
188.7763,412.1988,47.9866,123.2088
188.6564,417.1328,48.2265,123.8249
188.2946,421.5247,48.9499,125.6822
193.4238,426.2702,49.4394,126.9391
193.0530,425.3181,50.1810,128.8432
193.0530,430.7726,50.1810,128.8432
198.4092,430.4505,50.4319,129.4874
198.7875,431.4217,49.6754,127.5451
198.9117,431.7405,49.4271,126.9073
204.5743,437.9843,48.6857,125.0037
204.4526,437.6717,48.9291,125.6287
210.0581,438.6140,48.1952,123.7443
215.2025,438.3046,48.4361,124.3630
215.5657,439.2373,47.7096,122.4976
220.7515,444.4231,47.7096,122.4976
220.7515,444.4231,47.7096,122.4976
226.2174,445.3419,46.9939,120.6601
226.3349,445.6435,46.7590,120.0568
231.6004,451.2755,46.2914,118.8562
231.9475,452.1669,45.5970,117.0734
236.9930,452.4596,45.3690,116.4880
237.3332,453.3333,44.6885,114.7407
237.6684,454.1938,44.0182,113.0196
242.3668,453.9113,44.2383,113.5847
247.4350,459.4995,43.5747,111.8809
247.7618,460.3386,42.9211,110.2027
252.2592,459.7876,43.3503,111.3047
252.5843,460.6224,42.7000,109.6352
257.3927,461.1706,42.2730,108.5388
261.9876,461.1706,42.2730,108.5388
266.8306,461.9846,41.6389,106.9107
271.4381,462.2519,41.4307,106.3762
271.7488,463.0497,40.8093,104.7805
276.3443,463.5736,40.4012,103.7327
285.0130,458.6196,40.8052,104.7701
285.2170,459.1434,40.3971,103.7224
289.6870,459.4027,40.1951,103.2038
294.2920,460.1768,39.5922,101.6557
298.7504,456.4246,39.1963,100.6391
303.2409,457.1794,38.6084,99.1296
307.6641,457.9229,38.0292,97.6426
312.0209,458.6552,37.4588,96.1780
316.3124,459.3765,36.8969,94.7353
320.5395,460.0870,36.3435,93.3143
324.5610,460.3203,36.1617,92.8477
328.6331,460.7845,35.8001,91.9192
332.6645,461.2441,35.4421,91.0000
336.5169,461.2441,35.4421,91.0000
340.3000,457.1450,35.6193,91.4550
343.9626,456.4591,36.1536,92.8269
347.8923,456.4591,36.1536,92.8269
351.8221,456.4591,36.1536,92.8269
355.9640,457.1553,35.6113,91.4345
359.9045,457.3839,35.4333,90.9773
363.7559,457.3839,35.4333,90.9773
363.7559,457.3839,35.4333,90.9773
367.7460,457.8387,35.0789,90.0675
371.6276,458.0639,34.9035,89.6172
375.2166,457.3918,35.4271,90.9614
379.0674,457.3918,35.4271,90.9614
382.8488,457.1644,35.6042,91.4162
386.7885,457.3929,35.4262,90.9592
390.6392,457.3929,35.4262,90.9592
394.6978,458.0751,34.8948,89.5948
398.2859,457.4031,35.4182,90.9387
402.1357,457.4031,35.4182,90.9387
405.9855,457.4031,35.4182,90.9387
409.8353,457.4031,35.4182,90.9387
413.8930,458.0852,34.8870,89.5746
417.8898,458.7570,34.3636,88.2310
421.4233,458.0953,34.8791,89.5545
425.2145,458.0953,34.8791,89.5545
432.9448,458.7669,34.3559,88.2111
436.4775,458.1053,34.8713,89.5343
440.4725,458.7769,34.3482,88.1913
444.2732,458.9973,34.1764,87.7503
448.1886,459.6555,33.6638,86.4341
455.6496,460.3037,33.1588,85.1376
459.3187,460.5166,32.9930,84.7119
462.9048,460.5166,32.9930,84.7119
466.6847,461.1519,32.4982,83.4412
473.6118,456.9407,32.9856,84.6928
477.3908,457.5759,32.4908,83.4224
480.9859,457.7845,32.3284,83.0053
488.0139,457.7845,32.3284,83.0053
491.5278,457.7845,32.3284,83.0053
494.9785,457.5769,32.4900,83.4203
498.3193,456.9513,32.9774,84.6716
501.9038,456.9513,32.9774,84.6716
509.0728,456.9513,32.9774,84.6716
512.8509,457.5863,32.4827,83.4016
519.9583,457.7948,32.3203,82.9846
523.4713,457.7948,32.3203,82.9846
527.1741,458.4172,31.8355,81.7398
533.9599,457.8042,32.3130,82.9659
540.9388,457.5967,32.4746,83.3807
544.5322,457.8052,32.3122,82.9638
551.5566,457.8052,32.3122,82.9638
558.5810,457.8052,32.3122,82.9638
562.0932,457.8052,32.3122,82.9638
569.0720,457.5978,32.4738,83.3786
572.6652,457.8062,32.3114,82.9617
579.8264,458.4284,31.8267,81.7173
583.2236,458.2242,31.9859,82.1259
590.0867,457.8135,32.3057,82.9472
597.1096,461.3250,32.3057,82.9472
600.8107,461.9471,31.8212,81.7030
607.5935,461.3344,32.2985,82.9285
611.2938,461.9563,31.8140,81.6846
618.2548,462.1605,31.6549,81.2762
621.6956,462.1605,31.6549,81.2762
628.7112,459.3810,31.1801,80.0570
632.1614,459.5811,31.0242,79.6567
635.6550,459.9794,30.7140,78.8602
642.4188,460.3737,30.4068,78.0716
645.9023,460.9592,29.9507,76.9005
648.9821,457.0781,30.4000,78.0540
652.1080,456.4927,30.8560,79.2248
655.5222,456.6908,30.7017,78.8287
658.8594,456.6908,30.7017,78.8287
662.1364,453.1399,30.8552,79.2228
665.6714,453.7340,30.3924,78.0345
665.8993,454.3193,29.9365,76.8640
669.3290,454.8958,29.4874,75.7110
669.3290,454.8958,29.4874,75.7110
672.5919,455.0851,29.3400,75.3324
672.6652,455.2734,29.1933,74.9558
676.0097,455.8356,28.7554,73.8314
676.0816,452.9102,28.6116,73.4623
679.0796,452.5429,28.8977,74.1969
679.2963,453.0993,28.4643,73.0840
679.5098,453.6475,28.0373,71.9877
682.3928,453.1076,28.4579,73.0675
682.4639,456.3680,28.3156,72.7022
682.3224,456.0045,28.5987,73.4292
682.3224,456.0045,28.5987,73.4292
679.2138,456.0045,28.5987,73.4292
679.2138,456.0045,28.5987,73.4292
679.0708,455.6374,28.8847,74.1635
678.9264,455.2665,29.1736,74.9051
678.9264,458.4376,29.1736,74.9051
675.5778,458.0630,29.4653,75.6542
675.5778,458.0630,29.4653,75.6542
675.5778,458.0630,29.4653,75.6542
675.5778,461.2658,29.4653,75.6542
672.1957,460.8875,29.7600,76.4107
672.0469,460.5055,30.0576,77.1748
671.8214,459.9267,30.5084,78.3325
668.5053,459.9267,30.5084,78.3325
668.5053,459.9267,30.5084,78.3325
668.5053,459.9267,30.5084,78.3325
665.1891,459.9267,30.5084,78.3325
665.1891,459.9267,30.5084,78.3325
665.4180,463.7805,30.0508,77.1575
665.6434,464.3593,29.6000,76.0001
665.8654,464.9292,29.1560,74.8601
662.8737,465.3035,28.8645,74.1115
662.7294,464.9330,29.1531,74.8526
662.5836,464.5587,29.4447,75.6011
662.8044,465.1257,29.0030,74.4671
662.8770,465.3119,28.8580,74.0948
659.7402,468.4486,28.8580,74.0948
659.7402,468.4486,28.8580,74.0948
659.7402,468.4486,28.8580,74.0948
659.5959,468.0782,29.1465,74.8357
656.6052,468.4523,28.8551,74.0874
656.3889,467.8967,29.2879,75.1987
656.3889,467.8967,29.2879,75.1987
656.4620,468.0847,29.1415,74.8227
656.4620,468.0847,29.1415,74.8227
