1
806.0750,305.1275,9.8500,16.7450
806.0996,305.1694,9.8007,16.6613
806.0996,305.1694,9.8007,16.6613
806.0996,305.1694,9.8007,16.6613
806.0996,305.1694,9.8007,16.6613
806.0996,305.1694,9.8007,16.6613
806.1732,305.2943,9.6537,16.4114
806.2214,305.3764,9.5572,16.2472
810.0443,305.3764,9.5572,16.2472
810.0443,305.3764,9.5572,16.2472
810.0443,305.3764,9.5572,16.2472
810.0443,305.3764,9.5572,16.2472
810.1160,305.4982,9.4138,16.0035
813.8674,305.3782,9.5551,16.2436
813.9390,305.5000,9.4117,15.9999
814.0096,305.6200,9.2705,15.7599
813.9401,305.5018,9.4096,15.9963
814.0107,305.6218,9.2685,15.7564
817.7319,305.7400,9.1294,15.5200
817.7548,305.7788,9.0838,15.4424
817.7548,305.7788,9.0838,15.4424
817.7548,305.7788,9.0838,15.4424
817.8229,305.8946,8.9475,15.2108
817.8677,305.9706,8.8581,15.0587
817.8677,305.9706,8.8581,15.0587
817.8677,305.9706,8.8581,15.0587
817.9341,306.0836,8.7252,14.8328
821.4373,306.1948,8.5943,14.6103
821.4373,306.1948,8.5943,14.6103
821.4373,306.1948,8.5943,14.6103
821.4373,306.1948,8.5943,14.6103
824.8749,306.1948,8.5943,14.6103
824.8535,306.1583,8.6373,14.6834
824.8535,306.1583,8.6373,14.6834
824.9183,306.2684,8.5077,14.4631
824.9821,306.3769,8.3801,14.2462
828.3341,306.3769,8.3801,14.2462
828.3970,306.4838,8.2544,14.0325
828.4589,306.5890,8.1306,13.8220
828.4182,306.5199,8.2119,13.9602
828.4182,306.5199,8.2119,13.9602
831.7112,306.5897,8.1298,13.8206
831.6705,306.5206,8.2111,13.9588
831.6705,306.5206,8.2111,13.9588
831.7321,306.6253,8.0879,13.7494
831.7928,306.7284,7.9666,13.5432
831.8525,306.8300,7.8471,13.3401
834.9953,306.8633,7.8079,13.2734
834.9953,306.8633,7.8079,13.2734
834.9953,306.8633,7.8079,13.2734
834.9953,306.8633,7.8079,13.2734
834.9562,306.7970,7.8859,13.4061
834.9562,306.7970,7.8859,13.4061
838.1106,306.7970,7.8859,13.4061
838.1106,306.7970,7.8859,13.4061
838.1106,306.7970,7.8859,13.4061
838.1500,306.8640,7.8071,13.2720
838.1110,309.9517,7.8851,13.4047
841.2729,310.0187,7.8063,13.2707
841.2339,309.9524,7.8844,13.4034
841.2339,309.9524,7.8844,13.4034
841.2339,309.9524,7.8844,13.4034
841.2339,309.9524,7.8844,13.4034
841.2339,309.9524,7.8844,13.4034
844.3877,309.9524,7.8844,13.4034
844.3877,309.9524,7.8844,13.4034
844.3877,309.9524,7.8844,13.4034
844.4271,310.0194,7.8055,13.2694
844.3881,309.9530,7.8836,13.4021
844.4275,310.0201,7.8047,13.2680
844.4275,310.0201,7.8047,13.2680
847.5611,310.1195,7.6877,13.0690
847.5034,310.0215,7.8030,13.2651
847.4449,309.9220,7.9200,13.4640
847.5043,310.0230,7.8012,13.2621
847.5628,310.1225,7.6842,13.0631
847.5628,310.1225,7.6842,13.0631
847.6204,310.2205,7.5689,12.8672
847.6772,310.3170,7.4554,12.6742
850.6631,310.3487,7.4181,12.6108
850.6631,310.3487,7.4181,12.6108
850.7188,310.4432,7.3069,12.4217
850.6639,310.3501,7.4165,12.6080
853.6417,307.5226,7.3052,12.4189
853.5869,307.4294,7.4148,12.6051
853.5869,307.4294,7.4148,12.6051
853.5869,307.4294,7.4148,12.6051
853.6425,307.5240,7.3036,12.4161
853.6973,307.6171,7.1940,12.2298
853.7512,307.7088,7.0861,12.0464
853.7866,307.7690,7.0152,11.9259
2
0
0
0
0
0
2
0
0
0
0
0
2
0
0
0
0
0
2
0
0
0
0
0
2
0
0
0
0
0
2
0
0
0
0
0
2
0
0
0
0
0
2
0
0
0
0
0
2
0
0
0
0
0
2
0
0
0
0
0
2
0
0
0
0
0
2
0
0
0
0
0
2
0
0
0
0
0
2
0
0
0
0
0
2
0
0
0
0
0
2
0
0
0
0
0
2
0
0
0
0
0
2
0
0
0
0
0
2
0
0
0
0
0
2
0
0
0
0
0
2
0
0
0
0
0
2
0
0
0
0
0
2
0
0
0
0
0
2
0
0
0
0
0
2
0
0
0
0
0
2
0
0
0
0
0
2
0
0
0
0
0
2
0
0
0
0
0
2
0
0
0
0
0
2
0
0
0
0
0
2
0
0
0
0
0
2
0
0
0
0
0
2
0
0
0
0
0
2
0
0
0
0
0
2
0
0
0
0
0
2
0
0
0
0
0
2
0
0
0
0
0
2
0
0
0
0
0
2
0
0
0
0
0
2
0
0
0
0
0
2
0
0
0
0
0
2
0
0
0
0
0
2
0
0
0
0
0
2
0
0
0
0
0
2
0
0
0
0
0
2
0
0
0
0
0
2
0
0
0
0
0
2
0
0
0
0
0
2
0
0
0
0
0
2
0
0
0
0
0
2
0
0
0
0
0
2
0
0
0
0
0
2
0
0
0
0
0
2
0
0
0
0
0
2
0
0
0
0
0
2
0
0
0
0
0
2
0
0
0
0
