1
545.0000,551.0000,54.0000,102.0000
533.0000,551.0000,54.0000,102.0000
525.0000,547.0000,54.0000,102.0000
517.0000,543.0000,54.0000,102.0000
509.0000,543.0000,54.0000,102.0000
497.0000,539.0000,54.0000,102.0000
489.0000,535.0000,54.0000,102.0000
481.0000,531.0000,54.0000,102.0000
473.0000,527.0000,54.0000,102.0000
465.0000,527.0000,54.0000,102.0000
457.0000,523.0000,54.0000,102.0000
449.0000,519.0000,54.0000,102.0000
441.0000,515.0000,54.0000,102.0000
433.0000,515.0000,54.0000,102.0000
425.0000,511.0000,54.0000,102.0000
417.0000,511.0000,54.0000,102.0000
409.0000,511.0000,54.0000,102.0000
401.0000,511.0000,54.0000,102.0000
397.0000,507.0000,54.0000,102.0000
389.0000,507.0000,54.0000,102.0000
381.0000,507.0000,54.0000,102.0000
377.0000,507.0000,54.0000,102.0000
369.0000,503.0000,54.0000,102.0000
365.0000,503.0000,54.0000,102.0000
357.0000,499.0000,54.0000,102.0000
349.0000,495.0000,54.0000,102.0000
345.0000,491.0000,54.0000,102.0000
337.0000,487.0000,54.0000,102.0000
333.0000,483.0000,54.0000,102.0000
329.0000,483.0000,54.0000,102.0000
329.0000,479.0000,54.0000,102.0000
325.0000,475.0000,54.0000,102.0000
321.0000,471.0000,54.0000,102.0000
321.0000,467.0000,54.0000,102.0000
321.0000,463.0000,54.0000,102.0000
317.0000,463.0000,54.0000,102.0000
317.0000,459.0000,54.0000,102.0000
317.0000,455.0000,54.0000,102.0000
317.0000,451.0000,54.0000,102.0000
313.0000,447.0000,54.0000,102.0000
313.0000,443.0000,54.0000,102.0000
313.0000,435.0000,54.0000,102.0000
313.0000,431.0000,54.0000,102.0000
313.0000,427.0000,54.0000,102.0000
309.0000,423.0000,54.0000,102.0000
309.0000,419.0000,54.0000,102.0000
309.0000,415.0000,54.0000,102.0000
309.0000,411.0000,54.0000,102.0000
309.0000,411.0000,54.0000,102.0000
309.0000,407.0000,54.0000,102.0000
309.0000,403.0000,54.0000,102.0000
309.0000,403.0000,54.0000,102.0000
309.0000,403.0000,54.0000,102.0000
309.0000,399.0000,54.0000,102.0000
309.0000,399.0000,54.0000,102.0000
305.0000,395.0000,54.0000,102.0000
305.0000,391.0000,54.0000,102.0000
305.0000,391.0000,54.0000,102.0000
301.0000,387.0000,54.0000,102.0000
301.0000,383.0000,54.0000,102.0000
297.0000,383.0000,54.0000,102.0000
297.0000,379.0000,54.0000,102.0000
293.0000,375.0000,54.0000,102.0000
293.0000,375.0000,54.0000,102.0000
293.0000,371.0000,54.0000,102.0000
297.0000,371.0000,54.0000,102.0000
301.0000,367.0000,54.0000,102.0000
305.0000,367.0000,54.0000,102.0000
309.0000,359.0000,54.0000,102.0000
317.0000,359.0000,54.0000,102.0000
321.0000,355.0000,54.0000,102.0000
329.0000,351.0000,54.0000,102.0000
333.0000,347.0000,54.0000,102.0000
341.0000,343.0000,54.0000,102.0000
345.0000,339.0000,54.0000,102.0000
353.0000,335.0000,54.0000,102.0000
357.0000,331.0000,54.0000,102.0000
365.0000,331.0000,54.0000,102.0000
369.0000,327.0000,54.0000,102.0000
377.0000,323.0000,54.0000,102.0000
385.0000,323.0000,54.0000,102.0000
389.0000,319.0000,54.0000,102.0000
397.0000,315.0000,54.0000,102.0000
401.0000,315.0000,54.0000,102.0000
409.0000,311.0000,54.0000,102.0000
417.0000,311.0000,54.0000,102.0000
421.0000,307.0000,54.0000,102.0000
425.0000,307.0000,54.0000,102.0000
433.0000,307.0000,54.0000,102.0000
437.0000,303.0000,54.0000,102.0000
441.0000,303.0000,54.0000,102.0000
445.0000,303.0000,54.0000,102.0000
453.0000,299.0000,54.0000,102.0000
457.0000,299.0000,54.0000,102.0000
461.0000,299.0000,54.0000,102.0000
465.0000,299.0000,54.0000,102.0000
469.0000,299.0000,54.0000,102.0000
473.0000,295.0000,54.0000,102.0000
477.0000,295.0000,54.0000,102.0000
481.0000,295.0000,54.0000,102.0000
485.0000,295.0000,54.0000,102.0000
489.0000,295.0000,54.0000,102.0000
493.0000,295.0000,54.0000,102.0000
497.0000,295.0000,54.0000,102.0000
501.0000,295.0000,54.0000,102.0000
505.0000,295.0000,54.0000,102.0000
509.0000,295.0000,54.0000,102.0000
513.0000,295.0000,54.0000,102.0000
517.0000,295.0000,54.0000,102.0000
521.0000,295.0000,54.0000,102.0000
529.0000,295.0000,54.0000,102.0000
533.0000,299.0000,54.0000,102.0000
537.0000,299.0000,54.0000,102.0000
541.0000,299.0000,54.0000,102.0000
545.0000,303.0000,54.0000,102.0000
553.0000,303.0000,54.0000,102.0000
557.0000,303.0000,54.0000,102.0000
561.0000,307.0000,54.0000,102.0000
569.0000,307.0000,54.0000,102.0000
573.0000,307.0000,54.0000,102.0000
577.0000,311.0000,54.0000,102.0000
585.0000,311.0000,54.0000,102.0000
589.0000,315.0000,54.0000,102.0000
597.0000,315.0000,54.0000,102.0000
601.0000,319.0000,54.0000,102.0000
605.0000,319.0000,54.0000,102.0000
609.0000,323.0000,54.0000,102.0000
613.0000,327.0000,54.0000,102.0000
621.0000,327.0000,54.0000,102.0000
625.0000,331.0000,54.0000,102.0000
629.0000,335.0000,54.0000,102.0000
633.0000,335.0000,54.0000,102.0000
637.0000,339.0000,54.0000,102.0000
641.0000,343.0000,54.0000,102.0000
645.0000,347.0000,54.0000,102.0000
645.0000,351.0000,54.0000,102.0000
649.0000,355.0000,54.0000,102.0000
649.0000,355.0000,54.0000,102.0000
653.0000,359.0000,54.0000,102.0000
653.0000,363.0000,54.0000,102.0000
657.0000,367.0000,54.0000,102.0000
657.0000,371.0000,54.0000,102.0000
657.0000,375.0000,54.0000,102.0000
657.0000,379.0000,54.0000,102.0000
661.0000,383.0000,54.0000,102.0000
661.0000,383.0000,54.0000,102.0000
661.0000,387.0000,54.0000,102.0000
661.0000,391.0000,54.0000,102.0000
661.0000,395.0000,54.0000,102.0000
661.0000,399.0000,54.0000,102.0000
661.0000,403.0000,54.0000,102.0000
661.0000,407.0000,54.0000,102.0000
661.0000,411.0000,54.0000,102.0000
661.0000,415.0000,54.0000,102.0000
661.0000,419.0000,54.0000,102.0000
661.0000,427.0000,54.0000,102.0000
661.0000,431.0000,54.0000,102.0000
661.0000,435.0000,54.0000,102.0000
661.0000,443.0000,54.0000,102.0000
657.0000,447.0000,54.0000,102.0000
657.0000,451.0000,54.0000,102.0000
657.0000,459.0000,54.0000,102.0000
657.0000,463.0000,54.0000,102.0000
657.0000,471.0000,54.0000,102.0000
657.0000,475.0000,54.0000,102.0000
657.0000,479.0000,54.0000,102.0000
657.0000,483.0000,54.0000,102.0000
657.0000,491.0000,54.0000,102.0000
653.0000,495.0000,54.0000,102.0000
653.0000,499.0000,54.0000,102.0000
653.0000,503.0000,54.0000,102.0000
653.0000,507.0000,54.0000,102.0000
653.0000,515.0000,54.0000,102.0000
653.0000,519.0000,54.0000,102.0000
653.0000,523.0000,54.0000,102.0000
653.0000,531.0000,54.0000,102.0000
653.0000,535.0000,54.0000,102.0000
653.0000,539.0000,54.0000,102.0000
653.0000,543.0000,54.0000,102.0000
653.0000,547.0000,54.0000,102.0000
653.0000,551.0000,54.0000,102.0000
653.0000,559.0000,54.0000,102.0000
649.0000,563.0000,54.0000,102.0000
649.0000,567.0000,54.0000,102.0000
649.0000,575.0000,54.0000,102.0000
649.0000,579.0000,54.0000,102.0000
649.0000,583.0000,54.0000,102.0000
649.0000,587.0000,54.0000,102.0000
645.0000,595.0000,54.0000,102.0000
645.0000,599.0000,54.0000,102.0000
645.0000,603.0000,54.0000,102.0000
641.0000,607.0000,54.0000,102.0000
641.0000,611.0000,54.0000,102.0000
637.0000,619.0000,54.0000,102.0000
637.0000,623.0000,54.0000,102.0000
633.0000,627.0000,54.0000,102.0000
629.0000,635.0000,54.0000,102.0000
625.0000,643.0000,54.0000,102.0000
625.0000,651.0000,54.0000,102.0000
621.0000,655.0000,54.0000,102.0000
617.0000,667.0000,54.0000,102.0000
2
0
0
0
0
0
2
0
0
0
0
0
2
0
0
0
0
0
2
0
0
0
0
0
2
0
0
0
0
0
2
0
0
0
0
0
2
0
0
0
0
0
2
0
0
0
0
0
2
0
0
0
0
0
2
0
0
0
0
0
2
0
0
0
0
0
2
0
0
0
0
0
2
0
0
0
0
0
2
0
0
0
0
0
2
0
0
0
0
0
2
0
0
0
0
0
2
0
0
0
0
0
2
0
0
0
0
0
2
0
0
0
0
0
2
0
0
0
0
0
2
0
0
0
0
0
2
0
0
0
0
0
2
0
0
0
0
0
2
0
0
0
0
0
2
0
0
0
0
0
2
0
0
0
0
0
2
0
0
0
0
0
2
0
0
0
0
0
2
0
0
0
0
0
2
0
0
0
0
0
2
0
0
0
0
0
2
0
0
0
0
0
2
0
0
0
0
0
2
0
0
0
0
0
2
0
0
0
0
0
2
0
0
0
0
0
2
0
0
0
0
0
2
0
0
0
0
0
2
0
0
0
0
0
2
0
0
0
0
0
2
0
0
0
0
0
2
0
0
0
0
0
2
0
0
0
0
0
2
0
0
0
0
0
2
0
0
0
0
0
2
0
0
0
0
0
2
0
0
0
0
0
2
0
0
0
0
0
2
0
0
0
0
0
2
0
0
0
0
0
2
0
0
0
0
0
2
0
0
0
0
0
2
0
0
0
0
0
2
0
0
0
0
0
2
0
0
0
0
0
2
0
0
0
0
0
2
0
0
0
0
0
2
0
0
0
0
0
2
0
0
0
0
0
2
0
0
0
0
0
2
0
0
0
0
0
2
0
0
0
0
0
2
0
0
0
0
0
2
0
0
0
0
0
2
0
0
0
0
0
2
0
0
0
0
0
2
0
0
0
0
0
2
0
0
0
0
0
2
0
0
0
0
0
2
0
0
0
0
0
2
0
0
0
0
0
2
0
0
0
0
0
2
0
0
0
0
0
2
0
0
0
0
0
2
0
0
0
0
0
2
0
0
0
0
0
2
0
0
0
0
0
2
0
0
0
0
0
2
0
0
0
0
0
2
0
0
0
0
0
2
0
0
0
0
0
2
0
0
0
0
0
2
0
0
0
0
0
2
0
0
0
0
0
2
0
0
0
0
0
2
0
0
0
0
0
2
0
0
0
0
0
2
0
0
0
0
0
2
0
0
0
0
0
2
0
0
0
0
0
2
0
0
0
0
0
2
0
0
0
0
0
2
0
0
0
0
0
2
0
0
0
0
0
2
0
0
0
0
0
2
0
0
0
0
0
2
0
0
0
0
0
2
0
0
0
0
0
2
0
0
0
0
0
2
0
0
0
0
0
2
0
0
0
0
0
2
0
0
0
0
0
2
0
0
0
0
0
2
0
0
0
0
0
2
0
0
0
0
0
2
0
0
0
0
0
2
0
0
0
0
0
2
0
0
0
0
0
2
0
0
0
0
0
2
0
0
0
0
0
2
0
0
0
0
0
2
0
0
0
0
0
2
0
0
0
0
0
2
0
0
0
0
0
2
0
0
0
0
0
2
0
0
0
0
0
2
0
0
0
0
0
2
0
0
0
0
0
2
0
0
0
0
0
2
0
0
0
0
0
2
0
0
0
0
0
2
0
0
0
0
0
2
0
0
0
0
0
2
0
0
0
0
0
2
0
0
0
0
0
2
0
0
0
0
0
2
0
0
0
0
0
2
0
0
0
0
0
2
0
0
0
0
0
2
0
0
0
0
0
2
0
0
0
0
0
2
0
0
0
0
0
2
0
0
0
0
0
2
0
0
0
0
0
2
0
0
0
0
0
2
0
0
0
0
0
2
0
0
