1
748.0000,457.0000,11.0000,37.0000
749.0000,457.0000,11.0000,37.0000
749.0000,457.0000,11.0000,37.0000
749.0000,457.0000,11.0000,37.0000
748.0000,458.0000,11.0000,37.0000
747.0000,458.0000,11.0000,37.0000
745.0000,458.0000,11.0000,37.0000
742.0000,458.0000,11.0000,37.0000
739.0000,459.0000,11.0000,37.0000
734.0000,459.0000,11.0000,37.0000
729.0000,460.0000,11.0000,37.0000
725.0000,460.0000,11.0000,37.0000
720.0000,461.0000,11.0000,37.0000
714.0000,461.0000,11.0000,37.0000
707.0000,463.0000,11.0000,37.0000
701.0000,463.0000,11.0000,37.0000
695.0000,463.0000,11.0000,37.0000
689.0000,462.0000,11.0000,37.0000
684.0000,464.0000,11.0000,37.0000
677.0000,465.0000,11.0000,37.0000
670.0000,463.0000,11.0000,37.0000
665.0000,464.0000,11.0000,37.0000
660.0000,464.0000,11.0000,37.0000
655.0000,465.0000,11.0000,37.0000
648.0000,465.0000,11.0000,37.0000
643.0000,466.0000,11.0000,37.0000
639.0000,466.0000,11.0000,37.0000
634.0000,466.0000,11.0000,37.0000
630.0000,467.0000,11.0000,37.0000
624.0000,467.0000,11.0000,37.0000
620.0000,467.0000,11.0000,37.0000
616.0000,467.0000,11.0000,37.0000
612.0000,467.0000,11.0000,37.0000
608.0000,467.0000,11.0000,37.0000
603.0000,468.0000,11.0000,37.0000
600.0000,468.0000,11.0000,37.0000
597.0000,469.0000,11.0000,37.0000
594.0000,470.0000,11.0000,37.0000
591.0000,470.0000,11.0000,37.0000
588.0000,471.0000,11.0000,37.0000
587.0000,472.0000,11.0000,37.0000
585.0000,472.0000,11.0000,37.0000
584.0000,473.0000,11.0000,37.0000
583.0000,473.0000,11.0000,37.0000
583.0000,474.0000,11.0000,37.0000
583.0000,474.0000,11.0000,37.0000
583.0000,474.0000,11.0000,37.0000
584.0000,474.0000,11.0000,37.0000
585.0000,474.0000,11.0000,37.0000
587.0000,474.0000,11.0000,37.0000
589.0000,475.0000,11.0000,37.0000
592.0000,475.0000,11.0000,37.0000
594.0000,476.0000,11.0000,37.0000
597.0000,476.0000,11.0000,37.0000
600.0000,477.0000,11.0000,37.0000
603.0000,477.0000,11.0000,37.0000
606.0000,477.0000,11.0000,37.0000
608.0000,477.0000,11.0000,37.0000
611.0000,477.0000,11.0000,37.0000
615.0000,478.0000,11.0000,37.0000
617.0000,478.0000,11.0000,37.0000
620.0000,478.0000,11.0000,37.0000
623.0000,478.0000,11.0000,37.0000
625.0000,479.0000,11.0000,37.0000
629.0000,479.0000,11.0000,37.0000
632.0000,480.0000,11.0000,37.0000
634.0000,480.0000,11.0000,37.0000
637.0000,481.0000,11.0000,37.0000
640.0000,481.0000,11.0000,37.0000
644.0000,482.0000,11.0000,37.0000
646.0000,482.0000,11.0000,37.0000
649.0000,483.0000,11.0000,37.0000
652.0000,483.0000,11.0000,37.0000
654.0000,484.0000,11.0000,37.0000
658.0000,485.0000,11.0000,37.0000
660.0000,485.0000,11.0000,37.0000
663.0000,486.0000,11.0000,37.0000
665.0000,486.0000,11.0000,37.0000
668.0000,487.0000,11.0000,37.0000
670.0000,487.0000,11.0000,37.0000
671.0000,488.0000,11.0000,37.0000
671.0000,488.0000,11.0000,37.0000
670.0000,489.0000,11.0000,37.0000
668.0000,489.0000,11.0000,37.0000
664.0000,490.0000,11.0000,37.0000
660.0000,490.0000,11.0000,37.0000
655.0000,491.0000,11.0000,37.0000
650.0000,491.0000,11.0000,37.0000
644.0000,492.0000,11.0000,37.0000
636.0000,492.0000,11.0000,37.0000
629.0000,493.0000,11.0000,37.0000
623.0000,493.0000,11.0000,37.0000
616.0000,494.0000,11.0000,37.0000
609.0000,494.0000,11.0000,37.0000
601.0000,496.0000,11.0000,37.0000
593.0000,496.0000,11.0000,37.0000
586.0000,497.0000,11.0000,37.0000
580.0000,500.0000,11.0000,37.0000
573.0000,501.0000,11.0000,37.0000
573.0000,515.0000,11.0000,37.0000
570.0000,532.0000,11.0000,37.0000
2
0
0
0
0
0
2
0
0
0
0
0
2
0
0
0
0
0
2
0
0
0
0
0
2
0
0
0
0
0
2
0
0
0
0
0
2
0
0
0
0
0
2
0
0
0
0
0
2
0
0
0
0
0
2
0
0
0
0
0
2
0
0
0
0
0
2
0
0
0
0
0
2
0
0
0
0
0
2
0
0
0
0
0
2
0
0
0
0
0
2
0
0
0
0
0
568.0000,501.0000,11.0000,37.0000
573.0000,496.0000,11.0000,37.0000
579.0000,494.0000,11.0000,37.0000
583.0000,493.0000,11.0000,37.0000
587.0000,491.0000,11.0000,37.0000
591.0000,490.0000,11.0000,37.0000
594.0000,489.0000,11.0000,37.0000
599.0000,488.0000,11.0000,37.0000
603.0000,488.0000,11.0000,37.0000
606.0000,489.0000,11.0000,37.0000
609.0000,489.0000,11.0000,37.0000
612.0000,488.0000,11.0000,37.0000
617.0000,489.0000,11.0000,37.0000
621.0000,489.0000,11.0000,37.0000
624.0000,488.0000,11.0000,37.0000
627.0000,487.0000,11.0000,37.0000
631.0000,486.0000,11.0000,37.0000
635.0000,485.0000,11.0000,37.0000
638.0000,484.0000,11.0000,37.0000
641.0000,482.0000,11.0000,37.0000
644.0000,481.0000,11.0000,37.0000
647.0000,480.0000,11.0000,37.0000
651.0000,479.0000,11.0000,37.0000
654.0000,478.0000,11.0000,37.0000
657.0000,477.0000,11.0000,37.0000
660.0000,477.0000,11.0000,37.0000
663.0000,476.0000,11.0000,37.0000
666.0000,475.0000,11.0000,37.0000
669.0000,474.0000,11.0000,37.0000
672.0000,473.0000,11.0000,37.0000
675.0000,472.0000,11.0000,37.0000
677.0000,471.0000,11.0000,37.0000
680.0000,469.0000,11.0000,37.0000
683.0000,467.0000,11.0000,37.0000
685.0000,466.0000,11.0000,37.0000
687.0000,465.0000,11.0000,37.0000
690.0000,463.0000,11.0000,37.0000
692.0000,461.0000,11.0000,37.0000
695.0000,460.0000,11.0000,37.0000
697.0000,460.0000,11.0000,37.0000
699.0000,459.0000,11.0000,37.0000
701.0000,458.0000,11.0000,37.0000
703.0000,458.0000,11.0000,37.0000
705.0000,457.0000,11.0000,37.0000
707.0000,456.0000,11.0000,37.0000
709.0000,456.0000,11.0000,37.0000
711.0000,456.0000,11.0000,37.0000
713.0000,456.0000,11.0000,37.0000
715.0000,456.0000,11.0000,37.0000
717.0000,456.0000,11.0000,37.0000
719.0000,456.0000,11.0000,37.0000
721.0000,456.0000,11.0000,37.0000
723.0000,457.0000,11.0000,37.0000
725.0000,457.0000,11.0000,37.0000
728.0000,458.0000,11.0000,37.0000
730.0000,459.0000,11.0000,37.0000
732.0000,459.0000,11.0000,37.0000
735.0000,459.0000,11.0000,37.0000
736.0000,459.0000,11.0000,37.0000
738.0000,459.0000,11.0000,37.0000
740.0000,459.0000,11.0000,37.0000
742.0000,460.0000,11.0000,37.0000
745.0000,460.0000,11.0000,37.0000
747.0000,460.0000,11.0000,37.0000
749.0000,460.0000,11.0000,37.0000
751.0000,460.0000,11.0000,37.0000
752.0000,460.0000,11.0000,37.0000
755.0000,461.0000,11.0000,37.0000
755.0000,460.0000,11.0000,37.0000
755.0000,460.0000,11.0000,37.0000
754.0000,460.0000,11.0000,37.0000
751.0000,460.0000,11.0000,37.0000
746.0000,460.0000,11.0000,37.0000
740.0000,460.0000,11.0000,37.0000
734.0000,460.0000,11.0000,37.0000
727.0000,460.0000,11.0000,37.0000
728.0000,459.0000,11.0000,37.0000
725.0000,460.0000,11.0000,37.0000
2
0
0
0
0
0
2
0
0
0
0
0
2
0
0
0
0
0
2
0
0
0
0
0
2
0
0
0
0
0
2
0
0
0
0
0
2
0
0
0
0
0
2
0
0
0
0
0
2
0
0
0
0
0
2
0
0
0
0
0
2
0
0
0
0
0
2
0
0
0
0
0
2
0
0
0
0
0
2
0
0
0
0
0
2
0
0
0
0
0
2
0
0
0
0
0
2
0
0
0
0
0
2
0
0
0
0
0
2
0
0
0
0
0
2
0
0
0
0
0
2
0
0
0
0
0
2
0
0
0
0
0
2
0
0
0
0
0
2
0
0
0
0
0
2
0
0
0
0
0
2
0
0
0
0
0
2
0
0
0
0
0
2
0
0
0
0
0
2
0
0
0
0
0
2
0
0
0
0
0
2
0
0
0
0
0
2
0
0
0
0
0
2
0
0
0
0
0
2
0
0
0
0
0
2
0
0
0
0
0
2
0
0
0
0
0
2
0
0
0
0
0
2
0
0
0
0
0
2
0
0
0
0
0
2
0
0
0
0
0
2
0
0
0
0
0
2
0
0
0
0
0
2
0
0
0
0
0
2
0
0
0
0
0
2
0
0
0
0
0
2
0
0
0
0
0
2
0
0
0
0
0
2
0
0
0
0
0
2
0
0
0
0
0
2
0
0
0
0
0
2
0
0
0
0
0
2
0
0
0
0
0
2
0
0
0
0
0
2
0
0
0
0
0
2
0
0
0
0
0
2
0
0
0
0
0
2
0
0
0
0
0
2
0
0
0
0
0
2
0
0
0
0
0
2
0
0
0
0
0
2
0
0
0
0
0
2
0
0
0
0
0
2
0
0
0
0
0
2
0
0
0
0
0
2
0
0
0
0
0
2
0
0
0
0
0
2
0
0
0
0
0
2
0
0
0
0
0
2
0
0
0
0
0
2
0
0
0
0
0
2
0
0
0
0
0
2
0
0
0
0
0
2
0
0
0
0
0
2
0
0
0
0
0
2
0
0
0
0
0
2
0
0
0
0
0
2
0
0
0
0
0
2
0
0
0
0
0
2
0
0
0
0
0
2
0
0
0
0
0
2
0
0
0
0
0
2
0
0
0
0
0
2
0
0
0
0
0
2
0
0
0
0
0
2
0
0
0
0
0
2
0
0
0
0
0
2
0
0
0
0
0
2
0
0
0
0
0
2
0
0
0
0
0
2
0
0
0
0
0
2
0
0
0
0
0
2
0
0
0
0
0
2
0
0
0
0
0
2
0
0
0
0
0
2
0
0
0
0
0
2
0
0
0
0
0
2
0
0
0
0
0
2
0
0
0
0
0
2
0
0
0
0
0
2
0
0
0
0
0
2
0
0
0
0
0
2
0
0
0
0
0
2
0
0
0
0
0
2
0
0
0
0
0
2
0
0
0
0
0
2
0
0
0
0
0
2
0
0
0
0
0
2
0
0
0
0
0
2
0
0
0
0
0
2
0
0
0
0
0
2
0
0
0
0
0
2
0
0
0
0
0
2
0
0
0
0
0
2
0
0
0
0
0
2
0
0
0
0
0
2
0
0
0
0
0
2
0
0
0
0
0
2
0
0
0
0
0
2
0
0
0
0
0
2
0
0
0
0
0
2
0
0
0
0
0
2
0
0
0
0
0
2
0
0
0
0
0
2
0
0
0
0
0
2
0
0
0
0
0
2
0
0
0
0
0
2
0
0
0
0
0
2
0
0
0
0
0
2
0
0
0
0
0
2
0
0
0
0
0
2
0
0
0
0
0
2
0
0
0
0
0
2
0
0
0
0
0
2
0
0
0
0
0
2
0
0
0
0
0
2
0
0
0
0
0
2
0
0
0
0
0
2
0
0
0
0
0
2
0
0
0
0
0
2
0
0
0
0
0
2
0
0
0
0
0
2
0
0
0
0
0
2
0
0
0
0
0
2
0
0
0
0
0
2
0
0
0
0
0
2
0
0
0
0
0
2
0
0
0
0
0
2
0
0
0
0
0
2
