1
622.5000,176.5000,49.0000,101.0000
622.5000,176.5000,49.0000,101.0000
618.5000,180.5000,49.0000,101.0000
618.5000,180.5000,49.0000,101.0000
618.5000,180.5000,49.0000,101.0000
614.5000,180.5000,49.0000,101.0000
614.5000,184.5000,49.0000,101.0000
610.5000,184.5000,49.0000,101.0000
610.5000,184.5000,49.0000,101.0000
606.5000,184.5000,49.0000,101.0000
602.5000,184.5000,49.0000,101.0000
598.5000,184.5000,49.0000,101.0000
598.5000,184.5000,49.0000,101.0000
594.5000,184.5000,49.0000,101.0000
594.5000,184.5000,49.0000,101.0000
590.5000,188.5000,49.0000,101.0000
590.5000,188.5000,49.0000,101.0000
586.5000,188.5000,49.0000,101.0000
586.5000,188.5000,49.0000,101.0000
582.5000,192.5000,49.0000,101.0000
582.5000,192.5000,49.0000,101.0000
578.5000,192.5000,49.0000,101.0000
578.5000,196.5000,49.0000,101.0000
574.5000,196.5000,49.0000,101.0000
574.5000,196.5000,49.0000,101.0000
570.5000,200.5000,49.0000,101.0000
570.5000,200.5000,49.0000,101.0000
566.5000,200.5000,49.0000,101.0000
566.5000,200.5000,49.0000,101.0000
562.5000,200.5000,49.0000,101.0000
562.5000,200.5000,49.0000,101.0000
558.5000,200.5000,49.0000,101.0000
558.5000,200.5000,49.0000,101.0000
554.5000,200.5000,49.0000,101.0000
554.5000,200.5000,49.0000,101.0000
550.5000,200.5000,49.0000,101.0000
550.5000,200.5000,49.0000,101.0000
550.5000,200.5000,49.0000,101.0000
546.5000,204.5000,49.0000,101.0000
546.5000,204.5000,49.0000,101.0000
542.5000,204.5000,49.0000,101.0000
542.5000,204.5000,49.0000,101.0000
542.5000,208.5000,49.0000,101.0000
542.5000,208.5000,49.0000,101.0000
542.5000,208.5000,49.0000,101.0000
542.5000,208.5000,49.0000,101.0000
542.5000,208.5000,49.0000,101.0000
546.5000,208.5000,49.0000,101.0000
550.5000,208.5000,49.0000,101.0000
554.5000,208.5000,49.0000,101.0000
558.5000,208.5000,49.0000,101.0000
566.5000,208.5000,49.0000,101.0000
570.5000,208.5000,49.0000,101.0000
578.5000,208.5000,49.0000,101.0000
586.5000,208.5000,49.0000,101.0000
594.5000,208.5000,49.0000,101.0000
602.5000,208.5000,49.0000,101.0000
610.5000,208.5000,49.0000,101.0000
618.5000,208.5000,49.0000,101.0000
626.5000,212.5000,49.0000,101.0000
634.5000,212.5000,49.0000,101.0000
646.5000,212.5000,49.0000,101.0000
654.5000,212.5000,49.0000,101.0000
666.5000,216.5000,49.0000,101.0000
674.5000,216.5000,49.0000,101.0000
682.5000,216.5000,49.0000,101.0000
690.5000,216.5000,49.0000,101.0000
694.5000,216.5000,49.0000,101.0000
698.5000,216.5000,49.0000,101.0000
702.5000,216.5000,49.0000,101.0000
706.5000,216.5000,49.0000,101.0000
710.5000,216.5000,49.0000,101.0000
710.5000,216.5000,49.0000,101.0000
714.5000,220.5000,49.0000,101.0000
714.5000,220.5000,49.0000,101.0000
714.5000,220.5000,49.0000,101.0000
714.5000,220.5000,49.0000,101.0000
714.5000,224.5000,49.0000,101.0000
710.5000,224.5000,49.0000,101.0000
710.5000,224.5000,49.0000,101.0000
706.5000,228.5000,49.0000,101.0000
706.5000,228.5000,49.0000,101.0000
702.5000,228.5000,49.0000,101.0000
698.5000,228.5000,49.0000,101.0000
698.5000,228.5000,49.0000,101.0000
694.5000,228.5000,49.0000,101.0000
690.5000,228.5000,49.0000,101.0000
690.5000,232.5000,49.0000,101.0000
686.5000,232.5000,49.0000,101.0000
686.5000,232.5000,49.0000,101.0000
682.5000,232.5000,49.0000,101.0000
682.5000,232.5000,49.0000,101.0000
678.5000,236.5000,49.0000,101.0000
678.5000,236.5000,49.0000,101.0000
674.5000,236.5000,49.0000,101.0000
674.5000,240.5000,49.0000,101.0000
670.5000,240.5000,49.0000,101.0000
670.5000,240.5000,49.0000,101.0000
666.5000,244.5000,49.0000,101.0000
666.5000,244.5000,49.0000,101.0000
666.5000,244.5000,49.0000,101.0000
662.5000,244.5000,49.0000,101.0000
662.5000,244.5000,49.0000,101.0000
658.5000,244.5000,49.0000,101.0000
658.5000,244.5000,49.0000,101.0000
654.5000,244.5000,49.0000,101.0000
654.5000,244.5000,49.0000,101.0000
654.5000,244.5000,49.0000,101.0000
650.5000,244.5000,49.0000,101.0000
650.5000,244.5000,49.0000,101.0000
650.5000,244.5000,49.0000,101.0000
650.5000,244.5000,49.0000,101.0000
646.5000,244.5000,49.0000,101.0000
646.5000,244.5000,49.0000,101.0000
642.5000,248.5000,49.0000,101.0000
642.5000,248.5000,49.0000,101.0000
638.5000,248.5000,49.0000,101.0000
638.5000,248.5000,49.0000,101.0000
634.5000,248.5000,49.0000,101.0000
634.5000,248.5000,49.0000,101.0000
630.5000,248.5000,49.0000,101.0000
630.5000,248.5000,49.0000,101.0000
626.5000,248.5000,49.0000,101.0000
626.5000,248.5000,49.0000,101.0000
622.5000,248.5000,49.0000,101.0000
618.5000,248.5000,49.0000,101.0000
618.5000,248.5000,49.0000,101.0000
614.5000,248.5000,49.0000,101.0000
614.5000,248.5000,49.0000,101.0000
610.5000,248.5000,49.0000,101.0000
610.5000,248.5000,49.0000,101.0000
606.5000,252.5000,49.0000,101.0000
606.5000,252.5000,49.0000,101.0000
602.5000,252.5000,49.0000,101.0000
602.5000,252.5000,49.0000,101.0000
598.5000,252.5000,49.0000,101.0000
598.5000,252.5000,49.0000,101.0000
594.5000,252.5000,49.0000,101.0000
594.5000,252.5000,49.0000,101.0000
590.5000,252.5000,49.0000,101.0000
590.5000,252.5000,49.0000,101.0000
586.5000,252.5000,49.0000,101.0000
582.5000,248.5000,49.0000,101.0000
582.5000,248.5000,49.0000,101.0000
578.5000,248.5000,49.0000,101.0000
578.5000,248.5000,49.0000,101.0000
574.5000,248.5000,49.0000,101.0000
574.5000,248.5000,49.0000,101.0000
570.5000,248.5000,49.0000,101.0000
570.5000,248.5000,49.0000,101.0000
566.5000,248.5000,49.0000,101.0000
566.5000,248.5000,49.0000,101.0000
562.5000,248.5000,49.0000,101.0000
562.5000,248.5000,49.0000,101.0000
558.5000,248.5000,49.0000,101.0000
554.5000,248.5000,49.0000,101.0000
554.5000,248.5000,49.0000,101.0000
550.5000,248.5000,49.0000,101.0000
550.5000,248.5000,49.0000,101.0000
546.5000,248.5000,49.0000,101.0000
542.5000,248.5000,49.0000,101.0000
542.5000,248.5000,49.0000,101.0000
542.5000,248.5000,49.0000,101.0000
538.5000,248.5000,49.0000,101.0000
538.5000,248.5000,49.0000,101.0000
534.5000,248.5000,49.0000,101.0000
534.5000,248.5000,49.0000,101.0000
534.5000,248.5000,49.0000,101.0000
530.5000,248.5000,49.0000,101.0000
530.5000,248.5000,49.0000,101.0000
530.5000,248.5000,49.0000,101.0000
526.5000,248.5000,49.0000,101.0000
526.5000,248.5000,49.0000,101.0000
522.5000,248.5000,49.0000,101.0000
522.5000,248.5000,49.0000,101.0000
522.5000,248.5000,49.0000,101.0000
522.5000,248.5000,49.0000,101.0000
522.5000,248.5000,49.0000,101.0000
522.5000,248.5000,49.0000,101.0000
526.5000,244.5000,49.0000,101.0000
526.5000,244.5000,49.0000,101.0000
526.5000,244.5000,49.0000,101.0000
530.5000,244.5000,49.0000,101.0000
534.5000,244.5000,49.0000,101.0000
534.5000,244.5000,49.0000,101.0000
538.5000,244.5000,49.0000,101.0000
542.5000,244.5000,49.0000,101.0000
546.5000,248.5000,49.0000,101.0000
550.5000,244.5000,49.0000,101.0000
554.5000,244.5000,49.0000,101.0000
558.5000,244.5000,49.0000,101.0000
562.5000,244.5000,49.0000,101.0000
566.5000,244.5000,49.0000,101.0000
574.5000,244.5000,49.0000,101.0000
578.5000,240.5000,49.0000,101.0000
582.5000,240.5000,49.0000,101.0000
586.5000,240.5000,49.0000,101.0000
594.5000,240.5000,49.0000,101.0000
598.5000,240.5000,49.0000,101.0000
602.5000,240.5000,49.0000,101.0000
606.5000,240.5000,49.0000,101.0000
606.5000,244.5000,49.0000,101.0000
610.5000,244.5000,49.0000,101.0000
610.5000,244.5000,49.0000,101.0000
614.5000,244.5000,49.0000,101.0000
614.5000,244.5000,49.0000,101.0000
614.5000,244.5000,49.0000,101.0000
614.5000,244.5000,49.0000,101.0000
614.5000,244.5000,49.0000,101.0000
614.5000,244.5000,49.0000,101.0000
614.5000,240.5000,49.0000,101.0000
614.5000,240.5000,49.0000,101.0000
614.5000,240.5000,49.0000,101.0000
614.5000,240.5000,49.0000,101.0000
614.5000,240.5000,49.0000,101.0000
614.5000,240.5000,49.0000,101.0000
614.5000,240.5000,49.0000,101.0000
614.5000,240.5000,49.0000,101.0000
614.5000,240.5000,49.0000,101.0000
614.5000,240.5000,49.0000,101.0000
614.5000,240.5000,49.0000,101.0000
610.5000,240.5000,49.0000,101.0000
610.5000,240.5000,49.0000,101.0000
606.5000,240.5000,49.0000,101.0000
606.5000,240.5000,49.0000,101.0000
606.5000,240.5000,49.0000,101.0000
602.5000,240.5000,49.0000,101.0000
602.5000,240.5000,49.0000,101.0000
598.5000,240.5000,49.0000,101.0000
598.5000,240.5000,49.0000,101.0000
598.5000,240.5000,49.0000,101.0000
594.5000,240.5000,49.0000,101.0000
594.5000,240.5000,49.0000,101.0000
594.5000,244.5000,49.0000,101.0000
590.5000,244.5000,49.0000,101.0000
590.5000,244.5000,49.0000,101.0000
590.5000,244.5000,49.0000,101.0000
586.5000,244.5000,49.0000,101.0000
586.5000,244.5000,49.0000,101.0000
586.5000,248.5000,49.0000,101.0000
582.5000,248.5000,49.0000,101.0000
582.5000,248.5000,49.0000,101.0000
582.5000,248.5000,49.0000,101.0000
582.5000,248.5000,49.0000,101.0000
578.5000,248.5000,49.0000,101.0000
578.5000,248.5000,49.0000,101.0000
578.5000,248.5000,49.0000,101.0000
578.5000,248.5000,49.0000,101.0000
574.5000,248.5000,49.0000,101.0000
574.5000,248.5000,49.0000,101.0000
574.5000,248.5000,49.0000,101.0000
574.5000,248.5000,49.0000,101.0000
574.5000,252.5000,49.0000,101.0000
574.5000,252.5000,49.0000,101.0000
574.5000,252.5000,49.0000,101.0000
574.5000,252.5000,49.0000,101.0000
574.5000,256.5000,49.0000,101.0000
570.5000,256.5000,49.0000,101.0000
570.5000,256.5000,49.0000,101.0000
570.5000,260.5000,49.0000,101.0000
570.5000,260.5000,49.0000,101.0000
566.5000,260.5000,49.0000,101.0000
566.5000,260.5000,49.0000,101.0000
566.5000,260.5000,49.0000,101.0000
562.5000,260.5000,49.0000,101.0000
562.5000,260.5000,49.0000,101.0000
562.5000,260.5000,49.0000,101.0000
562.5000,260.5000,49.0000,101.0000
562.5000,264.5000,49.0000,101.0000
558.5000,264.5000,49.0000,101.0000
558.5000,264.5000,49.0000,101.0000
558.5000,264.5000,49.0000,101.0000
558.5000,268.5000,49.0000,101.0000
554.5000,268.5000,49.0000,101.0000
554.5000,268.5000,49.0000,101.0000
554.5000,268.5000,49.0000,101.0000
554.5000,272.5000,49.0000,101.0000
554.5000,272.5000,49.0000,101.0000
550.5000,272.5000,49.0000,101.0000
550.5000,272.5000,49.0000,101.0000
550.5000,272.5000,49.0000,101.0000
550.5000,272.5000,49.0000,101.0000
550.5000,272.5000,49.0000,101.0000
546.5000,272.5000,49.0000,101.0000
546.5000,272.5000,49.0000,101.0000
546.5000,272.5000,49.0000,101.0000
542.5000,272.5000,49.0000,101.0000
542.5000,272.5000,49.0000,101.0000
542.5000,272.5000,49.0000,101.0000
542.5000,276.5000,49.0000,101.0000
542.5000,276.5000,49.0000,101.0000
542.5000,276.5000,49.0000,101.0000
538.5000,276.5000,49.0000,101.0000
538.5000,276.5000,49.0000,101.0000
538.5000,280.5000,49.0000,101.0000
538.5000,280.5000,49.0000,101.0000
534.5000,280.5000,49.0000,101.0000
534.5000,280.5000,49.0000,101.0000
534.5000,280.5000,49.0000,101.0000
530.5000,284.5000,49.0000,101.0000
530.5000,284.5000,49.0000,101.0000
526.5000,284.5000,49.0000,101.0000
526.5000,284.5000,49.0000,101.0000
526.5000,284.5000,49.0000,101.0000
522.5000,284.5000,49.0000,101.0000
522.5000,284.5000,49.0000,101.0000
522.5000,288.5000,49.0000,101.0000
518.5000,288.5000,49.0000,101.0000
518.5000,288.5000,49.0000,101.0000
518.5000,288.5000,49.0000,101.0000
514.5000,292.5000,49.0000,101.0000
514.5000,292.5000,49.0000,101.0000
514.5000,292.5000,49.0000,101.0000
514.5000,292.5000,49.0000,101.0000
510.5000,292.5000,49.0000,101.0000
510.5000,296.5000,49.0000,101.0000
510.5000,296.5000,49.0000,101.0000
514.5000,296.5000,49.0000,101.0000
514.5000,296.5000,49.0000,101.0000
518.5000,296.5000,49.0000,101.0000
522.5000,292.5000,49.0000,101.0000
526.5000,292.5000,49.0000,101.0000
534.5000,292.5000,49.0000,101.0000
542.5000,292.5000,49.0000,101.0000
550.5000,292.5000,49.0000,101.0000
558.5000,292.5000,49.0000,101.0000
566.5000,292.5000,49.0000,101.0000
578.5000,292.5000,49.0000,101.0000
590.5000,292.5000,49.0000,101.0000
602.5000,292.5000,49.0000,101.0000
614.5000,292.5000,49.0000,101.0000
626.5000,296.5000,49.0000,101.0000
638.5000,296.5000,49.0000,101.0000
650.5000,296.5000,49.0000,101.0000
662.5000,296.5000,49.0000,101.0000
670.5000,300.5000,49.0000,101.0000
682.5000,300.5000,49.0000,101.0000
690.5000,300.5000,49.0000,101.0000
694.5000,300.5000,49.0000,101.0000
702.5000,304.5000,49.0000,101.0000
706.5000,304.5000,49.0000,101.0000
706.5000,304.5000,49.0000,101.0000
710.5000,304.5000,49.0000,101.0000
710.5000,308.5000,49.0000,101.0000
710.5000,308.5000,49.0000,101.0000
710.5000,308.5000,49.0000,101.0000
710.5000,312.5000,49.0000,101.0000
706.5000,312.5000,49.0000,101.0000
706.5000,312.5000,49.0000,101.0000
706.5000,312.5000,49.0000,101.0000
702.5000,316.5000,49.0000,101.0000
702.5000,316.5000,49.0000,101.0000
698.5000,316.5000,49.0000,101.0000
698.5000,316.5000,49.0000,101.0000
698.5000,316.5000,49.0000,101.0000
694.5000,316.5000,49.0000,101.0000
694.5000,316.5000,49.0000,101.0000
694.5000,316.5000,49.0000,101.0000
690.5000,316.5000,49.0000,101.0000
690.5000,316.5000,49.0000,101.0000
690.5000,316.5000,49.0000,101.0000
690.5000,316.5000,49.0000,101.0000
686.5000,316.5000,49.0000,101.0000
686.5000,316.5000,49.0000,101.0000
686.5000,320.5000,49.0000,101.0000
682.5000,320.5000,49.0000,101.0000
682.5000,320.5000,49.0000,101.0000
682.5000,320.5000,49.0000,101.0000
678.5000,324.5000,49.0000,101.0000
678.5000,324.5000,49.0000,101.0000
678.5000,324.5000,49.0000,101.0000
674.5000,324.5000,49.0000,101.0000
674.5000,324.5000,49.0000,101.0000
670.5000,324.5000,49.0000,101.0000
670.5000,324.5000,49.0000,101.0000
670.5000,324.5000,49.0000,101.0000
666.5000,324.5000,49.0000,101.0000
666.5000,324.5000,49.0000,101.0000
666.5000,324.5000,49.0000,101.0000
662.5000,324.5000,49.0000,101.0000
662.5000,324.5000,49.0000,101.0000
662.5000,328.5000,49.0000,101.0000
662.5000,328.5000,49.0000,101.0000
662.5000,328.5000,49.0000,101.0000
658.5000,328.5000,49.0000,101.0000
658.5000,328.5000,49.0000,101.0000
658.5000,328.5000,49.0000,101.0000
658.5000,328.5000,49.0000,101.0000
654.5000,328.5000,49.0000,101.0000
654.5000,328.5000,49.0000,101.0000
654.5000,328.5000,49.0000,101.0000
650.5000,328.5000,49.0000,101.0000
650.5000,328.5000,49.0000,101.0000
650.5000,324.5000,49.0000,101.0000
650.5000,324.5000,49.0000,101.0000
646.5000,324.5000,49.0000,101.0000
646.5000,324.5000,49.0000,101.0000
646.5000,324.5000,49.0000,101.0000
646.5000,324.5000,49.0000,101.0000
642.5000,324.5000,49.0000,101.0000
642.5000,324.5000,49.0000,101.0000
642.5000,324.5000,49.0000,101.0000
638.5000,324.5000,49.0000,101.0000
638.5000,324.5000,49.0000,101.0000
638.5000,324.5000,49.0000,101.0000
634.5000,324.5000,49.0000,101.0000
634.5000,324.5000,49.0000,101.0000
634.5000,324.5000,49.0000,101.0000
630.5000,324.5000,49.0000,101.0000
630.5000,324.5000,49.0000,101.0000
626.5000,324.5000,49.0000,101.0000
626.5000,320.5000,49.0000,101.0000
626.5000,320.5000,49.0000,101.0000
622.5000,320.5000,49.0000,101.0000
622.5000,320.5000,49.0000,101.0000
622.5000,320.5000,49.0000,101.0000
618.5000,320.5000,49.0000,101.0000
618.5000,320.5000,49.0000,101.0000
618.5000,320.5000,49.0000,101.0000
614.5000,320.5000,49.0000,101.0000
614.5000,320.5000,49.0000,101.0000
614.5000,320.5000,49.0000,101.0000
614.5000,320.5000,49.0000,101.0000
610.5000,320.5000,49.0000,101.0000
610.5000,320.5000,49.0000,101.0000
610.5000,320.5000,49.0000,101.0000
610.5000,320.5000,49.0000,101.0000
606.5000,320.5000,49.0000,101.0000
606.5000,316.5000,49.0000,101.0000
606.5000,316.5000,49.0000,101.0000
606.5000,316.5000,49.0000,101.0000
606.5000,316.5000,49.0000,101.0000
602.5000,316.5000,49.0000,101.0000
602.5000,316.5000,49.0000,101.0000
602.5000,316.5000,49.0000,101.0000
602.5000,316.5000,49.0000,101.0000
602.5000,316.5000,49.0000,101.0000
598.5000,316.5000,49.0000,101.0000
598.5000,316.5000,49.0000,101.0000
598.5000,316.5000,49.0000,101.0000
594.5000,316.5000,49.0000,101.0000
594.5000,316.5000,49.0000,101.0000
594.5000,316.5000,49.0000,101.0000
594.5000,316.5000,49.0000,101.0000
590.5000,316.5000,49.0000,101.0000
590.5000,316.5000,49.0000,101.0000
590.5000,316.5000,49.0000,101.0000
586.5000,316.5000,49.0000,101.0000
586.5000,316.5000,49.0000,101.0000
586.5000,316.5000,49.0000,101.0000
582.5000,316.5000,49.0000,101.0000
582.5000,316.5000,49.0000,101.0000
582.5000,316.5000,49.0000,101.0000
582.5000,316.5000,49.0000,101.0000
582.5000,316.5000,49.0000,101.0000
578.5000,316.5000,49.0000,101.0000
578.5000,316.5000,49.0000,101.0000
578.5000,316.5000,49.0000,101.0000
578.5000,316.5000,49.0000,101.0000
578.5000,316.5000,49.0000,101.0000
574.5000,316.5000,49.0000,101.0000
574.5000,316.5000,49.0000,101.0000
574.5000,316.5000,49.0000,101.0000
574.5000,316.5000,49.0000,101.0000
570.5000,316.5000,49.0000,101.0000
570.5000,316.5000,49.0000,101.0000
570.5000,316.5000,49.0000,101.0000
570.5000,316.5000,49.0000,101.0000
570.5000,316.5000,49.0000,101.0000
566.5000,316.5000,49.0000,101.0000
566.5000,316.5000,49.0000,101.0000
566.5000,320.5000,49.0000,101.0000
566.5000,320.5000,49.0000,101.0000
566.5000,320.5000,49.0000,101.0000
562.5000,320.5000,49.0000,101.0000
562.5000,320.5000,49.0000,101.0000
562.5000,320.5000,49.0000,101.0000
562.5000,320.5000,49.0000,101.0000
558.5000,320.5000,49.0000,101.0000
558.5000,320.5000,49.0000,101.0000
558.5000,320.5000,49.0000,101.0000
554.5000,320.5000,49.0000,101.0000
554.5000,320.5000,49.0000,101.0000
554.5000,320.5000,49.0000,101.0000
550.5000,324.5000,49.0000,101.0000
550.5000,324.5000,49.0000,101.0000
550.5000,324.5000,49.0000,101.0000
554.5000,324.5000,49.0000,101.0000
554.5000,324.5000,49.0000,101.0000
554.5000,324.5000,49.0000,101.0000
558.5000,324.5000,49.0000,101.0000
562.5000,324.5000,49.0000,101.0000
566.5000,324.5000,49.0000,101.0000
570.5000,324.5000,49.0000,101.0000
574.5000,328.5000,49.0000,101.0000
578.5000,328.5000,49.0000,101.0000
586.5000,328.5000,49.0000,101.0000
590.5000,328.5000,49.0000,101.0000
598.5000,328.5000,49.0000,101.0000
602.5000,324.5000,49.0000,101.0000
610.5000,324.5000,49.0000,101.0000
618.5000,324.5000,49.0000,101.0000
626.5000,328.5000,49.0000,101.0000
634.5000,328.5000,49.0000,101.0000
642.5000,328.5000,49.0000,101.0000
650.5000,328.5000,49.0000,101.0000
658.5000,328.5000,49.0000,101.0000
666.5000,332.5000,49.0000,101.0000
674.5000,332.5000,49.0000,101.0000
678.5000,332.5000,49.0000,101.0000
682.5000,332.5000,49.0000,101.0000
686.5000,336.5000,49.0000,101.0000
690.5000,336.5000,49.0000,101.0000
690.5000,336.5000,49.0000,101.0000
694.5000,336.5000,49.0000,101.0000
694.5000,336.5000,49.0000,101.0000
694.5000,336.5000,49.0000,101.0000
694.5000,336.5000,49.0000,101.0000
694.5000,336.5000,49.0000,101.0000
694.5000,336.5000,49.0000,101.0000
690.5000,336.5000,49.0000,101.0000
690.5000,336.5000,49.0000,101.0000
690.5000,336.5000,49.0000,101.0000
686.5000,336.5000,49.0000,101.0000
686.5000,336.5000,49.0000,101.0000
686.5000,336.5000,49.0000,101.0000
682.5000,336.5000,49.0000,101.0000
682.5000,336.5000,49.0000,101.0000
682.5000,336.5000,49.0000,101.0000
678.5000,336.5000,49.0000,101.0000
678.5000,336.5000,49.0000,101.0000
678.5000,336.5000,49.0000,101.0000
674.5000,336.5000,49.0000,101.0000
674.5000,336.5000,49.0000,101.0000
674.5000,336.5000,49.0000,101.0000
674.5000,336.5000,49.0000,101.0000
670.5000,336.5000,49.0000,101.0000
670.5000,336.5000,49.0000,101.0000
670.5000,336.5000,49.0000,101.0000
666.5000,336.5000,49.0000,101.0000
666.5000,336.5000,49.0000,101.0000
666.5000,336.5000,49.0000,101.0000
666.5000,336.5000,49.0000,101.0000
662.5000,336.5000,49.0000,101.0000
662.5000,336.5000,49.0000,101.0000
662.5000,336.5000,49.0000,101.0000
662.5000,336.5000,49.0000,101.0000
658.5000,336.5000,49.0000,101.0000
658.5000,336.5000,49.0000,101.0000
658.5000,336.5000,49.0000,101.0000
658.5000,336.5000,49.0000,101.0000
654.5000,336.5000,49.0000,101.0000
654.5000,336.5000,49.0000,101.0000
650.5000,336.5000,49.0000,101.0000
650.5000,336.5000,49.0000,101.0000
650.5000,336.5000,49.0000,101.0000
650.5000,336.5000,49.0000,101.0000
646.5000,336.5000,49.0000,101.0000
646.5000,336.5000,49.0000,101.0000
646.5000,336.5000,49.0000,101.0000
642.5000,336.5000,49.0000,101.0000
642.5000,336.5000,49.0000,101.0000
642.5000,336.5000,49.0000,101.0000
638.5000,336.5000,49.0000,101.0000
638.5000,336.5000,49.0000,101.0000
638.5000,336.5000,49.0000,101.0000
638.5000,336.5000,49.0000,101.0000
634.5000,336.5000,49.0000,101.0000
634.5000,336.5000,49.0000,101.0000
634.5000,336.5000,49.0000,101.0000
634.5000,336.5000,49.0000,101.0000
630.5000,336.5000,49.0000,101.0000
630.5000,336.5000,49.0000,101.0000
630.5000,336.5000,49.0000,101.0000
630.5000,336.5000,49.0000,101.0000
626.5000,336.5000,49.0000,101.0000
626.5000,336.5000,49.0000,101.0000
626.5000,336.5000,49.0000,101.0000
622.5000,336.5000,49.0000,101.0000
622.5000,336.5000,49.0000,101.0000
622.5000,336.5000,49.0000,101.0000
618.5000,336.5000,49.0000,101.0000
618.5000,336.5000,49.0000,101.0000
618.5000,336.5000,49.0000,101.0000
618.5000,336.5000,49.0000,101.0000
614.5000,336.5000,49.0000,101.0000
614.5000,336.5000,49.0000,101.0000
614.5000,336.5000,49.0000,101.0000
610.5000,336.5000,49.0000,101.0000
610.5000,336.5000,49.0000,101.0000
610.5000,336.5000,49.0000,101.0000
610.5000,336.5000,49.0000,101.0000
606.5000,336.5000,49.0000,101.0000
606.5000,336.5000,49.0000,101.0000
602.5000,336.5000,49.0000,101.0000
602.5000,336.5000,49.0000,101.0000
602.5000,336.5000,49.0000,101.0000
602.5000,336.5000,49.0000,101.0000
598.5000,336.5000,49.0000,101.0000
598.5000,336.5000,49.0000,101.0000
598.5000,336.5000,49.0000,101.0000
598.5000,336.5000,49.0000,101.0000
594.5000,336.5000,49.0000,101.0000
594.5000,336.5000,49.0000,101.0000
594.5000,336.5000,49.0000,101.0000
594.5000,336.5000,49.0000,101.0000
590.5000,336.5000,49.0000,101.0000
590.5000,336.5000,49.0000,101.0000
590.5000,336.5000,49.0000,101.0000
590.5000,336.5000,49.0000,101.0000
590.5000,336.5000,49.0000,101.0000
586.5000,336.5000,49.0000,101.0000
586.5000,336.5000,49.0000,101.0000
586.5000,336.5000,49.0000,101.0000
586.5000,336.5000,49.0000,101.0000
582.5000,336.5000,49.0000,101.0000
582.5000,336.5000,49.0000,101.0000
582.5000,336.5000,49.0000,101.0000
582.5000,336.5000,49.0000,101.0000
582.5000,336.5000,49.0000,101.0000
582.5000,336.5000,49.0000,101.0000
578.5000,336.5000,49.0000,101.0000
578.5000,340.5000,49.0000,101.0000
578.5000,340.5000,49.0000,101.0000
578.5000,340.5000,49.0000,101.0000
574.5000,340.5000,49.0000,101.0000
574.5000,340.5000,49.0000,101.0000
574.5000,340.5000,49.0000,101.0000
574.5000,340.5000,49.0000,101.0000
570.5000,340.5000,49.0000,101.0000
570.5000,340.5000,49.0000,101.0000
570.5000,340.5000,49.0000,101.0000
570.5000,340.5000,49.0000,101.0000
566.5000,344.5000,49.0000,101.0000
566.5000,344.5000,49.0000,101.0000
566.5000,344.5000,49.0000,101.0000
566.5000,344.5000,49.0000,101.0000
566.5000,344.5000,49.0000,101.0000
562.5000,344.5000,49.0000,101.0000
562.5000,344.5000,49.0000,101.0000
562.5000,348.5000,49.0000,101.0000
562.5000,348.5000,49.0000,101.0000
