1
647.7778,380.0000,18.8889,80.0000
647.7778,385.5555,18.8889,80.0000
647.7778,383.3333,18.8889,80.0000
647.7778,381.1111,18.8889,80.0000
647.7778,378.8889,18.8889,80.0000
647.7778,384.4445,18.8889,80.0000
647.7778,382.2222,18.8889,80.0000
647.7778,380.0000,18.8889,80.0000
647.7778,377.7778,18.8889,80.0000
647.7778,383.3333,18.8889,80.0000
647.7778,381.1111,18.8889,80.0000
647.7778,378.8889,18.8889,80.0000
647.7778,376.6667,18.8889,80.0000
647.7778,382.2222,18.8889,80.0000
647.7778,380.0000,18.8889,80.0000
647.7778,377.7778,18.8889,80.0000
647.7778,375.5555,18.8889,80.0000
647.7778,381.1111,18.8889,80.0000
647.7778,378.8889,18.8889,80.0000
647.7778,376.6667,18.8889,80.0000
647.7778,382.2222,18.8889,80.0000
647.7778,380.0000,18.8889,80.0000
647.7778,377.7778,18.8889,80.0000
647.7778,375.5555,18.8889,80.0000
647.7778,381.1111,18.8889,80.0000
647.7778,378.8889,18.8889,80.0000
647.7778,376.6667,18.8889,80.0000
645.5555,382.2222,18.8889,80.0000
645.5555,380.0000,18.8889,80.0000
645.5555,377.7778,18.8889,80.0000
645.5555,375.5555,18.8889,80.0000
645.5555,381.1111,18.8889,80.0000
645.5555,378.8889,18.8889,80.0000
643.3333,376.6667,18.8889,80.0000
643.3333,382.2222,18.8889,80.0000
643.3333,380.0000,18.8889,80.0000
643.3333,377.7778,18.8889,80.0000
643.3333,375.5555,18.8889,80.0000
641.1111,381.1111,18.8889,80.0000
641.1111,378.8889,18.8889,80.0000
638.8889,376.6667,18.8889,80.0000
638.8889,382.2222,18.8889,80.0000
638.8889,380.0000,18.8889,80.0000
638.8889,377.7778,18.8889,80.0000
636.6667,375.5555,18.8889,80.0000
636.6667,381.1111,18.8889,80.0000
636.6667,378.8889,18.8889,80.0000
636.6667,376.6667,18.8889,80.0000
636.6667,382.2222,18.8889,80.0000
636.6667,380.0000,18.8889,80.0000
636.6667,377.7778,18.8889,80.0000
636.6667,383.3333,18.8889,80.0000
636.6667,381.1111,18.8889,80.0000
636.6667,378.8889,18.8889,80.0000
638.8889,376.6667,18.8889,80.0000
638.8889,382.2222,18.8889,80.0000
638.8889,380.0000,18.8889,80.0000
641.1111,377.7778,18.8889,80.0000
641.1111,383.3333,18.8889,80.0000
641.1111,381.1111,18.8889,80.0000
641.1111,378.8889,18.8889,80.0000
641.1111,376.6667,18.8889,80.0000
643.3333,382.2222,18.8889,80.0000
643.3333,380.0000,18.8889,80.0000
643.3333,385.5555,18.8889,80.0000
643.3333,383.3333,18.8889,80.0000
645.5555,381.1111,18.8889,80.0000
645.5555,378.8889,18.8889,80.0000
645.5555,384.4445,18.8889,80.0000
647.7778,382.2222,18.8889,80.0000
647.7778,380.0000,18.8889,80.0000
647.7778,377.7778,18.8889,80.0000
647.7778,383.3333,18.8889,80.0000
650.0000,381.1111,18.8889,80.0000
650.0000,378.8889,18.8889,80.0000
650.0000,376.6667,18.8889,80.0000
650.0000,382.2222,18.8889,80.0000
652.2222,380.0000,18.8889,80.0000
652.2222,377.7778,18.8889,80.0000
652.2222,375.5555,18.8889,80.0000
652.2222,381.1111,18.8889,80.0000
654.4445,378.8889,18.8889,80.0000
654.4445,376.6667,18.8889,80.0000
656.6667,374.4445,18.8889,80.0000
658.8889,380.0000,18.8889,80.0000
658.8889,377.7778,18.8889,80.0000
661.1111,375.5555,18.8889,80.0000
661.1111,381.1111,18.8889,80.0000
663.3333,378.8889,18.8889,80.0000
665.5555,376.6667,18.8889,80.0000
665.5555,382.2222,18.8889,80.0000
667.7778,380.0000,18.8889,80.0000
667.7778,377.7778,18.8889,80.0000
670.0000,375.5555,18.8889,80.0000
672.2222,381.1111,18.8889,80.0000
672.2222,378.8889,18.8889,80.0000
672.2222,376.6667,18.8889,80.0000
674.4445,382.2222,18.8889,80.0000
674.4445,380.0000,18.8889,80.0000
674.4445,377.7778,18.8889,80.0000
676.6667,383.3333,18.8889,80.0000
676.6667,381.1111,18.8889,80.0000
676.6667,378.8889,18.8889,80.0000
676.6667,376.6667,18.8889,80.0000
678.8889,382.2222,18.8889,80.0000
678.8889,380.0000,18.8889,80.0000
678.8889,377.7778,18.8889,80.0000
678.8889,375.5555,18.8889,80.0000
678.8889,381.1111,18.8889,80.0000
678.8889,378.8889,18.8889,80.0000
678.8889,376.6667,18.8889,80.0000
676.6667,382.2222,18.8889,80.0000
676.6667,380.0000,18.8889,80.0000
676.6667,377.7778,18.8889,80.0000
676.6667,383.3333,18.8889,80.0000
676.6667,381.1111,18.8889,80.0000
676.6667,378.8889,18.8889,80.0000
676.6667,376.6667,18.8889,80.0000
676.6667,382.2222,18.8889,80.0000
676.6667,380.0000,18.8889,80.0000
676.6667,377.7778,18.8889,80.0000
676.6667,375.5555,18.8889,80.0000
676.6667,381.1111,18.8889,80.0000
676.6667,378.8889,18.8889,80.0000
676.6667,376.6667,18.8889,80.0000
676.6667,382.2222,18.8889,80.0000
676.6667,380.0000,18.8889,80.0000
676.6667,377.7778,18.8889,80.0000
676.6667,375.5555,18.8889,80.0000
676.6667,381.1111,18.8889,80.0000
676.6667,378.8889,18.8889,80.0000
676.6667,376.6667,18.8889,80.0000
676.6667,382.2222,18.8889,80.0000
676.6667,380.0000,18.8889,80.0000
676.6667,377.7778,18.8889,80.0000
676.6667,375.5555,18.8889,80.0000
674.4445,381.1111,18.8889,80.0000
674.4445,378.8889,18.8889,80.0000
674.4445,376.6667,18.8889,80.0000
674.4445,374.4445,18.8889,80.0000
672.2222,372.2222,18.8889,80.0000
672.2222,377.7778,18.8889,80.0000
672.2222,375.5555,18.8889,80.0000
670.0000,373.3333,18.8889,80.0000
670.0000,371.1111,18.8889,80.0000
670.0000,376.6667,18.8889,80.0000
667.7778,374.4445,18.8889,80.0000
667.7778,372.2222,18.8889,80.0000
667.7778,377.7778,18.8889,80.0000
665.5555,375.5555,18.8889,80.0000
665.5555,373.3333,18.8889,80.0000
663.3333,371.1111,18.8889,80.0000
663.3333,376.6667,18.8889,80.0000
661.1111,374.4445,18.8889,80.0000
661.1111,372.2222,18.8889,80.0000
658.8889,377.7778,18.8889,80.0000
658.8889,375.5555,18.8889,80.0000
656.6667,373.3333,18.8889,80.0000
656.6667,371.1111,18.8889,80.0000
654.4445,376.6667,18.8889,80.0000
654.4445,374.4445,18.8889,80.0000
654.4445,372.2222,18.8889,80.0000
652.2222,370.0000,18.8889,80.0000
652.2222,375.5555,18.8889,80.0000
652.2222,373.3333,18.8889,80.0000
650.0000,371.1111,18.8889,80.0000
650.0000,376.6667,18.8889,80.0000
647.7778,374.4445,18.8889,80.0000
647.7778,372.2222,18.8889,80.0000
645.5555,377.7778,18.8889,80.0000
645.5555,375.5555,18.8889,80.0000
643.3333,373.3333,18.8889,80.0000
643.3333,371.1111,18.8889,80.0000
641.1111,376.6667,18.8889,80.0000
641.1111,374.4445,18.8889,80.0000
638.8889,372.2222,18.8889,80.0000
636.6667,377.7778,18.8889,80.0000
636.6667,375.5555,18.8889,80.0000
634.4445,373.3333,18.8889,80.0000
634.4445,371.1111,18.8889,80.0000
632.2222,376.6667,18.8889,80.0000
630.0000,374.4445,18.8889,80.0000
630.0000,372.2222,18.8889,80.0000
627.7778,377.7778,18.8889,80.0000
625.5555,375.5555,18.8889,80.0000
625.5555,373.3333,18.8889,80.0000
623.3333,371.1111,18.8889,80.0000
623.3333,376.6667,18.8889,80.0000
621.1111,374.4445,18.8889,80.0000
621.1111,372.2222,18.8889,80.0000
618.8889,377.7778,18.8889,80.0000
616.6667,375.5555,18.8889,80.0000
616.6667,373.3333,18.8889,80.0000
614.4445,371.1111,18.8889,80.0000
614.4445,376.6667,18.8889,80.0000
612.2222,374.4445,18.8889,80.0000
612.2222,372.2222,18.8889,80.0000
610.0000,377.7778,18.8889,80.0000
610.0000,375.5555,18.8889,80.0000
607.7778,373.3333,18.8889,80.0000
607.7778,371.1111,18.8889,80.0000
605.5555,376.6667,18.8889,80.0000
605.5555,374.4445,18.8889,80.0000
603.3333,372.2222,18.8889,80.0000
603.3333,377.7778,18.8889,80.0000
601.1111,375.5555,18.8889,80.0000
601.1111,373.3333,18.8889,80.0000
598.8889,378.8889,18.8889,80.0000
596.6667,376.6667,18.8889,80.0000
594.4445,382.2222,18.8889,80.0000
592.2222,380.0000,18.8889,80.0000
592.2222,377.7778,18.8889,80.0000
590.0000,383.3333,18.8889,80.0000
587.7778,381.1111,18.8889,80.0000
583.3333,386.6667,18.8889,80.0000
583.3333,384.4445,18.8889,80.0000
581.1111,390.0000,18.8889,80.0000
578.8889,387.7778,18.8889,80.0000
576.6667,385.5555,18.8889,80.0000
574.4445,391.1111,18.8889,80.0000
572.2222,388.8889,18.8889,80.0000
572.2222,394.4445,18.8889,80.0000
570.0000,392.2222,18.8889,80.0000
567.7778,397.7778,18.8889,80.0000
567.7778,395.5555,18.8889,80.0000
567.7778,401.1111,18.8889,80.0000
565.5555,398.8889,18.8889,80.0000
565.5555,396.6667,18.8889,80.0000
565.5555,402.2222,18.8889,80.0000
563.3333,400.0000,18.8889,80.0000
563.3333,405.5555,18.8889,80.0000
561.1111,403.3333,18.8889,80.0000
558.8889,401.1111,18.8889,80.0000
556.6667,406.6667,18.8889,80.0000
556.6667,404.4445,18.8889,80.0000
554.4445,410.0000,18.8889,80.0000
552.2222,407.7778,18.8889,80.0000
550.0000,405.5555,18.8889,80.0000
547.7778,411.1111,18.8889,80.0000
545.5555,408.8889,18.8889,80.0000
545.5555,406.6667,18.8889,80.0000
543.3333,412.2222,18.8889,80.0000
541.1111,410.0000,18.8889,80.0000
538.8889,415.5555,18.8889,80.0000
536.6667,413.3333,18.8889,80.0000
534.4445,411.1111,18.8889,80.0000
532.2222,416.6667,18.8889,80.0000
530.0000,414.4445,18.8889,80.0000
530.0000,412.2222,18.8889,80.0000
527.7778,417.7778,18.8889,80.0000
525.5555,415.5555,18.8889,80.0000
523.3333,421.1111,18.8889,80.0000
523.3333,418.8889,18.8889,80.0000
521.1111,416.6667,18.8889,80.0000
518.8889,414.4445,18.8889,80.0000
518.8889,420.0000,18.8889,80.0000
516.6667,417.7778,18.8889,80.0000
516.6667,415.5555,18.8889,80.0000
514.4445,421.1111,18.8889,80.0000
514.4445,418.8889,18.8889,80.0000
512.2222,416.6667,18.8889,80.0000
510.0000,422.2222,18.8889,80.0000
510.0000,420.0000,18.8889,80.0000
510.0000,425.5555,18.8889,80.0000
510.0000,431.1111,18.8889,80.0000
510.0000,421.1111,18.8889,80.0000
507.7778,426.6667,18.8889,80.0000
507.7778,424.4445,18.8889,80.0000
510.0000,422.2222,18.8889,80.0000
510.0000,427.7778,18.8889,80.0000
510.0000,425.5555,18.8889,80.0000
510.0000,431.1111,18.8889,80.0000
510.0000,428.8889,18.8889,80.0000
512.2222,426.6667,18.8889,80.0000
512.2222,432.2222,18.8889,80.0000
512.2222,430.0000,18.8889,80.0000
514.4445,435.5555,18.8889,80.0000
514.4445,433.3333,18.8889,80.0000
514.4445,431.1111,18.8889,80.0000
514.4445,428.8889,18.8889,80.0000
514.4445,434.4445,18.8889,80.0000
516.6667,432.2222,18.8889,80.0000
516.6667,437.7778,18.8889,80.0000
516.6667,435.5555,18.8889,80.0000
518.8889,433.3333,18.8889,80.0000
518.8889,438.8889,18.8889,80.0000
518.8889,436.6667,18.8889,80.0000
521.1111,434.4445,18.8889,80.0000
521.1111,440.0000,18.8889,80.0000
521.1111,437.7778,18.8889,80.0000
521.1111,435.5555,18.8889,80.0000
523.3333,441.1111,18.8889,80.0000
523.3333,438.8889,18.8889,80.0000
525.5555,436.6667,18.8889,80.0000
525.5555,442.2222,18.8889,80.0000
525.5555,440.0000,18.8889,80.0000
525.5555,437.7778,18.8889,80.0000
525.5555,443.3333,18.8889,80.0000
527.7778,441.1111,18.8889,80.0000
527.7778,446.6667,18.8889,80.0000
527.7778,444.4445,18.8889,80.0000
527.7778,442.2222,18.8889,80.0000
530.0000,440.0000,18.8889,80.0000
530.0000,445.5555,18.8889,80.0000
530.0000,443.3333,18.8889,80.0000
532.2222,441.1111,18.8889,80.0000
532.2222,438.8889,18.8889,80.0000
532.2222,444.4445,18.8889,80.0000
532.2222,442.2222,18.8889,80.0000
534.4445,440.0000,18.8889,80.0000
534.4445,445.5555,18.8889,80.0000
534.4445,443.3333,18.8889,80.0000
534.4445,441.1111,18.8889,80.0000
536.6667,446.6667,18.8889,80.0000
536.6667,444.4445,18.8889,80.0000
536.6667,442.2222,18.8889,80.0000
536.6667,447.7778,18.8889,80.0000
536.6667,445.5555,18.8889,80.0000
538.8889,443.3333,18.8889,80.0000
538.8889,441.1111,18.8889,80.0000
538.8889,446.6667,18.8889,80.0000
538.8889,444.4445,18.8889,80.0000
541.1111,442.2222,18.8889,80.0000
541.1111,440.0000,18.8889,80.0000
541.1111,445.5555,18.8889,80.0000
543.3333,443.3333,18.8889,80.0000
543.3333,441.1111,18.8889,80.0000
543.3333,446.6667,18.8889,80.0000
545.5555,444.4445,18.8889,80.0000
545.5555,442.2222,18.8889,80.0000
545.5555,440.0000,18.8889,80.0000
547.7778,445.5555,18.8889,80.0000
547.7778,443.3333,18.8889,80.0000
550.0000,441.1111,18.8889,80.0000
550.0000,446.6667,18.8889,80.0000
550.0000,444.4445,18.8889,80.0000
552.2222,442.2222,18.8889,80.0000
552.2222,440.0000,18.8889,80.0000
554.4445,445.5555,18.8889,80.0000
554.4445,443.3333,18.8889,80.0000
556.6667,441.1111,18.8889,80.0000
556.6667,438.8889,18.8889,80.0000
556.6667,444.4445,18.8889,80.0000
556.6667,442.2222,18.8889,80.0000
556.6667,447.7778,18.8889,80.0000
556.6667,445.5555,18.8889,80.0000
556.6667,443.3333,18.8889,80.0000
556.6667,441.1111,18.8889,80.0000
556.6667,446.6667,18.8889,80.0000
556.6667,444.4445,18.8889,80.0000
556.6667,450.0000,18.8889,80.0000
556.6667,447.7778,18.8889,80.0000
556.6667,445.5555,18.8889,80.0000
556.6667,443.3333,18.8889,80.0000
554.4445,448.8889,18.8889,80.0000
554.4445,446.6667,18.8889,80.0000
556.6667,444.4445,18.8889,80.0000
556.6667,442.2222,18.8889,80.0000
556.6667,440.0000,18.8889,80.0000
554.4445,445.5555,18.8889,80.0000
554.4445,443.3333,18.8889,80.0000
554.4445,441.1111,18.8889,80.0000
556.6667,438.8889,18.8889,80.0000
556.6667,436.6667,18.8889,80.0000
554.4445,442.2222,18.8889,80.0000
554.4445,440.0000,18.8889,80.0000
556.6667,437.7778,18.8889,80.0000
556.6667,435.5555,18.8889,80.0000
556.6667,433.3333,18.8889,80.0000
556.6667,431.1111,18.8889,80.0000
556.6667,428.8889,18.8889,80.0000
556.6667,434.4445,18.8889,80.0000
556.6667,432.2222,18.8889,80.0000
556.6667,430.0000,18.8889,80.0000
556.6667,427.7778,18.8889,80.0000
556.6667,425.5555,18.8889,80.0000
556.6667,431.1111,18.8889,80.0000
556.6667,428.8889,18.8889,80.0000
558.8889,426.6667,18.8889,80.0000
558.8889,424.4445,18.8889,80.0000
558.8889,422.2222,18.8889,80.0000
561.1111,420.0000,18.8889,80.0000
561.1111,417.7778,18.8889,80.0000
561.1111,423.3333,18.8889,80.0000
561.1111,421.1111,18.8889,80.0000
561.1111,418.8889,18.8889,80.0000
561.1111,416.6667,18.8889,80.0000
561.1111,414.4445,18.8889,80.0000
561.1111,412.2222,18.8889,80.0000
558.8889,417.7778,18.8889,80.0000
558.8889,415.5555,18.8889,80.0000
556.6667,413.3333,18.8889,80.0000
556.6667,411.1111,18.8889,80.0000
554.4445,408.8889,18.8889,80.0000
552.2222,406.6667,18.8889,80.0000
552.2222,404.4445,18.8889,80.0000
550.0000,410.0000,18.8889,80.0000
547.7778,407.7778,18.8889,80.0000
545.5555,405.5555,18.8889,80.0000
543.3333,403.3333,18.8889,80.0000
541.1111,408.8889,18.8889,80.0000
538.8889,406.6667,18.8889,80.0000
538.8889,404.4445,18.8889,80.0000
534.4445,402.2222,18.8889,80.0000
534.4445,407.7778,18.8889,80.0000
532.2222,405.5555,18.8889,80.0000
530.0000,403.3333,18.8889,80.0000
527.7778,408.8889,18.8889,80.0000
525.5555,406.6667,18.8889,80.0000
523.3333,404.4445,18.8889,80.0000
521.1111,402.2222,18.8889,80.0000
521.1111,400.0000,18.8889,80.0000
518.8889,405.5555,18.8889,80.0000
516.6667,403.3333,18.8889,80.0000
514.4445,401.1111,18.8889,80.0000
514.4445,398.8889,18.8889,80.0000
514.4445,404.4445,18.8889,80.0000
512.2222,402.2222,18.8889,80.0000
512.2222,400.0000,18.8889,80.0000
512.2222,397.7778,18.8889,80.0000
512.2222,395.5555,18.8889,80.0000
512.2222,401.1111,18.8889,80.0000
512.2222,398.8889,18.8889,80.0000
514.4445,396.6667,18.8889,80.0000
514.4445,394.4445,18.8889,80.0000
514.4445,392.2222,18.8889,80.0000
514.4445,397.7778,18.8889,80.0000
516.6667,395.5555,18.8889,80.0000
516.6667,393.3333,18.8889,80.0000
516.6667,391.1111,18.8889,80.0000
518.8889,396.6667,18.8889,80.0000
518.8889,394.4445,18.8889,80.0000
518.8889,392.2222,18.8889,80.0000
518.8889,390.0000,18.8889,80.0000
521.1111,387.7778,18.8889,80.0000
521.1111,385.5555,18.8889,80.0000
521.1111,391.1111,18.8889,80.0000
521.1111,388.8889,18.8889,80.0000
523.3333,386.6667,18.8889,80.0000
523.3333,384.4445,18.8889,80.0000
523.3333,382.2222,18.8889,80.0000
525.5555,387.7778,18.8889,80.0000
525.5555,385.5555,18.8889,80.0000
525.5555,383.3333,18.8889,80.0000
527.7778,381.1111,18.8889,80.0000
527.7778,378.8889,18.8889,80.0000
530.0000,384.4445,18.8889,80.0000
530.0000,382.2222,18.8889,80.0000
530.0000,380.0000,18.8889,80.0000
532.2222,377.7778,18.8889,80.0000
532.2222,383.3333,18.8889,80.0000
532.2222,381.1111,18.8889,80.0000
534.4445,378.8889,18.8889,80.0000
534.4445,376.6667,18.8889,80.0000
534.4445,374.4445,18.8889,80.0000
536.6667,380.0000,18.8889,80.0000
536.6667,377.7778,18.8889,80.0000
536.6667,375.5555,18.8889,80.0000
538.8889,381.1111,18.8889,80.0000
538.8889,378.8889,18.8889,80.0000
538.8889,376.6667,18.8889,80.0000
541.1111,374.4445,18.8889,80.0000
541.1111,372.2222,18.8889,80.0000
541.1111,377.7778,18.8889,80.0000
543.3333,375.5555,18.8889,80.0000
543.3333,373.3333,18.8889,80.0000
543.3333,371.1111,18.8889,80.0000
543.3333,376.6667,18.8889,80.0000
545.5555,374.4445,18.8889,80.0000
545.5555,372.2222,18.8889,80.0000
545.5555,370.0000,18.8889,80.0000
547.7778,375.5555,18.8889,80.0000
547.7778,373.3333,18.8889,80.0000
547.7778,371.1111,18.8889,80.0000
550.0000,376.6667,18.8889,80.0000
550.0000,374.4445,18.8889,80.0000
550.0000,372.2222,18.8889,80.0000
552.2222,370.0000,18.8889,80.0000
552.2222,367.7778,18.8889,80.0000
554.4445,373.3333,18.8889,80.0000
554.4445,371.1111,18.8889,80.0000
554.4445,368.8889,18.8889,80.0000
556.6667,374.4445,18.8889,80.0000
556.6667,372.2222,18.8889,80.0000
558.8889,370.0000,18.8889,80.0000
561.1111,367.7778,18.8889,80.0000
561.1111,373.3333,18.8889,80.0000
563.3333,371.1111,18.8889,80.0000
563.3333,368.8889,18.8889,80.0000
565.5555,374.4445,18.8889,80.0000
565.5555,372.2222,18.8889,80.0000
565.5555,370.0000,18.8889,80.0000
567.7778,375.5555,18.8889,80.0000
567.7778,373.3333,18.8889,80.0000
570.0000,371.1111,18.8889,80.0000
570.0000,368.8889,18.8889,80.0000
570.0000,374.4445,18.8889,80.0000
570.0000,372.2222,18.8889,80.0000
572.2222,370.0000,18.8889,80.0000
572.2222,367.7778,18.8889,80.0000
572.2222,373.3333,18.8889,80.0000
574.4445,371.1111,18.8889,80.0000
574.4445,368.8889,18.8889,80.0000
574.4445,366.6667,18.8889,80.0000
576.6667,372.2222,18.8889,80.0000
576.6667,370.0000,18.8889,80.0000
576.6667,367.7778,18.8889,80.0000
578.8889,373.3333,18.8889,80.0000
578.8889,371.1111,18.8889,80.0000
578.8889,368.8889,18.8889,80.0000
581.1111,374.4445,18.8889,80.0000
581.1111,372.2222,18.8889,80.0000
581.1111,377.7778,18.8889,80.0000
583.3333,375.5555,18.8889,80.0000
583.3333,373.3333,18.8889,80.0000
583.3333,371.1111,18.8889,80.0000
585.5555,376.6667,18.8889,80.0000
585.5555,374.4445,18.8889,80.0000
585.5555,372.2222,18.8889,80.0000
585.5555,377.7778,18.8889,80.0000
587.7778,375.5555,18.8889,80.0000
587.7778,373.3333,18.8889,80.0000
590.0000,371.1111,18.8889,80.0000
590.0000,376.6667,18.8889,80.0000
592.2222,374.4445,18.8889,80.0000
592.2222,372.2222,18.8889,80.0000
592.2222,377.7778,18.8889,80.0000
594.4445,375.5555,18.8889,80.0000
594.4445,373.3333,18.8889,80.0000
596.6667,378.8889,18.8889,80.0000
596.6667,376.6667,18.8889,80.0000
596.6667,374.4445,18.8889,80.0000
598.8889,380.0000,18.8889,80.0000
598.8889,377.7778,18.8889,80.0000
598.8889,375.5555,18.8889,80.0000
598.8889,373.3333,18.8889,80.0000
601.1111,378.8889,18.8889,80.0000
601.1111,376.6667,18.8889,80.0000
601.1111,374.4445,18.8889,80.0000
601.1111,380.0000,18.8889,80.0000
603.3333,377.7778,18.8889,80.0000
603.3333,375.5555,18.8889,80.0000
603.3333,381.1111,18.8889,80.0000
603.3333,378.8889,18.8889,80.0000
605.5555,376.6667,18.8889,80.0000
605.5555,374.4445,18.8889,80.0000
605.5555,380.0000,18.8889,80.0000
605.5555,377.7778,18.8889,80.0000
605.5555,375.5555,18.8889,80.0000
605.5555,373.3333,18.8889,80.0000
607.7778,378.8889,18.8889,80.0000
607.7778,376.6667,18.8889,80.0000
607.7778,374.4445,18.8889,80.0000
607.7778,380.0000,18.8889,80.0000
610.0000,377.7778,18.8889,80.0000
610.0000,375.5555,18.8889,80.0000
610.0000,373.3333,18.8889,80.0000
610.0000,378.8889,18.8889,80.0000
610.0000,376.6667,18.8889,80.0000
612.2222,374.4445,18.8889,80.0000
612.2222,372.2222,18.8889,80.0000
612.2222,377.7778,18.8889,80.0000
614.4445,367.7778,18.8889,80.0000
616.6667,365.5555,18.8889,80.0000
616.6667,363.3333,18.8889,80.0000
618.8889,361.1111,18.8889,80.0000
618.8889,358.8889,18.8889,80.0000
621.1111,364.4445,18.8889,80.0000
621.1111,362.2222,18.8889,80.0000
621.1111,367.7778,18.8889,80.0000
623.3333,365.5555,18.8889,80.0000
623.3333,363.3333,18.8889,80.0000
623.3333,368.8889,18.8889,80.0000
625.5555,366.6667,18.8889,80.0000
625.5555,364.4445,18.8889,80.0000
627.7778,370.0000,18.8889,80.0000
627.7778,367.7778,18.8889,80.0000
630.0000,373.3333,18.8889,80.0000
630.0000,371.1111,18.8889,80.0000
632.2222,368.8889,18.8889,80.0000
632.2222,366.6667,18.8889,80.0000
634.4445,372.2222,18.8889,80.0000
634.4445,370.0000,18.8889,80.0000
636.6667,367.7778,18.8889,80.0000
636.6667,373.3333,18.8889,80.0000
636.6667,371.1111,18.8889,80.0000
638.8889,368.8889,18.8889,80.0000
638.8889,366.6667,18.8889,80.0000
641.1111,372.2222,18.8889,80.0000
641.1111,370.0000,18.8889,80.0000
643.3333,367.7778,18.8889,80.0000
643.3333,373.3333,18.8889,80.0000
643.3333,371.1111,18.8889,80.0000
645.5555,368.8889,18.8889,80.0000
645.5555,366.6667,18.8889,80.0000
647.7778,364.4445,18.8889,80.0000
647.7778,370.0000,18.8889,80.0000
650.0000,367.7778,18.8889,80.0000
650.0000,365.5555,18.8889,80.0000
652.2222,363.3333,18.8889,80.0000
654.4445,368.8889,18.8889,80.0000
654.4445,366.6667,18.8889,80.0000
656.6667,364.4445,18.8889,80.0000
658.8889,370.0000,18.8889,80.0000
658.8889,367.7778,18.8889,80.0000
661.1111,365.5555,18.8889,80.0000
661.1111,371.1111,18.8889,80.0000
663.3333,368.8889,18.8889,80.0000
665.5555,366.6667,18.8889,80.0000
665.5555,364.4445,18.8889,80.0000
665.5555,370.0000,18.8889,80.0000
667.7778,367.7778,18.8889,80.0000
667.7778,365.5555,18.8889,80.0000
670.0000,371.1111,18.8889,80.0000
670.0000,368.8889,18.8889,80.0000
672.2222,366.6667,18.8889,80.0000
672.2222,372.2222,18.8889,80.0000
674.4445,370.0000,18.8889,80.0000
674.4445,367.7778,18.8889,80.0000
676.6667,365.5555,18.8889,80.0000
676.6667,371.1111,18.8889,80.0000
678.8889,368.8889,18.8889,80.0000
678.8889,366.6667,18.8889,80.0000
681.1111,364.4445,18.8889,80.0000
681.1111,370.0000,18.8889,80.0000
681.1111,367.7778,18.8889,80.0000
683.3333,365.5555,18.8889,80.0000
683.3333,371.1111,18.8889,80.0000
683.3333,368.8889,18.8889,80.0000
685.5555,366.6667,18.8889,80.0000
685.5555,364.4445,18.8889,80.0000
685.5555,362.2222,18.8889,80.0000
687.7778,367.7778,18.8889,80.0000
690.0000,365.5555,18.8889,80.0000
690.0000,363.3333,18.8889,80.0000
692.2222,368.8889,18.8889,80.0000
692.2222,366.6667,18.8889,80.0000
694.4445,364.4445,18.8889,80.0000
696.6667,362.2222,18.8889,80.0000
696.6667,367.7778,18.8889,80.0000
698.8889,365.5555,18.8889,80.0000
701.1111,363.3333,18.8889,80.0000
701.1111,368.8889,18.8889,80.0000
703.3333,366.6667,18.8889,80.0000
703.3333,364.4445,18.8889,80.0000
705.5555,370.0000,18.8889,80.0000
705.5555,367.7778,18.8889,80.0000
707.7778,365.5555,18.8889,80.0000
707.7778,363.3333,18.8889,80.0000
710.0000,368.8889,18.8889,80.0000
710.0000,366.6667,18.8889,80.0000
710.0000,364.4445,18.8889,80.0000
712.2222,370.0000,18.8889,80.0000
712.2222,367.7778,18.8889,80.0000
714.4445,365.5555,18.8889,80.0000
714.4445,363.3333,18.8889,80.0000
716.6667,368.8889,18.8889,80.0000
716.6667,366.6667,18.8889,80.0000
718.8889,364.4445,18.8889,80.0000
718.8889,362.2222,18.8889,80.0000
721.1111,367.7778,18.8889,80.0000
721.1111,365.5555,18.8889,80.0000
721.1111,363.3333,18.8889,80.0000
723.3333,368.8889,18.8889,80.0000
723.3333,366.6667,18.8889,80.0000
725.5555,364.4445,18.8889,80.0000
725.5555,362.2222,18.8889,80.0000
725.5555,367.7778,18.8889,80.0000
727.7778,365.5555,18.8889,80.0000
727.7778,363.3333,18.8889,80.0000
730.0000,361.1111,18.8889,80.0000
730.0000,366.6667,18.8889,80.0000
732.2222,364.4445,18.8889,80.0000
734.4445,362.2222,18.8889,80.0000
734.4445,367.7778,18.8889,80.0000
736.6667,365.5555,18.8889,80.0000
738.8889,363.3333,18.8889,80.0000
738.8889,368.8889,18.8889,80.0000
741.1111,366.6667,18.8889,80.0000
741.1111,364.4445,18.8889,80.0000
743.3333,370.0000,18.8889,80.0000
743.3333,367.7778,18.8889,80.0000
745.5555,365.5555,18.8889,80.0000
745.5555,363.3333,18.8889,80.0000
747.7778,368.8889,18.8889,80.0000
750.0000,366.6667,18.8889,80.0000
750.0000,364.4445,18.8889,80.0000
750.0000,370.0000,18.8889,80.0000
752.2222,367.7778,18.8889,80.0000
752.2222,365.5555,18.8889,80.0000
754.4445,363.3333,18.8889,80.0000
754.4445,368.8889,18.8889,80.0000
756.6667,366.6667,18.8889,80.0000
756.6667,364.4445,18.8889,80.0000
758.8889,370.0000,18.8889,80.0000
758.8889,367.7778,18.8889,80.0000
761.1111,365.5555,18.8889,80.0000
761.1111,371.1111,18.8889,80.0000
763.3333,368.8889,18.8889,80.0000
763.3333,366.6667,18.8889,80.0000
763.3333,364.4445,18.8889,80.0000
763.3333,370.0000,18.8889,80.0000
763.3333,367.7778,18.8889,80.0000
765.5555,365.5555,18.8889,80.0000
765.5555,363.3333,18.8889,80.0000
763.3333,368.8889,18.8889,80.0000
763.3333,366.6667,18.8889,80.0000
761.1111,364.4445,18.8889,80.0000
758.8889,362.2222,18.8889,80.0000
756.6667,367.7778,18.8889,80.0000
754.4445,365.5555,18.8889,80.0000
750.0000,363.3333,18.8889,80.0000
747.7778,368.8889,18.8889,80.0000
741.1111,366.6667,18.8889,80.0000
736.6667,364.4445,18.8889,80.0000
732.2222,362.2222,18.8889,80.0000
727.7778,367.7778,18.8889,80.0000
721.1111,365.5555,18.8889,80.0000
714.4445,363.3333,18.8889,80.0000
707.7778,361.1111,18.8889,80.0000
703.3333,366.6667,18.8889,80.0000
698.8889,364.4445,18.8889,80.0000
692.2222,362.2222,18.8889,80.0000
685.5555,360.0000,18.8889,80.0000
681.1111,365.5555,18.8889,80.0000
676.6667,363.3333,18.8889,80.0000
672.2222,361.1111,18.8889,80.0000
670.0000,358.8889,18.8889,80.0000
665.5555,364.4445,18.8889,80.0000
663.3333,362.2222,18.8889,80.0000
661.1111,360.0000,18.8889,80.0000
658.8889,357.7778,18.8889,80.0000
656.6667,363.3333,18.8889,80.0000
656.6667,361.1111,18.8889,80.0000
656.6667,358.8889,18.8889,80.0000
656.6667,364.4445,18.8889,80.0000
658.8889,362.2222,18.8889,80.0000
658.8889,360.0000,18.8889,80.0000
658.8889,357.7778,18.8889,80.0000
661.1111,363.3333,18.8889,80.0000
663.3333,361.1111,18.8889,80.0000
663.3333,358.8889,18.8889,80.0000
665.5555,356.6667,18.8889,80.0000
667.7778,354.4445,18.8889,80.0000
667.7778,360.0000,18.8889,80.0000
670.0000,357.7778,18.8889,80.0000
670.0000,355.5555,18.8889,80.0000
672.2222,353.3333,18.8889,80.0000
674.4445,358.8889,18.8889,80.0000
676.6667,356.6667,18.8889,80.0000
678.8889,354.4445,18.8889,80.0000
678.8889,360.0000,18.8889,80.0000
681.1111,357.7778,18.8889,80.0000
683.3333,355.5555,18.8889,80.0000
685.5555,361.1111,18.8889,80.0000
685.5555,358.8889,18.8889,80.0000
687.7778,356.6667,18.8889,80.0000
690.0000,362.2222,18.8889,80.0000
690.0000,360.0000,18.8889,80.0000
692.2222,357.7778,18.8889,80.0000
694.4445,363.3333,18.8889,80.0000
694.4445,361.1111,18.8889,80.0000
696.6667,358.8889,18.8889,80.0000
698.8889,356.6667,18.8889,80.0000
701.1111,362.2222,18.8889,80.0000
701.1111,360.0000,18.8889,80.0000
703.3333,357.7778,18.8889,80.0000
705.5555,355.5555,18.8889,80.0000
707.7778,361.1111,18.8889,80.0000
710.0000,358.8889,18.8889,80.0000
710.0000,356.6667,18.8889,80.0000
712.2222,354.4445,18.8889,80.0000
714.4445,352.2222,18.8889,80.0000
716.6667,357.7778,18.8889,80.0000
716.6667,355.5555,18.8889,80.0000
718.8889,353.3333,18.8889,80.0000
721.1111,358.8889,18.8889,80.0000
723.3333,356.6667,18.8889,80.0000
725.5555,354.4445,18.8889,80.0000
725.5555,352.2222,18.8889,80.0000
727.7778,350.0000,18.8889,80.0000
730.0000,347.7778,18.8889,80.0000
730.0000,353.3333,18.8889,80.0000
732.2222,351.1111,18.8889,80.0000
732.2222,348.8889,18.8889,80.0000
732.2222,354.4445,18.8889,80.0000
732.2222,352.2222,18.8889,80.0000
730.0000,350.0000,18.8889,80.0000
730.0000,347.7778,18.8889,80.0000
727.7778,353.3333,18.8889,80.0000
727.7778,351.1111,18.8889,80.0000
725.5555,348.8889,18.8889,80.0000
725.5555,346.6667,18.8889,80.0000
723.3333,352.2222,18.8889,80.0000
721.1111,350.0000,18.8889,80.0000
721.1111,347.7778,18.8889,80.0000
718.8889,345.5555,18.8889,80.0000
716.6667,351.1111,18.8889,80.0000
712.2222,348.8889,18.8889,80.0000
710.0000,346.6667,18.8889,80.0000
707.7778,344.4445,18.8889,80.0000
705.5555,350.0000,18.8889,80.0000
703.3333,347.7778,18.8889,80.0000
698.8889,345.5555,18.8889,80.0000
694.4445,343.3333,18.8889,80.0000
692.2222,341.1111,18.8889,80.0000
687.7778,346.6667,18.8889,80.0000
685.5555,344.4445,18.8889,80.0000
681.1111,342.2222,18.8889,80.0000
676.6667,340.0000,18.8889,80.0000
674.4445,337.7778,18.8889,80.0000
670.0000,343.3333,18.8889,80.0000
667.7778,341.1111,18.8889,80.0000
663.3333,338.8889,18.8889,80.0000
658.8889,336.6667,18.8889,80.0000
656.6667,334.4445,18.8889,80.0000
654.4445,332.2222,18.8889,80.0000
652.2222,330.0000,18.8889,80.0000
647.7778,335.5555,18.8889,80.0000
645.5555,333.3333,18.8889,80.0000
643.3333,331.1111,18.8889,80.0000
643.3333,336.6667,18.8889,80.0000
641.1111,334.4445,18.8889,80.0000
638.8889,332.2222,18.8889,80.0000
636.6667,330.0000,18.8889,80.0000
634.4445,335.5555,18.8889,80.0000
634.4445,333.3333,18.8889,80.0000
632.2222,331.1111,18.8889,80.0000
630.0000,328.8889,18.8889,80.0000
627.7778,326.6667,18.8889,80.0000
627.7778,332.2222,18.8889,80.0000
625.5555,330.0000,18.8889,80.0000
625.5555,327.7778,18.8889,80.0000
623.3333,325.5555,18.8889,80.0000
621.1111,331.1111,18.8889,80.0000
618.8889,328.8889,18.8889,80.0000
618.8889,326.6667,18.8889,80.0000
616.6667,324.4445,18.8889,80.0000
614.4445,322.2222,18.8889,80.0000
614.4445,327.7778,18.8889,80.0000
612.2222,325.5555,18.8889,80.0000
612.2222,323.3333,18.8889,80.0000
610.0000,321.1111,18.8889,80.0000
607.7778,326.6667,18.8889,80.0000
607.7778,324.4445,18.8889,80.0000
605.5555,322.2222,18.8889,80.0000
605.5555,320.0000,18.8889,80.0000
603.3333,325.5555,18.8889,80.0000
601.1111,323.3333,18.8889,80.0000
601.1111,321.1111,18.8889,80.0000
598.8889,318.8889,18.8889,80.0000
596.6667,316.6667,18.8889,80.0000
596.6667,314.4445,18.8889,80.0000
594.4445,320.0000,18.8889,80.0000
594.4445,317.7778,18.8889,80.0000
592.2222,315.5555,18.8889,80.0000
592.2222,321.1111,18.8889,80.0000
590.0000,318.8889,18.8889,80.0000
590.0000,316.6667,18.8889,80.0000
587.7778,314.4445,18.8889,80.0000
585.5555,320.0000,18.8889,80.0000
585.5555,317.7778,18.8889,80.0000
583.3333,315.5555,18.8889,80.0000
581.1111,321.1111,18.8889,80.0000
581.1111,318.8889,18.8889,80.0000
578.8889,324.4445,18.8889,80.0000
578.8889,322.2222,18.8889,80.0000
578.8889,320.0000,18.8889,80.0000
576.6667,317.7778,18.8889,80.0000
576.6667,323.3333,18.8889,80.0000
574.4445,321.1111,18.8889,80.0000
574.4445,318.8889,18.8889,80.0000
574.4445,324.4445,18.8889,80.0000
572.2222,322.2222,18.8889,80.0000
572.2222,320.0000,18.8889,80.0000
572.2222,325.5555,18.8889,80.0000
572.2222,323.3333,18.8889,80.0000
572.2222,321.1111,18.8889,80.0000
572.2222,318.8889,18.8889,80.0000
572.2222,316.6667,18.8889,80.0000
572.2222,322.2222,18.8889,80.0000
574.4445,320.0000,18.8889,80.0000
574.4445,317.7778,18.8889,80.0000
576.6667,323.3333,18.8889,80.0000
578.8889,321.1111,18.8889,80.0000
578.8889,318.8889,18.8889,80.0000
581.1111,324.4445,18.8889,80.0000
583.3333,322.2222,18.8889,80.0000
585.5555,320.0000,18.8889,80.0000
585.5555,317.7778,18.8889,80.0000
587.7778,323.3333,18.8889,80.0000
590.0000,321.1111,18.8889,80.0000
590.0000,318.8889,18.8889,80.0000
594.4445,316.6667,18.8889,80.0000
594.4445,322.2222,18.8889,80.0000
596.6667,320.0000,18.8889,80.0000
598.8889,317.7778,18.8889,80.0000
601.1111,323.3333,18.8889,80.0000
601.1111,321.1111,18.8889,80.0000
603.3333,318.8889,18.8889,80.0000
605.5555,324.4445,18.8889,80.0000
607.7778,322.2222,18.8889,80.0000
607.7778,320.0000,18.8889,80.0000
610.0000,325.5555,18.8889,80.0000
612.2222,323.3333,18.8889,80.0000
614.4445,321.1111,18.8889,80.0000
614.4445,326.6667,18.8889,80.0000
614.4445,324.4445,18.8889,80.0000
616.6667,322.2222,18.8889,80.0000
616.6667,327.7778,18.8889,80.0000
616.6667,325.5555,18.8889,80.0000
618.8889,323.3333,18.8889,80.0000
618.8889,321.1111,18.8889,80.0000
618.8889,326.6667,18.8889,80.0000
621.1111,324.4445,18.8889,80.0000
621.1111,322.2222,18.8889,80.0000
621.1111,320.0000,18.8889,80.0000
623.3333,325.5555,18.8889,80.0000
623.3333,323.3333,18.8889,80.0000
625.5555,321.1111,18.8889,80.0000
625.5555,326.6667,18.8889,80.0000
627.7778,324.4445,18.8889,80.0000
627.7778,322.2222,18.8889,80.0000
630.0000,320.0000,18.8889,80.0000
632.2222,325.5555,18.8889,80.0000
634.4445,323.3333,18.8889,80.0000
634.4445,321.1111,18.8889,80.0000
636.6667,318.8889,18.8889,80.0000
638.8889,324.4445,18.8889,80.0000
641.1111,322.2222,18.8889,80.0000
643.3333,320.0000,18.8889,80.0000
645.5555,325.5555,18.8889,80.0000
645.5555,323.3333,18.8889,80.0000
647.7778,321.1111,18.8889,80.0000
650.0000,326.6667,18.8889,80.0000
652.2222,324.4445,18.8889,80.0000
654.4445,322.2222,18.8889,80.0000
654.4445,327.7778,18.8889,80.0000
656.6667,325.5555,18.8889,80.0000
658.8889,323.3333,18.8889,80.0000
661.1111,321.1111,18.8889,80.0000
661.1111,326.6667,18.8889,80.0000
663.3333,324.4445,18.8889,80.0000
665.5555,330.0000,18.8889,80.0000
667.7778,327.7778,18.8889,80.0000
670.0000,325.5555,18.8889,80.0000
670.0000,331.1111,18.8889,80.0000
672.2222,328.8889,18.8889,80.0000
674.4445,326.6667,18.8889,80.0000
676.6667,324.4445,18.8889,80.0000
678.8889,330.0000,18.8889,80.0000
678.8889,327.7778,18.8889,80.0000
681.1111,325.5555,18.8889,80.0000
683.3333,331.1111,18.8889,80.0000
683.3333,328.8889,18.8889,80.0000
685.5555,326.6667,18.8889,80.0000
687.7778,332.2222,18.8889,80.0000
690.0000,330.0000,18.8889,80.0000
692.2222,327.7778,18.8889,80.0000
692.2222,325.5555,18.8889,80.0000
694.4445,323.3333,18.8889,80.0000
696.6667,328.8889,18.8889,80.0000
698.8889,326.6667,18.8889,80.0000
701.1111,324.4445,18.8889,80.0000
703.3333,330.0000,18.8889,80.0000
705.5555,327.7778,18.8889,80.0000
707.7778,325.5555,18.8889,80.0000
707.7778,331.1111,18.8889,80.0000
712.2222,328.8889,18.8889,80.0000
712.2222,326.6667,18.8889,80.0000
714.4445,332.2222,18.8889,80.0000
716.6667,330.0000,18.8889,80.0000
718.8889,327.7778,18.8889,80.0000
721.1111,333.3333,18.8889,80.0000
723.3333,331.1111,18.8889,80.0000
725.5555,328.8889,18.8889,80.0000
725.5555,326.6667,18.8889,80.0000
727.7778,332.2222,18.8889,80.0000
730.0000,330.0000,18.8889,80.0000
732.2222,335.5555,18.8889,80.0000
734.4445,333.3333,18.8889,80.0000
736.6667,331.1111,18.8889,80.0000
736.6667,336.6667,18.8889,80.0000
738.8889,334.4445,18.8889,80.0000
741.1111,332.2222,18.8889,80.0000
743.3333,330.0000,18.8889,80.0000
745.5555,335.5555,18.8889,80.0000
747.7778,333.3333,18.8889,80.0000
750.0000,331.1111,18.8889,80.0000
750.0000,336.6667,18.8889,80.0000
752.2222,334.4445,18.8889,80.0000
754.4445,332.2222,18.8889,80.0000
756.6667,337.7778,18.8889,80.0000
756.6667,335.5555,18.8889,80.0000
758.8889,333.3333,18.8889,80.0000
761.1111,331.1111,18.8889,80.0000
763.3333,328.8889,18.8889,80.0000
765.5555,334.4445,18.8889,80.0000
767.7778,332.2222,18.8889,80.0000
770.0000,337.7778,18.8889,80.0000
772.2222,335.5555,18.8889,80.0000
772.2222,333.3333,18.8889,80.0000
774.4445,338.8889,18.8889,80.0000
778.8889,336.6667,18.8889,80.0000
781.1111,334.4445,18.8889,80.0000
781.1111,332.2222,18.8889,80.0000
783.3333,337.7778,18.8889,80.0000
785.5555,335.5555,18.8889,80.0000
787.7778,333.3333,18.8889,80.0000
787.7778,331.1111,18.8889,80.0000
787.7778,336.6667,18.8889,80.0000
787.7778,334.4445,18.8889,80.0000
787.7778,332.2222,18.8889,80.0000
787.7778,330.0000,18.8889,80.0000
785.5555,335.5555,18.8889,80.0000
783.3333,333.3333,18.8889,80.0000
783.3333,331.1111,18.8889,80.0000
781.1111,336.6667,18.8889,80.0000
778.8889,334.4445,18.8889,80.0000
776.6667,332.2222,18.8889,80.0000
774.4445,330.0000,18.8889,80.0000
772.2222,327.7778,18.8889,80.0000
767.7778,333.3333,18.8889,80.0000
763.3333,331.1111,18.8889,80.0000
758.8889,328.8889,18.8889,80.0000
754.4445,326.6667,18.8889,80.0000
750.0000,332.2222,18.8889,80.0000
745.5555,330.0000,18.8889,80.0000
738.8889,327.7778,18.8889,80.0000
734.4445,325.5555,18.8889,80.0000
730.0000,331.1111,18.8889,80.0000
725.5555,328.8889,18.8889,80.0000
721.1111,326.6667,18.8889,80.0000
714.4445,324.4445,18.8889,80.0000
710.0000,322.2222,18.8889,80.0000
705.5555,327.7778,18.8889,80.0000
701.1111,325.5555,18.8889,80.0000
696.6667,323.3333,18.8889,80.0000
692.2222,321.1111,18.8889,80.0000
690.0000,318.8889,18.8889,80.0000
687.7778,324.4445,18.8889,80.0000
685.5555,322.2222,18.8889,80.0000
681.1111,320.0000,18.8889,80.0000
678.8889,325.5555,18.8889,80.0000
676.6667,323.3333,18.8889,80.0000
674.4445,321.1111,18.8889,80.0000
672.2222,318.8889,18.8889,80.0000
670.0000,324.4445,18.8889,80.0000
667.7778,322.2222,18.8889,80.0000
667.7778,320.0000,18.8889,80.0000
665.5555,317.7778,18.8889,80.0000
663.3333,323.3333,18.8889,80.0000
661.1111,321.1111,18.8889,80.0000
661.1111,318.8889,18.8889,80.0000
658.8889,316.6667,18.8889,80.0000
656.6667,322.2222,18.8889,80.0000
656.6667,320.0000,18.8889,80.0000
654.4445,317.7778,18.8889,80.0000
652.2222,323.3333,18.8889,80.0000
652.2222,321.1111,18.8889,80.0000
650.0000,318.8889,18.8889,80.0000
650.0000,316.6667,18.8889,80.0000
647.7778,314.4445,18.8889,80.0000
645.5555,320.0000,18.8889,80.0000
645.5555,317.7778,18.8889,80.0000
643.3333,315.5555,18.8889,80.0000
641.1111,313.3333,18.8889,80.0000
641.1111,318.8889,18.8889,80.0000
638.8889,316.6667,18.8889,80.0000
636.6667,314.4445,18.8889,80.0000
636.6667,312.2222,18.8889,80.0000
634.4445,317.7778,18.8889,80.0000
632.2222,315.5555,18.8889,80.0000
630.0000,313.3333,18.8889,80.0000
630.0000,311.1111,18.8889,80.0000
627.7778,316.6667,18.8889,80.0000
625.5555,314.4445,18.8889,80.0000
625.5555,312.2222,18.8889,80.0000
621.1111,317.7778,18.8889,80.0000
621.1111,315.5555,18.8889,80.0000
618.8889,313.3333,18.8889,80.0000
616.6667,311.1111,18.8889,80.0000
616.6667,316.6667,18.8889,80.0000
614.4445,314.4445,18.8889,80.0000
612.2222,312.2222,18.8889,80.0000
610.0000,310.0000,18.8889,80.0000
610.0000,315.5555,18.8889,80.0000
607.7778,313.3333,18.8889,80.0000
605.5555,318.8889,18.8889,80.0000
603.3333,316.6667,18.8889,80.0000
603.3333,314.4445,18.8889,80.0000
601.1111,312.2222,18.8889,80.0000
598.8889,317.7778,18.8889,80.0000
598.8889,315.5555,18.8889,80.0000
596.6667,313.3333,18.8889,80.0000
594.4445,318.8889,18.8889,80.0000
592.2222,316.6667,18.8889,80.0000
590.0000,314.4445,18.8889,80.0000
587.7778,320.0000,18.8889,80.0000
587.7778,317.7778,18.8889,80.0000
585.5555,315.5555,18.8889,80.0000
583.3333,313.3333,18.8889,80.0000
581.1111,318.8889,18.8889,80.0000
576.6667,316.6667,18.8889,80.0000
574.4445,314.4445,18.8889,80.0000
572.2222,320.0000,18.8889,80.0000
570.0000,317.7778,18.8889,80.0000
567.7778,315.5555,18.8889,80.0000
565.5555,321.1111,18.8889,80.0000
563.3333,318.8889,18.8889,80.0000
563.3333,316.6667,18.8889,80.0000
561.1111,322.2222,18.8889,80.0000
558.8889,320.0000,18.8889,80.0000
558.8889,317.7778,18.8889,80.0000
558.8889,315.5555,18.8889,80.0000
556.6667,321.1111,18.8889,80.0000
556.6667,318.8889,18.8889,80.0000
558.8889,316.6667,18.8889,80.0000
558.8889,322.2222,18.8889,80.0000
561.1111,320.0000,18.8889,80.0000
561.1111,317.7778,18.8889,80.0000
563.3333,315.5555,18.8889,80.0000
565.5555,321.1111,18.8889,80.0000
567.7778,318.8889,18.8889,80.0000
570.0000,316.6667,18.8889,80.0000
570.0000,314.4445,18.8889,80.0000
572.2222,320.0000,18.8889,80.0000
574.4445,317.7778,18.8889,80.0000
578.8889,315.5555,18.8889,80.0000
578.8889,321.1111,18.8889,80.0000
581.1111,318.8889,18.8889,80.0000
583.3333,316.6667,18.8889,80.0000
585.5555,322.2222,18.8889,80.0000
587.7778,320.0000,18.8889,80.0000
590.0000,317.7778,18.8889,80.0000
592.2222,315.5555,18.8889,80.0000
592.2222,321.1111,18.8889,80.0000
594.4445,318.8889,18.8889,80.0000
594.4445,316.6667,18.8889,80.0000
596.6667,322.2222,18.8889,80.0000
596.6667,320.0000,18.8889,80.0000
594.4445,317.7778,18.8889,80.0000
594.4445,315.5555,18.8889,80.0000
592.2222,321.1111,18.8889,80.0000
590.0000,318.8889,18.8889,80.0000
587.7778,316.6667,18.8889,80.0000
585.5555,322.2222,18.8889,80.0000
583.3333,320.0000,18.8889,80.0000
581.1111,317.7778,18.8889,80.0000
576.6667,315.5555,18.8889,80.0000
574.4445,321.1111,18.8889,80.0000
572.2222,318.8889,18.8889,80.0000
570.0000,316.6667,18.8889,80.0000
565.5555,322.2222,18.8889,80.0000
563.3333,320.0000,18.8889,80.0000
561.1111,317.7778,18.8889,80.0000
558.8889,323.3333,18.8889,80.0000
556.6667,321.1111,18.8889,80.0000
554.4445,318.8889,18.8889,80.0000
554.4445,324.4445,18.8889,80.0000
554.4445,322.2222,18.8889,80.0000
552.2222,320.0000,18.8889,80.0000
552.2222,317.7778,18.8889,80.0000
552.2222,323.3333,18.8889,80.0000
552.2222,321.1111,18.8889,80.0000
554.4445,318.8889,18.8889,80.0000
554.4445,324.4445,18.8889,80.0000
554.4445,322.2222,18.8889,80.0000
556.6667,320.0000,18.8889,80.0000
556.6667,325.5555,18.8889,80.0000
558.8889,323.3333,18.8889,80.0000
561.1111,321.1111,18.8889,80.0000
561.1111,326.6667,18.8889,80.0000
563.3333,324.4445,18.8889,80.0000
565.5555,322.2222,18.8889,80.0000
565.5555,320.0000,18.8889,80.0000
567.7778,325.5555,18.8889,80.0000
570.0000,323.3333,18.8889,80.0000
570.0000,321.1111,18.8889,80.0000
572.2222,326.6667,18.8889,80.0000
572.2222,324.4445,18.8889,80.0000
574.4445,322.2222,18.8889,80.0000
574.4445,320.0000,18.8889,80.0000
576.6667,325.5555,18.8889,80.0000
576.6667,323.3333,18.8889,80.0000
576.6667,321.1111,18.8889,80.0000
576.6667,326.6667,18.8889,80.0000
576.6667,324.4445,18.8889,80.0000
576.6667,322.2222,18.8889,80.0000
576.6667,327.7778,18.8889,80.0000
576.6667,325.5555,18.8889,80.0000
576.6667,323.3333,18.8889,80.0000
576.6667,328.8889,18.8889,80.0000
576.6667,326.6667,18.8889,80.0000
576.6667,324.4445,18.8889,80.0000
576.6667,322.2222,18.8889,80.0000
574.4445,327.7778,18.8889,80.0000
574.4445,325.5555,18.8889,80.0000
574.4445,331.1111,18.8889,80.0000
572.2222,328.8889,18.8889,80.0000
572.2222,326.6667,18.8889,80.0000
570.0000,332.2222,18.8889,80.0000
570.0000,330.0000,18.8889,80.0000
567.7778,327.7778,18.8889,80.0000
567.7778,333.3333,18.8889,80.0000
565.5555,331.1111,18.8889,80.0000
565.5555,328.8889,18.8889,80.0000
563.3333,334.4445,18.8889,80.0000
561.1111,332.2222,18.8889,80.0000
561.1111,330.0000,18.8889,80.0000
558.8889,335.5555,18.8889,80.0000
556.6667,333.3333,18.8889,80.0000
556.6667,331.1111,18.8889,80.0000
554.4445,336.6667,18.8889,80.0000
552.2222,334.4445,18.8889,80.0000
552.2222,332.2222,18.8889,80.0000
550.0000,337.7778,18.8889,80.0000
547.7778,335.5555,18.8889,80.0000
545.5555,333.3333,18.8889,80.0000
545.5555,338.8889,18.8889,80.0000
543.3333,336.6667,18.8889,80.0000
541.1111,334.4445,18.8889,80.0000
541.1111,340.0000,18.8889,80.0000
538.8889,337.7778,18.8889,80.0000
536.6667,335.5555,18.8889,80.0000
534.4445,333.3333,18.8889,80.0000
532.2222,338.8889,18.8889,80.0000
530.0000,336.6667,18.8889,80.0000
530.0000,342.2222,18.8889,80.0000
527.7778,340.0000,18.8889,80.0000
525.5555,337.7778,18.8889,80.0000
523.3333,343.3333,18.8889,80.0000
521.1111,341.1111,18.8889,80.0000
518.8889,338.8889,18.8889,80.0000
518.8889,344.4445,18.8889,80.0000
518.8889,342.2222,18.8889,80.0000
516.6667,340.0000,18.8889,80.0000
514.4445,337.7778,18.8889,80.0000
512.2222,343.3333,18.8889,80.0000
510.0000,341.1111,18.8889,80.0000
507.7778,338.8889,18.8889,80.0000
507.7778,344.4445,18.8889,80.0000
505.5555,342.2222,18.8889,80.0000
503.3333,340.0000,18.8889,80.0000
501.1111,345.5555,18.8889,80.0000
498.8889,343.3333,18.8889,80.0000
496.6667,341.1111,18.8889,80.0000
494.4445,346.6667,18.8889,80.0000
490.0000,344.4445,18.8889,80.0000
487.7778,342.2222,18.8889,80.0000
485.5555,347.7778,18.8889,80.0000
483.3333,345.5555,18.8889,80.0000
481.1111,351.1111,18.8889,80.0000
476.6667,348.8889,18.8889,80.0000
474.4445,346.6667,18.8889,80.0000
472.2222,352.2222,18.8889,80.0000
470.0000,350.0000,18.8889,80.0000
467.7778,347.7778,18.8889,80.0000
465.5555,353.3333,18.8889,80.0000
463.3333,351.1111,18.8889,80.0000
461.1111,356.6667,18.8889,80.0000
461.1111,354.4445,18.8889,80.0000
458.8889,352.2222,18.8889,80.0000
458.8889,350.0000,18.8889,80.0000
458.8889,355.5555,18.8889,80.0000
458.8889,353.3333,18.8889,80.0000
458.8889,351.1111,18.8889,80.0000
458.8889,356.6667,18.8889,80.0000
458.8889,354.4445,18.8889,80.0000
461.1111,352.2222,18.8889,80.0000
461.1111,357.7778,18.8889,80.0000
461.1111,355.5555,18.8889,80.0000
461.1111,353.3333,18.8889,80.0000
463.3333,351.1111,18.8889,80.0000
463.3333,356.6667,18.8889,80.0000
465.5555,354.4445,18.8889,80.0000
465.5555,352.2222,18.8889,80.0000
467.7778,350.0000,18.8889,80.0000
470.0000,355.5555,18.8889,80.0000
470.0000,353.3333,18.8889,80.0000
472.2222,351.1111,18.8889,80.0000
472.2222,348.8889,18.8889,80.0000
474.4445,354.4445,18.8889,80.0000
476.6667,352.2222,18.8889,80.0000
476.6667,350.0000,18.8889,80.0000
478.8889,347.7778,18.8889,80.0000
481.1111,353.3333,18.8889,80.0000
481.1111,351.1111,18.8889,80.0000
483.3333,348.8889,18.8889,80.0000
485.5555,354.4445,18.8889,80.0000
485.5555,352.2222,18.8889,80.0000
487.7778,350.0000,18.8889,80.0000
490.0000,347.7778,18.8889,80.0000
492.2222,353.3333,18.8889,80.0000
494.4445,343.3333,18.8889,80.0000
494.4445,348.8889,18.8889,80.0000
496.6667,346.6667,18.8889,80.0000
498.8889,344.4445,18.8889,80.0000
501.1111,350.0000,18.8889,80.0000
503.3333,347.7778,18.8889,80.0000
505.5555,345.5555,18.8889,80.0000
507.7778,343.3333,18.8889,80.0000
507.7778,341.1111,18.8889,80.0000
512.2222,346.6667,18.8889,80.0000
512.2222,344.4445,18.8889,80.0000
514.4445,342.2222,18.8889,80.0000
516.6667,340.0000,18.8889,80.0000
518.8889,337.7778,18.8889,80.0000
523.3333,343.3333,18.8889,80.0000
525.5555,341.1111,18.8889,80.0000
525.5555,338.8889,18.8889,80.0000
530.0000,344.4445,18.8889,80.0000
532.2222,342.2222,18.8889,80.0000
534.4445,340.0000,18.8889,80.0000
536.6667,337.7778,18.8889,80.0000
538.8889,335.5555,18.8889,80.0000
541.1111,341.1111,18.8889,80.0000
543.3333,338.8889,18.8889,80.0000
545.5555,336.6667,18.8889,80.0000
545.5555,326.6667,18.8889,80.0000
547.7778,332.2222,18.8889,80.0000
547.7778,330.0000,18.8889,80.0000
545.5555,327.7778,18.8889,80.0000
545.5555,325.5555,18.8889,80.0000
545.5555,331.1111,18.8889,80.0000
543.3333,328.8889,18.8889,80.0000
541.1111,326.6667,18.8889,80.0000
538.8889,324.4445,18.8889,80.0000
534.4445,330.0000,18.8889,80.0000
530.0000,327.7778,18.8889,80.0000
525.5555,325.5555,18.8889,80.0000
521.1111,323.3333,18.8889,80.0000
516.6667,328.8889,18.8889,80.0000
510.0000,326.6667,18.8889,80.0000
505.5555,324.4445,18.8889,80.0000
501.1111,330.0000,18.8889,80.0000
494.4445,327.7778,18.8889,80.0000
487.7778,325.5555,18.8889,80.0000
478.8889,323.3333,18.8889,80.0000
472.2222,328.8889,18.8889,80.0000
465.5555,326.6667,18.8889,80.0000
456.6667,332.2222,18.8889,80.0000
450.0000,330.0000,18.8889,80.0000
441.1111,327.7778,18.8889,80.0000
434.4445,333.3333,18.8889,80.0000
427.7778,331.1111,18.8889,80.0000
423.3333,328.8889,18.8889,80.0000
418.8889,334.4445,18.8889,80.0000
412.2222,332.2222,18.8889,80.0000
410.0000,330.0000,18.8889,80.0000
405.5555,327.7778,18.8889,80.0000
403.3333,333.3333,18.8889,80.0000
403.3333,331.1111,18.8889,80.0000
401.1111,328.8889,18.8889,80.0000
398.8889,334.4445,18.8889,80.0000
398.8889,332.2222,18.8889,80.0000
398.8889,330.0000,18.8889,80.0000
398.8889,327.7778,18.8889,80.0000
401.1111,333.3333,18.8889,80.0000
401.1111,331.1111,18.8889,80.0000
403.3333,328.8889,18.8889,80.0000
403.3333,326.6667,18.8889,80.0000
405.5555,324.4445,18.8889,80.0000
407.7778,330.0000,18.8889,80.0000
407.7778,327.7778,18.8889,80.0000
410.0000,325.5555,18.8889,80.0000
412.2222,323.3333,18.8889,80.0000
412.2222,321.1111,18.8889,80.0000
414.4445,326.6667,18.8889,80.0000
416.6667,324.4445,18.8889,80.0000
416.6667,322.2222,18.8889,80.0000
418.8889,327.7778,18.8889,80.0000
421.1111,325.5555,18.8889,80.0000
421.1111,323.3333,18.8889,80.0000
423.3333,321.1111,18.8889,80.0000
423.3333,318.8889,18.8889,80.0000
425.5555,324.4445,18.8889,80.0000
427.7778,322.2222,18.8889,80.0000
430.0000,320.0000,18.8889,80.0000
430.0000,317.7778,18.8889,80.0000
432.2222,323.3333,18.8889,80.0000
434.4445,321.1111,18.8889,80.0000
434.4445,318.8889,18.8889,80.0000
436.6667,324.4445,18.8889,80.0000
438.8889,322.2222,18.8889,80.0000
438.8889,320.0000,18.8889,80.0000
441.1111,317.7778,18.8889,80.0000
441.1111,315.5555,18.8889,80.0000
443.3333,321.1111,18.8889,80.0000
443.3333,318.8889,18.8889,80.0000
445.5555,316.6667,18.8889,80.0000
445.5555,314.4445,18.8889,80.0000
447.7778,320.0000,18.8889,80.0000
450.0000,317.7778,18.8889,80.0000
450.0000,315.5555,18.8889,80.0000
452.2222,313.3333,18.8889,80.0000
452.2222,318.8889,18.8889,80.0000
454.4445,316.6667,18.8889,80.0000
454.4445,314.4445,18.8889,80.0000
456.6667,312.2222,18.8889,80.0000
456.6667,317.7778,18.8889,80.0000
458.8889,315.5555,18.8889,80.0000
458.8889,313.3333,18.8889,80.0000
461.1111,311.1111,18.8889,80.0000
461.1111,316.6667,18.8889,80.0000
463.3333,314.4445,18.8889,80.0000
463.3333,312.2222,18.8889,80.0000
463.3333,310.0000,18.8889,80.0000
465.5555,315.5555,18.8889,80.0000
467.7778,313.3333,18.8889,80.0000
467.7778,311.1111,18.8889,80.0000
470.0000,308.8889,18.8889,80.0000
470.0000,314.4445,18.8889,80.0000
472.2222,312.2222,18.8889,80.0000
474.4445,310.0000,18.8889,80.0000
474.4445,307.7778,18.8889,80.0000
476.6667,313.3333,18.8889,80.0000
476.6667,311.1111,18.8889,80.0000
478.8889,308.8889,18.8889,80.0000
481.1111,306.6667,18.8889,80.0000
481.1111,312.2222,18.8889,80.0000
483.3333,310.0000,18.8889,80.0000
483.3333,307.7778,18.8889,80.0000
485.5555,313.3333,18.8889,80.0000
485.5555,311.1111,18.8889,80.0000
487.7778,308.8889,18.8889,80.0000
487.7778,306.6667,18.8889,80.0000
490.0000,312.2222,18.8889,80.0000
490.0000,310.0000,18.8889,80.0000
492.2222,307.7778,18.8889,80.0000
492.2222,305.5555,18.8889,80.0000
494.4445,311.1111,18.8889,80.0000
494.4445,308.8889,18.8889,80.0000
496.6667,306.6667,18.8889,80.0000
496.6667,304.4445,18.8889,80.0000
498.8889,310.0000,18.8889,80.0000
498.8889,307.7778,18.8889,80.0000
501.1111,305.5555,18.8889,80.0000
501.1111,303.3333,18.8889,80.0000
503.3333,308.8889,18.8889,80.0000
503.3333,306.6667,18.8889,80.0000
505.5555,304.4445,18.8889,80.0000
505.5555,302.2222,18.8889,80.0000
507.7778,307.7778,18.8889,80.0000
507.7778,305.5555,18.8889,80.0000
510.0000,303.3333,18.8889,80.0000
510.0000,301.1111,18.8889,80.0000
512.2222,306.6667,18.8889,80.0000
512.2222,304.4445,18.8889,80.0000
514.4445,302.2222,18.8889,80.0000
516.6667,307.7778,18.8889,80.0000
516.6667,305.5555,18.8889,80.0000
518.8889,303.3333,18.8889,80.0000
521.1111,301.1111,18.8889,80.0000
521.1111,306.6667,18.8889,80.0000
523.3333,304.4445,18.8889,80.0000
523.3333,302.2222,18.8889,80.0000
525.5555,307.7778,18.8889,80.0000
527.7778,305.5555,18.8889,80.0000
527.7778,303.3333,18.8889,80.0000
530.0000,308.8889,18.8889,80.0000
530.0000,306.6667,18.8889,80.0000
532.2222,304.4445,18.8889,80.0000
532.2222,302.2222,18.8889,80.0000
534.4445,307.7778,18.8889,80.0000
536.6667,305.5555,18.8889,80.0000
536.6667,303.3333,18.8889,80.0000
536.6667,301.1111,18.8889,80.0000
538.8889,306.6667,18.8889,80.0000
541.1111,304.4445,18.8889,80.0000
541.1111,302.2222,18.8889,80.0000
543.3333,307.7778,18.8889,80.0000
545.5555,305.5555,18.8889,80.0000
545.5555,303.3333,18.8889,80.0000
547.7778,308.8889,18.8889,80.0000
547.7778,306.6667,18.8889,80.0000
550.0000,304.4445,18.8889,80.0000
550.0000,302.2222,18.8889,80.0000
552.2222,307.7778,18.8889,80.0000
552.2222,305.5555,18.8889,80.0000
554.4445,303.3333,18.8889,80.0000
556.6667,301.1111,18.8889,80.0000
556.6667,298.8889,18.8889,80.0000
558.8889,304.4445,18.8889,80.0000
558.8889,302.2222,18.8889,80.0000
561.1111,307.7778,18.8889,80.0000
563.3333,305.5555,18.8889,80.0000
563.3333,303.3333,18.8889,80.0000
565.5555,308.8889,18.8889,80.0000
565.5555,306.6667,18.8889,80.0000
565.5555,304.4445,18.8889,80.0000
565.5555,302.2222,18.8889,80.0000
565.5555,307.7778,18.8889,80.0000
563.3333,305.5555,18.8889,80.0000
563.3333,303.3333,18.8889,80.0000
561.1111,301.1111,18.8889,80.0000
558.8889,306.6667,18.8889,80.0000
556.6667,304.4445,18.8889,80.0000
554.4445,302.2222,18.8889,80.0000
552.2222,307.7778,18.8889,80.0000
552.2222,305.5555,18.8889,80.0000
550.0000,303.3333,18.8889,80.0000
547.7778,301.1111,18.8889,80.0000
545.5555,306.6667,18.8889,80.0000
543.3333,304.4445,18.8889,80.0000
541.1111,310.0000,18.8889,80.0000
538.8889,307.7778,18.8889,80.0000
536.6667,305.5555,18.8889,80.0000
534.4445,303.3333,18.8889,80.0000
534.4445,308.8889,18.8889,80.0000
532.2222,306.6667,18.8889,80.0000
530.0000,304.4445,18.8889,80.0000
530.0000,310.0000,18.8889,80.0000
527.7778,307.7778,18.8889,80.0000
527.7778,305.5555,18.8889,80.0000
525.5555,303.3333,18.8889,80.0000
525.5555,308.8889,18.8889,80.0000
525.5555,306.6667,18.8889,80.0000
523.3333,304.4445,18.8889,80.0000
523.3333,310.0000,18.8889,80.0000
523.3333,307.7778,18.8889,80.0000
523.3333,305.5555,18.8889,80.0000
523.3333,303.3333,18.8889,80.0000
523.3333,308.8889,18.8889,80.0000
523.3333,306.6667,18.8889,80.0000
525.5555,304.4445,18.8889,80.0000
525.5555,310.0000,18.8889,80.0000
525.5555,307.7778,18.8889,80.0000
525.5555,313.3333,18.8889,80.0000
525.5555,311.1111,18.8889,80.0000
525.5555,308.8889,18.8889,80.0000
525.5555,306.6667,18.8889,80.0000
525.5555,312.2222,18.8889,80.0000
525.5555,310.0000,18.8889,80.0000
525.5555,307.7778,18.8889,80.0000
525.5555,313.3333,18.8889,80.0000
525.5555,311.1111,18.8889,80.0000
525.5555,308.8889,18.8889,80.0000
525.5555,306.6667,18.8889,80.0000
525.5555,312.2222,18.8889,80.0000
525.5555,310.0000,18.8889,80.0000
525.5555,307.7778,18.8889,80.0000
