1
422.9956,249.9931,43.0087,68.0138
422.0924,250.1461,42.8152,67.7078
422.1148,250.1816,42.7703,67.6367
421.1396,250.2207,42.7209,67.5586
421.2224,250.3517,42.5552,67.2966
420.2757,250.4360,42.4486,67.1280
420.3100,250.4902,42.3801,67.0196
419.3168,250.5011,42.3663,66.9979
419.3558,250.5626,42.2884,66.8747
418.3768,250.5959,42.2464,66.8083
418.3604,250.5700,42.2791,66.8600
417.3725,250.5891,42.2550,66.8218
417.4086,250.6461,42.1829,66.7078
416.4667,250.7380,42.0666,66.5240
416.5286,250.8359,41.9428,66.3282
415.6046,250.9561,41.7908,66.0878
415.5837,250.9230,41.8326,66.1539
414.5716,250.9040,41.8567,66.1920
414.5628,250.8900,41.8744,66.2199
413.5426,250.8581,41.9148,66.2839
413.5829,250.9218,41.8342,66.1565
413.6062,250.9587,41.7875,66.0826
412.6820,251.0785,41.6361,65.8431
412.6963,251.1010,41.6075,65.7979
411.7779,251.2301,41.4442,65.5397
411.7758,251.2269,41.4484,65.5462
411.8417,251.3311,41.3166,65.3378
410.9257,251.4639,41.1486,65.0722
410.8788,251.3898,41.2423,65.2204
409.9286,251.4686,41.1427,65.0628
409.9280,251.4675,41.1440,65.0650
409.9210,251.4565,41.1579,65.0870
408.9753,251.5423,41.0494,64.9153
408.9341,251.4772,41.1318,65.0456
408.9140,251.4454,41.1720,65.1092
408.9068,251.4340,41.1864,65.1320
407.9882,251.5627,41.0236,64.8745
407.9461,251.4962,41.1077,65.0075
407.9420,251.4897,41.1159,65.0205
406.9867,251.5603,41.0266,64.8794
406.9288,251.4688,41.1424,65.0623
407.8683,251.3731,41.2635,65.2539
407.8952,251.4157,41.2096,65.1686
407.8777,251.3879,41.2447,65.2241
407.8741,251.3824,41.2517,65.2352
407.8587,251.3580,41.2825,65.2840
407.8942,251.4141,41.2116,65.1719
408.8695,251.3750,41.2610,65.2499
408.8997,251.4229,41.2005,65.1543
409.9070,251.4344,41.1860,65.1313
410.8980,251.4202,41.2039,65.1597
410.9015,251.4256,41.1970,65.1488
412.9002,251.4236,41.1995,65.1527
413.8926,250.4116,41.2148,65.1769
414.9178,250.4515,41.1643,65.0970
416.9424,250.4904,41.1151,65.0192
417.9622,249.5215,41.0757,64.9569
419.0182,249.6101,40.9636,64.7797
421.0571,249.6717,40.8858,64.6566
422.1068,248.7503,40.7864,64.4994
423.1524,248.8224,40.6952,64.3551
424.2097,248.9129,40.5807,64.1741
424.2141,247.9199,40.5719,64.1602
425.2893,248.0389,40.4213,63.9221
425.3389,248.1174,40.3222,63.7653
426.3260,247.0969,40.3480,63.8061
426.4257,247.2546,40.1485,63.4907
426.4583,247.3062,40.0834,63.3877
426.4808,246.3418,40.0383,63.3164
427.5811,246.5004,39.8378,62.9993
427.6305,246.5784,39.7391,62.8432
427.5784,246.4961,39.8432,63.0078
427.5806,246.4995,39.8389,63.0010
428.5735,245.4883,39.8531,63.0235
428.7177,245.7164,39.5645,62.5672
428.8083,245.8596,39.3834,62.2807
428.8937,245.9947,39.2126,62.0106
428.8340,245.9002,39.3321,62.1995
428.8436,245.9154,39.3129,62.1692
428.8277,245.8904,39.3445,62.2192
429.7962,244.8405,39.4076,62.3189
429.8921,244.9922,39.2158,62.0156
429.8503,244.9261,39.2994,62.1479
429.8362,244.9037,39.3277,62.1926
430.8553,244.9340,39.2894,62.1320
430.8799,243.9729,39.2401,62.0541
430.8721,243.9605,39.2558,62.0789
430.8928,243.9933,39.2144,62.0134
431.9323,244.0557,39.1354,61.8886
431.9674,243.1112,39.0652,61.7776
432.0025,243.1668,38.9950,61.6664
433.0734,243.2788,38.8533,61.4424
433.1422,243.3876,38.7157,61.2248
434.1331,242.3733,38.7338,61.2534
434.2396,242.5417,38.5208,60.9165
434.2550,242.5661,38.4899,60.8677
435.2474,242.5540,38.5053,60.8920
435.2730,241.5946,38.4539,60.8108
435.2997,241.6367,38.4007,60.7266
436.2997,240.6368,38.4006,60.7265
436.3897,240.7791,38.2206,60.4418
436.3793,239.7626,38.2414,60.4748
436.3751,239.7559,38.2499,60.4882
437.3869,239.7746,38.2262,60.4508
437.4202,238.8273,38.1595,60.3453
437.4474,238.8702,38.1053,60.2595
438.4289,238.8410,38.1423,60.3181
438.4520,237.8776,38.0960,60.2448
439.4999,237.9533,38.0003,60.0934
439.5267,236.9958,37.9465,60.0084
440.5648,237.0559,37.8705,59.8882
440.5777,236.0764,37.8445,59.8471
441.6123,236.1311,37.7754,59.7378
442.6345,235.1661,37.7311,59.6677
443.6349,234.1669,37.7301,59.6662
444.6466,233.1854,37.7067,59.6292
444.6635,232.2121,37.6729,59.5758
445.6808,231.2395,37.6383,59.5211
446.7193,231.3003,37.5613,59.3993
447.7084,230.2831,37.5831,59.4338
448.7462,229.3429,37.5076,59.3143
448.8114,228.4460,37.3771,59.1080
449.8369,228.4864,37.3261,59.0273
449.8974,227.5819,37.2052,58.8362
450.8812,227.5563,37.2377,58.8875
450.9149,226.6097,37.1701,58.7806
451.9034,226.5914,37.1932,58.8172
451.8913,225.5722,37.2175,58.8556
452.8737,224.5445,37.2525,58.9110
452.9707,224.6979,37.0586,58.6043
453.9657,223.6899,37.0687,58.6202
453.9929,223.7329,37.0142,58.5341
455.0100,222.7599,36.9801,58.4801
455.0246,222.7831,36.9507,58.4337
456.0645,220.8462,36.8709,58.3075
456.1246,219.9412,36.7508,58.1176
457.1502,218.9817,36.6996,58.0366
457.1989,218.0587,36.6022,57.8826
457.2261,216.1017,36.5478,57.7966
458.1875,215.0407,36.6250,57.9186
458.2284,213.1053,36.5432,57.7893
458.2161,212.0859,36.5679,57.8283
459.1780,211.0257,36.6440,57.9486
459.2185,209.0897,36.5630,57.8206
460.2277,207.1043,36.5446,57.7914
460.2747,206.1786,36.4506,57.6428
461.3101,205.2346,36.3797,57.5307
461.3689,203.3275,36.2622,57.3449
461.4182,202.4056,36.1635,57.1888
462.4060,200.3863,36.1880,57.2275
462.4198,198.4081,36.1604,57.1838
462.4679,197.4841,36.0643,57.0319
463.4529,195.4604,36.0942,57.0792
463.4709,194.4888,36.0583,57.0224
464.4941,193.5255,36.0118,56.9489
464.5294,192.5815,35.9411,56.8371
465.5493,191.6129,35.9014,56.7743
465.5317,190.5850,35.9367,56.8301
466.5758,190.6548,35.8484,56.6904
466.5558,189.6230,35.8885,56.7539
467.5853,188.6698,35.8294,56.6604
468.6111,187.7106,35.7777,56.5787
468.6186,187.7224,35.7629,56.5553
468.6064,186.7032,35.7871,56.5936
469.6641,185.7943,35.6719,56.4113
470.6800,184.8195,35.6401,56.3611
470.7160,184.8765,35.5680,56.2470
470.7151,183.8751,35.5698,56.2499
471.7399,182.9143,35.5201,56.1713
471.7498,181.9299,35.5005,56.1403
471.7749,181.9696,35.4502,56.0608
472.8018,181.0121,35.3965,55.9759
471.8449,180.0803,35.3102,55.8394
471.9087,180.1811,35.1827,55.6377
470.9669,179.2732,35.0662,55.4536
470.9454,178.2392,35.1092,55.5216
469.9238,178.2051,35.1523,55.5897
468.9206,177.2000,35.1589,55.6001
468.9101,177.1833,35.1799,55.6333
468.0233,176.3624,34.9535,55.2752
467.0251,175.3652,34.9499,55.2696
467.0114,174.3436,34.9773,55.3129
466.0238,174.3632,34.9524,55.2736
466.0389,173.3871,34.9222,55.2259
465.0341,172.3795,34.9318,55.2410
465.0398,171.3886,34.9203,55.2228
465.0252,171.3655,34.9496,55.2691
464.0482,170.4018,34.9036,55.1964
464.0502,169.4050,34.8996,55.1901
464.0644,168.4274,34.8713,55.1453
463.1281,168.5281,34.7439,54.9439
463.1564,167.5729,34.6872,54.8541
463.1954,167.6346,34.6093,54.7309
462.1891,167.6247,34.6218,54.7507
462.1913,167.6281,34.6175,54.7439
461.2094,167.6568,34.5811,54.6864
461.2092,167.6564,34.5816,54.6872
460.2163,168.6677,34.5673,54.6646
460.2151,168.6658,34.5697,54.6684
459.2188,168.6716,34.5624,54.6568
459.2306,169.6902,34.5389,54.6196
458.2468,169.7158,34.5065,54.5684
458.3151,169.8238,34.3699,54.3524
458.3820,170.9297,34.2360,54.1406
458.4024,171.9620,34.1952,54.0761
457.4294,172.0047,34.1411,53.9906
457.5058,173.1254,33.9885,53.7492
457.5523,174.1991,33.8953,53.6019
457.5951,174.2667,33.8098,53.4666
458.6601,175.3695,33.6798,53.2610
458.6475,176.3495,33.7051,53.3010
458.6316,177.3244,33.7367,53.3511
458.6167,177.3008,33.7666,53.3984
458.6576,178.3655,33.6848,53.2689
458.7139,179.4545,33.5722,53.0909
458.7270,179.4753,33.5459,53.0494
458.7362,180.4899,33.5275,53.0203
459.7188,181.4622,33.5625,53.0755
459.6655,183.3781,33.6689,53.2439
459.6363,185.3318,33.7275,53.3364
459.6173,186.3018,33.7653,53.3963
458.6134,187.2955,33.7733,53.4089
458.6208,189.3074,33.7583,53.3853
458.6484,191.3510,33.7032,53.2981
458.6690,193.3835,33.6621,53.2330
458.6767,194.3957,33.6466,53.2086
458.6435,196.3431,33.7131,53.3137
457.6349,197.3295,33.7303,53.3409
457.6293,199.3208,33.7414,53.3585
457.6395,201.3369,33.7210,53.3262
457.6607,202.3704,33.6786,53.2592
456.6768,204.3958,33.6465,53.2084
456.7753,205.5516,33.4494,52.8968
456.8010,207.5923,33.3980,52.8155
456.7798,210.5587,33.4404,52.8826
456.7997,211.5903,33.4005,52.8194
456.8086,213.6044,33.3827,52.7913
455.8318,214.6409,33.3365,52.7181
455.8445,216.6611,33.3110,52.6779
455.8367,219.6487,33.3266,52.7026
454.8881,220.7300,33.2238,52.5399
454.9326,221.8005,33.1347,52.3990
454.9699,222.8593,33.0603,52.2814
454.9702,222.8599,33.0595,52.2802
453.9306,223.7972,33.1388,52.4055
453.9692,224.8583,33.0615,52.2834
452.9895,225.8903,33.0211,52.2194
453.0032,226.9120,32.9937,52.1760
453.0054,226.9155,32.9892,52.1690
451.9736,227.8652,33.0528,52.2695
452.0231,228.9436,32.9537,52.1129
452.0366,229.9648,32.9268,52.0704
451.0487,230.9840,32.9026,52.0320
451.0837,231.0394,32.8325,51.9212
450.0431,231.9751,32.9138,52.0498
450.0888,233.0474,32.8225,51.9053
450.1418,234.1312,32.7164,51.7376
450.1907,234.2086,32.6186,51.5829
450.2325,234.2746,32.5351,51.4508
450.2207,234.2560,32.5585,51.4879
450.2275,234.2667,32.5450,51.4666
450.2392,234.2852,32.5216,51.4295
450.2570,234.3133,32.4861,51.3733
450.3103,233.3976,32.3795,51.2048
450.3666,233.4867,32.2668,51.0266
451.4514,233.6208,32.0972,50.7583
451.4700,232.6503,32.0599,50.6994
451.4830,232.6709,32.0339,50.6583
452.4771,232.6614,32.0459,50.6772
452.5013,231.6996,31.9975,50.6007
452.5548,231.7844,31.8903,50.4312
453.6446,230.9263,31.7108,50.1474
453.5868,230.8349,31.8264,50.3301
453.5566,230.7872,31.8868,50.4257
454.6139,229.8778,31.7721,50.2443
454.5852,229.8324,31.8296,50.3351
454.5734,228.8137,31.8532,50.3726
455.6182,228.8846,31.7636,50.2309
455.5835,228.8297,31.8330,50.3406
455.6036,227.8616,31.7927,50.2769
456.6378,227.9156,31.7244,50.1688
456.5931,227.8449,31.8138,50.3102
456.5594,226.7916,31.8812,50.4167
456.5392,226.7598,31.9215,50.4805
456.5247,225.7368,31.9505,50.5264
456.5921,225.8433,31.8158,50.3134
457.6096,225.8710,31.7808,50.2580
457.5751,225.8164,31.8498,50.3672
457.5390,224.7594,31.9220,50.4812
457.5600,224.7925,31.8801,50.4150
458.6027,224.8600,31.7947,50.2799
458.5603,224.7930,31.8794,50.4139
458.5255,224.7379,31.9491,50.5242
458.5332,223.7502,31.9336,50.4996
458.5250,223.7371,31.9501,50.5257
458.5303,223.7456,31.9394,50.5088
458.5728,223.8129,31.8543,50.3743
458.5531,223.7817,31.8938,50.4366
458.5534,222.7821,31.8932,50.4358
458.5402,222.7613,31.9195,50.4774
458.5335,222.7506,31.9331,50.4988
458.5755,221.8171,31.8490,50.3658
458.5580,221.7894,31.8840,50.4212
458.5372,221.7565,31.9255,50.4869
458.5572,221.7881,31.8856,50.4238
458.5593,221.7915,31.8814,50.4171
458.5775,221.8202,31.8450,50.3595
458.5964,220.8501,31.8073,50.2999
458.5948,220.8475,31.8105,50.3049
457.5980,220.8527,31.8039,50.2946
457.6209,220.8889,31.7581,50.2222
457.6515,219.9373,31.6970,50.1254
457.6938,220.0042,31.6123,49.9915
457.6985,220.0116,31.6030,49.9768
457.7170,220.0409,31.5659,49.9182
457.7531,219.0978,31.4939,49.8043
456.7422,219.0807,31.5156,49.8386
456.7716,219.1272,31.4568,49.7457
456.8014,219.1743,31.3972,49.6514
456.8305,219.2203,31.3390,49.5594
455.8484,218.2487,31.3032,49.5027
455.8539,218.2574,31.2922,49.4853
455.8583,218.2643,31.2834,49.4714
455.8586,218.2647,31.2829,49.4706
454.8430,217.2402,31.3139,49.5196
454.8671,217.2781,31.2659,49.4437
454.8847,217.3060,31.2306,49.3880
454.8689,217.2810,31.2622,49.4379
453.8730,217.2875,31.2541,49.4250
453.8810,217.3002,31.2380,49.3997
453.8613,217.2690,31.2775,49.4621
453.8968,217.3251,31.2064,49.3497
453.8929,217.3190,31.2142,49.3619
453.8883,217.3117,31.2234,49.3766
454.9382,217.3906,31.1237,49.2188
454.9448,216.4011,31.1104,49.1978
454.9475,216.4053,31.1051,49.1894
455.9900,216.4726,31.0200,49.0548
455.9308,216.3790,31.1383,49.2420
455.9589,216.4233,31.0822,49.1533
457.0356,215.5448,30.9287,48.9105
456.9733,215.4462,31.0533,49.1076
456.9889,215.4708,31.0222,49.0583
456.9669,215.4360,31.0663,49.1281
458.0339,214.5421,30.9321,48.9159
457.9819,214.4597,31.0362,49.0806
457.9986,214.4862,31.0028,49.0277
457.9987,213.4863,31.0026,49.0273
458.0199,213.5198,30.9603,48.9605
459.0688,212.5972,30.8623,48.8055
459.0175,212.5161,30.9650,48.9679
458.9765,212.4513,31.0469,49.0975
458.9952,211.4808,31.0096,49.0385
458.9509,211.4107,31.0983,49.1787
458.9619,211.4281,31.0762,49.1438
459.0037,210.4942,30.9926,49.0115
458.9988,210.4865,31.0024,49.0271
458.9809,209.4582,31.0382,49.0836
459.0168,209.5150,30.9664,48.9701
458.9886,209.4704,31.0228,49.0593
458.9445,209.4006,31.1110,49.1989
458.9257,208.3709,31.1485,49.2581
459.9511,208.4111,31.0977,49.1778
459.9609,208.4266,31.0782,49.1469
459.9487,208.4072,31.1026,49.1855
459.9608,207.4264,31.0783,49.1471
459.9326,207.3818,31.1348,49.2365
459.9445,207.4005,31.1111,49.1990
459.9573,207.4208,31.0854,49.1584
459.9680,206.4378,31.0639,49.1244
459.9438,206.3994,31.1125,49.2012
459.9651,206.4332,31.0698,49.1336
459.9806,206.4576,31.0389,49.0848
459.9974,206.4843,31.0051,49.0313
459.9626,205.4292,31.0748,49.1416
460.0013,205.4904,30.9975,49.0193
459.9991,205.4869,31.0019,49.0262
460.0066,205.4989,30.9867,49.0023
459.9965,205.4828,31.0071,49.0345
459.9823,205.4604,31.0354,49.0792
460.0132,204.5092,30.9736,48.9816
459.9966,204.4830,31.0067,49.0339
459.9728,204.4453,31.0544,49.1093
459.9950,204.4805,31.0100,49.0390
459.9537,203.4152,31.0925,49.1696
460.0173,203.5158,30.9654,48.9685
460.0017,203.4911,30.9966,49.0178
459.9670,203.4362,31.0660,49.1277
460.0071,202.4996,30.9858,49.0008
459.9871,202.4680,31.0258,49.0640
461.0004,202.4890,30.9991,49.0219
460.9702,202.4412,31.0597,49.1176
460.9810,201.4584,31.0379,49.0833
460.9844,201.4638,31.0311,49.0725
460.9925,201.4765,31.0151,49.0471
460.9712,201.4428,31.0576,49.1144
461.0143,200.5109,30.9715,48.9781
460.9689,200.4393,31.0621,49.1215
460.9836,200.4624,31.0329,49.0753
461.0153,200.5126,30.9694,48.9749
459.9770,200.4520,31.0460,49.0960
460.0592,199.5819,30.8817,48.8361
460.0488,199.5655,30.9025,48.8690
460.0395,199.5508,30.9210,48.8984
460.0262,199.5297,30.9477,48.9406
460.0434,199.5571,30.9131,48.8859
460.0358,199.5450,30.9283,48.9099
460.0429,198.5563,30.9142,48.8875
460.0052,198.4966,30.9896,49.0069
459.9684,198.4383,31.0633,49.1233
459.9939,198.4787,31.0123,49.0427
459.9741,198.4474,31.0518,49.1051
459.0160,198.5137,30.9680,48.9727
459.0529,198.5720,30.8942,48.8560
459.0655,197.5920,30.8690,48.8161
459.0778,197.6114,30.8444,48.7772
459.0569,197.5784,30.8861,48.8431
459.0250,197.5280,30.9499,48.9441
458.9751,197.4490,31.0498,49.1019
459.0197,197.5196,30.9605,48.9609
457.9885,197.4701,31.0231,49.0597
458.0063,197.4982,30.9875,49.0035
457.9683,197.4383,31.0633,49.1234
458.0309,196.5372,30.9382,48.9256
456.9487,196.4073,31.1026,49.1855
456.9809,196.4582,31.0381,49.0836
457.0405,196.5524,30.9191,48.8953
457.0127,196.5084,30.9746,48.9832
456.9931,196.4774,31.0139,49.0452
455.9283,196.3750,31.1434,49.2501
455.9944,196.4795,31.0112,49.0409
455.9881,196.4696,31.0237,49.0608
455.9372,196.3891,31.1256,49.2219
454.9425,196.3974,31.1151,49.2052
454.9774,196.4527,31.0451,49.0946
454.0154,196.5127,30.9692,48.9746
453.9952,196.4808,31.0096,49.0385
453.9690,196.4393,31.0620,49.1214
452.9784,196.4543,31.0431,49.0915
453.0413,196.5537,30.9174,48.8926
452.0139,196.5103,30.9723,48.9794
451.9790,196.4551,31.0421,49.0898
450.9666,196.4356,31.0668,49.1288
450.9862,196.4665,31.0276,49.0669
449.9383,196.3908,31.1234,49.2184
449.9908,196.4739,31.0183,49.0522
448.9304,196.3783,31.1392,49.2433
448.9592,196.4238,31.0817,49.1524
447.9505,196.4101,31.0989,49.1797
447.9573,197.4209,31.0853,49.1582
446.9492,197.4080,31.1017,49.1840
446.9889,198.4708,31.0222,49.0584
445.9399,198.3933,31.1202,49.2133
445.9701,198.4410,31.0599,49.1180
444.9543,199.4162,31.0913,49.1676
443.9571,199.4205,31.0859,49.1591
444.0225,199.5240,30.9549,48.9520
442.9745,199.4480,31.0511,49.1041
443.0421,199.5550,30.9157,48.8900
441.9781,199.4538,31.0437,49.0924
442.0131,199.5090,30.9739,48.9820
440.9575,199.4212,31.0850,49.1577
440.9927,199.4768,31.0146,49.0464
439.9424,199.3974,31.1151,49.2053
438.9374,198.3893,31.1253,49.2214
438.9613,198.4272,31.0774,49.1457
437.9455,198.4022,31.1090,49.1956
437.9438,198.3995,31.1125,49.2011
436.9273,198.3734,31.1454,49.2531
435.8901,198.3147,31.2197,49.3707
434.8708,198.2841,31.2583,49.4317
434.8719,198.2858,31.2562,49.4284
433.8209,199.2052,31.3582,49.5897
433.8437,199.2411,31.3127,49.5177
432.8065,200.1824,31.3869,49.6351
431.8048,200.1796,31.3904,49.6407
430.8197,201.2032,31.3606,49.5935
429.8717,201.2854,31.2566,49.4291
429.9204,201.3625,31.1592,49.2750
428.9206,202.3628,31.1588,49.2744
427.9305,202.3784,31.1391,49.2432
426.9293,202.3766,31.1413,49.2467
426.9484,202.4067,31.1033,49.1866
425.9156,202.3549,31.1688,49.2902
424.8767,202.2934,31.2466,49.4133
423.8714,202.2850,31.2572,49.4299
422.8599,202.2668,31.2802,49.4663
422.9264,202.3720,31.1472,49.2560
421.9301,202.3778,31.1399,49.2445
420.9109,202.3476,31.1781,49.3049
419.8949,202.3221,31.2102,49.3557
418.9161,202.3558,31.1677,49.2885
418.9313,202.3797,31.1374,49.2406
417.9327,202.3820,31.1346,49.2361
416.9046,202.3374,31.1909,49.3251
415.8677,202.2791,31.2646,49.4417
414.8614,202.2692,31.2772,49.4616
413.8882,202.3117,31.2235,49.3767
412.8737,203.2887,31.2525,49.4226
411.8837,203.3045,31.2326,49.3911
410.9003,203.3307,31.1994,49.3387
410.9096,203.3455,31.1807,49.3090
409.8801,203.2988,31.2398,49.4025
408.8627,204.2713,31.2745,49.4574
407.8846,204.3060,31.2307,49.3881
406.8969,204.3253,31.2063,49.3495
405.8785,204.2963,31.2429,49.4074
404.8787,204.2965,31.2427,49.4070
403.8918,205.3173,31.2163,49.3654
402.8914,205.3166,31.2173,49.3669
401.8690,205.2813,31.2619,49.4375
400.9017,206.3329,31.1966,49.3342
399.9338,206.3837,31.1324,49.2326
399.9928,206.4769,31.0145,49.0461
398.9589,206.4234,31.0822,49.1532
399.0058,206.4975,30.9884,49.0049
398.9838,206.4627,31.0325,49.0746
400.0422,206.5552,30.9155,48.8897
401.0393,206.5505,30.9214,48.8990
402.0534,206.5728,30.8933,48.8545
402.0691,206.5976,30.8618,48.8047
403.1183,206.6755,30.7634,48.6490
404.1688,206.7553,30.6624,48.4893
405.2395,206.8671,30.5211,48.2658
406.2655,205.9083,30.4689,48.1834
407.2735,205.9209,30.4530,48.1582
409.4140,205.1431,30.1720,47.7139
412.4418,205.1870,30.1165,47.6260
416.5573,204.3698,29.8853,47.2605
422.7661,203.6999,29.4678,46.6003
427.5392,203.3410,29.9217,47.3180
434.5540,202.3645,29.8919,47.2709
442.4958,201.2724,30.0084,47.4552
450.5707,200.3909,29.8586,47.2182
461.5712,199.3916,29.8577,47.2168
470.5445,198.3495,29.9110,47.3010
479.5355,198.3352,29.9290,47.3296
487.4601,197.2160,30.0797,47.5679
495.5505,197.3590,29.8989,47.2820
503.6266,196.4792,29.7469,47.0416
507.8069,196.7644,29.3862,46.4712
509.9257,196.9522,29.1487,46.0956
513.0739,197.1866,28.8522,45.6268
514.1110,197.2453,28.7780,45.5093
514.0800,196.1964,28.8399,45.6073
515.0158,196.0948,28.9684,45.8104
515.0467,196.1436,28.9066,45.7128
515.0413,196.1351,28.9174,45.7298
516.0478,196.1453,28.9045,45.7094
517.1057,195.2369,28.7887,45.5262
517.0601,195.1647,28.8799,45.6705
518.0423,195.1366,28.9155,45.7268
519.0778,195.1929,28.8443,45.6142
521.1091,195.2422,28.7819,45.5155
523.1888,194.3683,28.6225,45.2635
525.1970,194.3813,28.6060,45.2374
527.2169,194.4127,28.5663,45.1746
529.3048,194.5518,28.3904,44.8965
531.3329,193.5963,28.3341,44.8074
534.3559,193.6326,28.2882,44.7348
536.3699,193.6547,28.2602,44.6906
538.4260,193.7434,28.1481,44.5133
540.4955,192.8535,28.0089,44.2931
542.5151,192.8844,27.9697,44.2312
544.5541,192.9460,27.8919,44.1081
546.5713,191.9732,27.8575,44.0537
548.5491,191.9381,27.9018,44.1238
549.5544,191.9465,27.8911,44.1069
551.5701,190.9712,27.8599,44.0575
553.5675,190.9672,27.8650,44.0656
555.6074,190.0303,27.7852,43.9394
557.6139,190.0406,27.7722,43.9188
559.6620,189.1167,27.6759,43.7665
560.7019,189.1797,27.5962,43.6406
562.7413,189.2420,27.5175,43.5160
564.7938,188.3252,27.4123,43.3497
565.8449,187.4059,27.3102,43.1882
567.8244,187.3735,27.3512,43.2531
569.8461,186.4077,27.3078,43.1845
571.8665,186.4400,27.2670,43.1199
573.8809,185.4627,27.2383,43.0746
574.9117,185.5114,27.1767,42.9771
575.9271,184.5358,27.1459,42.9283
576.9617,183.5907,27.0765,42.8187
577.9728,183.6082,27.0543,42.7835
577.9639,182.5940,27.0723,42.8120
578.9724,181.6075,27.0552,42.7850
579.0048,181.6587,26.9904,42.6825
580.0026,180.6553,26.9948,42.6894
582.0050,179.6591,26.9900,42.6819
583.0288,178.6967,26.9424,42.6066
585.0319,178.7016,26.9362,42.5968
586.0573,177.7417,26.8854,42.5165
588.0327,176.7028,26.9347,42.5945
590.0522,176.7337,26.8957,42.5327
591.0638,175.7521,26.8724,42.4958
593.0773,174.7734,26.8454,42.4533
594.0695,174.7611,26.8609,42.4777
595.0685,173.7595,26.8630,42.4810
598.0740,172.7683,26.8519,42.4635
600.0687,172.7599,26.8625,42.4803
602.1129,171.8297,26.7742,42.3406
604.1382,170.8698,26.7235,42.2604
607.1555,169.8971,26.6890,42.2059
610.1299,169.8566,26.7401,42.2867
613.1587,168.9021,26.6826,42.1958
615.1840,167.9422,26.6319,42.1156
618.1979,167.9641,26.6042,42.0718
620.1970,166.9628,26.6059,42.0745
624.2347,166.0224,26.5305,41.9552
627.2778,166.0906,26.4443,41.8189
629.2466,165.0412,26.5067,41.9176
632.2883,164.1071,26.4234,41.7858
634.3446,164.1961,26.3108,41.6078
637.4395,163.3461,26.1211,41.3078
640.4479,162.3594,26.1042,41.2811
643.4597,161.3782,26.0806,41.2437
646.4880,161.4229,26.0240,41.1542
648.4599,160.3785,26.0802,41.2431
651.5261,159.4832,25.9478,41.0337
654.5618,159.5396,25.8764,40.9208
657.5733,158.5578,25.8534,40.8845
659.5438,157.5112,25.9123,40.9776
662.5792,157.5670,25.8417,40.8659
665.6295,156.6466,25.7411,40.7068
668.6558,155.6882,25.6885,40.6236
671.6296,154.6468,25.7408,40.7064
673.6295,154.6466,25.7411,40.7069
677.6296,153.6468,25.7408,40.7063
681.6030,152.6048,25.7940,40.7904
684.5908,152.5854,25.8184,40.8291
687.5874,151.5801,25.8252,40.8399
691.5551,151.5290,25.8898,40.9420
695.6269,150.6425,25.7463,40.7150
701.7308,150.8069,25.5384,40.3863
706.8610,150.0126,25.2781,39.9747
711.8392,149.9782,25.3216,40.0435
716.8133,149.9373,25.3734,40.1254
721.8636,150.0169,25.2727,39.9661
728.0210,149.2658,24.9580,39.4684
732.9583,150.1666,25.0834,39.6667
738.0518,150.3144,24.8965,39.3712
742.0781,150.3561,24.8438,39.2878
747.1902,150.5334,24.6196,38.9333
752.2955,149.6998,24.4091,38.6004
756.2582,149.6409,24.4836,38.7182
759.2557,149.6370,24.4885,38.7260
762.2402,150.6124,24.5196,38.7752
765.2208,150.5818,24.5583,38.8364
767.2416,150.6147,24.5168,38.7707
770.2863,151.6853,24.4275,38.6295
772.2937,151.6970,24.4126,38.6060
774.3158,151.7320,24.3684,38.5360
776.3674,151.8135,24.2653,38.3730
779.3835,152.8391,24.2330,38.3219
782.4102,153.8812,24.1797,38.2377
785.3881,153.8463,24.2237,38.3073
788.4129,154.8856,24.1741,38.2289
790.4301,154.9127,24.1399,38.1747
793.4551,155.9522,24.0899,38.0956
796.4731,155.9808,24.0537,38.0385
799.5291,156.0692,23.9419,37.8617
801.5691,157.1325,23.8618,37.7350
804.5784,158.1472,23.8432,37.7056
808.6019,159.1844,23.7962,37.6311
810.6392,160.2434,23.7216,37.5132
813.6974,160.3354,23.6053,37.3293
816.7322,160.3905,23.5355,37.2190
819.7258,161.3804,23.5483,37.2392
823.6911,163.3255,23.6178,37.3490
826.7401,164.4030,23.5197,37.1940
829.7852,164.4743,23.4296,37.0514
832.8222,165.5327,23.3556,36.9345
835.8978,165.6524,23.2044,36.6953
841.9197,165.6870,23.1606,36.6260
842.9240,167.6938,23.1519,36.6124
845.8422,169.5644,23.3156,36.8712
848.8633,170.5978,23.2733,36.8043
850.7964,172.4920,23.4072,37.0160
854.7687,174.4482,23.4626,37.1036
857.7301,176.3871,23.5398,37.2258
859.7196,177.3706,23.5607,37.2589
861.6705,179.2928,23.6591,37.4143
863.6504,181.2610,23.6993,37.4779
866.6621,183.2796,23.6757,37.4407
867.7114,184.3575,23.5773,37.2850
869.7252,186.3793,23.5497,37.2414
870.7781,187.4631,23.4437,37.0737
872.7972,189.4933,23.4056,37.0134
874.8287,191.5432,23.3425,36.9137
875.9073,192.6674,23.1853,36.6651
877.9285,193.7010,23.1429,36.5981
878.9608,193.7520,23.0784,36.4961
880.0421,193.8804,22.9159,36.2391
880.1102,193.9883,22.7795,36.0234
881.1479,194.0479,22.7041,35.9042
881.0959,193.9657,22.8081,36.0686
881.0374,192.8731,22.9252,36.2538
881.0733,191.9298,22.8534,36.1403
881.0883,191.9536,22.8233,36.0927
880.0969,190.9671,22.8063,36.0658
880.0930,189.9609,22.8141,36.0781
879.1136,188.9936,22.7728,36.0127
878.1073,187.9836,22.7854,36.0328
877.1208,186.0051,22.7583,35.9898
877.1370,185.0306,22.7260,35.9388
876.1331,184.0244,22.7339,35.9513
875.1337,183.0254,22.7326,35.9492
875.1183,182.0010,22.7635,35.9981
874.0747,179.9321,22.8506,36.1358
874.0942,178.9630,22.8116,36.0741
874.1412,178.0372,22.7177,35.9257
874.1592,177.0658,22.6815,35.8685
874.1846,176.1058,22.6309,35.7884
875.2524,174.2130,22.4953,35.5739
875.2360,173.1871,22.5280,35.6257
875.2598,172.2248,22.4804,35.5503
876.2639,171.2312,22.4723,35.5377
876.2662,171.2350,22.4676,35.5301
877.3203,169.3205,22.3594,35.3591
878.3069,169.2992,22.3863,35.4016
879.3301,168.3360,22.3397,35.3279
880.3462,167.3614,22.3076,35.2772
880.3828,166.4192,22.2345,35.1616
881.4110,164.4639,22.1780,35.0722
882.4296,163.4932,22.1409,35.0136
883.4249,162.4858,22.1503,35.0284
884.4037,162.4524,22.1926,35.0953
886.4205,161.4789,22.1590,35.0422
887.4473,160.5213,22.1054,34.9573
888.4822,159.5765,22.0356,34.8470
889.5308,158.6533,21.9385,34.6934
890.5551,157.6919,21.8897,34.6163
892.6392,156.8248,21.7216,34.3504
895.6822,155.8928,21.6356,34.2145
897.7134,154.9422,21.5731,34.1155
899.7527,154.0042,21.4946,33.9915
900.7991,153.0776,21.4018,33.8448
901.8483,152.1555,21.3033,33.6889
902.8661,150.1835,21.2679,33.6329
903.9089,149.2512,21.1823,33.4976
904.9562,148.3261,21.0875,33.3477
906.9922,147.3830,21.0157,33.2341
908.0095,146.4103,20.9810,33.1793
909.0305,144.4436,20.9390,33.1128
911.0441,143.4651,20.9118,33.0699
911.0470,142.4697,20.9060,33.0607
913.0349,142.4505,20.9302,33.0990
914.0782,141.5190,20.8437,32.9621
917.0984,140.5510,20.8032,32.8981
918.1190,139.5834,20.7621,32.8331
920.1284,139.5984,20.7432,32.8032
922.1416,138.6193,20.7167,32.7614
923.1591,138.6470,20.6818,32.7061
925.1741,137.6707,20.6518,32.6586
926.1976,136.7079,20.6047,32.5841
928.1904,136.6965,20.6192,32.6070
930.1848,136.6875,20.6305,32.6249
932.1943,135.7026,20.6114,32.5948
936.1993,135.7104,20.6015,32.5791
938.1884,134.6933,20.6232,32.6135
941.1779,134.6766,20.6443,32.6468
944.1448,134.6243,20.7105,32.7515
947.1447,133.6241,20.7107,32.7518
951.1431,133.6217,20.7138,32.7567
954.1202,132.5854,20.7596,32.8291
957.1146,132.5766,20.7708,32.8469
960.1234,132.5905,20.7531,32.8189
963.0941,132.5441,20.8119,32.9118
968.0726,131.5102,20.8548,32.9796
971.0359,131.4522,20.9282,33.0957
975.0040,131.4017,20.9920,33.1966
978.9847,131.3712,21.0305,33.2575
982.9825,131.3677,21.0350,33.2647
988.9114,131.2553,21.1772,33.4895
993.8689,131.1880,21.2622,33.6239
997.8398,131.1420,21.3204,33.7160
1000.8493,131.1571,21.3013,33.6858
1003.8707,130.1908,21.2587,33.6184
1005.8837,129.2114,21.2327,33.5773
1005.8885,128.2190,21.2230,33.5620
1006.9105,127.2538,21.1790,33.4924
1006.9221,126.2722,21.1558,33.4556
1006.9454,125.3090,21.1092,33.3820
1005.9579,123.3288,21.0842,33.3424
1005.9957,121.3886,21.0086,33.2229
1006.0584,119.4877,20.8832,33.0245
1005.0823,117.5256,20.8353,32.9488
1005.1541,115.6389,20.6919,32.7221
1005.1246,112.5924,20.7508,32.8152
1006.0588,109.4884,20.8823,33.0232
1007.0732,107.5112,20.8535,32.9776
1008.1059,104.5629,20.7882,32.8743
1009.1171,100.5806,20.7657,32.8388
1011.0909,95.5391,20.8182,32.9219
1013.0494,90.4735,20.9011,33.0529
1014.0063,85.4053,20.9874,33.1893
1015.0028,80.3997,20.9944,33.2005
1016.9684,74.3454,21.0632,33.3092
1019.9785,65.3613,21.0431,33.2774
1020.9734,58.3532,21.0533,33.2935
1022.9970,51.3906,21.0060,33.2188
1024.0088,44.4093,20.9824,33.1815
1025.0234,36.4325,20.9530,33.1350
1027.0735,27.5115,20.8531,32.9769
1027.0907,21.5388,20.8186,32.9224
1027.0620,15.4934,20.8760,33.0132
1027.0850,9.5297,20.8301,32.9407
1027.1664,5.6585,20.6672,32.6830
1026.1442,-0.3768,20.7118,32.7535
1025.2078,-4.2761,20.5844,32.5521
1025.1320,-7.3961,20.7362,32.7921
1024.1798,-10.3203,20.6404,32.6406
1023.1807,-12.3190,20.6387,32.6379
1022.2321,-15.2377,20.5359,32.4754
1021.2087,-17.2746,20.5825,32.5491
2
0
0
0
0
0
2
0
0
0
0
0
2
0
0
0
0
0
2
0
0
0
0
0
2
0
0
0
0
0
2
0
0
0
0
0
2
0
0
0
0
0
2
0
0
0
0
0
2
0
0
0
0
0
2
0
0
0
0
0
2
0
0
0
0
0
2
0
0
0
0
0
2
0
0
0
0
0
2
0
0
0
0
0
2
0
0
0
0
0
2
0
0
0
0
0
2
0
0
0
0
0
2
0
0
0
0
0
2
0
0
0
0
0
2
0
0
0
0
0
2
0
0
0
0
0
2
0
0
0
0
0
2
0
0
0
0
0
2
0
0
0
0
0
2
0
0
0
0
0
2
0
0
0
0
0
2
0
0
0
0
0
2
0
0
0
0
0
2
0
0
0
0
0
2
0
0
0
0
0
2
0
0
0
0
0
2
0
0
0
0
0
2
0
0
0
0
0
2
0
0
0
0
0
2
0
0
0
0
0
2
0
0
0
0
0
2
0
0
0
0
0
2
0
0
0
0
0
2
0
0
0
0
0
2
0
0
0
0
0
2
0
0
0
0
0
2
0
0
0
0
0
2
0
0
0
0
0
2
0
0
0
0
0
2
0
0
0
0
0
2
0
0
0
0
0
2
0
0
0
0
0
2
0
0
0
0
0
2
0
0
0
0
0
2
0
0
0
0
0
2
0
0
0
0
0
2
0
0
0
0
0
2
0
0
0
0
0
2
0
0
0
0
0
2
0
0
0
0
0
2
0
0
0
0
0
2
0
0
0
0
0
2
0
0
0
0
0
2
0
0
0
0
0
2
0
0
0
0
0
2
0
0
0
0
0
2
0
0
0
0
0
2
0
0
0
0
0
2
0
0
0
0
0
2
0
0
0
0
0
2
0
0
0
0
0
2
0
0
0
0
0
2
0
0
0
0
0
2
0
0
0
0
0
2
0
0
0
0
0
2
0
0
0
0
0
2
0
0
0
0
0
2
0
0
0
0
0
2
0
0
0
0
0
2
0
0
0
0
0
2
0
0
0
0
0
2
0
0
0
0
0
2
0
0
0
0
0
2
0
0
0
0
0
2
0
0
0
0
0
2
0
0
0
0
0
2
0
0
0
0
0
2
0
0
0
0
0
2
0
0
0
0
0
2
0
0
0
0
0
