1
748.0000,457.0000,11.0000,37.0000
749.0000,457.0000,11.0000,37.0000
749.0000,457.0000,11.0000,37.0000
749.0000,457.0000,11.0000,37.0000
748.0000,458.0000,11.0000,37.0000
747.0000,458.0000,11.0000,37.0000
745.0000,458.0000,11.0000,37.0000
742.0000,458.0000,11.0000,37.0000
739.0000,459.0000,11.0000,37.0000
734.0000,459.0000,11.0000,37.0000
730.0000,460.0000,11.0000,37.0000
725.0000,460.0000,11.0000,37.0000
720.0000,461.0000,11.0000,37.0000
714.0000,461.0000,11.0000,37.0000
707.0000,462.0000,11.0000,37.0000
701.0000,462.0000,11.0000,37.0000
695.0000,462.0000,11.0000,37.0000
689.0000,463.0000,11.0000,37.0000
683.0000,463.0000,11.0000,37.0000
676.0000,463.0000,11.0000,37.0000
670.0000,463.0000,11.0000,37.0000
665.0000,464.0000,11.0000,37.0000
660.0000,464.0000,11.0000,37.0000
655.0000,465.0000,11.0000,37.0000
648.0000,465.0000,11.0000,37.0000
643.0000,465.0000,11.0000,37.0000
639.0000,466.0000,11.0000,37.0000
634.0000,466.0000,11.0000,37.0000
629.0000,466.0000,11.0000,37.0000
624.0000,467.0000,11.0000,37.0000
620.0000,467.0000,11.0000,37.0000
616.0000,467.0000,11.0000,37.0000
612.0000,467.0000,11.0000,37.0000
608.0000,467.0000,11.0000,37.0000
603.0000,468.0000,11.0000,37.0000
600.0000,468.0000,11.0000,37.0000
597.0000,469.0000,11.0000,37.0000
594.0000,470.0000,11.0000,37.0000
591.0000,470.0000,11.0000,37.0000
588.0000,471.0000,11.0000,37.0000
587.0000,472.0000,11.0000,37.0000
585.0000,472.0000,11.0000,37.0000
584.0000,473.0000,11.0000,37.0000
583.0000,473.0000,11.0000,37.0000
583.0000,473.0000,11.0000,37.0000
583.0000,474.0000,11.0000,37.0000
583.0000,474.0000,11.0000,37.0000
584.0000,474.0000,11.0000,37.0000
585.0000,474.0000,11.0000,37.0000
587.0000,474.0000,11.0000,37.0000
589.0000,475.0000,11.0000,37.0000
592.0000,475.0000,11.0000,37.0000
594.0000,476.0000,11.0000,37.0000
597.0000,476.0000,11.0000,37.0000
600.0000,477.0000,11.0000,37.0000
603.0000,477.0000,11.0000,37.0000
606.0000,477.0000,11.0000,37.0000
608.0000,477.0000,11.0000,37.0000
611.0000,477.0000,11.0000,37.0000
615.0000,478.0000,11.0000,37.0000
617.0000,478.0000,11.0000,37.0000
620.0000,478.0000,11.0000,37.0000
623.0000,478.0000,11.0000,37.0000
625.0000,479.0000,11.0000,37.0000
629.0000,479.0000,11.0000,37.0000
632.0000,480.0000,11.0000,37.0000
634.0000,480.0000,11.0000,37.0000
637.0000,481.0000,11.0000,37.0000
640.0000,481.0000,11.0000,37.0000
644.0000,482.0000,11.0000,37.0000
646.0000,482.0000,11.0000,37.0000
649.0000,483.0000,11.0000,37.0000
652.0000,483.0000,11.0000,37.0000
654.0000,484.0000,11.0000,37.0000
658.0000,485.0000,11.0000,37.0000
660.0000,485.0000,11.0000,37.0000
663.0000,486.0000,11.0000,37.0000
665.0000,486.0000,11.0000,37.0000
668.0000,487.0000,11.0000,37.0000
670.0000,487.0000,11.0000,37.0000
671.0000,488.0000,11.0000,37.0000
671.0000,488.0000,11.0000,37.0000
670.0000,489.0000,11.0000,37.0000
668.0000,489.0000,11.0000,37.0000
664.0000,490.0000,11.0000,37.0000
660.0000,490.0000,11.0000,37.0000
655.0000,491.0000,11.0000,37.0000
650.0000,491.0000,11.0000,37.0000
644.0000,492.0000,11.0000,37.0000
644.0000,505.0000,11.0000,37.0000
641.0000,509.0000,11.0000,37.0000
639.0000,510.0000,11.0000,37.0000
2
0
0
0
0
0
2
0
0
0
0
0
2
0
0
0
0
0
2
0
0
0
0
0
2
0
0
0
0
0
2
0
0
0
0
0
2
0
0
0
0
0
2
0
0
0
0
0
2
0
0
0
0
0
2
0
0
0
0
0
2
0
0
0
0
0
2
0
0
0
0
0
2
0
0
0
0
0
2
0
0
0
0
0
2
0
0
0
0
0
2
0
0
0
0
0
2
0
0
0
0
0
2
0
0
0
0
0
2
0
0
0
0
0
2
0
0
0
0
0
648.0000,483.0000,11.0000,37.0000
649.0000,482.0000,11.0000,37.0000
649.0000,480.0000,11.0000,37.0000
650.0000,480.0000,11.0000,37.0000
651.0000,478.0000,11.0000,37.0000
652.0000,483.0000,11.0000,37.0000
655.0000,481.0000,11.0000,37.0000
659.0000,480.0000,11.0000,37.0000
662.0000,479.0000,11.0000,37.0000
665.0000,478.0000,11.0000,37.0000
668.0000,478.0000,11.0000,37.0000
671.0000,477.0000,11.0000,37.0000
674.0000,477.0000,11.0000,37.0000
677.0000,476.0000,11.0000,37.0000
680.0000,476.0000,11.0000,37.0000
682.0000,474.0000,11.0000,37.0000
685.0000,473.0000,11.0000,37.0000
688.0000,470.0000,11.0000,37.0000
691.0000,469.0000,11.0000,37.0000
693.0000,467.0000,11.0000,37.0000
695.0000,466.0000,11.0000,37.0000
697.0000,464.0000,11.0000,37.0000
700.0000,463.0000,11.0000,37.0000
702.0000,462.0000,11.0000,37.0000
704.0000,461.0000,11.0000,37.0000
706.0000,461.0000,11.0000,37.0000
708.0000,460.0000,11.0000,37.0000
711.0000,459.0000,11.0000,37.0000
713.0000,459.0000,11.0000,37.0000
715.0000,459.0000,11.0000,37.0000
716.0000,458.0000,11.0000,37.0000
718.0000,458.0000,11.0000,37.0000
720.0000,458.0000,11.0000,37.0000
722.0000,458.0000,11.0000,37.0000
724.0000,458.0000,11.0000,37.0000
726.0000,458.0000,11.0000,37.0000
728.0000,459.0000,11.0000,37.0000
730.0000,459.0000,11.0000,37.0000
732.0000,460.0000,11.0000,37.0000
734.0000,460.0000,11.0000,37.0000
736.0000,461.0000,11.0000,37.0000
738.0000,462.0000,11.0000,37.0000
741.0000,462.0000,11.0000,37.0000
743.0000,462.0000,11.0000,37.0000
745.0000,462.0000,11.0000,37.0000
747.0000,462.0000,11.0000,37.0000
749.0000,462.0000,11.0000,37.0000
751.0000,462.0000,11.0000,37.0000
754.0000,462.0000,11.0000,37.0000
755.0000,462.0000,11.0000,37.0000
757.0000,462.0000,11.0000,37.0000
759.0000,462.0000,11.0000,37.0000
761.0000,463.0000,11.0000,37.0000
762.0000,463.0000,11.0000,37.0000
762.0000,463.0000,11.0000,37.0000
760.0000,463.0000,11.0000,37.0000
757.0000,463.0000,11.0000,37.0000
752.0000,464.0000,11.0000,37.0000
747.0000,463.0000,11.0000,37.0000
745.0000,463.0000,11.0000,37.0000
742.0000,461.0000,11.0000,37.0000
2
0
0
0
0
0
2
0
0
0
0
0
2
0
0
0
0
0
2
0
0
0
0
0
2
0
0
0
0
0
2
0
0
0
0
0
2
0
0
0
0
0
2
0
0
0
0
0
2
0
0
0
0
0
2
0
0
0
0
0
2
0
0
0
0
0
2
0
0
0
0
0
2
0
0
0
0
0
2
0
0
0
0
0
2
0
0
0
0
0
2
0
0
0
0
0
2
0
0
0
0
0
2
0
0
0
0
0
2
0
0
0
0
0
2
0
0
0
0
0
2
0
0
0
0
0
2
0
0
0
0
0
2
0
0
0
0
0
2
0
0
0
0
0
2
0
0
0
0
0
2
0
0
0
0
0
2
0
0
0
0
0
2
0
0
0
0
0
2
0
0
0
0
0
2
0
0
0
0
0
2
0
0
0
0
0
2
0
0
0
0
0
2
0
0
0
0
0
2
0
0
0
0
0
2
0
0
0
0
0
2
0
0
0
0
0
2
0
0
0
0
0
2
0
0
0
0
0
2
0
0
0
0
0
2
0
0
0
0
0
2
0
0
0
0
0
2
0
0
0
0
0
2
0
0
0
0
0
2
0
0
0
0
0
2
0
0
0
0
0
2
0
0
0
0
0
2
0
0
0
0
0
2
0
0
0
0
0
2
0
0
0
0
0
2
0
0
0
0
0
2
0
0
0
0
0
2
0
0
0
0
0
2
0
0
0
0
0
2
0
0
0
0
0
2
0
0
0
0
0
2
0
0
0
0
0
2
0
0
0
0
0
2
0
0
0
0
0
2
0
0
0
0
0
2
0
0
0
0
0
2
0
0
0
0
0
2
0
0
0
0
0
2
0
0
0
0
0
2
0
0
0
0
0
2
0
0
0
0
0
2
0
0
0
0
0
2
0
0
0
0
0
2
0
0
0
0
0
2
0
0
0
0
0
2
0
0
0
0
0
2
0
0
0
0
0
2
0
0
0
0
0
2
0
0
0
0
0
2
0
0
0
0
0
2
0
0
0
0
0
2
0
0
0
0
0
2
0
0
0
0
0
2
0
0
0
0
0
2
0
0
0
0
0
2
0
0
0
0
0
2
0
0
0
0
0
2
0
0
0
0
0
2
0
0
0
0
0
2
0
0
0
0
0
2
0
0
0
0
0
2
0
0
0
0
0
2
0
0
0
0
0
2
0
0
0
0
0
2
0
0
0
0
0
2
0
0
0
0
0
2
0
0
0
0
0
2
0
0
0
0
0
2
0
0
0
0
0
2
0
0
0
0
0
2
0
0
0
0
0
2
0
0
0
0
0
2
0
0
0
0
0
2
0
0
0
0
0
2
0
0
0
0
0
2
0
0
0
0
0
2
0
0
0
0
0
2
0
0
0
0
0
2
0
0
0
0
0
2
0
0
0
0
0
2
0
0
0
0
0
2
0
0
0
0
0
2
0
0
0
0
0
2
0
0
0
0
0
2
0
0
0
0
0
2
0
0
0
0
0
2
0
0
0
0
0
2
0
0
0
0
0
2
0
0
0
0
0
2
0
0
0
0
0
2
0
0
0
0
0
2
0
0
0
0
0
2
0
0
0
0
0
2
0
0
0
0
0
2
0
0
0
0
0
2
0
0
0
0
0
2
0
0
0
0
0
2
0
0
0
0
0
2
0
0
0
0
0
2
0
0
0
0
0
2
0
0
0
0
0
2
0
0
0
0
0
2
0
0
0
0
0
2
0
0
0
0
0
2
0
0
0
0
0
2
0
0
0
0
0
2
0
0
0
0
0
2
0
0
0
0
0
2
0
0
0
0
0
2
0
0
0
0
0
2
0
0
0
0
0
2
0
0
0
0
0
2
0
0
0
0
0
2
0
0
0
0
0
2
0
0
0
0
0
2
0
0
0
0
0
2
0
0
0
0
0
2
0
0
0
0
0
2
0
0
0
0
0
2
0
0
0
0
0
2
0
0
0
0
0
2
0
0
0
0
0
2
0
0
0
0
0
2
0
0
0
0
0
2
0
0
