1
387.0000,348.5000,48.0000,113.0000
2
0
0
0
0
0
2
0
0
0
0
0
2
0
0
0
0
0
2
0
0
0
0
0
2
0
0
0
0
0
2
0
0
0
0
0
2
0
0
0
0
0
2
0
0
0
0
0
2
0
0
0
0
0
2
0
0
0
0
0
2
0
0
0
0
0
2
0
0
0
0
0
2
0
0
0
0
0
2
0
0
0
0
0
2
0
0
0
0
0
2
0
0
0
0
0
2
0
0
0
0
0
2
0
0
0
0
0
2
0
0
0
0
0
2
0
0
0
0
0
2
0
0
0
0
0
2
0
0
0
0
0
2
0
0
0
0
0
2
0
0
0
0
0
2
0
0
0
0
0
2
0
0
0
0
0
2
0
0
0
0
0
2
0
0
0
0
0
2
0
0
0
0
0
2
0
0
0
0
0
2
0
0
0
0
0
2
0
0
0
0
0
2
0
0
0
0
0
2
0
0
0
0
0
2
0
0
0
0
0
2
0
0
0
0
0
2
0
0
0
0
0
2
0
0
0
0
0
2
0
0
0
0
0
2
0
0
0
0
0
2
0
0
0
0
0
2
0
0
0
0
0
2
0
0
0
0
0
2
0
0
0
0
0
2
0
0
0
0
0
2
0
0
0
0
0
2
0
0
0
0
0
2
0
0
0
0
0
2
0
0
0
0
0
2
0
0
0
0
0
2
0
0
0
0
0
2
0
0
0
0
0
397.0000,469.0000,48.0000,113.0000
396.0000,467.5000,48.0000,113.0000
395.0000,466.0000,48.0000,113.0000
396.0000,463.5000,48.0000,113.0000
394.0000,462.0000,48.0000,113.0000
394.0000,462.5000,48.0000,113.0000
393.0000,461.0000,48.0000,113.0000
393.0000,458.5000,48.0000,113.0000
393.0000,456.0000,48.0000,113.0000
389.0000,454.5000,48.0000,113.0000
389.0000,455.0000,48.0000,113.0000
393.0000,451.5000,48.0000,113.0000
390.0000,451.0000,48.0000,113.0000
388.0000,448.5000,48.0000,113.0000
386.0000,447.0000,48.0000,113.0000
386.0000,447.5000,48.0000,113.0000
387.0000,445.0000,48.0000,113.0000
388.0000,443.5000,48.0000,113.0000
386.0000,443.0000,48.0000,113.0000
385.0000,441.5000,48.0000,113.0000
384.0000,440.0000,48.0000,113.0000
384.0000,440.5000,48.0000,113.0000
381.0000,439.0000,48.0000,113.0000
382.0000,437.5000,48.0000,113.0000
382.0000,436.0000,48.0000,113.0000
383.0000,434.5000,48.0000,113.0000
383.0000,435.0000,48.0000,113.0000
385.0000,433.5000,48.0000,113.0000
387.0000,451.0000,48.0000,113.0000
393.0000,450.5000,48.0000,113.0000
397.0000,483.0000,48.0000,113.0000
397.0000,482.5000,48.0000,113.0000
389.0000,477.0000,48.0000,113.0000
386.0000,475.5000,48.0000,113.0000
387.0000,477.0000,48.0000,113.0000
391.0000,480.5000,48.0000,113.0000
391.0000,481.0000,48.0000,113.0000
396.0000,483.5000,48.0000,113.0000
400.0000,483.0000,48.0000,113.0000
406.0000,487.5000,48.0000,113.0000
395.0000,484.0000,48.0000,113.0000
394.0000,483.5000,48.0000,113.0000
388.0000,477.0000,48.0000,113.0000
386.0000,477.5000,48.0000,113.0000
386.0000,477.0000,48.0000,113.0000
390.0000,482.5000,48.0000,113.0000
395.0000,487.0000,48.0000,113.0000
395.0000,487.5000,48.0000,113.0000
400.0000,488.0000,48.0000,113.0000
409.0000,486.5000,48.0000,113.0000
398.0000,479.0000,48.0000,113.0000
390.0000,475.5000,48.0000,113.0000
389.0000,475.0000,48.0000,113.0000
386.0000,473.5000,48.0000,113.0000
388.0000,479.0000,48.0000,113.0000
391.0000,484.5000,48.0000,113.0000
396.0000,489.0000,48.0000,113.0000
396.0000,489.5000,48.0000,113.0000
402.0000,491.0000,48.0000,113.0000
399.0000,497.5000,48.0000,113.0000
390.0000,498.0000,48.0000,113.0000
384.0000,491.5000,48.0000,113.0000
383.0000,497.0000,48.0000,113.0000
383.0000,497.5000,48.0000,113.0000
389.0000,532.0000,48.0000,113.0000
396.0000,538.5000,48.0000,113.0000
398.0000,517.0000,48.0000,113.0000
402.0000,505.5000,48.0000,113.0000
402.0000,505.0000,48.0000,113.0000
390.0000,503.5000,48.0000,113.0000
384.0000,500.0000,48.0000,113.0000
382.0000,502.5000,48.0000,113.0000
386.0000,507.0000,48.0000,113.0000
386.0000,507.5000,48.0000,113.0000
391.0000,512.0000,48.0000,113.0000
397.0000,515.5000,48.0000,113.0000
405.0000,516.0000,48.0000,113.0000
402.0000,524.5000,48.0000,113.0000
402.0000,524.0000,48.0000,113.0000
393.0000,518.5000,48.0000,113.0000
389.0000,512.0000,48.0000,113.0000
389.0000,514.5000,48.0000,113.0000
394.0000,520.0000,48.0000,113.0000
