1
672.9797,56.9415,33.0406,95.1170
672.9504,56.8573,33.0991,95.2853
672.8977,55.7055,33.2046,95.5890
672.9658,55.9014,33.0685,95.1972
673.0075,56.0216,32.9850,94.9568
672.9812,54.9459,33.0376,95.1081
672.9777,54.9358,33.0446,95.1285
673.9825,53.9497,33.0349,95.1006
674.9987,53.9961,33.0027,95.0079
675.0340,54.0978,32.9321,94.8044
676.0009,53.0024,32.9983,94.9952
677.0126,53.0362,32.9749,94.9277
677.9794,52.9407,33.0412,95.1186
678.9881,52.9658,33.0238,95.0685
679.0032,53.0092,32.9936,94.9817
679.9337,52.8091,33.1326,95.3817
680.9344,53.8114,33.1311,95.3773
681.9004,53.7132,33.1992,95.5736
682.9037,53.7227,33.1927,95.5546
683.9070,54.7324,33.1859,95.5352
684.9131,54.7499,33.1737,95.5002
685.9334,54.8084,33.1331,95.3833
686.9460,55.8447,33.1079,95.3105
686.9217,55.7745,33.1567,95.4510
687.9204,55.7709,33.1592,95.4583
688.8847,55.6681,33.2306,95.6638
689.8968,55.7029,33.2064,95.5942
689.8906,55.6852,33.2187,95.6297
690.9239,56.7808,33.1523,95.4383
691.8810,56.6575,33.2379,95.6849
692.8863,56.6727,33.2274,95.6546
692.8877,56.6767,33.2246,95.6467
693.8907,56.6855,33.2185,95.6291
693.8563,56.5861,33.2875,95.8277
693.8029,57.4326,33.3942,96.1348
693.7542,57.2923,33.4917,96.4155
693.7366,58.2417,33.5268,96.5165
693.6827,58.0866,33.6346,96.8269
693.6071,58.8690,33.7858,97.2621
693.5064,59.5791,33.9872,97.8419
694.4203,59.3314,34.1593,98.3372
694.3835,60.2251,34.2331,98.5498
695.3543,61.1413,34.2913,98.7175
696.3607,62.1594,34.2787,98.6812
697.3503,63.1296,34.2994,98.7408
699.3517,63.1336,34.2966,98.7327
700.3643,64.1698,34.2715,98.6604
701.3401,64.1003,34.3198,98.7993
702.3358,65.0879,34.3284,98.8243
703.3112,65.0171,34.3776,98.9659
703.2587,65.8659,34.4827,99.2683
704.2242,65.7665,34.5517,99.4670
704.2001,66.6973,34.5998,99.6054
705.1943,67.6805,34.6114,99.6390
705.1868,67.6589,34.6264,99.6822
706.2526,68.8484,34.4948,99.3032
706.2760,69.9158,34.4480,99.1684
706.2798,69.9268,34.4404,99.1465
705.3766,71.2053,34.2468,98.5894
705.4340,72.3705,34.1321,98.2591
704.4973,73.5526,34.0055,97.8947
704.5328,74.6550,33.9344,97.6900
703.5380,75.6700,33.9240,97.6599
702.5749,77.7763,33.8502,97.4475
701.5804,78.7922,33.8391,97.4157
700.6028,79.8565,33.7944,97.2870
699.5914,81.8236,33.8173,97.3529
697.5755,82.7780,33.8490,97.4440
695.4937,83.5422,34.0128,97.9155
693.4671,85.4659,34.0658,98.0682
691.4301,86.3594,34.1398,98.2811
689.4400,87.3879,34.1200,98.2242
686.4393,88.3860,34.1213,98.2281
684.4391,88.3852,34.1218,98.2295
681.4644,89.4580,34.0713,98.0840
678.4726,90.4818,34.0548,98.0365
675.5452,92.6909,33.9095,97.6183
673.5774,93.7834,33.8452,97.4333
670.6288,94.9316,33.7423,97.1369
668.6221,95.9122,33.7557,97.1756
666.5990,96.8457,33.8020,97.3087
664.5786,98.7869,33.8428,97.4263
662.5520,99.7103,33.8960,97.5793
660.5829,101.7992,33.8342,97.4016
658.5400,102.6757,33.9201,97.6487
657.4996,104.5594,34.0008,97.8812
656.3981,105.2674,34.2037,98.4652
654.4247,107.3437,34.1507,98.3126
653.3368,109.0908,34.3264,98.8185
653.2516,109.8455,34.4968,99.3090
652.1949,111.6824,34.6101,99.6351
652.1444,112.5369,34.7112,99.9262
652.1296,114.4944,34.7407,100.0112
653.0862,115.3696,34.8275,100.2609
654.0717,116.3275,34.8567,100.3449
656.1099,118.4376,34.7802,100.1248
658.1678,119.6043,34.6644,99.7913
660.2253,120.7700,34.5493,99.4600
663.3412,123.1034,34.3176,98.7932
666.3980,124.2670,34.2040,98.4660
670.5043,126.5729,33.9915,97.8543
674.5331,127.6559,33.9338,97.6881
678.5995,129.8472,33.8009,97.3056
683.5922,130.8261,33.8156,97.3478
688.6346,132.9480,33.7309,97.1040
693.6374,134.9562,33.7252,97.0877
698.6996,137.1352,33.6008,96.7296
704.7575,140.3019,33.4850,96.3962
709.7513,142.2840,33.4974,96.4319
715.8325,144.5177,33.3351,95.9647
720.8282,146.5055,33.3435,95.9889
726.8375,148.5323,33.3249,95.9354
731.8065,151.4428,33.3871,96.1145
736.7582,153.3040,33.4835,96.3920
741.7714,155.3420,33.4572,96.3160
745.7630,157.3177,33.4740,96.3647
748.7795,159.3652,33.4410,96.2696
751.7134,160.1749,33.5732,96.6501
753.6940,162.1190,33.6120,96.7619
754.6358,163.9515,33.7285,97.0971
755.5292,164.6447,33.9416,97.7106
755.4673,166.4664,34.0655,98.0673
755.4490,167.4136,34.1021,98.1727
753.5079,169.5833,33.9842,97.8334
751.5073,170.5815,33.9855,97.8370
749.5270,172.6382,33.9461,97.7235
747.5720,173.7677,33.8561,97.4646
743.7114,176.1693,33.5771,96.6613
740.7076,177.1582,33.5849,96.6837
736.7958,179.4121,33.4084,96.1758
733.7603,180.3098,33.4795,96.3804
729.7750,181.3522,33.4500,96.2956
726.7862,183.3846,33.4276,96.2309
722.8010,184.4272,33.3979,96.1456
718.7396,186.2505,33.5207,96.4991
715.6716,187.0545,33.6569,96.8910
712.7181,189.1886,33.5637,96.6229
708.7574,190.3015,33.4853,96.3970
705.7363,191.2408,33.5275,96.5184
701.8234,193.4915,33.3533,96.0170
698.7330,194.2314,33.5340,96.5372
694.7332,195.2321,33.5335,96.5359
691.7014,196.1405,33.5971,96.7190
688.6986,197.1324,33.6028,96.7353
685.7027,198.1441,33.5946,96.7117
682.6974,200.1288,33.6053,96.7424
680.6914,201.1117,33.6171,96.7766
678.6461,201.9813,33.7077,97.0374
677.6433,203.9731,33.7134,97.0538
676.5969,205.8394,33.8063,97.3213
676.5397,206.6750,33.9205,97.6499
676.5255,208.6340,33.9490,97.7320
677.5251,210.6328,33.9498,97.7344
678.4893,212.5298,34.0214,97.9404
679.4669,213.4653,34.0662,98.0695
680.4761,215.4917,34.0479,98.0166
681.4688,217.4706,34.0625,98.0589
683.4598,219.4449,34.0804,98.1103
684.3278,220.0648,34.3444,98.8703
686.3228,222.0503,34.3545,98.8994
687.2748,223.9122,34.4505,99.1756
688.2447,224.8255,34.5107,99.3489
690.2886,226.9520,34.4228,99.0960
691.2540,227.8524,34.4921,99.2953
692.2518,229.8461,34.4964,99.3077
694.1868,230.6589,34.6264,99.6822
695.1796,231.6383,34.6407,99.7233
696.1853,232.6547,34.6293,99.6906
698.2015,234.7014,34.5969,99.5972
699.2527,235.8487,34.4946,99.3027
700.2660,236.8870,34.4680,99.2260
701.2971,237.9763,34.4059,99.0474
702.2670,238.8899,34.4660,99.2202
703.2873,240.9482,34.4255,99.1036
704.2480,241.8353,34.5039,99.3293
704.2438,242.8230,34.5124,99.3539
705.2523,244.8474,34.4955,99.3052
705.2189,245.7513,34.5623,99.4975
704.2205,246.7561,34.5590,99.4879
704.1959,247.6850,34.6083,99.6301
703.1670,248.6020,34.6660,99.7960
702.1107,250.4398,34.7787,100.1204
702.0686,251.3187,34.8628,100.3626
701.0388,252.2328,34.9225,100.5344
699.0349,252.2217,34.9302,100.5566
697.9908,253.0949,35.0183,100.8102
696.9457,253.9648,35.1087,101.0704
695.9005,253.8348,35.1990,101.3304
693.9006,253.8350,35.1989,101.3301
692.8812,254.7793,35.2375,101.4413
691.8453,254.6760,35.3093,101.6481
689.8510,254.6923,35.2980,101.6154
687.8862,255.7937,35.2275,101.4126
686.8845,255.7886,35.2311,101.4228
685.9185,256.8867,35.1629,101.2266
683.8902,256.8052,35.2196,101.3896
682.8949,257.8186,35.2102,101.3627
681.8849,257.7899,35.2302,101.4203
679.8972,258.8252,35.2056,101.3496
678.9106,258.8640,35.1787,101.2721
677.9860,260.0810,35.0280,100.8381
675.9567,260.9964,35.0867,101.0071
674.9307,260.9216,35.1387,101.1569
673.9308,261.9221,35.1384,101.1559
671.9033,261.8429,35.1933,101.3141
670.9171,262.8825,35.1658,101.2350
669.8965,262.8232,35.2071,101.3537
668.8884,263.8000,35.2232,101.4001
666.8541,263.7012,35.2918,101.5977
665.8059,263.5624,35.3882,101.8751
664.8106,263.5760,35.3788,101.8481
663.7833,263.4972,35.4335,102.0056
662.7547,263.4151,35.4906,102.1698
661.7097,263.2856,35.5805,102.4288
660.7017,263.2623,35.5967,102.4753
660.6747,263.1848,35.6506,102.6305
659.6102,262.9991,35.7796,103.0018
659.5945,262.9539,35.8109,103.0921
659.5789,262.9090,35.8422,103.1821
659.5711,262.8865,35.8578,103.2270
658.5652,262.8696,35.8696,103.2609
658.5785,262.9078,35.8430,103.1843
658.6124,263.0053,35.7753,102.9894
658.6389,263.0815,35.7223,102.8370
658.6508,264.1158,35.6985,102.7684
658.6019,263.9752,35.7962,103.0496
658.5616,263.8591,35.8768,103.2818
658.5562,263.8435,35.8876,103.3129
658.5358,263.7847,35.9285,103.4306
658.5103,263.7116,35.9793,103.5768
657.4874,263.6455,36.0252,103.7089
657.4655,263.5825,36.0690,103.8349
657.4122,263.4290,36.1756,104.1420
657.3388,263.2178,36.3224,104.5644
657.2612,261.9945,36.4775,105.0110
656.2731,262.0285,36.4539,104.9431
655.2420,260.9391,36.5160,105.1219
655.2620,260.9966,36.4761,105.0069
654.2591,259.9884,36.4818,105.0233
653.2964,260.0958,36.4071,104.8084
651.3274,260.1849,36.3452,104.6301
650.3545,259.2629,36.2910,104.4741
649.4413,259.5129,36.1174,103.9742
647.4768,258.6151,36.0464,103.7699
645.5695,258.8820,35.8610,103.2361
644.5882,258.9358,35.8236,103.1285
642.5715,258.8878,35.8569,103.2244
640.5646,257.8678,35.8708,103.2644
638.5755,257.8991,35.8490,103.2017
636.5822,257.9184,35.8356,103.1632
634.5854,257.9276,35.8292,103.1447
633.5840,256.9235,35.8321,103.1530
630.6141,257.0102,35.7719,102.9796
629.5947,255.9543,35.8107,103.0914
627.5917,255.9459,35.8165,103.1082
625.5509,254.8284,35.8981,103.3431
623.5503,253.8266,35.8994,103.3467
621.5176,252.7326,35.9647,103.5349
619.5029,251.6902,35.9942,103.6195
617.4802,250.6249,36.0396,103.7503
615.4897,249.6521,36.0206,103.6958
613.4871,248.6446,36.0258,103.7108
611.5188,248.7359,35.9624,103.5282
610.4530,247.5466,36.0939,103.9068
608.4227,246.4594,36.1545,104.0812
607.4359,245.4971,36.1284,104.0059
605.4432,244.5183,36.1136,103.9634
604.4769,244.6152,36.0463,103.7696
602.4854,243.6398,36.0292,103.7205
601.5531,243.8347,35.8938,103.3306
600.5815,243.9164,35.8371,103.1673
599.5566,242.8449,35.8867,103.3103
598.5889,242.9377,35.8223,103.1247
597.6392,243.0825,35.7216,102.8349
596.6444,243.0975,35.7112,102.8050
595.6514,242.1177,35.6972,102.7645
594.6868,242.2196,35.6264,102.5608
593.6589,241.1392,35.6822,102.7215
592.7461,241.3902,35.5078,102.2195
590.7588,240.4268,35.4824,102.1464
589.7733,239.4687,35.4533,102.0626
588.8495,239.6882,35.3008,101.6236
586.9257,239.9073,35.1486,101.1853
585.9545,238.9902,35.0910,101.0197
584.0469,239.2564,34.9061,100.4872
582.1418,239.5294,34.7164,99.9412
580.1772,238.6313,34.6456,99.7374
578.2058,238.7136,34.5884,99.5727
576.2416,238.8167,34.5168,99.3665
574.2623,238.8763,34.4754,99.2474
572.2323,238.7899,34.5354,99.4202
570.2313,238.7872,34.5373,99.4257
568.2432,238.8213,34.5136,99.3573
566.1949,238.6824,34.6101,99.6352
564.2104,238.7269,34.5792,99.5463
563.2298,238.7828,34.5404,99.4344
562.2369,238.8031,34.5262,99.3937
560.2133,238.7354,34.5733,99.5293
559.1979,237.6908,34.6043,99.6185
558.2176,237.7476,34.5648,99.5048
557.1649,236.5960,34.6702,99.8081
556.1666,236.6007,34.6669,99.7987
556.1089,235.4349,34.7821,100.1303
556.1415,235.5287,34.7169,99.9426
555.0955,234.3962,34.8089,100.2075
555.1428,234.5324,34.7143,99.9352
556.1129,234.4463,34.7741,100.1073
557.1393,234.5221,34.7215,99.9558
558.0856,233.3675,34.8289,100.2650
559.0915,233.3845,34.8171,100.2309
561.0969,233.4002,34.8062,100.1996
563.0406,232.2380,34.9189,100.5240
565.0323,232.2143,34.9353,100.5714
567.9832,232.0729,35.0335,100.8541
569.9926,232.0999,35.0148,100.8002
572.9416,231.9531,35.1168,101.0937
575.9402,231.9490,35.1196,101.1019
577.9332,231.9288,35.1337,101.1425
580.8296,231.6306,35.3408,101.7388
583.7741,231.4709,35.4518,102.0583
586.7301,231.3443,35.5397,102.3114
589.6536,231.1241,35.6927,102.7518
592.5698,229.8826,35.8605,103.2347
595.6117,230.0033,35.7766,102.9934
598.6021,229.9757,35.7958,103.0486
601.6642,230.1545,35.6716,102.6910
603.7121,230.2925,35.5757,102.4150
606.7094,229.2845,35.5813,102.4311
608.8615,230.7224,35.2771,101.5552
610.9744,231.0477,35.0511,100.9047
612.0533,230.2748,34.8933,100.4504
614.1737,230.6213,34.6526,99.7574
615.3569,231.1486,34.2862,98.7027
616.4141,232.3134,34.1718,98.3732
617.4518,232.4220,34.0963,98.1560
618.4883,232.5269,34.0234,97.9461
619.5389,233.6727,33.9222,97.6547
620.5797,233.7901,33.8406,97.4198
620.6786,234.0748,33.6428,96.8504
620.7509,235.2830,33.4981,96.4340
620.7834,235.3764,33.4332,96.2471
620.8065,235.4429,33.3870,96.1142
621.8287,235.5068,33.3427,95.9865
621.8889,236.6801,33.2222,95.6397
621.9036,236.7224,33.1929,95.5552
622.9362,236.8163,33.1276,95.3673
622.9474,235.8486,33.1052,95.3028
623.9903,235.9720,33.0195,95.0561
624.0254,236.0731,32.9492,94.8539
625.0695,237.2002,32.8609,94.5996
626.0725,237.2087,32.8550,94.5826
627.0900,237.2592,32.8200,94.4817
628.1313,237.3780,32.7374,94.2441
629.1591,237.4580,32.6818,94.0840
631.1803,238.5190,32.6394,93.9620
632.2090,238.6017,32.5820,93.7966
633.2664,239.7667,32.4673,93.4665
635.2908,239.8371,32.4184,93.3258
636.3376,240.9718,32.3248,93.0564
638.3117,241.8974,32.3765,93.2052
640.2462,242.7087,32.5077,93.5826
643.1617,242.4656,32.6766,94.0689
645.1365,243.3930,32.7270,94.2141
648.1020,244.2936,32.7960,94.4128
650.0620,244.1783,32.8761,94.6434
653.0233,245.0670,32.9535,94.8660
655.0246,246.0708,32.9508,94.8583
657.0345,246.0993,32.9310,94.8014
658.0786,246.2262,32.8429,94.5477
660.1005,247.2892,32.7991,94.4216
661.1356,247.3905,32.7287,94.2190
663.1697,248.4884,32.6607,94.0232
664.2231,248.6424,32.5537,93.7152
665.2697,249.7764,32.4606,93.4472
665.3121,249.8985,32.3758,93.2029
666.3145,250.9053,32.3710,93.1894
665.3556,251.0236,32.2889,92.9528
664.4002,252.1521,32.1996,92.6959
663.3563,252.0257,32.2874,92.9486
662.3831,253.1027,32.2339,92.7946
659.3515,254.0120,32.2970,92.9761
656.3427,254.9866,32.3146,93.0268
653.3232,254.9303,32.3537,93.1393
649.3600,256.0363,32.2800,92.9273
645.3773,257.0862,32.2454,92.8276
640.2632,256.7578,32.4735,93.4844
635.2236,257.6438,32.5527,93.7124
630.2854,258.8217,32.4291,93.3566
624.2472,259.7117,32.5056,93.5766
618.2975,260.8565,32.4050,93.2870
612.2917,260.8397,32.4166,93.3205
606.3163,261.9106,32.3674,93.1788
600.3263,262.9393,32.3474,93.1214
594.3576,264.0294,32.2848,92.9411
588.3905,265.1242,32.2190,92.7516
582.3929,266.1311,32.2142,92.7377
575.2966,267.8539,32.4068,93.2922
569.2877,268.8280,32.4247,93.3439
562.2473,270.7118,32.5055,93.5764
555.2222,271.6397,32.5556,93.7206
549.1955,273.5627,32.6091,93.8746
543.2186,275.6292,32.5629,93.7417
539.2466,276.7101,32.5067,93.5798
536.3073,277.8844,32.3856,93.2311
534.4084,280.1758,32.1831,92.6484
534.4041,281.1632,32.1919,92.6735
535.3619,282.0419,32.2762,92.9163
537.3833,284.1034,32.2334,92.7932
539.3500,285.0076,32.3000,92.9849
543.2697,285.7763,32.4607,93.4474
546.2336,286.6726,32.5327,93.6548
550.1647,287.4742,32.6706,94.0516
555.1650,288.4749,32.6701,94.0502
559.1295,289.3729,32.7409,94.2542
564.0685,290.1973,32.8629,94.6054
569.0215,291.0618,32.9571,94.8764
573.0723,292.2082,32.8553,94.5836
577.0629,294.1812,32.8741,94.6376
582.0245,295.0705,32.9510,94.8590
585.0355,297.1021,32.9291,94.7959
589.0068,298.0195,32.9865,94.9610
591.9974,298.9926,33.0051,95.0148
594.0001,301.0002,32.9999,94.9996
596.9047,301.7257,33.1905,95.5485
598.9594,303.8832,33.0812,95.2337
599.9387,304.8234,33.1227,95.3531
601.9259,305.7867,33.1482,95.4267
602.9691,306.9111,33.0618,95.1779
604.0781,308.2249,32.8438,94.5502
604.1006,310.2896,32.7988,94.4208
604.1522,311.4383,32.6955,94.1235
604.1934,312.5569,32.6131,93.8862
604.3224,314.9281,32.3552,93.1439
604.3635,316.0465,32.2730,92.9071
603.4122,317.1867,32.1756,92.6266
602.4802,318.3825,32.0395,92.2350
600.5074,319.4609,31.9851,92.0782
598.5433,320.5642,31.9133,91.8716
596.5984,321.7227,31.8032,91.5547
594.5504,322.5846,31.8991,91.8309
591.5633,323.6215,31.8735,91.7570
589.6509,325.8740,31.6981,91.2521
586.6522,326.8774,31.6957,91.2452
585.6396,327.8413,31.7207,91.3173
583.7070,329.0352,31.5861,90.9296
582.6896,329.9854,31.6207,91.0293
580.7745,331.2295,31.4511,90.5411
579.8016,332.3076,31.3968,90.3847
578.8192,333.3582,31.3616,90.2835
578.8132,334.3411,31.3735,90.3177
578.8120,335.3375,31.3761,90.3250
578.8530,336.4554,31.2941,90.0891
579.8798,336.5327,31.2405,89.9347
580.9111,337.6227,31.1779,89.7545
582.9242,338.6606,31.1516,89.6789
584.9462,339.7239,31.1076,89.5521
587.9910,341.8530,31.0179,89.2940
590.9957,342.8664,31.0086,89.2672
593.9941,343.8618,31.0118,89.2765
598.0186,344.9322,30.9629,89.1355
601.9371,345.6976,31.1259,89.6048
604.9727,347.8002,31.0546,89.3996
608.8769,348.5244,31.2462,89.9512
611.8657,349.4923,31.2685,90.0154
614.7371,350.1219,31.5259,90.7563
617.7502,352.1598,31.4995,90.6805
620.6219,352.7903,31.7562,91.4195
622.5994,353.7256,31.8011,91.5487
624.5679,355.6350,31.8641,91.7301
625.5700,356.6409,31.8600,91.7182
627.6252,358.7997,31.7497,91.4006
628.6370,359.8339,31.7259,91.3321
628.6479,360.8652,31.7042,91.2696
629.6510,362.8741,31.6980,91.2519
629.7042,364.0272,31.5916,90.9455
629.6739,365.9399,31.6523,91.1201
630.7067,367.0345,31.5865,90.9310
630.7145,368.0568,31.5711,90.8864
630.8250,370.3748,31.3501,90.2504
630.8672,371.4965,31.2656,90.0070
630.8945,372.5749,31.2111,89.8501
630.9581,373.7583,31.0837,89.4833
630.9778,374.8151,31.0443,89.3698
630.9861,375.8388,31.0278,89.3223
630.9552,376.7498,31.0897,89.5005
629.8858,377.5501,31.2283,89.8998
629.7819,378.2509,31.4362,90.4983
629.7798,379.2450,31.4403,90.5099
628.8041,380.3149,31.3917,90.3701
627.8660,381.4930,31.2681,90.0141
627.8029,382.3115,31.3941,90.3771
626.8350,383.4037,31.3301,90.1927
625.8871,383.5537,31.2259,89.8927
624.9258,385.6652,31.1484,89.6696
624.9581,385.7580,31.0839,89.4840
624.0541,387.0347,30.8917,88.9305
623.1153,388.2107,30.7694,88.5786
621.2122,389.4897,30.5756,88.0206
620.2338,390.5519,30.5324,87.8962
618.2737,391.6666,30.4527,87.6668
617.2765,392.6747,30.4471,87.6507
616.2550,393.6129,30.4900,87.7741
616.2595,394.6259,30.4810,87.7482
615.2492,395.5963,30.5015,87.8074
615.2355,396.5569,30.5289,87.8863
614.2081,397.4778,30.5838,88.0443
614.1172,398.2164,30.7655,88.5672
614.0817,399.1140,30.8366,88.7719
614.0005,398.8804,30.9989,89.2392
613.9482,399.7297,31.1036,89.5406
613.8607,399.4776,31.2787,90.0449
612.8153,400.3471,31.3694,90.3058
613.7673,400.2087,31.4655,90.5825
613.7433,400.1399,31.5134,90.7203
613.7360,400.1187,31.5281,90.7627
614.7441,400.1423,31.5117,90.7155
614.7472,401.1510,31.5056,90.6980
615.6945,400.9993,31.6110,91.0013
615.6973,401.0073,31.6055,90.9855
616.6968,401.0060,31.6064,90.9881
617.7126,401.0515,31.5748,90.8971
618.7335,401.1114,31.5331,90.7772
618.7626,402.1953,31.4748,90.6093
620.7935,402.2842,31.4130,90.4315
621.8425,402.4255,31.3149,90.1490
622.9167,403.6391,31.1665,89.7218
623.9518,403.7400,31.0964,89.5200
625.0161,404.9250,30.9679,89.1501
627.0090,404.9046,30.9821,89.1908
628.9945,405.8629,31.0110,89.2742
629.9445,405.7191,31.1109,89.5617
631.9149,406.6338,31.1702,89.7324
632.8802,406.5340,31.2396,89.9321
634.8282,406.3844,31.3435,90.2313
635.8450,407.4325,31.3100,90.1350
636.8004,407.3040,31.3993,90.3920
637.7584,407.1831,31.4833,90.6338
638.7651,407.2025,31.4699,90.5951
639.7834,408.2553,31.4332,90.4894
640.7759,408.2337,31.4481,90.5325
640.7693,408.2149,31.4613,90.5703
641.7535,408.1692,31.4930,90.6616
641.7852,408.2604,31.4296,90.4792
642.8497,409.4460,31.3007,90.1081
642.8914,409.5660,31.2173,89.8680
642.9639,410.7750,31.0721,89.4500
643.0257,410.9528,30.9486,89.0944
643.0775,411.1017,30.8451,88.7966
642.1842,412.4090,30.6316,88.1820
642.2081,412.4778,30.5838,88.0443
642.2431,412.5787,30.5138,87.8426
641.3118,413.7764,30.3764,87.4473
641.3226,413.8074,30.3549,87.3852
641.3115,413.7755,30.3770,87.4490
640.3067,413.7617,30.3866,87.4765
639.3084,413.7667,30.3832,87.4667
637.3235,412.8100,30.3531,87.3800
636.3395,412.8563,30.3209,87.2875
634.3766,411.9630,30.2467,87.0739
633.4255,412.1036,30.1491,86.7929
632.4590,411.2002,30.0820,86.5996
631.5065,410.3370,29.9869,86.3259
631.5101,410.3472,29.9798,86.3055
632.4917,409.2944,30.0165,86.4113
632.5154,409.3624,29.9693,86.2752
633.5000,408.3181,30.0001,86.3638
634.5187,408.3722,29.9625,86.2556
634.5237,407.3864,29.9526,86.2273
635.5482,407.4571,29.9035,86.0859
637.5707,406.5217,29.8586,85.9565
637.6680,406.8017,29.6641,85.3967
639.7169,406.9424,29.5663,85.1152
640.7639,407.0779,29.4722,84.8442
641.8242,407.2515,29.3516,84.4970
642.8176,407.2326,29.3647,84.5348
643.8459,407.3140,29.3082,84.3720
645.8805,407.4135,29.2391,84.1731
646.9046,407.4829,29.1908,84.0341
647.9435,407.5948,29.1131,83.8104
649.9574,407.6349,29.0853,83.7303
650.9765,406.6900,29.0470,83.6201
652.0134,406.7961,28.9732,83.4077
652.9946,406.7422,29.0107,83.5157
654.0026,406.7651,28.9948,83.4698
654.9716,405.6758,29.0568,83.6484
655.9530,405.6223,29.0940,83.7554
657.0253,405.8303,28.9495,83.3395
658.0132,404.7955,28.9737,83.4090
659.0616,404.9351,28.8767,83.1299
660.1133,405.0838,28.7734,82.8324
660.1855,404.2916,28.6290,82.4168
660.2742,404.5471,28.4515,81.9059
661.3582,404.7888,28.2836,81.4224
661.4240,403.9780,28.1521,81.0440
662.4860,404.1566,28.0280,80.6867
662.5554,403.3564,27.8893,80.2873
662.5949,403.4703,27.8101,80.0594
662.6455,403.6159,27.7089,79.7681
662.6480,403.6230,27.7040,79.7541
662.6440,402.6117,27.7119,79.7766
662.6637,402.6682,27.6726,79.6637
662.6489,402.6256,27.7022,79.7487
662.6095,401.5123,27.7810,79.9755
663.6086,401.5096,27.7828,79.9808
663.6370,401.5915,27.7259,79.8170
664.6674,401.6787,27.6653,79.6427
664.6531,400.6376,27.6939,79.7248
664.7486,400.9126,27.5028,79.1748
665.7610,400.9483,27.4780,79.1034
665.7628,400.9536,27.4743,79.0928
666.7314,399.8631,27.5372,79.2738
666.8113,400.0931,27.3774,78.8137
667.8414,401.1799,27.3171,78.6401
667.9117,401.3820,27.1767,78.2359
668.9781,401.5735,27.0437,77.8530
669.0941,402.9071,26.8119,77.1858
669.1580,403.0912,26.6840,76.8177
668.2528,404.3642,26.4943,76.2716
668.2942,404.4833,26.4116,76.0333
667.3429,405.6235,26.3142,75.7530
666.4723,405.9960,26.0554,75.0081
665.5267,407.1527,25.9466,74.6946
664.6198,408.4206,25.7604,74.1588
664.6273,408.4421,25.7455,74.1158
663.7112,408.6836,25.5777,73.6328
662.7262,408.7270,25.5476,73.5461
661.7701,409.8535,25.4597,73.2930
659.7880,409.9049,25.4240,73.1902
658.7798,409.8811,25.4405,73.2377
656.7692,409.8508,25.4615,73.2983
654.7362,409.7558,25.5275,73.4884
652.6616,409.5411,25.6767,73.9179
650.6328,409.4579,25.7345,74.0842
646.6216,409.4260,25.7567,74.1480
643.6275,409.4428,25.7450,74.1144
638.7316,409.7426,25.5367,73.5147
633.7595,409.8226,25.4811,73.3548
628.7507,409.7973,25.4987,73.4053
622.7297,409.7370,25.5406,73.5259
615.7540,409.8071,25.4919,73.3859
608.7764,410.8713,25.4473,73.2574
601.7652,410.8393,25.4696,73.3214
593.7401,410.7670,25.5198,73.4660
585.7147,411.6938,25.5707,73.6125
576.7101,411.6806,25.5798,73.6389
568.6249,412.4354,25.7501,74.1292
560.6255,412.4372,25.7489,74.1255
552.6057,413.3800,25.7886,74.2400
543.6169,413.4124,25.7661,74.1751
535.6388,414.4753,25.7224,74.0494
527.7084,415.6758,25.5831,73.6484
520.7021,416.6575,25.5958,73.6850
512.7039,416.6628,25.5921,73.6743
505.6985,417.6472,25.6030,73.7055
498.6773,418.5862,25.6454,73.8277
491.6282,419.4449,25.7435,74.1101
486.6270,419.4415,25.7459,74.1171
480.6169,420.4121,25.7663,74.1758
475.6152,421.4073,25.7697,74.1854
471.5801,421.3065,25.8397,74.3871
468.5789,422.3028,25.8423,74.3944
465.5881,422.3293,25.8239,74.3414
463.6293,423.4480,25.7414,74.1040
461.6168,423.4119,25.7665,74.1763
460.5719,423.2827,25.8562,74.4345
459.5756,423.2934,25.8488,74.4132
459.5450,423.2053,25.9100,74.5893
458.5616,423.2532,25.8767,74.4936
458.4887,422.0432,26.0226,74.9137
457.4380,420.8974,26.1239,75.2053
457.3615,419.6770,26.2770,75.6459
457.3801,419.7305,26.2399,75.5390
457.3701,418.7020,26.2597,75.5960
457.3516,417.6487,26.2967,75.7027
456.3517,416.6488,26.2966,75.7024
455.3517,415.6487,26.2967,75.7026
453.3745,415.7144,26.2510,75.5711
452.3366,414.6053,26.3268,75.7893
451.3155,413.5445,26.3691,75.9110
449.2747,412.4272,26.4506,76.1457
447.3121,411.5348,26.3758,75.9304
445.3383,410.6104,26.3233,75.7792
443.3233,409.5672,26.3533,75.8656
442.2690,407.4108,26.4620,76.1784
440.2973,406.4922,26.4054,76.0155
438.2752,405.4286,26.4496,76.1428
436.1581,403.0916,26.6837,76.8168
434.1131,400.9619,26.7739,77.0763
432.0785,398.8624,26.8430,77.2753
429.9833,396.5883,27.0334,77.8233
428.9140,394.3889,27.1720,78.2223
426.8309,391.1495,27.3382,78.7010
424.8145,389.1023,27.3710,78.7953
422.7812,386.0065,27.4376,78.9870
421.6910,383.7470,27.6179,79.5061
419.6050,380.4993,27.7900,80.0015
418.5492,378.3387,27.9015,80.3226
417.4569,375.0731,28.0861,80.8539
416.4068,371.9286,28.1865,81.1429
415.3412,368.7399,28.3175,81.5202
414.3067,365.6404,28.3866,81.7191
413.3133,363.6595,28.3734,81.6811
412.2213,360.3947,28.5574,82.2106
412.2026,357.3409,28.5947,82.3182
412.1832,355.2851,28.6335,82.4298
411.1354,352.1475,28.7291,82.7051
411.0478,348.8951,28.9044,83.2097
411.0384,346.8682,28.9231,83.2636
410.0438,343.8838,28.9123,83.2325
410.0238,340.8262,28.9524,83.3477
409.9970,337.7488,29.0061,83.5023
409.9521,334.6199,29.0957,83.7603
409.9505,331.6150,29.0991,83.7701
409.9359,328.5729,29.1283,83.8541
410.8856,324.4283,29.2288,84.1434
411.9071,321.4902,29.1857,84.0195
411.9108,317.5008,29.1784,83.9983
412.8592,314.3523,29.2816,84.2955
414.7465,310.0278,29.5070,84.9443
417.6618,306.7839,29.6764,85.4322
419.5840,302.5600,29.8320,85.8800
422.5486,299.4579,29.9029,86.0842
425.4733,295.2413,30.0534,86.5174
428.4478,292.1681,30.1043,86.6639
431.3653,287.9305,30.2694,87.1391
434.2833,283.6942,30.4335,87.6116
438.2791,280.6823,30.4417,87.6353
441.1591,276.3368,30.6818,88.3265
445.0748,273.0941,30.8504,88.8119
447.8962,268.5799,31.2076,89.8401
451.9405,266.7074,31.1191,89.5852
454.8779,262.5272,31.2443,89.9457
458.8260,259.3779,31.3480,90.2441
462.8231,256.3694,31.3539,90.2611
466.7816,252.2502,31.4367,90.4996
469.7281,248.0960,31.5438,90.8079
472.7310,245.1043,31.5381,90.7914
476.6349,240.8278,31.7302,91.3444
480.5863,236.6879,31.8273,91.6241
484.5883,233.6935,31.8234,91.6129
488.5990,230.7245,31.8019,91.5510
491.6404,227.8435,31.7193,91.3131
494.6681,224.9234,31.6638,91.1532
497.6867,220.9768,31.6266,91.0464
501.7697,218.2159,31.4605,90.5682
504.8411,215.4214,31.3177,90.1571
508.9399,212.7059,31.1201,89.5883
512.9667,209.7829,31.0666,89.4342
516.9825,206.8285,31.0349,89.3430
521.0148,203.9215,30.9703,89.1569
525.9683,200.7874,31.0635,89.4253
529.9688,197.7888,31.0625,89.4224
534.8967,194.5814,31.2066,89.8372
539.8940,192.5737,31.2119,89.8525
544.8200,189.3607,31.3600,90.2787
549.8058,186.3199,31.3883,90.3603
553.8361,183.4071,31.3277,90.1858
557.8163,180.3501,31.3673,90.2998
562.7624,176.1948,31.4752,90.6104
566.7643,173.2001,31.4715,90.5998
570.7711,170.2197,31.4579,90.5605
574.7888,167.2709,31.4223,90.4583
577.8495,164.4456,31.3010,90.1088
580.9302,161.6779,31.1396,89.6443
582.9699,159.7921,31.0602,89.4158
584.9786,156.8173,31.0427,89.3653
586.0511,154.0259,30.8978,88.9482
586.0997,152.1659,30.8005,88.6682
586.1415,149.2860,30.7171,88.4279
585.1898,146.4251,30.6205,88.1499
584.2517,144.6035,30.4965,87.7931
582.2645,142.6404,30.4709,87.7192
579.2871,139.7053,30.4258,87.5895
577.3804,137.9738,30.2392,87.0523
575.4374,136.1378,30.1253,86.7243
572.5317,134.4095,29.9366,86.1810
570.5450,132.4479,29.9099,86.1041
568.5941,130.5889,29.8119,85.8222
566.6393,128.7192,29.7214,85.5616
564.6840,126.8478,29.6320,85.3043
562.7141,123.9344,29.5719,85.1311
561.8044,122.1944,29.3913,84.6112
559.8418,119.3021,29.3164,84.3958
557.8925,117.4480,29.2151,84.1041
556.9319,114.5616,29.1362,83.8769
555.0620,112.9360,28.8761,83.1280
554.1054,111.0610,28.7892,82.8780
552.1259,109.1201,28.7481,82.7597
551.1458,106.1771,28.7085,82.6457
549.2284,104.4150,28.5432,82.1699
548.3082,102.6447,28.3837,81.7107
547.3509,100.7676,28.2983,81.4647
545.4040,98.9205,28.1921,81.1590
544.5220,97.2603,27.9560,80.4795
542.5443,95.3243,27.9115,80.3514
541.5916,93.4606,27.8168,80.0788
540.6013,91.4884,27.7975,80.0232
539.6332,89.5804,27.7337,79.8393
537.6859,88.7320,27.6283,79.5361
536.7303,86.8601,27.5393,79.2799
535.7576,84.9386,27.4848,79.1229
533.8000,83.0608,27.3999,78.8785
532.8572,82.2254,27.2855,78.5491
531.8922,80.3261,27.2155,78.3477
530.9464,78.4819,27.1073,78.0361
529.9890,76.6048,27.0219,77.7905
529.0251,75.7087,26.9497,77.5826
528.0204,73.6950,26.9593,77.6100
527.0415,71.7558,26.9170,77.4884
526.0686,69.8339,26.8628,77.3322
525.0854,68.8824,26.8291,77.2352
524.1086,67.9491,26.7827,77.1017
523.0940,65.9069,26.8120,77.1862
522.1183,64.9770,26.7634,77.0460
521.1204,62.9829,26.7593,77.0343
521.1656,62.1132,26.6687,76.7736
520.2146,61.2542,26.5708,76.4916
520.2675,60.4064,26.4650,76.1872
519.2823,59.4492,26.4353,76.1017
519.2772,57.4342,26.4457,76.1316
518.3795,56.7288,26.2411,75.5424
518.4498,56.9312,26.1004,75.1376
518.4202,55.8458,26.1597,75.3083
517.4298,54.8737,26.1404,75.2527
517.4520,53.9377,26.0959,75.1245
517.4664,52.9789,26.0673,75.0422
517.4323,51.8809,26.1354,75.2383
517.4184,50.8409,26.1632,75.3183
517.3713,48.7054,26.2573,75.5892
516.4095,47.8151,26.1811,75.3698
516.3953,46.7743,26.2095,75.4515
516.3774,45.7229,26.2452,75.5542
516.3904,44.7602,26.2192,75.4796
516.4037,43.7987,26.1925,75.4026
515.4016,42.7926,26.1967,75.4148
515.4189,41.8423,26.1622,75.3154
515.4359,40.8912,26.1282,75.2175
515.5154,40.1201,25.9692,74.7599
514.5760,39.2945,25.8481,74.4111
514.6263,38.4394,25.7474,74.1213
514.6518,37.5127,25.6964,73.9745
514.7168,37.6998,25.5665,73.6004
514.6896,36.6215,25.6208,73.7570
514.7162,35.6983,25.5675,73.6033
514.7328,35.7461,25.5343,73.5079
513.7230,34.7176,25.5541,73.5647
513.7589,33.8211,25.4822,73.3578
513.8556,34.0995,25.2888,72.8010
513.9049,33.2414,25.1902,72.5172
513.9329,32.3218,25.1343,72.3563
513.9600,31.4000,25.0800,72.2000
512.9772,30.4496,25.0456,72.1008
513.0392,29.6280,24.9216,71.7441
513.0722,28.7231,24.8555,71.5538
513.1011,27.8061,24.7979,71.3879
513.1599,27.9753,24.6803,71.0494
513.1078,26.8255,24.7844,71.3489
513.0845,25.7585,24.8309,71.4830
513.0695,24.7153,24.8609,71.5694
513.0913,23.7781,24.8173,71.4439
513.1664,23.9941,24.6673,71.0118
513.1403,22.9191,24.7194,71.1619
513.1861,23.0508,24.6279,70.8984
514.1513,22.9507,24.6974,71.0985
514.1110,21.8347,24.7780,71.3306
515.0959,21.7914,24.8081,71.4173
515.0630,20.6967,24.8738,71.6065
516.0669,20.7077,24.8662,71.5846
516.0319,19.6069,24.9363,71.7863
517.0202,19.5733,24.9596,71.8534
516.9735,18.4388,25.0530,72.1224
517.9310,17.3167,25.1379,72.3666
518.9880,16.4805,25.0241,72.0389
519.0522,15.6654,24.8956,71.6692
520.0886,15.7701,24.8229,71.4599
521.0860,14.7627,24.8280,71.4746
521.1627,13.9835,24.6746,71.0329
522.2050,13.1054,24.5899,70.7892
522.2454,13.2215,24.5093,70.5570
522.2310,12.1802,24.5380,70.6396
523.2393,11.2041,24.5214,70.5919
523.2579,11.2577,24.4841,70.4846
524.2195,10.1471,24.5610,70.7059
524.2236,9.1588,24.5528,70.6824
524.2776,9.3144,24.4447,70.3711
524.3065,8.3975,24.3870,70.2050
525.3362,7.4829,24.3277,70.0342
525.3955,7.6538,24.2090,69.6925
525.4113,6.6991,24.1774,69.6017
525.4420,6.7877,24.1159,69.4247
525.4072,5.6873,24.1857,69.6254
526.4171,4.7157,24.1659,69.5686
526.4727,4.8761,24.0545,69.2479
526.4289,3.7498,24.1422,69.5004
526.4012,2.6702,24.1976,69.6596
526.3969,1.6577,24.2063,69.6847
526.3958,0.6546,24.2084,69.6908
526.4017,-0.3285,24.1966,69.6570
526.4033,-1.3238,24.1934,69.6477
526.4282,-2.2521,24.1436,69.5043
