1
552.0164,246.0504,24.9672,76.8991
551.0367,246.1129,24.9267,76.7741
550.0366,246.1126,24.9269,76.7749
549.0349,246.1074,24.9303,76.7852
547.0627,247.1930,24.8747,76.6140
547.0878,247.2704,24.8244,76.4593
546.0652,247.2007,24.8697,76.5986
545.0456,247.1405,24.9088,76.7191
544.0638,247.1965,24.8724,76.6071
544.0940,248.2896,24.8120,76.4209
543.1132,248.3486,24.7737,76.3029
542.1052,248.3239,24.7897,76.3521
541.1315,248.4050,24.7370,76.1900
540.1907,248.5872,24.6187,75.8256
539.2139,249.6589,24.5722,75.6823
538.1979,249.6097,24.6041,75.7806
537.2300,249.7084,24.5400,75.5832
536.2321,249.7148,24.5358,75.5704
535.2188,249.6738,24.5625,75.6525
534.2271,249.6994,24.5459,75.6013
534.2518,250.7757,24.4963,75.4487
533.2458,250.7571,24.5084,75.4858
532.2890,250.8901,24.4220,75.2198
531.3747,251.1541,24.2506,74.6917
530.4635,252.4277,24.0730,74.1447
529.5162,252.5900,23.9675,73.8200
529.5687,252.7516,23.8626,73.4968
528.6780,254.0882,23.6440,72.8237
528.7040,254.1684,23.5919,72.6632
527.7313,254.2524,23.5374,72.4953
527.7717,255.3768,23.4566,72.2463
527.7521,255.3164,23.4958,72.3672
526.6975,255.1484,23.6049,72.7032
526.6453,255.9876,23.7093,73.0247
525.5361,255.6511,23.9279,73.6979
524.4612,255.4204,24.0777,74.1592
524.4007,255.2341,24.1986,74.5317
523.3943,255.2144,24.2114,74.5713
522.3908,255.2036,24.2184,74.5927
521.4291,256.3215,24.1419,74.3570
521.4155,256.2797,24.1690,74.4406
520.3895,256.1997,24.2210,74.6006
519.4229,257.3024,24.1543,74.3952
519.3503,257.0791,24.2993,74.8419
518.3657,258.1263,24.2687,74.7475
517.3665,258.1289,24.2669,74.7422
516.4097,258.2619,24.1806,74.4763
516.4310,258.3275,24.1380,74.3450
515.4214,259.2981,24.1571,74.4038
514.4211,259.2971,24.1577,74.4058
513.3737,260.1509,24.2527,74.6982
512.3288,260.0128,24.3424,74.9745
511.2741,259.8443,24.4517,75.3113
510.2689,259.8282,24.4622,75.3435
509.2871,260.8842,24.4258,75.2316
508.2861,260.8813,24.4277,75.2374
507.2924,260.9006,24.4152,75.1987
506.3505,261.0797,24.2989,74.8407
506.4387,262.3511,24.1227,74.2979
505.4839,263.4903,24.0323,74.0195
505.4931,263.5188,24.0138,73.9624
505.5700,264.7556,23.8600,73.4887
505.5520,264.7001,23.8961,73.5999
505.5587,264.7209,23.8825,73.5582
505.5894,264.8155,23.8211,73.3691
506.5674,265.7474,23.8653,73.5052
507.5160,265.5894,23.9679,73.8213
507.4406,265.3570,24.1188,74.2860
508.3456,266.0646,24.3087,74.8708
508.2909,265.8959,24.4183,75.2082
509.2241,265.6901,24.5519,75.6197
509.1643,265.5060,24.6714,75.9879
510.1158,265.3568,24.7683,76.2865
510.1147,265.3535,24.7705,76.2931
512.1290,266.3974,24.7419,76.2051
512.1626,266.5009,24.6748,75.9983
513.1415,266.4358,24.7170,76.1284
514.2060,267.6345,24.5880,75.7310
514.2229,267.6866,24.5542,75.6269
515.1840,267.5666,24.6321,75.8668
516.1947,267.5997,24.6106,75.8007
517.1992,267.6135,24.6016,75.7729
518.2179,267.6711,24.5642,75.6579
518.2222,268.6845,24.5555,75.6310
519.1390,268.4281,24.7220,76.1437
520.1123,268.3459,24.7754,76.3082
521.1255,268.3866,24.7489,76.2267
522.1492,268.4595,24.7016,76.0809
522.2007,268.6180,24.5987,75.7640
523.2131,268.6565,24.5737,75.6871
524.2186,268.6735,24.5627,75.6531
525.2293,268.7062,24.5414,75.5875
525.2653,269.8170,24.4695,75.3659
526.2600,269.8008,24.4800,75.3984
528.2193,270.6755,24.5613,75.6489
529.2281,270.7027,24.5437,75.5946
531.2061,270.6347,24.5879,75.7307
532.2225,270.6854,24.5549,75.6292
533.2137,270.6582,24.5726,75.6836
535.1445,270.4451,24.7109,76.1097
536.1275,270.3926,24.7451,76.2148
538.0692,270.2132,24.8615,76.5735
539.0352,270.1084,24.9296,76.7833
540.0067,270.0205,24.9867,76.9590
540.9795,269.9369,25.0410,77.1263
541.9388,269.8115,25.1224,77.3771
542.9211,269.7572,25.1577,77.4856
543.9254,270.7703,25.1492,77.4595
544.9288,270.7807,25.1424,77.4386
546.9494,270.8441,25.1012,77.3118
547.9839,270.9503,25.0322,77.0993
549.0173,271.0533,24.9654,76.8933
550.0593,271.1826,24.8815,76.6349
551.0986,271.3036,24.8028,76.3928
552.1179,271.3630,24.7643,76.2739
553.1238,271.3815,24.7523,76.2370
554.1141,272.3515,24.7717,76.2969
555.0823,272.2534,24.8354,76.4932
556.0395,272.1216,24.9210,76.7568
557.9819,271.9442,25.0362,77.1116
559.0079,271.0243,24.9842,76.9514
560.0578,272.1781,24.8844,76.6439
561.0680,272.2094,24.8640,76.5811
562.0988,272.3044,24.8024,76.3913
563.1080,272.3328,24.7839,76.3345
564.1130,273.3482,24.7739,76.3036
566.0751,273.2314,24.8497,76.5372
567.0620,273.1911,24.8759,76.6179
569.0558,274.1721,24.8883,76.6559
571.0560,274.1727,24.8879,76.6547
572.0692,274.2132,24.8616,76.5736
574.0641,274.1974,24.8718,76.6052
576.0749,274.2306,24.8503,76.5388
577.1104,275.3400,24.7792,76.3201
579.0247,275.0759,24.9507,76.8482
579.9849,274.9535,25.0302,77.0931
581.9572,274.8683,25.0856,77.2635
582.9340,274.7967,25.1320,77.4067
583.8990,274.6890,25.2020,77.6221
585.8482,274.5324,25.3036,77.9352
586.8819,274.6362,25.2362,77.7276
587.9039,274.7041,25.1922,77.5918
589.9155,275.7396,25.1691,77.5208
590.9117,275.7281,25.1766,77.5439
592.9101,275.7231,25.1798,77.5539
593.9711,276.9109,25.0579,77.1783
594.9550,276.8615,25.0899,77.2770
596.9444,276.8287,25.1112,77.3425
597.9623,276.8839,25.0754,77.2322
599.9331,277.7940,25.1338,77.4121
600.9194,277.7518,25.1611,77.4963
602.8808,277.6329,25.2384,77.7342
603.8698,277.5989,25.2604,77.8021
604.9106,277.7247,25.1788,77.5506
606.8633,277.5791,25.2733,77.8417
607.8839,277.6422,25.2323,77.7155
609.8588,277.5651,25.2824,77.8698
610.8863,278.6497,25.2275,77.7006
611.8489,278.5345,25.3023,77.9310
613.7843,278.3357,25.4314,78.3287
615.7562,279.2489,25.4877,78.5021
616.7567,279.2507,25.4865,78.4985
618.7274,279.1602,25.5453,78.6796
620.7344,280.1820,25.5312,78.6360
622.6987,280.0721,25.6026,78.8559
624.7084,280.1018,25.5832,78.7963
625.7385,280.1947,25.5229,78.6106
626.7686,281.2874,25.4628,78.4253
627.7359,281.1866,25.5282,78.6268
628.7106,281.1087,25.5788,78.7826
629.7144,280.1202,25.5713,78.7596
629.7581,280.2548,25.4839,78.4904
630.7696,280.2903,25.4608,78.4193
630.8000,281.3839,25.4000,78.2321
630.7714,281.2958,25.4573,78.4084
631.7693,281.2895,25.4613,78.4210
631.8235,281.4565,25.3529,78.0869
631.8417,281.5123,25.3167,77.9754
631.8683,282.5944,25.2634,77.8111
631.8788,282.6269,25.2422,77.7461
631.9356,282.8016,25.1288,77.3968
631.9892,282.9667,25.0216,77.0666
632.0128,283.0394,24.9744,76.9213
631.0203,283.0625,24.9594,76.8751
631.0602,283.1853,24.8797,76.6294
630.0536,283.1651,24.8928,76.6699
630.0768,283.2366,24.8464,76.5268
629.0823,283.2534,24.8354,76.4932
629.1279,283.3938,24.7443,76.2124
628.1508,284.4644,24.6984,76.0711
628.1639,284.5049,24.6722,75.9903
628.1185,284.3649,24.7631,76.2702
627.0908,284.2796,24.8185,76.4409
627.0872,285.2686,24.8256,76.4629
627.0996,285.3069,24.8007,76.3862
627.1501,286.4624,24.6997,76.0752
627.1899,286.5850,24.6202,75.8301
627.2101,286.6470,24.5799,75.7060
628.2078,287.6401,24.5843,75.7197
628.1667,287.5135,24.6666,75.9730
628.1295,287.3990,24.7409,76.2021
629.0943,287.2904,24.8114,76.4191
629.0682,288.2102,24.8635,76.5795
629.0441,288.1357,24.9119,76.7287
629.9895,287.9676,25.0210,77.0647
629.9773,286.9301,25.0454,77.1399
629.9572,287.8681,25.0856,77.2638
630.9160,287.7412,25.1680,77.5175
630.9280,287.7782,25.1440,77.4436
630.9124,287.7301,25.1753,77.5398
631.9102,288.7234,25.1796,77.5533
631.8955,288.6781,25.2090,77.6438
632.8882,288.6557,25.2236,77.6886
632.9088,289.7191,25.1824,77.5618
633.9359,289.8024,25.1283,77.3952
633.9659,289.8951,25.0681,77.2098
634.9444,289.8287,25.1113,77.3427
634.9493,290.8439,25.1014,77.3123
634.9281,290.7785,25.1438,77.4429
635.8994,290.6902,25.2012,77.6197
635.9034,290.7025,25.1932,77.5950
635.9031,290.7018,25.1937,77.5965
636.9238,290.7651,25.1525,77.4698
636.9653,291.8933,25.0693,77.2134
636.9416,291.8200,25.1169,77.3600
636.9370,291.8057,25.1261,77.3885
637.9171,292.7448,25.1658,77.5105
637.9008,292.6946,25.1983,77.6108
638.8757,292.6173,25.2485,77.7654
639.8713,293.6035,25.2575,77.7931
640.8566,294.5581,25.2869,77.8837
641.8544,294.5514,25.2913,77.8972
642.8460,294.5257,25.3080,77.9486
643.8063,294.4036,25.3873,78.1929
645.7264,294.1575,25.5471,78.6850
646.6697,294.9827,25.6606,79.0347
647.6022,294.7746,25.7957,79.4508
648.5393,294.5810,25.9214,79.8379
649.4941,294.4419,26.0117,80.1162
651.4604,294.3383,26.0790,80.3234
652.4332,294.2542,26.1337,80.4917
653.4332,295.2542,26.1336,80.4916
654.4354,295.2611,26.1291,80.4778
655.4523,295.3132,26.0953,80.3736
657.4886,296.4251,26.0227,80.1498
658.4623,296.3441,26.0753,80.3118
659.4966,296.4497,26.0067,80.1005
660.5095,296.4891,25.9811,80.0218
661.5434,297.5937,25.9132,79.8126
662.5341,297.5650,25.9318,79.8701
663.5083,297.4856,25.9834,80.0289
664.4717,297.3729,26.0566,80.2542
665.4083,297.1775,26.1835,80.6451
665.4005,297.1537,26.1989,80.6927
666.3454,296.9838,26.3092,81.0324
667.3614,297.0331,26.2772,80.9339
667.4151,297.1984,26.1699,80.6032
667.4678,297.3610,26.0643,80.2780
667.4750,298.3832,26.0499,80.2336
667.4504,298.3072,26.0992,80.3855
667.4624,298.3441,26.0752,80.3117
667.5140,299.5030,25.9721,79.9940
667.5010,299.4633,25.9979,80.0735
667.5137,300.5023,25.9725,79.9953
667.5311,300.5557,25.9379,79.8886
667.5629,300.6537,25.8742,79.6925
667.5964,300.7570,25.8071,79.4859
667.6234,300.8401,25.7532,79.3198
666.6635,300.9634,25.6731,79.0731
665.6671,300.9746,25.6659,79.0508
664.6998,301.0753,25.6004,78.8493
663.7012,301.0797,25.5976,78.8405
661.7153,301.1232,25.5694,78.7536
660.6854,301.0312,25.6291,78.9376
658.7145,301.1208,25.5709,78.7584
657.6971,301.0670,25.6058,78.8659
655.7185,302.1331,25.5629,78.7338
654.6822,302.0211,25.6356,78.9577
652.6813,302.0184,25.6374,78.9633
650.7626,303.2688,25.4748,78.4624
648.7922,303.3601,25.4155,78.2798
647.7976,303.3767,25.4047,78.2466
645.8373,303.4989,25.3254,78.0023
644.8372,303.4986,25.3256,78.0029
643.8217,303.4507,25.3567,78.0985
642.8109,303.4174,25.3783,78.1652
641.8229,303.4545,25.3542,78.0909
640.8380,303.5008,25.3242,77.9984
639.8652,303.5850,25.2695,77.8300
638.8895,303.6595,25.2211,77.6809
637.9026,303.7000,25.1948,77.5999
636.8938,304.6729,25.2124,77.6543
636.8627,304.5770,25.2747,77.8460
635.8420,304.5133,25.3160,77.9734
635.7826,304.3305,25.4348,78.3391
635.8008,305.3866,25.3983,78.2267
635.7718,305.2971,25.4564,78.4058
635.7841,306.3349,25.4319,78.3303
635.7478,306.2232,25.5044,78.5536
635.6972,306.0674,25.6056,78.8653
636.6547,305.9366,25.6905,79.1268
636.6635,305.9637,25.6729,79.0726
636.6597,305.9520,25.6805,79.0960
636.6600,306.9530,25.6799,79.0941
636.5895,306.7358,25.8209,79.5285
636.5264,306.5412,25.9473,79.9176
636.4763,306.3871,26.0474,80.2259
636.4311,306.2478,26.1378,80.5044
636.3884,306.1164,26.2231,80.7671
636.4011,306.1555,26.1977,80.6890
636.4322,307.2512,26.1356,80.4976
635.4592,307.3343,26.0816,80.3314
635.4532,307.3159,26.0935,80.3681
634.5134,308.5014,25.9731,79.9972
634.5295,308.5511,25.9409,79.8979
633.5746,308.6899,25.8507,79.6201
633.6057,309.7854,25.7887,79.4293
632.5998,309.7674,25.8004,79.4651
632.5792,309.7039,25.8416,79.5921
631.6231,309.8392,25.7538,79.3216
630.6044,309.7816,25.7912,79.4369
630.5557,310.6316,25.8886,79.7369
629.5898,310.7367,25.8203,79.5267
628.5866,310.7268,25.8267,79.5463
628.5783,310.7013,25.8433,79.5974
627.6544,310.9356,25.6912,79.1288
626.6793,311.0123,25.6413,78.9753
626.6427,311.8995,25.7146,79.2010
625.6249,311.8449,25.7501,79.3102
624.6021,311.7744,25.7959,79.4512
624.5712,312.6793,25.8576,79.6414
624.5732,313.6854,25.8537,79.6293
623.5956,313.7544,25.8088,79.4911
623.5425,313.5908,25.9151,79.8184
623.5497,314.6129,25.9007,79.7741
623.5709,314.6784,25.8582,79.6432
622.6022,314.7747,25.7957,79.4507
622.5932,315.7471,25.8136,79.5058
621.5699,315.6753,25.8602,79.6494
621.5196,315.5203,25.9608,79.9594
620.5159,315.5089,25.9682,79.9821
620.5033,315.4701,25.9934,80.0598
619.5308,315.5547,25.9385,79.8905
618.5524,315.6212,25.8953,79.7576
617.5700,316.6755,25.8600,79.6489
616.5622,316.6515,25.8757,79.6971
615.5720,317.6819,25.8559,79.6362
615.5312,317.5563,25.9375,79.8875
614.5708,317.6780,25.8584,79.6439
613.6564,318.9416,25.6873,79.1168
612.6833,319.0246,25.6334,78.9509
611.7303,319.1695,25.5393,78.6610
610.7542,319.2429,25.4917,78.5143
608.7666,319.2811,25.4668,78.4378
607.7902,319.3539,25.4195,78.2921
606.7929,320.3622,25.4141,78.2755
604.7533,320.2401,25.4934,78.5198
603.7131,320.1163,25.5738,78.7673
602.7173,320.1293,25.5654,78.7413
600.7716,320.2965,25.4568,78.4070
598.8111,321.4182,25.3778,78.1635
596.8238,321.4574,25.3524,78.0853
594.8145,321.4287,25.3710,78.1426
593.8259,322.4637,25.3482,78.0725
590.8447,322.5216,25.3107,77.9569
588.8618,323.5743,25.2764,77.8514
587.8478,324.5314,25.3043,77.9372
585.8389,324.5038,25.3222,77.9925
584.8370,325.4979,25.3261,78.0042
582.8642,325.5817,25.2717,77.8367
580.8719,326.6054,25.2562,77.7892
579.8148,326.4294,25.3705,78.1412
578.7978,327.3773,25.4044,78.2455
576.7543,327.2432,25.4914,78.5137
575.7214,327.1420,25.5572,78.7160
573.7258,328.1553,25.5485,78.6894
572.6624,327.9600,25.6753,79.0799
571.6467,327.9117,25.7067,79.1766
570.6829,329.0234,25.6342,78.9532
569.6912,330.0489,25.6176,78.9021
568.6823,330.0215,25.6354,78.9569
568.6647,330.9672,25.6706,79.0656
567.6496,330.9208,25.7008,79.1583
566.6376,331.8838,25.7248,79.2324
566.6151,332.8145,25.7698,79.3710
565.6000,332.7681,25.7999,79.4637
565.5722,332.6824,25.8556,79.6351
566.5516,332.6187,25.8969,79.7625
566.5563,333.6334,25.8874,79.7332
566.5163,333.5102,25.9674,79.9797
567.4263,333.2331,26.1474,80.5339
567.3974,333.1440,26.2052,80.7120
568.3489,333.9947,26.3022,81.0106
569.2824,333.7899,26.4351,81.4202
570.2573,333.7126,26.4853,81.5748
571.2448,334.6741,26.5103,81.6518
572.2014,334.5403,26.5972,81.9194
573.1631,335.4224,26.6738,82.1553
574.0894,335.1952,26.8213,82.6096
576.0601,336.1052,26.8798,82.7897
577.0537,336.0854,26.8926,82.8292
579.0496,337.0726,26.9009,82.8549
581.0248,336.9966,26.9503,83.0069
582.0145,337.9647,26.9710,83.0705
584.9191,337.6710,27.1617,83.6581
586.9162,337.6618,27.1677,83.6764
587.9305,338.7059,27.1390,83.5882
589.8649,338.5037,27.2703,83.9926
591.8243,338.3788,27.3514,84.2423
593.7844,338.2558,27.4313,84.4885
594.7432,338.1292,27.5135,84.7417
595.7325,339.0960,27.5350,84.8080
597.6697,338.9027,27.6606,85.1946
598.6465,338.8315,27.7069,85.3371
600.6654,339.8894,27.6692,85.2212
602.6776,339.9269,27.6448,85.1461
603.7612,341.1847,27.4775,84.6306
604.8143,341.3481,27.3714,84.3038
605.8722,341.5263,27.2556,83.9473
606.9232,341.6833,27.1537,83.6334
607.9526,342.7740,27.0948,83.4519
608.9807,342.8603,27.0388,83.2794
608.9621,342.8033,27.0758,83.3935
609.9152,342.6587,27.1697,83.6826
610.8965,342.6013,27.2069,83.7973
610.9245,342.6874,27.1510,83.6252
610.9588,342.7931,27.0824,83.4139
611.9359,342.7226,27.1282,83.5548
611.9658,342.8148,27.0683,83.3705
612.9768,342.8486,27.0463,83.3027
613.0102,343.9514,26.9796,83.0973
612.9454,343.7519,27.1092,83.4962
613.9152,343.6589,27.1695,83.6821
613.9377,343.7281,27.1246,83.5438
614.9166,344.6633,27.1667,83.6734
615.8910,344.5844,27.2180,83.8313
616.8855,344.5673,27.2290,83.8655
617.9231,345.6832,27.1538,83.6336
618.9354,345.7212,27.1291,83.5576
619.9313,345.7086,27.1373,83.5829
620.9512,345.7698,27.0975,83.4604
620.9626,345.8050,27.0747,83.3901
621.9033,344.6219,27.1935,83.7561
622.9106,344.6445,27.1789,83.7110
623.9008,344.6143,27.1985,83.7714
623.9534,344.7765,27.0932,83.4470
623.9937,344.9005,27.0126,83.1989
623.9894,344.8872,27.0213,83.2255
624.0037,344.9314,26.9926,83.1372
624.0401,345.0435,26.9198,82.9131
623.0975,345.2205,26.8049,82.5591
623.1337,345.3319,26.7325,82.3361
622.1754,345.4600,26.6493,82.0800
622.2050,345.5514,26.5900,81.8972
621.2732,345.7614,26.4536,81.4772
620.3122,345.8815,26.3757,81.2370
619.3433,344.9773,26.3134,81.0453
618.4180,345.2075,26.1640,80.5851
617.4316,345.2494,26.1367,80.5012
616.4070,344.1735,26.1861,80.6531
614.3995,344.1506,26.2009,80.6989
613.3848,344.1050,26.2305,80.7899
611.3811,344.0938,26.2378,80.8123
610.3455,343.9843,26.3089,81.0314
608.3647,344.0433,26.2706,80.9133
606.3667,344.0495,26.2666,80.9010
604.4021,343.1585,26.1958,80.6831
603.4164,343.2024,26.1673,80.5952
601.4880,343.4230,26.0240,80.1539
599.5197,344.5207,25.9606,79.9586
598.5212,344.5254,25.9576,79.9493
596.5172,344.5129,25.9656,79.9741
595.5087,344.4867,25.9827,80.0266
594.5184,344.5167,25.9632,79.9665
593.5212,343.5254,25.9575,79.9492
592.5543,343.6272,25.8914,79.7457
591.5678,343.6689,25.8644,79.6623
590.5586,343.6405,25.8828,79.7190
589.5288,343.5487,25.9424,79.9027
587.5325,342.5599,25.9351,79.8801
586.5262,342.5409,25.9475,79.9182
585.5191,342.5188,25.9618,79.9623
584.5160,342.5092,25.9680,79.9815
583.4967,342.4499,26.0065,80.1001
582.4906,342.4311,26.0188,80.1379
582.4885,342.4247,26.0229,80.1507
581.4937,342.4405,26.0127,80.1191
581.5135,342.5016,25.9730,79.9968
581.5301,342.5528,25.9398,79.8945
581.5427,342.5913,25.9147,79.8174
582.5769,342.6968,25.8462,79.6064
582.5915,342.7417,25.8170,79.5165
583.5437,341.5946,25.9126,79.8107
584.4838,341.4100,26.0325,80.1800
585.4134,340.1933,26.1732,80.6134
586.3560,340.0166,26.2879,80.9668
586.3096,339.8735,26.3808,81.2530
587.2533,338.7001,26.4934,81.5998
588.1806,338.4763,26.6388,82.0475
590.1442,338.3641,26.7116,82.2719
591.1310,338.3235,26.7380,82.3530
592.1705,338.4451,26.6591,82.1099
593.1799,338.4741,26.6402,82.0519
594.2211,338.6010,26.5578,81.7980
596.2378,338.6524,26.5244,81.6952
597.2805,338.7841,26.4389,81.4319
598.2664,338.7404,26.4673,81.5192
600.2335,338.6393,26.5329,81.7215
602.2380,338.6532,26.5239,81.6936
604.2446,338.6732,26.5109,81.6536
605.2147,338.5811,26.5707,81.8377
607.1713,337.4475,26.6575,82.1050
608.2129,337.5757,26.5742,81.8486
610.1901,337.5055,26.6198,81.9891
611.1135,336.2695,26.7730,82.4609
612.1248,336.3042,26.7505,82.3915
614.0994,336.2261,26.8012,82.5478
615.1025,336.2357,26.7950,82.5285
616.1190,336.2865,26.7620,82.4270
617.1375,336.3433,26.7251,82.3133
619.1645,336.4267,26.6710,82.1467
620.2223,336.6047,26.5554,81.7906
621.2685,336.7470,26.4630,81.5060
622.3214,336.9098,26.3573,81.1804
623.3496,336.9968,26.3008,81.0064
624.3256,336.9230,26.3487,81.1540
625.3387,336.9634,26.3225,81.0732
626.3415,336.9717,26.3171,81.0566
627.3399,336.9669,26.3202,81.0663
628.3277,336.9294,26.3446,81.1413
628.3554,337.0146,26.2892,80.9707
628.3312,336.9401,26.3376,81.1198
629.3285,336.9317,26.3431,81.1366
629.3288,336.9328,26.3424,81.1345
629.3299,336.9361,26.3402,81.1278
629.3333,336.9467,26.3333,81.1066
629.3532,338.0079,26.2936,80.9842
629.3437,337.9785,26.3126,81.0430
630.3512,338.0016,26.2976,80.9968
630.3649,339.0437,26.2703,80.9125
631.3600,339.0289,26.2800,80.9423
631.3716,339.0647,26.2567,80.8706
632.3849,339.1057,26.2301,80.7886
633.3822,339.0971,26.2356,80.8058
633.3924,339.1287,26.2152,80.7427
634.3669,340.0501,26.2662,80.8998
634.3288,339.9327,26.3424,81.1347
635.3184,339.9007,26.3632,81.1986
635.3383,339.9620,26.3234,81.0761
635.3419,339.9729,26.3163,81.0542
636.3320,340.9426,26.3360,81.1149
636.3359,340.9545,26.3282,81.0910
636.3533,342.0082,26.2934,80.9835
636.3202,341.9061,26.3596,81.1877
637.3332,342.9463,26.3336,81.1074
637.3434,342.9778,26.3131,81.0445
638.3615,344.0335,26.2770,80.9331
638.3834,344.1008,26.2332,80.7984
639.3963,345.1407,26.2073,80.7186
640.3859,345.1085,26.2283,80.7831
640.3508,345.0005,26.2983,80.9989
641.3458,345.9849,26.3085,81.0302
642.3599,346.0285,26.2802,80.9429
642.3458,346.9851,26.3084,81.0299
642.3055,347.8610,26.3890,81.2781
642.2831,347.7919,26.4339,81.4163
642.2827,347.7908,26.4346,81.4185
642.2874,348.8051,26.4253,81.3899
642.2664,349.7404,26.4672,81.5191
642.2321,349.6348,26.5359,81.7305
2
0
0
0
0
0
2
0
0
0
0
0
2
0
0
0
0
0
2
0
0
0
0
0
2
0
0
0
0
0
2
0
0
0
0
0
617.3363,369.9558,26.3274,81.0884
617.3939,371.1332,26.2122,80.7336
616.4178,372.2071,26.1643,80.5859
616.3634,372.0392,26.2732,80.9216
617.3613,373.0326,26.2775,80.9348
617.3014,372.8483,26.3972,81.3034
617.2584,372.7157,26.4833,81.5685
616.2148,372.5818,26.5703,81.8364
616.1830,372.4837,26.6340,82.0326
616.1739,372.4557,26.6522,82.0887
616.1214,372.2939,26.7572,82.4122
616.0963,372.2166,26.8074,82.5668
617.0980,373.2217,26.8041,82.5565
617.0948,373.2122,26.8103,82.5756
617.1308,374.3228,26.7384,82.3544
617.0791,374.1636,26.8418,82.6728
618.0872,374.1887,26.8255,82.6226
618.1053,375.2443,26.7894,82.5115
619.0754,375.1524,26.8491,82.6951
619.0359,375.0306,26.9282,82.9387
619.9985,374.9155,27.0029,83.1690
620.9795,374.8568,27.0410,83.2863
620.9917,374.8945,27.0166,83.2110
621.9568,374.7871,27.0863,83.4258
621.9136,374.6540,27.1727,83.6920
622.8906,374.5831,27.2188,83.8339
622.8822,374.5572,27.2356,83.8857
623.8912,374.5847,27.2177,83.8305
623.8540,374.4703,27.2920,84.0593
623.8498,375.4573,27.3004,84.0854
623.8226,375.3736,27.3548,84.2528
623.8021,375.3105,27.3958,84.3790
623.7816,375.2473,27.4368,84.5053
623.7877,376.2663,27.4245,84.4675
623.7338,376.1001,27.5324,84.7998
624.7245,376.0716,27.5509,84.8568
624.7960,377.2918,27.4079,84.4164
625.7584,377.1760,27.4831,84.6480
625.7978,377.2972,27.4044,84.4056
625.8044,377.3175,27.3912,84.3650
625.7624,377.1882,27.4752,84.6237
625.7419,377.1250,27.5162,84.7500
625.7223,377.0647,27.5554,84.8706
625.6942,376.9782,27.6116,85.0437
624.6759,375.9218,27.6482,85.1563
624.6618,375.8783,27.6764,85.2434
623.6907,375.9674,27.6186,85.0652
622.7049,376.0110,27.5903,84.9780
621.7645,377.1946,27.4710,84.6108
620.7818,377.2480,27.4364,84.5040
619.7700,377.2116,27.4600,84.5769
618.7723,377.2187,27.4554,84.5627
617.7948,377.2879,27.4104,84.4241
616.8397,377.4263,27.3206,84.1473
615.8888,377.5775,27.2224,83.8449
614.9370,377.7260,27.1260,83.5481
613.9727,377.8359,27.0546,83.3282
612.9612,377.8004,27.0776,83.3991
610.9531,377.7755,27.0939,83.4491
609.9026,376.6199,27.1949,83.7602
608.8519,376.4637,27.2963,84.0726
607.8427,376.4356,27.3145,84.1288
606.8150,376.3502,27.3700,84.2996
604.7991,377.3011,27.4019,84.3978
603.7363,377.1079,27.5273,84.7842
602.7278,377.0815,27.5445,84.8369
601.6912,376.9687,27.6177,85.0626
600.6935,376.9761,27.6129,85.0477
599.7292,377.0859,27.5416,84.8281
599.7407,377.1214,27.5186,84.7572
598.7845,378.2565,27.4309,84.4871
598.7565,378.1702,27.4869,84.6597
598.7595,378.1792,27.4811,84.6416
597.7596,377.1797,27.4808,84.6407
597.7632,377.1906,27.4737,84.6189
597.7589,377.1773,27.4823,84.6454
596.7268,377.0785,27.5464,84.8430
596.6904,376.9666,27.6191,85.0668
595.6368,376.8012,27.7265,85.3976
594.5944,375.6706,27.8113,85.6588
594.5745,375.6094,27.8510,85.7812
594.5528,375.5427,27.8944,85.9146
593.5568,375.5548,27.8865,85.8903
592.5366,376.4927,27.9268,86.0146
592.5693,376.5936,27.8613,85.8128
592.5742,376.6085,27.8516,85.7829
592.5876,376.6497,27.8248,85.7005
592.6227,376.7581,27.7545,85.4837
592.6121,375.7252,27.7759,85.5497
592.6365,375.8003,27.7271,85.3995
592.6520,375.8484,27.6959,85.3033
592.6096,374.7174,27.7809,85.5653
592.6035,374.6986,27.7931,85.6027
593.5375,373.4954,27.9251,86.0092
593.5394,373.5012,27.9213,85.9977
594.5268,373.4625,27.9464,86.0750
594.5307,373.4745,27.9386,86.0510
595.4884,373.3443,28.0232,86.3114
595.4561,373.2446,28.0879,86.5108
596.4000,373.0719,28.2001,86.8563
596.4011,373.0753,28.1978,86.8493
597.3836,373.0216,28.2327,86.9568
598.3821,373.0168,28.2359,86.9665
599.3945,373.0551,28.2110,86.8899
600.3934,373.0515,28.2133,86.8970
602.4014,373.0763,28.1972,86.8474
603.4265,373.1536,28.1470,86.6928
604.4161,372.1217,28.1677,86.7565
605.4689,372.2844,28.0621,86.4312
606.4659,371.2750,28.0682,86.4499
606.5098,371.4101,27.9804,86.1797
607.5139,371.4226,27.9723,86.1548
607.5415,370.5078,27.9170,85.9844
607.5224,370.4490,27.9552,86.1021
607.5174,370.4335,27.9653,86.1330
607.5208,370.4441,27.9584,86.1117
607.5476,370.5266,27.9048,85.9469
607.5659,370.5829,27.8682,85.8342
607.5875,370.6494,27.8251,85.7012
606.6112,369.7225,27.7776,85.5550
606.6774,369.9263,27.6452,85.1473
605.7358,370.1064,27.5283,84.7871
604.7985,370.2993,27.4030,84.4014
603.8113,369.3390,27.3773,84.3220
602.8290,368.3935,27.3419,84.2130
601.8621,368.4953,27.2758,84.0094
600.8516,368.4629,27.2969,84.0743
599.8078,367.3279,27.3845,84.3441
597.7925,367.2810,27.4149,84.4379
596.7857,367.2600,27.4286,84.4800
595.7712,366.2155,27.4575,84.5691
594.7716,366.2165,27.4568,84.5669
592.7842,366.2553,27.4316,84.4895
591.7965,366.2932,27.4070,84.4135
590.8023,366.3111,27.3954,84.3778
589.8101,366.3351,27.3798,84.3297
588.8666,366.5092,27.2667,83.9815
587.8973,366.6037,27.2054,83.7926
587.8868,366.5712,27.2265,83.8576
586.8767,366.5403,27.2465,83.9193
586.8583,366.4834,27.2835,84.0331
586.8446,365.4413,27.3108,84.1174
586.8896,365.5800,27.2208,83.8400
585.8668,365.5099,27.2663,83.9802
585.8248,364.3805,27.3503,84.2390
585.8597,364.4880,27.2805,84.0239
584.8738,364.5312,27.2524,83.9375
584.8317,363.4018,27.3365,84.1964
583.8336,363.4073,27.3329,84.1853
583.8069,363.3255,27.3861,84.3491
583.7964,363.2930,27.4071,84.4140
583.8364,363.4161,27.3272,84.1679
583.8552,363.4740,27.2896,84.0520
583.9041,363.6244,27.1919,83.7512
582.9557,363.7836,27.0886,83.4328
582.9389,363.7318,27.1222,83.5363
582.9417,363.7402,27.1167,83.5195
583.8840,362.5628,27.2319,83.8744
583.9003,362.6131,27.1993,83.7738
582.8682,361.5142,27.2635,83.9716
582.8424,361.4346,27.3152,84.1308
583.7931,361.2828,27.4138,84.4344
583.7880,361.2669,27.4241,84.4662
583.7615,360.1855,27.4770,84.6291
583.7488,360.1462,27.5025,84.7077
583.7311,360.0918,27.5378,84.8165
583.7269,360.0788,27.5462,84.8423
583.7379,360.1127,27.5242,84.7746
583.7529,360.1590,27.4942,84.6820
583.7095,360.0255,27.5809,84.9491
583.6770,359.9253,27.6459,85.1495
584.6372,359.8026,27.7256,85.3947
584.6458,359.8291,27.7084,85.3419
585.5826,359.6343,27.8349,85.7314
586.5205,358.4431,27.9590,86.1138
587.5282,358.4669,27.9436,86.0663
588.5245,358.4554,27.9510,86.0892
589.5250,358.4570,27.9500,86.0861
590.4466,357.2155,28.1068,86.5689
591.4465,357.2151,28.1071,86.5699
591.4033,356.0821,28.1934,86.8358
592.4019,356.0777,28.1963,86.8446
593.3332,355.8662,28.3336,87.2675
594.2380,355.5731,28.5240,87.8538
595.2249,354.5326,28.5503,87.9348
596.2310,354.5515,28.5380,87.8970
597.2344,354.5621,28.5311,87.8758
598.2508,354.6125,28.4984,87.7751
600.2580,354.6346,28.4840,87.7307
601.2811,354.7058,28.4378,87.5884
602.2911,353.7365,28.4179,87.5271
603.2831,353.7121,28.4337,87.5758
604.2189,352.5141,28.5623,87.9718
606.1630,351.3419,28.6741,88.3161
607.1478,351.2954,28.7043,88.4092
609.1039,350.1602,28.7921,88.6796
610.1302,349.2411,28.7396,88.5178
611.1902,349.4258,28.6196,88.1484
613.1661,349.3514,28.6679,88.2971
614.2148,349.5017,28.5703,87.9966
615.1988,349.4522,28.6024,88.0955
616.1799,348.3940,28.6403,88.2120
616.2442,348.5922,28.5116,87.8157
617.2395,348.5776,28.5211,87.8448
618.2393,348.5769,28.5215,87.8461
619.2681,348.6656,28.4639,87.6687
620.2933,347.7434,28.4134,87.5132
621.3607,347.9509,28.2786,87.0982
622.3828,348.0189,28.2345,86.9622
623.3947,347.0558,28.2106,86.8885
624.4762,347.3067,28.0476,86.3866
624.5336,346.4833,27.9329,86.0334
624.5891,346.6545,27.8217,85.6909
624.5903,345.6580,27.8195,85.6840
624.6130,344.7279,27.7741,85.5441
624.6702,344.9044,27.6595,85.1913
624.6582,344.8672,27.6836,85.2656
623.6636,344.8839,27.6728,85.2322
623.6539,344.8540,27.6922,85.2919
622.6718,343.9090,27.6565,85.1819
622.7138,344.0385,27.5724,84.9229
621.7943,344.2865,27.4114,84.4270
621.8011,344.3076,27.3977,84.3848
620.8643,343.5021,27.2714,83.9958
620.9162,343.6619,27.1676,83.6763
619.9136,342.6538,27.1729,83.6924
619.9352,342.7204,27.1296,83.5592
618.9446,341.7495,27.1107,83.5009
617.9487,341.7619,27.1027,83.4762
617.9008,340.6146,27.1983,83.7709
617.9010,340.6152,27.1979,83.7697
616.8932,340.5913,27.2135,83.8175
616.8521,340.4644,27.2958,84.0712
615.8250,340.3811,27.3499,84.2377
615.7682,339.2061,27.4636,84.5877
615.7665,339.2010,27.4669,84.5980
615.7667,339.2015,27.4666,84.5970
615.7336,339.0994,27.5329,84.8012
615.7498,339.1492,27.5005,84.7016
615.7380,339.1130,27.5240,84.7740
616.7313,339.0925,27.5374,84.8150
616.7206,339.0597,27.5587,84.8807
617.6962,337.9843,27.6076,85.0313
617.6615,337.8774,27.6770,85.2452
618.5938,336.6688,27.8125,85.6624
618.5834,336.6368,27.8332,85.7263
618.5504,335.5352,27.8993,85.9297
619.5578,335.5581,27.8844,85.8839
619.5489,334.5307,27.9022,85.9387
619.5709,334.5982,27.8583,85.8036
619.5625,334.5725,27.8750,85.8549
619.5582,334.5594,27.8835,85.8812
620.5658,334.5826,27.8684,85.8347
620.5544,333.5475,27.8912,85.9050
621.5630,333.5740,27.8740,85.8520
621.5963,333.6766,27.8074,85.6467
622.6118,332.7244,27.7764,85.5512
622.6751,332.9193,27.6498,85.1614
623.6587,331.8688,27.6826,85.2625
624.6618,331.8783,27.6764,85.2434
625.6159,331.7369,27.7682,85.5261
625.5699,330.5955,27.8601,85.8090
626.5417,329.5083,27.9167,85.9834
627.5219,329.4475,27.9561,86.1049
628.5268,329.4626,27.9464,86.0748
629.5029,328.3889,27.9942,86.2222
630.5260,328.4601,27.9480,86.0798
631.5654,328.5815,27.8692,85.8371
632.5591,328.5622,27.8817,85.8756
632.5096,328.4097,27.9807,86.1805
633.4673,327.2795,28.0653,86.4410
634.4782,327.3129,28.0436,86.3742
636.4865,327.3382,28.0271,86.3235
637.5464,327.5231,27.9071,85.9538
639.5399,327.5028,27.9203,85.9944
640.5303,326.4732,27.9395,86.0537
641.6031,326.6977,27.7937,85.6046
642.6353,325.7968,27.7294,85.4065
643.6594,325.8708,27.6813,85.2584
643.6696,324.9023,27.6609,85.1954
644.6992,324.9934,27.6017,85.0132
644.7263,324.0769,27.5475,84.8462
644.7505,324.1516,27.4990,84.6969
644.7869,324.2636,27.4262,84.4727
644.8139,323.3469,27.3722,84.3063
643.8699,323.5194,27.2601,83.9613
643.9128,323.6515,27.1743,83.6970
642.9706,323.8293,27.0589,83.3413
642.0123,323.9580,26.9753,83.0839
641.0379,323.0368,26.9242,82.9264
640.0678,323.1289,26.8644,82.7422
639.1081,323.2529,26.7839,82.4943
638.1103,322.2596,26.7795,82.4807
637.1189,322.2862,26.7622,82.4276
636.0847,321.1808,26.8307,82.6385
634.1183,321.2845,26.7633,82.4309
633.0880,320.1908,26.8242,82.6184
632.1039,320.2399,26.7923,82.5202
631.1112,320.2625,26.7776,82.4751
630.1385,320.3467,26.7229,82.3065
629.0892,320.1949,26.8215,82.6102
628.0599,320.1046,26.8801,82.7908
627.0472,320.0656,26.9055,82.8689
626.0401,320.0436,26.9197,82.9128
625.0234,319.9922,26.9532,83.0157
625.0051,319.9358,26.9897,83.1283
625.0424,320.0506,26.9152,82.8988
624.0973,320.2197,26.8054,82.5607
624.0859,320.1847,26.8281,82.6306
624.0461,320.0622,26.9077,82.8756
624.0077,319.9437,26.9846,83.1126
623.9556,319.7831,27.0889,83.4339
623.9461,318.7540,27.1078,83.4920
622.9707,318.8298,27.0586,83.3404
622.9492,318.7636,27.1015,83.4728
622.9168,318.6637,27.1664,83.6726
621.8940,318.5935,27.2120,83.8130
621.8719,318.5256,27.2561,83.9487
620.9004,318.6133,27.1992,83.7734
620.9335,318.7153,27.1329,83.5694
619.9518,318.7715,27.0964,83.4569
619.9443,318.7484,27.1114,83.5032
619.9622,318.8035,27.0757,83.3931
619.9893,319.8870,27.0214,83.2260
618.9662,319.8159,27.0676,83.3683
618.9174,319.6655,27.1652,83.6690
618.8879,319.5749,27.2241,83.8502
618.8771,318.5414,27.2458,83.9172
618.8993,318.6098,27.2014,83.7803
618.8759,318.5377,27.2483,83.9246
618.8738,317.5314,27.2523,83.9372
618.8901,317.5815,27.2198,83.8369
618.8867,317.5710,27.2266,83.8581
618.8791,318.5477,27.2418,83.9047
617.8643,318.5022,27.2713,83.9957
617.8044,318.3174,27.3913,84.3651
617.7803,318.2434,27.4393,84.5131
617.7916,319.2780,27.4169,84.4440
616.8250,319.3808,27.3501,84.2384
616.8484,319.4530,27.3032,84.0940
616.9041,320.6244,27.1920,83.7512
615.9017,320.6174,27.1965,83.7652
615.8817,320.5555,27.2367,83.8889
614.8975,319.6043,27.2050,83.7914
613.9349,319.7193,27.1303,83.5613
612.9580,319.7907,27.0839,83.4185
611.9440,319.7476,27.1120,83.5049
610.9473,319.7578,27.1053,83.4844
608.9689,319.8243,27.0622,83.3514
607.9482,319.7603,27.1037,83.4793
606.9561,319.7846,27.0879,83.4308
605.9551,319.7817,27.0898,83.4366
604.9871,320.8804,27.0257,83.2393
603.0012,320.9237,26.9976,83.1525
601.9880,321.8830,27.0240,83.2340
599.9908,321.8916,27.0184,83.2168
598.9855,321.8753,27.0290,83.2494
597.9940,321.9016,27.0119,83.1967
596.0085,321.9462,26.9830,83.1075
594.9340,321.7168,27.1320,83.5665
593.9128,321.6516,27.1743,83.6967
591.8921,320.5876,27.2158,83.8247
590.8687,320.5156,27.2626,83.9689
588.9255,320.6907,27.1489,83.6186
587.9106,320.6447,27.1787,83.7105
586.9009,320.6148,27.1982,83.7704
585.9051,320.6277,27.1898,83.7446
584.9255,320.6906,27.1489,83.6187
582.9798,320.8577,27.0405,83.2846
581.9716,320.8323,27.0569,83.3353
580.9989,321.9166,27.0022,83.1669
579.9479,321.7596,27.1042,83.4808
579.9487,321.7621,27.1025,83.4758
578.9858,321.8764,27.0283,83.2471
579.0132,321.9606,26.9736,83.0788
578.0580,322.0986,26.8840,82.8028
578.0424,322.0504,26.9153,82.8991
577.0557,322.0917,26.8885,82.8166
576.9971,321.9111,27.0058,83.1777
575.9766,321.8479,27.0468,83.3042
575.9472,321.7574,27.1056,83.4853
574.9243,321.6867,27.1515,83.6265
573.9041,321.6246,27.1918,83.7508
573.8625,321.4965,27.2750,84.0069
572.8796,321.5492,27.2408,83.9016
572.8546,321.4722,27.2908,84.0555
571.8814,322.5547,27.2372,83.8906
571.8845,322.5641,27.2311,83.8718
571.8754,322.5364,27.2491,83.9273
570.8942,322.5940,27.2117,83.8120
570.8920,322.5872,27.2161,83.8255
569.8822,322.5572,27.2356,83.8857
569.8584,322.4838,27.2833,84.0324
568.8417,322.4323,27.3167,84.1354
568.7864,321.2623,27.4271,84.4754
567.8105,321.3363,27.3790,84.3274
567.7599,321.1807,27.4801,84.6386
566.7684,321.2068,27.4631,84.5864
565.7553,321.1663,27.4894,84.6675
564.7576,320.1736,27.4847,84.6529
563.7894,320.2715,27.4211,84.4571
561.8246,320.3797,27.3508,84.2406
560.8278,320.3896,27.3444,84.2207
559.8594,320.4871,27.2811,84.0259
557.9141,321.6556,27.1717,83.6889
556.8831,321.5598,27.2339,83.8804
555.8881,321.5752,27.2239,83.8496
554.8897,321.5804,27.2205,83.8393
553.8945,320.5952,27.2109,83.8096
552.9511,320.7694,27.0978,83.4612
550.9721,319.8341,27.0558,83.3318
549.9769,319.8489,27.0462,83.3023
548.9457,319.7527,27.1086,83.4946
546.9755,318.8447,27.0489,83.3106
544.9945,318.9030,27.0110,83.1939
543.9482,318.7605,27.1035,83.4789
541.9465,318.7553,27.1069,83.4894
540.9000,317.6118,27.2001,83.7763
538.9324,317.7120,27.1351,83.5761
537.9542,317.7787,27.0917,83.4425
536.9966,317.9094,27.0069,83.1812
536.0024,317.9273,26.9953,83.1454
534.9660,317.8152,27.0680,83.3695
533.9417,317.7405,27.1165,83.5189
532.9597,317.7958,27.0807,83.4085
531.9164,316.6624,27.1673,83.6752
530.9338,316.7159,27.1325,83.5681
529.9014,315.6162,27.1973,83.7675
528.8730,315.5287,27.2541,83.9425
527.8211,314.3690,27.3578,84.2619
527.8080,314.3288,27.3839,84.3425
526.8205,314.3671,27.3590,84.2658
525.7899,314.2727,27.4203,84.4547
524.7611,314.1842,27.4778,84.6316
524.7452,313.1351,27.5097,84.7299
523.8003,313.3049,27.3994,84.3902
522.8184,313.3608,27.3631,84.2785
522.8394,314.4255,27.3211,84.1490
522.8284,314.3915,27.3432,84.2170
522.8429,314.4362,27.3142,84.1276
521.8829,314.5595,27.2341,83.8810
522.8458,313.4449,27.3085,84.1102
521.9140,313.6552,27.1720,83.6896
521.8835,313.5613,27.2329,83.8774
521.8409,312.4299,27.3183,84.1403
521.8062,312.3230,27.3876,84.3539
521.8043,312.3172,27.3914,84.3656
520.8004,311.3051,27.3993,84.3898
520.7761,311.2303,27.4478,84.5393
520.7606,311.1825,27.4789,84.6350
519.7715,311.2164,27.4569,84.5673
519.7802,311.2431,27.4396,84.5138
519.8098,311.3340,27.3805,84.3319
518.8649,311.5038,27.2703,83.9924
518.8945,311.5952,27.2109,83.8096
518.9187,311.6696,27.1626,83.6607
518.9412,310.7390,27.1175,83.5219
519.0011,310.9233,26.9978,83.1533
517.9955,310.9061,27.0090,83.1878
517.9899,310.8887,27.0203,83.2226
517.9534,309.7765,27.0932,83.4471
516.9920,309.8954,27.0160,83.2093
516.9518,309.7717,27.0963,83.4566
516.8673,308.5113,27.2654,83.9774
516.8191,308.3629,27.3618,84.2742
516.7807,307.2446,27.4386,84.5108
516.8060,307.3227,27.3879,84.3547
516.8292,307.3940,27.3416,84.2120
517.7860,307.2609,27.4280,84.4782
517.7621,306.1874,27.4757,84.6251
518.7751,306.2272,27.4499,84.5456
519.7593,306.1787,27.4814,84.6426
521.7524,306.1575,27.4951,84.6850
523.7236,306.0686,27.5529,84.8629
525.6967,304.9857,27.6067,85.0286
527.7192,305.0553,27.5615,84.8894
528.7065,305.0162,27.5869,84.9676
530.6631,303.8824,27.6737,85.2351
532.6497,303.8412,27.7005,85.3176
533.6052,302.7041,27.7896,85.5919
535.6171,302.7405,27.7659,85.5191
536.5858,301.6442,27.8285,85.7117
537.5906,301.6589,27.8189,85.6821
539.5712,301.5992,27.8576,85.8015
540.5295,300.4710,27.9409,86.0581
542.5336,300.4836,27.9327,86.0328
543.5539,300.5461,27.8922,85.9079
545.5831,300.6358,27.8339,85.7285
546.5869,300.6474,27.8263,85.7051
548.5942,299.6701,27.8116,85.6597
549.6346,299.7946,27.7308,85.4108
551.5952,299.6732,27.8096,85.6536
552.5381,298.4974,27.9238,86.0052
554.5317,298.4778,27.9365,86.0444
556.4871,297.3404,28.0257,86.3193
557.5057,296.3977,27.9885,86.2045
559.5352,296.4884,27.9296,86.0232
560.5395,295.5016,27.9210,85.9968
562.5078,295.4040,27.9844,86.1921
563.5499,295.5337,27.9002,85.9327
563.5678,295.5890,27.8643,85.8221
564.5523,295.5412,27.8954,85.9177
564.5690,294.5927,27.8619,85.8147
564.5920,294.6634,27.8160,85.6732
565.6154,294.7354,27.7692,85.5291
566.6603,294.8738,27.6793,85.2524
566.7351,295.1042,27.5298,84.7917
567.7684,295.2068,27.4631,84.5864
567.7783,294.2370,27.4435,84.5259
567.8024,294.3115,27.3952,84.3771
568.7810,293.2456,27.4379,84.5088
568.8195,293.3640,27.3611,84.2721
568.8483,292.4528,27.3034,84.0944
568.8917,292.5863,27.2167,83.8273
569.8599,292.4886,27.2802,84.0229
569.8574,292.4807,27.2853,84.0387
569.8548,291.4728,27.2904,84.0545
569.8828,291.5589,27.2345,83.8821
569.8749,291.5346,27.2503,83.9309
570.8878,291.5744,27.2244,83.8512
570.9239,291.6856,27.1522,83.6288
570.9602,291.7975,27.0795,83.4050
571.9495,291.7643,27.1011,83.4714
572.9167,290.6637,27.1665,83.6727
572.9328,290.7129,27.1345,83.5741
572.8956,289.5984,27.2088,83.8032
573.8899,289.5808,27.2202,83.8383
573.8938,289.5930,27.2124,83.8141
574.8147,288.3492,27.3706,84.3016
575.8344,288.4097,27.3313,84.1805
575.8475,287.4502,27.3051,84.0996
575.9164,287.6627,27.1671,83.6746
576.9388,287.7315,27.1224,83.5370
576.9749,287.8427,27.0502,83.3146
576.9810,287.8615,27.0380,83.2771
576.9904,287.8905,27.0191,83.2190
578.0068,287.9408,26.9865,83.1183
578.0453,288.0597,26.9093,82.8806
579.0540,288.0862,26.8920,82.8275
580.0858,288.1842,26.8284,82.6316
580.1300,288.3204,26.7400,82.3593
581.0810,288.1695,26.8380,82.6611
581.0921,287.2037,26.8158,82.5926
582.1153,287.2752,26.7694,82.4497
582.1124,287.2663,26.7751,82.4674
583.1028,287.2367,26.7944,82.5266
583.1032,286.2380,26.7935,82.5241
584.1238,286.3014,26.7523,82.3972
584.1195,286.2881,26.7610,82.4239
584.1462,286.3703,26.7076,82.2595
584.1735,287.4542,26.6531,82.0915
584.1096,287.2577,26.7807,82.4846
585.0883,287.1918,26.8235,82.6164
585.1240,287.3018,26.7521,82.3964
585.1331,287.3297,26.7339,82.3405
586.1489,287.3784,26.7023,82.2432
586.1887,287.5013,26.6225,81.9974
586.2147,287.5813,26.5706,81.8373
587.1810,287.4774,26.6380,82.0451
587.1961,287.5240,26.6078,81.9521
588.1783,287.4691,26.6435,82.0619
588.1630,287.4220,26.6740,82.1560
588.1479,286.3758,26.7040,82.2485
589.1510,286.3852,26.6979,82.2297
589.1989,286.5324,26.6023,81.9351
589.2189,286.5941,26.5623,81.8118
590.2349,287.6433,26.5303,81.7133
590.2537,287.7013,26.4927,81.5975
591.2366,287.6489,26.5267,81.7022
592.2496,287.6889,26.5007,81.6223
592.2794,287.7806,26.4411,81.4387
593.2750,288.7668,26.4501,81.4664
594.2530,288.6992,26.4940,81.6015
595.2130,288.5761,26.5739,81.8477
596.2029,288.5449,26.5942,81.9103
597.1555,288.3990,26.6890,82.2020
598.1136,288.2700,26.7727,82.4600
599.0858,287.1843,26.8284,82.6313
599.0980,287.2218,26.8040,82.5564
600.0605,287.1063,26.8790,82.7874
600.0455,287.0600,26.9091,82.8799
601.0280,287.0062,26.9440,82.9876
601.0294,287.0106,26.9412,82.9789
601.0170,287.9724,26.9660,83.0553
601.9382,287.7297,27.1235,83.5405
601.9155,287.6598,27.1690,83.6804
601.8845,287.5642,27.2310,83.8715
601.8724,287.5269,27.2553,83.9463
602.8959,287.5995,27.2081,83.8010
602.9076,287.6354,27.1848,83.7292
602.8964,287.6009,27.2072,83.7982
603.8864,287.5700,27.2273,83.8601
603.9077,287.6356,27.1847,83.7288
603.8977,286.6049,27.2046,83.7902
603.9322,286.7111,27.1357,83.5779
604.9081,286.6371,27.1837,83.7257
604.9301,286.7045,27.1399,83.5910
604.9754,286.8442,27.0492,83.3116
604.9736,286.8385,27.0529,83.3229
604.9481,286.7603,27.1037,83.4794
604.9490,286.7628,27.1021,83.4744
604.9495,286.7646,27.1009,83.4708
604.9789,286.8551,27.0421,83.2898
605.9720,286.8337,27.0560,83.3325
605.9944,286.9029,27.0111,83.1942
607.0209,286.9842,26.9583,83.0315
607.0324,287.0199,26.9352,82.9603
607.0158,285.9686,26.9684,83.0627
607.9619,285.8026,27.0762,83.3948
607.9861,284.8772,27.0278,83.2455
607.9916,284.8943,27.0167,83.2114
607.9738,284.8393,27.0524,83.3213
607.9777,283.8512,27.0447,83.2977
607.9745,283.8417,27.0509,83.3166
607.9825,283.8660,27.0350,83.2679
607.9816,283.8632,27.0369,83.2736
607.9828,283.8671,27.0343,83.2658
607.9885,283.8847,27.0229,83.2306
607.9974,283.9119,27.0053,83.1762
608.0197,283.9805,26.9607,83.0390
608.0522,284.0809,26.8955,82.8382
608.0950,284.2125,26.8101,82.5750
608.1095,284.2573,26.7810,82.4855
607.0827,283.1747,26.8346,82.6506
606.1157,283.2762,26.7687,82.4476
606.0746,282.1497,26.8509,82.7006
605.1260,282.3080,26.7481,82.3840
605.1193,282.2875,26.7613,82.4249
604.1310,281.3235,26.7380,82.3530
603.1136,281.2701,26.7727,82.4599
603.1249,281.3046,26.7503,82.3908
602.1287,281.3163,26.7427,82.3675
602.1160,281.2773,26.7680,82.4453
601.1185,281.2850,26.7630,82.4301
600.1301,281.3206,26.7399,82.3588
600.1423,281.3585,26.7153,82.2831
599.1964,281.5249,26.6072,81.9502
599.2165,281.5867,26.5671,81.8266
599.2523,281.6971,26.4954,81.6057
598.2856,281.7997,26.4287,81.4005
598.2710,281.7547,26.4580,81.4907
597.2974,280.8359,26.4053,81.3282
596.2990,280.8407,26.4021,81.3186
595.3385,279.9626,26.3230,81.0748
594.4352,280.2604,26.1296,80.4791
593.4368,280.2655,26.1263,80.4690
592.4597,280.3359,26.0806,80.3282
590.4896,280.4279,26.0208,80.1441
589.4987,280.4559,26.0026,80.0881
587.5146,280.5052,25.9707,79.9897
586.5027,280.4683,25.9946,80.0635
584.5292,280.5499,25.9416,79.9002
583.5162,280.5097,25.9677,79.9805
581.5724,280.6830,25.8552,79.6340
580.5926,280.7452,25.8148,79.5095
579.6058,280.7858,25.7885,79.4285
577.6124,280.8060,25.7753,79.3880
576.6077,280.7916,25.7847,79.4169
574.5901,279.7374,25.8199,79.5252
572.5612,279.6485,25.8776,79.7030
571.5397,279.5822,25.9206,79.8355
569.5540,278.6262,25.8921,79.7475
568.5685,278.6711,25.8629,79.6577
566.5885,278.7326,25.8230,79.5347
564.5895,279.7357,25.8210,79.5286
563.5791,279.7037,25.8418,79.5927
561.5972,279.7592,25.8057,79.4815
560.5562,279.6328,25.8878,79.7343
559.5730,279.6849,25.8540,79.6302
558.6257,279.8473,25.7485,79.3054
557.6649,279.9680,25.6701,79.0640
556.6877,280.0383,25.6245,78.9234
555.7065,280.0962,25.5869,78.8076
554.7054,280.0926,25.5892,78.8148
553.6870,280.0359,25.6260,78.9281
552.6608,278.9551,25.6785,79.0898
551.6752,278.9997,25.6495,79.0005
550.6934,279.0555,25.6133,78.8890
549.7194,279.1357,25.5612,78.7285
548.7343,279.1817,25.5314,78.6366
547.7521,279.2364,25.4959,78.5272
546.7804,280.3237,25.4391,78.3526
546.7598,280.2603,25.4804,78.4795
545.7737,280.3029,25.4527,78.3942
545.7745,281.3055,25.4510,78.3890
544.7416,281.2041,25.5168,78.5918
544.6981,281.0703,25.6037,78.8594
544.6498,280.9213,25.7005,79.1574
544.6105,280.8004,25.7790,79.3992
544.5635,280.6556,25.8730,79.6888
544.5118,280.4962,25.9765,80.0076
545.3998,280.1515,26.2003,80.6970
545.3426,278.9752,26.3148,81.0496
545.3782,279.0847,26.2437,80.8305
546.3562,279.0172,26.2876,80.9657
546.3345,278.9504,26.3309,81.0993
546.3340,278.9488,26.3319,81.1023
547.3144,279.8884,26.3712,81.2233
548.3049,279.8591,26.3902,81.2818
548.3004,279.8453,26.3991,81.3093
549.2828,280.7911,26.4344,81.4178
550.2523,280.6971,26.4954,81.6058
550.2686,280.7472,26.4629,81.5057
551.2667,280.7415,26.4666,81.5170
552.2635,280.7317,26.4729,81.5367
552.2684,280.7466,26.4632,81.5068
553.2443,280.6724,26.5114,81.6552
553.2436,280.6703,26.5128,81.6594
553.2345,280.6422,26.5310,81.7155
553.2234,280.6082,26.5531,81.7835
553.2085,280.5621,26.5831,81.8758
553.2297,280.6276,26.5405,81.7448
553.2518,280.6956,26.4963,81.6087
552.2794,281.7805,26.4412,81.4389
552.2867,281.8030,26.4266,81.3941
551.2994,281.8423,26.4011,81.3155
551.3404,282.9684,26.3192,81.0632
551.3663,283.0482,26.2674,80.9037
550.3988,283.1484,26.2023,80.7032
550.4069,283.1732,26.1862,80.6536
549.4130,283.1921,26.1739,80.6157
548.3879,283.1147,26.2242,80.7707
548.3552,283.0140,26.2896,80.9720
547.3892,283.1187,26.2216,80.7626
546.3980,283.1459,26.2039,80.7081
545.4002,283.1526,26.1996,80.6948
545.3930,283.1304,26.2140,80.7392
544.4473,284.2978,26.1054,80.4045
543.4606,284.3386,26.0788,80.3228
542.4720,284.3739,26.0559,80.2522
542.4913,284.4331,26.0175,80.1338
541.5482,285.6084,25.9036,79.7832
541.5463,285.6026,25.9074,79.7947
541.5726,285.6835,25.8549,79.6330
541.6143,286.8119,25.7715,79.3763
541.5778,286.6995,25.8445,79.6010
541.5941,286.7500,25.8117,79.5001
541.6021,286.7743,25.7959,79.4513
541.5728,286.6844,25.8543,79.6313
541.5608,286.6472,25.8785,79.7057
541.5201,286.5221,25.9597,79.9558
541.4819,286.4043,26.0362,80.1915
541.4695,286.3660,26.0610,80.2679
541.4752,286.3837,26.0496,80.2327
541.4567,286.3265,26.0867,80.3470
541.4483,287.3007,26.1034,80.3986
541.4224,287.2211,26.1551,80.5578
541.4004,287.1533,26.1992,80.6935
540.4183,288.2083,26.1634,80.5834
540.4252,288.2295,26.1497,80.5411
540.4075,288.1750,26.1851,80.6501
540.3827,288.0986,26.2347,80.8028
539.3873,288.1127,26.2255,80.7745
539.3777,288.0835,26.2445,80.8330
538.3759,288.0777,26.2483,80.8447
537.3709,288.0623,26.2582,80.8753
537.3591,288.0260,26.2818,80.9480
536.3784,288.0855,26.2432,80.8290
535.3883,288.1160,26.2234,80.7681
535.3828,288.0989,26.2345,80.8022
534.3990,288.1488,26.2021,80.7023
533.4086,288.1785,26.1828,80.6430
532.4511,289.3094,26.0978,80.3813
531.4473,289.2978,26.1054,80.4045
530.4734,290.3780,26.0533,80.2441
530.4403,290.2761,26.1194,80.4478
529.4372,290.2665,26.1256,80.4670
529.4485,290.3014,26.1030,80.3973
528.4619,290.3427,26.0762,80.3146
528.4396,290.2740,26.1208,80.4521
528.4526,291.3141,26.0947,80.3717
527.4458,291.2931,26.1084,80.4138
527.4149,291.1977,26.1703,80.6045
526.4526,291.3141,26.0947,80.3717
525.4240,290.2258,26.1521,80.5484
524.4543,290.3193,26.0913,80.3613
524.4814,291.4027,26.0372,80.1945
523.4385,291.2707,26.1229,80.4586
523.4296,292.2432,26.1408,80.5136
522.3579,293.0224,26.2841,80.9551
521.2624,292.7282,26.4752,81.5435
521.2789,293.7790,26.4422,81.4420
520.2438,293.6710,26.5123,81.6579
520.2358,293.6463,26.5284,81.7073
520.2205,294.5989,26.5591,81.8021
519.1512,293.3858,26.6975,82.2284
519.1501,293.3822,26.6999,82.2356
519.1803,293.4754,26.6394,82.0492
519.2239,293.6095,26.5523,81.7811
519.2333,293.6386,26.5334,81.7228
519.1919,293.5110,26.6162,81.9780
518.1432,293.3611,26.7136,82.2779
518.0903,293.1983,26.8193,82.6035
518.0383,293.0378,26.9235,82.9244
517.9901,293.8893,27.0199,83.2214
517.9344,293.7179,27.1312,83.5642
517.9681,294.8217,27.0639,83.3567
517.9626,294.8050,27.0747,83.3900
2
0
0
0
0
0
2
0
0
0
0
0
2
0
0
0
0
0
2
0
0
0
0
0
2
0
0
0
0
0
543.5551,290.5496,27.8899,85.9008
543.6927,291.9735,27.6146,85.0529
544.7021,292.0025,27.5958,84.9950
544.6871,291.9562,27.6259,85.0876
544.7054,292.0128,27.5891,84.9743
545.6501,290.8425,27.6997,85.3150
545.6400,290.8111,27.7201,85.3778
545.6497,289.8412,27.7005,85.3176
544.6609,289.8757,27.6781,85.2485
544.6685,289.8991,27.6629,85.2018
543.6771,288.9253,27.6459,85.1494
543.6945,288.9791,27.6110,85.0418
542.7059,289.0142,27.5882,84.9715
542.7256,289.0750,27.5487,84.8500
541.7247,289.0719,27.5507,84.8562
540.7532,289.1598,27.4936,84.6804
540.7867,289.2630,27.4266,84.4740
539.7824,289.2498,27.4352,84.5005
538.7879,289.2668,27.4242,84.4664
537.7974,289.2960,27.4052,84.4080
537.7838,289.2542,27.4323,84.4916
536.7636,289.1920,27.4728,84.6161
535.7267,289.0782,27.5466,84.8436
534.6486,287.8375,27.7029,85.3250
533.6389,287.8077,27.7222,85.3845
532.5892,286.6548,27.8215,85.6904
531.5863,286.6458,27.8274,85.7084
530.5444,286.5168,27.9112,85.9665
530.5396,285.5020,27.9208,85.9961
528.5391,285.5005,27.9218,85.9991
527.5316,285.4773,27.9368,86.0454
526.5288,285.4687,27.9424,86.0627
525.5286,285.4682,27.9427,86.0636
525.5763,285.6149,27.8475,85.7702
524.6011,285.6915,27.7977,85.6170
523.6176,285.7423,27.7647,85.5154
523.6219,285.7556,27.7561,85.4888
522.6158,285.7368,27.7683,85.5265
522.5856,284.6436,27.8288,85.7128
521.5871,284.6483,27.8258,85.7034
520.5545,283.5478,27.8910,85.9044
519.5492,283.5314,27.9017,85.9371
519.5320,283.4785,27.9360,86.0430
518.5428,283.5119,27.9144,85.9762
518.5429,282.5121,27.9142,85.9758
517.5562,282.5532,27.8875,85.8935
516.6064,282.7079,27.7871,85.5842
516.6517,282.8471,27.6967,85.3057
515.6942,282.9780,27.6117,85.0440
514.7587,283.1768,27.4826,84.6464
514.8231,284.3750,27.3539,84.2500
513.8553,284.4743,27.2894,84.0513
512.8743,284.5330,27.2513,83.9340
512.8766,284.5399,27.2468,83.9202
512.8477,283.4509,27.3046,84.0981
511.8568,283.4790,27.2863,84.0419
511.8283,283.3912,27.3434,84.2176
510.7870,282.2641,27.4259,84.4719
510.7645,282.1948,27.4709,84.6105
510.7603,282.1819,27.4793,84.6362
510.7578,282.1740,27.4844,84.6521
510.7428,281.1277,27.5145,84.7445
510.7528,281.1586,27.4944,84.6828
509.7603,281.1819,27.4793,84.6363
509.7567,281.1707,27.4866,84.6587
510.7557,282.1676,27.4886,84.6648
