1
708.0000,58.0000,31.0000,108.0000
708.0000,57.0000,31.0000,108.0000
708.0000,57.0000,31.0000,108.0000
709.0000,56.0000,31.0000,108.0000
709.0000,56.0000,31.0000,108.0000
710.0000,55.0000,31.0000,108.0000
710.0000,54.0000,31.0000,108.0000
711.0000,54.0000,31.0000,108.0000
711.0000,53.0000,31.0000,108.0000
712.0000,52.0000,31.0000,108.0000
712.0000,51.0000,31.0000,108.0000
712.0000,49.0000,31.0000,108.0000
713.0000,48.0000,31.0000,108.0000
714.0000,46.0000,31.0000,108.0000
715.0000,44.0000,31.0000,108.0000
716.0000,42.0000,31.0000,108.0000
717.0000,41.0000,31.0000,108.0000
718.0000,40.0000,31.0000,108.0000
718.0000,39.0000,31.0000,108.0000
719.0000,38.0000,31.0000,108.0000
719.0000,37.0000,31.0000,108.0000
719.0000,37.0000,31.0000,108.0000
719.0000,36.0000,31.0000,108.0000
719.0000,35.0000,31.0000,108.0000
719.0000,34.0000,31.0000,108.0000
719.0000,33.0000,31.0000,108.0000
719.0000,32.0000,31.0000,108.0000
719.0000,32.0000,31.0000,108.0000
719.0000,32.0000,31.0000,108.0000
718.0000,32.0000,31.0000,108.0000
718.0000,31.0000,31.0000,108.0000
718.0000,30.0000,31.0000,108.0000
719.0000,28.0000,31.0000,108.0000
719.0000,26.0000,31.0000,108.0000
720.0000,23.0000,31.0000,108.0000
721.0000,21.0000,31.0000,108.0000
722.0000,19.0000,31.0000,108.0000
722.0000,18.0000,31.0000,108.0000
723.0000,17.0000,31.0000,108.0000
723.0000,18.0000,31.0000,108.0000
724.0000,19.0000,31.0000,108.0000
724.0000,20.0000,31.0000,108.0000
725.0000,20.0000,31.0000,108.0000
726.0000,20.0000,31.0000,108.0000
727.0000,19.0000,31.0000,108.0000
728.0000,18.0000,31.0000,108.0000
729.0000,16.0000,31.0000,108.0000
729.0000,14.0000,31.0000,108.0000
730.0000,13.0000,31.0000,108.0000
731.0000,12.0000,31.0000,108.0000
731.0000,12.0000,31.0000,108.0000
731.0000,13.0000,31.0000,108.0000
731.0000,15.0000,31.0000,108.0000
731.0000,17.0000,31.0000,108.0000
731.0000,20.0000,31.0000,108.0000
731.0000,21.0000,31.0000,108.0000
732.0000,20.0000,31.0000,108.0000
732.0000,19.0000,31.0000,108.0000
732.0000,18.0000,31.0000,108.0000
730.0000,17.0000,31.0000,108.0000
728.0000,16.0000,31.0000,108.0000
725.0000,16.0000,31.0000,108.0000
722.0000,16.0000,31.0000,108.0000
717.0000,18.0000,31.0000,108.0000
713.0000,20.0000,31.0000,108.0000
708.0000,23.0000,31.0000,108.0000
702.0000,26.0000,31.0000,108.0000
697.0000,27.0000,31.0000,108.0000
692.0000,28.0000,31.0000,108.0000
686.0000,28.0000,31.0000,108.0000
681.0000,27.0000,31.0000,108.0000
675.0000,26.0000,31.0000,108.0000
669.0000,26.0000,31.0000,108.0000
663.0000,26.0000,31.0000,108.0000
657.0000,27.0000,31.0000,108.0000
650.0000,29.0000,31.0000,108.0000
643.0000,31.0000,31.0000,108.0000
636.0000,35.0000,31.0000,108.0000
629.0000,38.0000,31.0000,108.0000
623.0000,41.0000,31.0000,108.0000
617.0000,42.0000,31.0000,108.0000
612.0000,43.0000,31.0000,108.0000
607.0000,43.0000,31.0000,108.0000
603.0000,43.0000,31.0000,108.0000
600.0000,43.0000,31.0000,108.0000
597.0000,43.0000,31.0000,108.0000
595.0000,44.0000,31.0000,108.0000
594.0000,46.0000,31.0000,108.0000
593.0000,48.0000,31.0000,108.0000
593.0000,52.0000,31.0000,108.0000
593.0000,55.0000,31.0000,108.0000
593.0000,58.0000,31.0000,108.0000
594.0000,59.0000,31.0000,108.0000
595.0000,58.0000,31.0000,108.0000
595.0000,58.0000,31.0000,108.0000
596.0000,57.0000,31.0000,108.0000
596.0000,57.0000,31.0000,108.0000
596.0000,57.0000,31.0000,108.0000
596.0000,57.0000,31.0000,108.0000
596.0000,59.0000,31.0000,108.0000
596.0000,61.0000,31.0000,108.0000
596.0000,64.0000,31.0000,108.0000
595.0000,67.0000,31.0000,108.0000
595.0000,68.0000,31.0000,108.0000
595.0000,68.0000,31.0000,108.0000
595.0000,67.0000,31.0000,108.0000
595.0000,66.0000,31.0000,108.0000
595.0000,66.0000,31.0000,108.0000
596.0000,65.0000,31.0000,108.0000
596.0000,65.0000,31.0000,108.0000
596.0000,66.0000,31.0000,108.0000
596.0000,67.0000,31.0000,108.0000
597.0000,69.0000,31.0000,108.0000
597.0000,72.0000,31.0000,108.0000
597.0000,75.0000,31.0000,108.0000
598.0000,76.0000,31.0000,108.0000
599.0000,75.0000,31.0000,108.0000
599.0000,74.0000,31.0000,108.0000
599.0000,73.0000,31.0000,108.0000
600.0000,71.0000,31.0000,108.0000
600.0000,70.0000,31.0000,108.0000
600.0000,70.0000,31.0000,108.0000
600.0000,70.0000,31.0000,108.0000
600.0000,71.0000,31.0000,108.0000
599.0000,73.0000,31.0000,108.0000
599.0000,75.0000,31.0000,108.0000
599.0000,76.0000,31.0000,108.0000
598.0000,76.0000,31.0000,108.0000
598.0000,74.0000,31.0000,108.0000
598.0000,72.0000,31.0000,108.0000
598.0000,70.0000,31.0000,108.0000
598.0000,68.0000,31.0000,108.0000
598.0000,67.0000,31.0000,108.0000
597.0000,66.0000,31.0000,108.0000
597.0000,66.0000,31.0000,108.0000
597.0000,67.0000,31.0000,108.0000
597.0000,69.0000,31.0000,108.0000
597.0000,71.0000,31.0000,108.0000
597.0000,71.0000,31.0000,108.0000
597.0000,70.0000,31.0000,108.0000
596.0000,67.0000,31.0000,108.0000
596.0000,65.0000,31.0000,108.0000
595.0000,63.0000,31.0000,108.0000
595.0000,61.0000,31.0000,108.0000
594.0000,60.0000,31.0000,108.0000
593.0000,60.0000,31.0000,108.0000
592.0000,61.0000,31.0000,108.0000
591.0000,62.0000,31.0000,108.0000
590.0000,63.0000,31.0000,108.0000
589.0000,63.0000,31.0000,108.0000
587.0000,60.0000,31.0000,108.0000
586.0000,58.0000,31.0000,108.0000
586.0000,56.0000,31.0000,108.0000
585.0000,53.0000,31.0000,108.0000
585.0000,52.0000,31.0000,108.0000
584.0000,51.0000,31.0000,108.0000
583.0000,52.0000,31.0000,108.0000
583.0000,53.0000,31.0000,108.0000
582.0000,55.0000,31.0000,108.0000
581.0000,55.0000,31.0000,108.0000
580.0000,54.0000,31.0000,108.0000
579.0000,52.0000,31.0000,108.0000
577.0000,49.0000,31.0000,108.0000
576.0000,47.0000,31.0000,108.0000
575.0000,45.0000,31.0000,108.0000
573.0000,44.0000,31.0000,108.0000
572.0000,43.0000,31.0000,108.0000
570.0000,44.0000,31.0000,108.0000
568.0000,45.0000,31.0000,108.0000
566.0000,45.0000,31.0000,108.0000
564.0000,45.0000,31.0000,108.0000
562.0000,43.0000,31.0000,108.0000
560.0000,40.0000,31.0000,108.0000
558.0000,37.0000,31.0000,108.0000
556.0000,35.0000,31.0000,108.0000
554.0000,33.0000,31.0000,108.0000
552.0000,32.0000,31.0000,108.0000
550.0000,32.0000,31.0000,108.0000
549.0000,33.0000,31.0000,108.0000
547.0000,35.0000,31.0000,108.0000
545.0000,36.0000,31.0000,108.0000
543.0000,35.0000,31.0000,108.0000
541.0000,34.0000,31.0000,108.0000
538.0000,32.0000,31.0000,108.0000
535.0000,30.0000,31.0000,108.0000
533.0000,28.0000,31.0000,108.0000
530.0000,27.0000,31.0000,108.0000
527.0000,27.0000,31.0000,108.0000
524.0000,28.0000,31.0000,108.0000
521.0000,29.0000,31.0000,108.0000
518.0000,31.0000,31.0000,108.0000
515.0000,33.0000,31.0000,108.0000
512.0000,33.0000,31.0000,108.0000
508.0000,32.0000,31.0000,108.0000
505.0000,30.0000,31.0000,108.0000
502.0000,29.0000,31.0000,108.0000
498.0000,28.0000,31.0000,108.0000
495.0000,28.0000,31.0000,108.0000
491.0000,29.0000,31.0000,108.0000
488.0000,30.0000,31.0000,108.0000
485.0000,33.0000,31.0000,108.0000
482.0000,35.0000,31.0000,108.0000
479.0000,37.0000,31.0000,108.0000
476.0000,38.0000,31.0000,108.0000
472.0000,37.0000,31.0000,108.0000
469.0000,36.0000,31.0000,108.0000
466.0000,35.0000,31.0000,108.0000
465.0000,34.0000,31.0000,108.0000
465.0000,34.0000,31.0000,108.0000
467.0000,34.0000,31.0000,108.0000
472.0000,35.0000,31.0000,108.0000
478.0000,37.0000,31.0000,108.0000
485.0000,38.0000,31.0000,108.0000
494.0000,39.0000,31.0000,108.0000
504.0000,38.0000,31.0000,108.0000
516.0000,35.0000,31.0000,108.0000
529.0000,33.0000,31.0000,108.0000
542.0000,30.0000,31.0000,108.0000
557.0000,27.0000,31.0000,108.0000
573.0000,26.0000,31.0000,108.0000
591.0000,26.0000,31.0000,108.0000
609.0000,27.0000,31.0000,108.0000
629.0000,29.0000,31.0000,108.0000
650.0000,31.0000,31.0000,108.0000
671.0000,34.0000,31.0000,108.0000
692.0000,35.0000,31.0000,108.0000
713.0000,35.0000,31.0000,108.0000
733.0000,35.0000,31.0000,108.0000
751.0000,35.0000,31.0000,108.0000
768.0000,36.0000,31.0000,108.0000
783.0000,37.0000,31.0000,108.0000
797.0000,39.0000,31.0000,108.0000
808.0000,41.0000,31.0000,108.0000
818.0000,44.0000,31.0000,108.0000
825.0000,47.0000,31.0000,108.0000
831.0000,50.0000,31.0000,108.0000
836.0000,51.0000,31.0000,108.0000
839.0000,50.0000,31.0000,108.0000
841.0000,49.0000,31.0000,108.0000
842.0000,47.0000,31.0000,108.0000
842.0000,46.0000,31.0000,108.0000
841.0000,46.0000,31.0000,108.0000
839.0000,46.0000,31.0000,108.0000
836.0000,48.0000,31.0000,108.0000
834.0000,50.0000,31.0000,108.0000
831.0000,54.0000,31.0000,108.0000
829.0000,57.0000,31.0000,108.0000
826.0000,58.0000,31.0000,108.0000
824.0000,58.0000,31.0000,108.0000
821.0000,58.0000,31.0000,108.0000
819.0000,58.0000,31.0000,108.0000
816.0000,58.0000,31.0000,108.0000
814.0000,58.0000,31.0000,108.0000
810.0000,60.0000,31.0000,108.0000
805.0000,61.0000,31.0000,108.0000
800.0000,63.0000,31.0000,108.0000
795.0000,65.0000,31.0000,108.0000
789.0000,65.0000,31.0000,108.0000
784.0000,64.0000,31.0000,108.0000
779.0000,63.0000,31.0000,108.0000
774.0000,62.0000,31.0000,108.0000
770.0000,62.0000,31.0000,108.0000
765.0000,62.0000,31.0000,108.0000
761.0000,62.0000,31.0000,108.0000
757.0000,64.0000,31.0000,108.0000
753.0000,66.0000,31.0000,108.0000
749.0000,67.0000,31.0000,108.0000
745.0000,67.0000,31.0000,108.0000
740.0000,66.0000,31.0000,108.0000
736.0000,65.0000,31.0000,108.0000
732.0000,64.0000,31.0000,108.0000
727.0000,64.0000,31.0000,108.0000
723.0000,65.0000,31.0000,108.0000
718.0000,66.0000,31.0000,108.0000
714.0000,68.0000,31.0000,108.0000
709.0000,71.0000,31.0000,108.0000
703.0000,72.0000,31.0000,108.0000
698.0000,73.0000,31.0000,108.0000
692.0000,73.0000,31.0000,108.0000
687.0000,72.0000,31.0000,108.0000
682.0000,72.0000,31.0000,108.0000
676.0000,72.0000,31.0000,108.0000
671.0000,73.0000,31.0000,108.0000
666.0000,74.0000,31.0000,108.0000
661.0000,77.0000,31.0000,108.0000
656.0000,80.0000,31.0000,108.0000
652.0000,83.0000,31.0000,108.0000
650.0000,95.0000,31.0000,108.0000
650.0000,108.0000,31.0000,108.0000
645.0000,107.0000,31.0000,108.0000
641.0000,113.0000,31.0000,108.0000
636.0000,115.0000,31.0000,108.0000
632.0000,117.0000,31.0000,108.0000
629.0000,119.0000,31.0000,108.0000
627.0000,122.0000,31.0000,108.0000
623.0000,124.0000,31.0000,108.0000
618.0000,128.0000,31.0000,108.0000
613.0000,130.0000,31.0000,108.0000
608.0000,135.0000,31.0000,108.0000
605.0000,138.0000,31.0000,108.0000
605.0000,141.0000,31.0000,108.0000
605.0000,144.0000,31.0000,108.0000
606.0000,148.0000,31.0000,108.0000
609.0000,154.0000,31.0000,108.0000
610.0000,157.0000,31.0000,108.0000
612.0000,163.0000,31.0000,108.0000
613.0000,167.0000,31.0000,108.0000
615.0000,172.0000,31.0000,108.0000
617.0000,177.0000,31.0000,108.0000
620.0000,184.0000,31.0000,108.0000
622.0000,191.0000,31.0000,108.0000
624.0000,197.0000,31.0000,108.0000
625.0000,203.0000,31.0000,108.0000
628.0000,209.0000,31.0000,108.0000
631.0000,217.0000,31.0000,108.0000
637.0000,223.0000,31.0000,108.0000
641.0000,229.0000,31.0000,108.0000
647.0000,235.0000,31.0000,108.0000
653.0000,243.0000,31.0000,108.0000
660.0000,251.0000,31.0000,108.0000
668.0000,259.0000,31.0000,108.0000
677.0000,268.0000,31.0000,108.0000
686.0000,277.0000,31.0000,108.0000
699.0000,291.0000,31.0000,108.0000
708.0000,301.0000,31.0000,108.0000
713.0000,304.0000,31.0000,108.0000
721.0000,314.0000,31.0000,108.0000
726.0000,323.0000,31.0000,108.0000
732.0000,335.0000,31.0000,108.0000
736.0000,346.0000,31.0000,108.0000
738.0000,356.0000,31.0000,108.0000
740.0000,368.0000,31.0000,108.0000
742.0000,376.0000,31.0000,108.0000
743.0000,386.0000,31.0000,108.0000
743.0000,393.0000,31.0000,108.0000
745.0000,398.0000,31.0000,108.0000
747.0000,403.0000,31.0000,108.0000
750.0000,407.0000,31.0000,108.0000
753.0000,411.0000,31.0000,108.0000
757.0000,417.0000,31.0000,108.0000
763.0000,422.0000,31.0000,108.0000
770.0000,428.0000,31.0000,108.0000
777.0000,434.0000,31.0000,108.0000
786.0000,440.0000,31.0000,108.0000
796.0000,444.0000,31.0000,108.0000
807.0000,447.0000,31.0000,108.0000
819.0000,449.0000,31.0000,108.0000
833.0000,450.0000,31.0000,108.0000
848.0000,452.0000,31.0000,108.0000
864.0000,454.0000,31.0000,108.0000
881.0000,457.0000,31.0000,108.0000
899.0000,461.0000,31.0000,108.0000
918.0000,465.0000,31.0000,108.0000
937.0000,470.0000,31.0000,108.0000
956.0000,475.0000,31.0000,108.0000
977.0000,481.0000,31.0000,108.0000
998.0000,480.0000,31.0000,108.0000
1018.0000,485.0000,31.0000,108.0000
1039.0000,486.0000,31.0000,108.0000
1060.0000,488.0000,31.0000,108.0000
1079.0000,490.0000,31.0000,108.0000
1097.0000,492.0000,31.0000,108.0000
1111.0000,494.0000,31.0000,108.0000
1124.0000,497.0000,31.0000,108.0000
1134.0000,501.0000,31.0000,108.0000
1144.0000,504.0000,31.0000,108.0000
1153.0000,508.0000,31.0000,108.0000
1163.0000,508.0000,31.0000,108.0000
1171.0000,507.0000,31.0000,108.0000
1177.0000,505.0000,31.0000,108.0000
1181.0000,501.0000,31.0000,108.0000
1182.0000,496.0000,31.0000,108.0000
1179.0000,490.0000,31.0000,108.0000
1174.0000,484.0000,31.0000,108.0000
1165.0000,478.0000,31.0000,108.0000
1156.0000,471.0000,31.0000,108.0000
1147.0000,465.0000,31.0000,108.0000
1139.0000,459.0000,31.0000,108.0000
1130.0000,450.0000,31.0000,108.0000
1126.0000,430.0000,31.0000,108.0000
1113.0000,416.0000,31.0000,108.0000
1117.0000,425.0000,31.0000,108.0000
2
0
0
0
0
0
2
0
0
0
0
0
2
0
0
0
0
0
2
0
0
0
0
0
2
0
0
0
0
0
2
0
0
0
0
0
2
0
0
0
0
0
2
0
0
0
0
0
2
0
0
0
0
0
2
0
0
0
0
0
2
0
0
0
0
0
2
0
0
0
0
0
2
0
0
0
0
0
2
0
0
0
0
0
2
0
0
0
0
0
2
0
0
0
0
0
2
0
0
0
0
0
2
0
0
0
0
0
2
0
0
0
0
0
2
0
0
0
0
0
2
0
0
0
0
0
2
0
0
0
0
0
2
0
0
0
0
0
2
0
0
0
0
0
2
0
0
0
0
0
2
0
0
0
0
0
2
0
0
0
0
0
2
0
0
0
0
0
2
0
0
0
0
0
2
0
0
0
0
0
2
0
0
0
0
0
2
0
0
0
0
0
2
0
0
0
0
0
2
0
0
0
0
0
2
0
0
0
0
0
2
0
0
0
0
0
2
0
0
0
0
0
2
0
0
0
0
0
2
0
0
0
0
0
2
0
0
0
0
0
2
0
0
0
0
0
2
0
0
0
0
0
2
0
0
0
0
0
2
0
0
0
0
0
2
0
0
0
0
0
2
0
0
0
0
0
2
0
0
0
0
0
2
0
0
0
0
0
2
0
0
0
0
0
2
0
0
0
0
0
2
0
0
0
0
0
2
0
0
0
0
0
2
0
0
0
0
0
2
0
0
0
0
0
2
0
0
0
0
0
2
0
0
0
0
0
2
0
0
0
0
0
2
0
0
0
0
0
2
0
0
0
0
0
2
0
0
0
0
0
2
0
0
0
0
0
2
0
0
0
0
0
2
0
0
0
0
0
2
0
0
0
0
0
2
0
0
0
0
0
2
0
0
0
0
0
2
0
0
0
0
0
2
0
0
0
0
0
2
0
0
0
0
0
2
0
0
0
0
0
2
0
0
0
0
0
2
0
0
0
0
0
2
0
0
0
0
0
2
0
0
0
0
0
2
0
0
0
0
0
2
0
0
0
0
0
2
0
0
0
0
0
2
0
0
0
0
0
2
0
0
0
0
0
2
0
0
0
0
0
2
0
0
0
0
0
2
0
0
0
0
0
2
0
0
0
0
0
2
0
0
0
0
0
2
0
0
0
0
0
2
0
0
0
0
0
2
0
0
0
0
0
2
0
0
0
0
0
2
0
0
0
0
0
2
0
0
0
0
0
2
0
0
0
0
0
2
0
0
0
0
0
2
0
0
0
0
0
2
0
0
0
0
0
2
0
0
0
0
0
2
0
0
0
0
0
2
0
0
0
0
0
2
0
0
0
0
0
2
0
0
0
0
0
2
0
0
0
0
0
2
0
0
0
0
0
2
0
0
0
0
0
2
0
0
0
0
0
2
0
0
0
0
0
2
0
0
0
0
0
2
0
0
0
0
0
2
0
0
0
0
0
2
0
0
0
0
0
2
0
0
0
0
0
2
0
0
0
0
0
2
0
0
0
0
0
2
0
0
0
0
0
2
0
0
0
0
0
2
0
0
0
0
0
2
0
0
0
0
0
2
0
0
0
0
0
2
0
0
0
0
0
2
0
0
0
0
0
2
0
0
0
0
0
2
0
0
0
0
0
2
0
0
0
0
0
2
0
0
0
0
0
2
0
0
0
0
0
2
0
0
0
0
0
2
0
0
0
0
0
2
0
0
0
0
0
2
0
0
0
0
0
2
0
0
0
0
0
2
0
0
0
0
0
2
0
0
0
0
0
2
0
0
0
0
0
2
0
0
0
0
0
2
0
0
0
0
0
2
0
0
0
0
0
2
0
0
0
0
0
2
0
0
0
0
0
2
0
0
0
0
0
2
0
0
0
0
0
2
0
0
0
0
0
2
0
0
0
0
0
2
0
0
0
0
0
2
0
0
0
0
0
2
0
0
0
0
0
2
0
0
0
0
0
2
0
