1
568.0000,32.0000,80.0000,201.0000
573.0000,35.0000,80.0000,201.0000
577.0000,38.0000,80.0000,201.0000
582.0000,41.0000,80.0000,201.0000
587.0000,43.0000,80.0000,201.0000
593.0000,45.0000,80.0000,201.0000
598.0000,48.0000,80.0000,201.0000
602.0000,51.0000,80.0000,201.0000
606.0000,54.0000,80.0000,201.0000
609.0000,57.0000,80.0000,201.0000
613.0000,61.0000,80.0000,201.0000
617.0000,65.0000,80.0000,201.0000
620.0000,68.0000,80.0000,201.0000
625.0000,71.0000,80.0000,201.0000
629.0000,74.0000,80.0000,201.0000
632.0000,76.0000,80.0000,201.0000
636.0000,78.0000,80.0000,201.0000
639.0000,80.0000,80.0000,201.0000
643.0000,83.0000,80.0000,201.0000
647.0000,85.0000,80.0000,201.0000
651.0000,88.0000,80.0000,201.0000
655.0000,92.0000,80.0000,201.0000
659.0000,95.0000,80.0000,201.0000
663.0000,99.0000,80.0000,201.0000
667.0000,104.0000,80.0000,201.0000
671.0000,108.0000,80.0000,201.0000
675.0000,113.0000,80.0000,201.0000
679.0000,118.0000,80.0000,201.0000
684.0000,122.0000,80.0000,201.0000
689.0000,127.0000,80.0000,201.0000
695.0000,131.0000,80.0000,201.0000
700.0000,134.0000,80.0000,201.0000
707.0000,135.0000,80.0000,201.0000
712.0000,137.0000,80.0000,201.0000
718.0000,137.0000,80.0000,201.0000
724.0000,139.0000,80.0000,201.0000
729.0000,143.0000,80.0000,201.0000
734.0000,147.0000,80.0000,201.0000
738.0000,152.0000,80.0000,201.0000
742.0000,156.0000,80.0000,201.0000
746.0000,161.0000,80.0000,201.0000
750.0000,165.0000,80.0000,201.0000
755.0000,169.0000,80.0000,201.0000
761.0000,172.0000,80.0000,201.0000
767.0000,175.0000,80.0000,201.0000
772.0000,177.0000,80.0000,201.0000
777.0000,179.0000,80.0000,201.0000
782.0000,180.0000,80.0000,201.0000
787.0000,181.0000,80.0000,201.0000
791.0000,182.0000,80.0000,201.0000
795.0000,183.0000,80.0000,201.0000
799.0000,186.0000,80.0000,201.0000
804.0000,189.0000,80.0000,201.0000
808.0000,192.0000,80.0000,201.0000
812.0000,196.0000,80.0000,201.0000
816.0000,200.0000,80.0000,201.0000
820.0000,203.0000,80.0000,201.0000
824.0000,205.0000,80.0000,201.0000
828.0000,207.0000,80.0000,201.0000
832.0000,209.0000,80.0000,201.0000
836.0000,212.0000,80.0000,201.0000
840.0000,214.0000,80.0000,201.0000
845.0000,216.0000,80.0000,201.0000
850.0000,217.0000,80.0000,201.0000
855.0000,217.0000,80.0000,201.0000
860.0000,218.0000,80.0000,201.0000
866.0000,219.0000,80.0000,201.0000
871.0000,220.0000,80.0000,201.0000
876.0000,223.0000,80.0000,201.0000
881.0000,226.0000,80.0000,201.0000
886.0000,230.0000,80.0000,201.0000
891.0000,234.0000,80.0000,201.0000
896.0000,238.0000,80.0000,201.0000
901.0000,242.0000,80.0000,201.0000
907.0000,246.0000,80.0000,201.0000
913.0000,249.0000,80.0000,201.0000
921.0000,252.0000,80.0000,201.0000
930.0000,255.0000,80.0000,201.0000
939.0000,257.0000,80.0000,201.0000
948.0000,259.0000,80.0000,201.0000
957.0000,260.0000,80.0000,201.0000
965.0000,259.0000,80.0000,201.0000
972.0000,257.0000,80.0000,201.0000
979.0000,257.0000,80.0000,201.0000
984.0000,258.0000,80.0000,201.0000
986.0000,259.0000,80.0000,201.0000
987.0000,261.0000,80.0000,201.0000
990.0000,263.0000,80.0000,201.0000
994.0000,264.0000,80.0000,201.0000
997.0000,265.0000,80.0000,201.0000
1001.0000,265.0000,80.0000,201.0000
1005.0000,266.0000,80.0000,201.0000
1008.0000,269.0000,80.0000,201.0000
1011.0000,272.0000,80.0000,201.0000
1014.0000,273.0000,80.0000,201.0000
1015.0000,265.0000,80.0000,201.0000
1015.0000,263.0000,80.0000,201.0000
1015.0000,261.0000,80.0000,201.0000
1015.0000,258.0000,80.0000,201.0000
1016.0000,255.0000,80.0000,201.0000
1018.0000,251.0000,80.0000,201.0000
1020.0000,246.0000,80.0000,201.0000
1021.0000,243.0000,80.0000,201.0000
1022.0000,241.0000,80.0000,201.0000
1021.0000,241.0000,80.0000,201.0000
1020.0000,241.0000,80.0000,201.0000
1019.0000,241.0000,80.0000,201.0000
1019.0000,240.0000,80.0000,201.0000
1019.0000,238.0000,80.0000,201.0000
1020.0000,234.0000,80.0000,201.0000
1020.0000,229.0000,80.0000,201.0000
1021.0000,225.0000,80.0000,201.0000
1021.0000,222.0000,80.0000,201.0000
1020.0000,220.0000,80.0000,201.0000
1019.0000,216.0000,80.0000,201.0000
1017.0000,212.0000,80.0000,201.0000
1016.0000,205.0000,80.0000,201.0000
1017.0000,197.0000,80.0000,201.0000
1019.0000,188.0000,80.0000,201.0000
1023.0000,179.0000,80.0000,201.0000
1027.0000,171.0000,80.0000,201.0000
1032.0000,163.0000,80.0000,201.0000
1036.0000,157.0000,80.0000,201.0000
1039.0000,152.0000,80.0000,201.0000
1039.0000,149.0000,80.0000,201.0000
1040.0000,147.0000,80.0000,201.0000
1040.0000,146.0000,80.0000,201.0000
1041.0000,144.0000,80.0000,201.0000
1043.0000,141.0000,80.0000,201.0000
1047.0000,136.0000,80.0000,201.0000
1051.0000,130.0000,80.0000,201.0000
1054.0000,124.0000,80.0000,201.0000
1056.0000,119.0000,80.0000,201.0000
1058.0000,113.0000,80.0000,201.0000
1058.0000,110.0000,80.0000,201.0000
1058.0000,108.0000,80.0000,201.0000
1059.0000,105.0000,80.0000,201.0000
1060.0000,102.0000,80.0000,201.0000
1061.0000,99.0000,80.0000,201.0000
1061.0000,93.0000,80.0000,201.0000
1062.0000,85.0000,80.0000,201.0000
1064.0000,77.0000,80.0000,201.0000
1065.0000,70.0000,80.0000,201.0000
1067.0000,64.0000,80.0000,201.0000
1069.0000,59.0000,80.0000,201.0000
1070.0000,54.0000,80.0000,201.0000
1071.0000,50.0000,80.0000,201.0000
1070.0000,47.0000,80.0000,201.0000
1068.0000,45.0000,80.0000,201.0000
1065.0000,45.0000,80.0000,201.0000
1061.0000,44.0000,80.0000,201.0000
1058.0000,43.0000,80.0000,201.0000
1055.0000,41.0000,80.0000,201.0000
1053.0000,37.0000,80.0000,201.0000
1051.0000,33.0000,80.0000,201.0000
1049.0000,28.0000,80.0000,201.0000
1047.0000,22.0000,80.0000,201.0000
1045.0000,17.0000,80.0000,201.0000
1041.0000,14.0000,80.0000,201.0000
1037.0000,12.0000,80.0000,201.0000
1032.0000,11.0000,80.0000,201.0000
1028.0000,10.0000,80.0000,201.0000
1023.0000,9.0000,80.0000,201.0000
1019.0000,6.0000,80.0000,201.0000
1015.0000,2.0000,80.0000,201.0000
1012.0000,-2.0000,80.0000,201.0000
1010.0000,-8.0000,80.0000,201.0000
1008.0000,-14.0000,80.0000,201.0000
1007.0000,-19.0000,80.0000,201.0000
1006.0000,-24.0000,80.0000,201.0000
1004.0000,-26.0000,80.0000,201.0000
1002.0000,-27.0000,80.0000,201.0000
1000.0000,-27.0000,80.0000,201.0000
998.0000,-25.0000,80.0000,201.0000
996.0000,-23.0000,80.0000,201.0000
995.0000,-22.0000,80.0000,201.0000
994.0000,-23.0000,80.0000,201.0000
994.0000,-25.0000,80.0000,201.0000
995.0000,-28.0000,80.0000,201.0000
996.0000,-32.0000,80.0000,201.0000
998.0000,-37.0000,80.0000,201.0000
999.0000,-42.0000,80.0000,201.0000
1000.0000,-46.0000,80.0000,201.0000
1000.0000,-47.0000,80.0000,201.0000
998.0000,-47.0000,80.0000,201.0000
997.0000,-45.0000,80.0000,201.0000
995.0000,-45.0000,80.0000,201.0000
993.0000,-43.0000,80.0000,201.0000
991.0000,-44.0000,80.0000,201.0000
990.0000,-51.0000,80.0000,201.0000
987.0000,-55.0000,80.0000,201.0000
984.0000,-59.0000,80.0000,201.0000
984.0000,-65.0000,80.0000,201.0000
983.0000,-70.0000,80.0000,201.0000
981.0000,-73.0000,80.0000,201.0000
980.0000,-76.0000,80.0000,201.0000
977.0000,-77.0000,80.0000,201.0000
972.0000,-78.0000,80.0000,201.0000
969.0000,-79.0000,80.0000,201.0000
966.0000,-81.0000,80.0000,201.0000
965.0000,-84.0000,80.0000,201.0000
962.0000,-87.0000,80.0000,201.0000
957.0000,-88.0000,80.0000,201.0000
954.0000,-90.0000,80.0000,201.0000
949.0000,-90.0000,80.0000,201.0000
945.0000,-91.0000,80.0000,201.0000
940.0000,-91.0000,80.0000,201.0000
935.0000,-90.0000,80.0000,201.0000
931.0000,-89.0000,80.0000,201.0000
928.0000,-89.0000,80.0000,201.0000
924.0000,-89.0000,80.0000,201.0000
919.0000,-90.0000,80.0000,201.0000
915.0000,-92.0000,80.0000,201.0000
911.0000,-95.0000,80.0000,201.0000
907.0000,-95.0000,80.0000,201.0000
903.0000,-92.0000,80.0000,201.0000
900.0000,-93.0000,80.0000,201.0000
898.0000,-93.0000,80.0000,201.0000
895.0000,-91.0000,80.0000,201.0000
892.0000,-89.0000,80.0000,201.0000
888.0000,-86.0000,80.0000,201.0000
884.0000,-83.0000,80.0000,201.0000
883.0000,-82.0000,80.0000,201.0000
881.0000,-81.0000,80.0000,201.0000
879.0000,-82.0000,80.0000,201.0000
877.0000,-83.0000,80.0000,201.0000
874.0000,-83.0000,80.0000,201.0000
872.0000,-83.0000,80.0000,201.0000
869.0000,-83.0000,80.0000,201.0000
866.0000,-82.0000,80.0000,201.0000
862.0000,-79.0000,80.0000,201.0000
859.0000,-77.0000,80.0000,201.0000
856.0000,-75.0000,80.0000,201.0000
852.0000,-72.0000,80.0000,201.0000
848.0000,-71.0000,80.0000,201.0000
845.0000,-70.0000,80.0000,201.0000
842.0000,-69.0000,80.0000,201.0000
838.0000,-69.0000,80.0000,201.0000
833.0000,-68.0000,80.0000,201.0000
830.0000,-67.0000,80.0000,201.0000
827.0000,-67.0000,80.0000,201.0000
826.0000,-66.0000,80.0000,201.0000
823.0000,-65.0000,80.0000,201.0000
820.0000,-62.0000,80.0000,201.0000
817.0000,-58.0000,80.0000,201.0000
814.0000,-55.0000,80.0000,201.0000
810.0000,-50.0000,80.0000,201.0000
808.0000,-48.0000,80.0000,201.0000
807.0000,-46.0000,80.0000,201.0000
805.0000,-45.0000,80.0000,201.0000
804.0000,-44.0000,80.0000,201.0000
802.0000,-44.0000,80.0000,201.0000
800.0000,-45.0000,80.0000,201.0000
797.0000,-46.0000,80.0000,201.0000
795.0000,-45.0000,80.0000,201.0000
793.0000,-43.0000,80.0000,201.0000
791.0000,-39.0000,80.0000,201.0000
788.0000,-35.0000,80.0000,201.0000
785.0000,-29.0000,80.0000,201.0000
782.0000,-23.0000,80.0000,201.0000
779.0000,-19.0000,80.0000,201.0000
777.0000,-17.0000,80.0000,201.0000
775.0000,-16.0000,80.0000,201.0000
774.0000,-16.0000,80.0000,201.0000
773.0000,-18.0000,80.0000,201.0000
772.0000,-19.0000,80.0000,201.0000
771.0000,-20.0000,80.0000,201.0000
769.0000,-19.0000,80.0000,201.0000
767.0000,-17.0000,80.0000,201.0000
765.0000,-14.0000,80.0000,201.0000
763.0000,-10.0000,80.0000,201.0000
760.0000,-7.0000,80.0000,201.0000
758.0000,-5.0000,80.0000,201.0000
755.0000,-5.0000,80.0000,201.0000
752.0000,-7.0000,80.0000,201.0000
749.0000,-9.0000,80.0000,201.0000
745.0000,-11.0000,80.0000,201.0000
741.0000,-12.0000,80.0000,201.0000
737.0000,-12.0000,80.0000,201.0000
733.0000,-11.0000,80.0000,201.0000
729.0000,-9.0000,80.0000,201.0000
725.0000,-5.0000,80.0000,201.0000
721.0000,-1.0000,80.0000,201.0000
717.0000,4.0000,80.0000,201.0000
713.0000,8.0000,80.0000,201.0000
710.0000,10.0000,80.0000,201.0000
707.0000,10.0000,80.0000,201.0000
705.0000,8.0000,80.0000,201.0000
704.0000,6.0000,80.0000,201.0000
703.0000,4.0000,80.0000,201.0000
702.0000,2.0000,80.0000,201.0000
700.0000,2.0000,80.0000,201.0000
699.0000,2.0000,80.0000,201.0000
697.0000,4.0000,80.0000,201.0000
695.0000,7.0000,80.0000,201.0000
692.0000,11.0000,80.0000,201.0000
690.0000,15.0000,80.0000,201.0000
687.0000,18.0000,80.0000,201.0000
685.0000,18.0000,80.0000,201.0000
683.0000,18.0000,80.0000,201.0000
680.0000,16.0000,80.0000,201.0000
678.0000,15.0000,80.0000,201.0000
675.0000,14.0000,80.0000,201.0000
672.0000,13.0000,80.0000,201.0000
669.0000,14.0000,80.0000,201.0000
666.0000,16.0000,80.0000,201.0000
662.0000,20.0000,80.0000,201.0000
659.0000,24.0000,80.0000,201.0000
656.0000,28.0000,80.0000,201.0000
653.0000,32.0000,80.0000,201.0000
649.0000,34.0000,80.0000,201.0000
645.0000,34.0000,80.0000,201.0000
643.0000,33.0000,80.0000,201.0000
641.0000,31.0000,80.0000,201.0000
639.0000,30.0000,80.0000,201.0000
638.0000,30.0000,80.0000,201.0000
636.0000,31.0000,80.0000,201.0000
635.0000,34.0000,80.0000,201.0000
633.0000,37.0000,80.0000,201.0000
631.0000,41.0000,80.0000,201.0000
629.0000,45.0000,80.0000,201.0000
628.0000,49.0000,80.0000,201.0000
627.0000,51.0000,80.0000,201.0000
625.0000,51.0000,80.0000,201.0000
624.0000,51.0000,80.0000,201.0000
622.0000,51.0000,80.0000,201.0000
620.0000,51.0000,80.0000,201.0000
618.0000,52.0000,80.0000,201.0000
616.0000,55.0000,80.0000,201.0000
614.0000,59.0000,80.0000,201.0000
613.0000,63.0000,80.0000,201.0000
612.0000,69.0000,80.0000,201.0000
611.0000,74.0000,80.0000,201.0000
610.0000,78.0000,80.0000,201.0000
609.0000,79.0000,80.0000,201.0000
609.0000,80.0000,80.0000,201.0000
609.0000,80.0000,80.0000,201.0000
610.0000,79.0000,80.0000,201.0000
611.0000,79.0000,80.0000,201.0000
612.0000,80.0000,80.0000,201.0000
614.0000,82.0000,80.0000,201.0000
616.0000,86.0000,80.0000,201.0000
618.0000,90.0000,80.0000,201.0000
620.0000,95.0000,80.0000,201.0000
623.0000,101.0000,80.0000,201.0000
626.0000,105.0000,80.0000,201.0000
629.0000,107.0000,80.0000,201.0000
632.0000,109.0000,80.0000,201.0000
634.0000,109.0000,80.0000,201.0000
636.0000,109.0000,80.0000,201.0000
638.0000,110.0000,80.0000,201.0000
640.0000,112.0000,80.0000,201.0000
643.0000,115.0000,80.0000,201.0000
645.0000,119.0000,80.0000,201.0000
647.0000,124.0000,80.0000,201.0000
649.0000,130.0000,80.0000,201.0000
651.0000,137.0000,80.0000,201.0000
653.0000,142.0000,80.0000,201.0000
656.0000,146.0000,80.0000,201.0000
658.0000,148.0000,80.0000,201.0000
660.0000,149.0000,80.0000,201.0000
664.0000,149.0000,80.0000,201.0000
667.0000,149.0000,80.0000,201.0000
670.0000,152.0000,80.0000,201.0000
673.0000,155.0000,80.0000,201.0000
676.0000,159.0000,80.0000,201.0000
678.0000,164.0000,80.0000,201.0000
681.0000,170.0000,80.0000,201.0000
683.0000,176.0000,80.0000,201.0000
686.0000,182.0000,80.0000,201.0000
689.0000,185.0000,80.0000,201.0000
692.0000,188.0000,80.0000,201.0000
695.0000,190.0000,80.0000,201.0000
698.0000,191.0000,80.0000,201.0000
701.0000,192.0000,80.0000,201.0000
704.0000,194.0000,80.0000,201.0000
707.0000,197.0000,80.0000,201.0000
709.0000,201.0000,80.0000,201.0000
711.0000,206.0000,80.0000,201.0000
713.0000,212.0000,80.0000,201.0000
715.0000,219.0000,80.0000,201.0000
717.0000,225.0000,80.0000,201.0000
719.0000,230.0000,80.0000,201.0000
722.0000,234.0000,80.0000,201.0000
726.0000,236.0000,80.0000,201.0000
730.0000,237.0000,80.0000,201.0000
735.0000,237.0000,80.0000,201.0000
739.0000,238.0000,80.0000,201.0000
743.0000,239.0000,80.0000,201.0000
745.0000,242.0000,80.0000,201.0000
748.0000,245.0000,80.0000,201.0000
750.0000,249.0000,80.0000,201.0000
751.0000,254.0000,80.0000,201.0000
753.0000,259.0000,80.0000,201.0000
755.0000,264.0000,80.0000,201.0000
757.0000,266.0000,80.0000,201.0000
759.0000,268.0000,80.0000,201.0000
762.0000,269.0000,80.0000,201.0000
765.0000,269.0000,80.0000,201.0000
767.0000,268.0000,80.0000,201.0000
769.0000,268.0000,80.0000,201.0000
770.0000,269.0000,80.0000,201.0000
771.0000,272.0000,80.0000,201.0000
772.0000,275.0000,80.0000,201.0000
772.0000,279.0000,80.0000,201.0000
772.0000,284.0000,80.0000,201.0000
772.0000,288.0000,80.0000,201.0000
773.0000,290.0000,80.0000,201.0000
774.0000,291.0000,80.0000,201.0000
777.0000,289.0000,80.0000,201.0000
779.0000,289.0000,80.0000,201.0000
781.0000,288.0000,80.0000,201.0000
784.0000,288.0000,80.0000,201.0000
785.0000,289.0000,80.0000,201.0000
786.0000,291.0000,80.0000,201.0000
787.0000,293.0000,80.0000,201.0000
788.0000,295.0000,80.0000,201.0000
789.0000,297.0000,80.0000,201.0000
790.0000,299.0000,80.0000,201.0000
792.0000,301.0000,80.0000,201.0000
794.0000,302.0000,80.0000,201.0000
796.0000,303.0000,80.0000,201.0000
797.0000,303.0000,80.0000,201.0000
799.0000,304.0000,80.0000,201.0000
801.0000,304.0000,80.0000,201.0000
803.0000,305.0000,80.0000,201.0000
803.0000,308.0000,80.0000,201.0000
804.0000,311.0000,80.0000,201.0000
804.0000,314.0000,80.0000,201.0000
804.0000,319.0000,80.0000,201.0000
805.0000,324.0000,80.0000,201.0000
807.0000,327.0000,80.0000,201.0000
810.0000,331.0000,80.0000,201.0000
814.0000,334.0000,80.0000,201.0000
819.0000,336.0000,80.0000,201.0000
823.0000,338.0000,80.0000,201.0000
827.0000,341.0000,80.0000,201.0000
831.0000,344.0000,80.0000,201.0000
835.0000,347.0000,80.0000,201.0000
838.0000,351.0000,80.0000,201.0000
841.0000,356.0000,80.0000,201.0000
843.0000,362.0000,80.0000,201.0000
846.0000,369.0000,80.0000,201.0000
848.0000,376.0000,80.0000,201.0000
851.0000,382.0000,80.0000,201.0000
854.0000,388.0000,80.0000,201.0000
858.0000,393.0000,80.0000,201.0000
862.0000,398.0000,80.0000,201.0000
866.0000,404.0000,80.0000,201.0000
870.0000,410.0000,80.0000,201.0000
