1
1020.0825,230.0525,10.8350,6.8950
1020.1638,230.1042,10.6725,6.7916
1020.1904,230.1212,10.6191,6.7576
1020.1904,230.1212,10.6191,6.7576
1020.1904,230.1212,10.6191,6.7576
1020.1904,230.1212,10.6191,6.7576
1020.2701,230.1719,10.4598,6.6563
1020.3485,230.2218,10.3029,6.5564
1020.2970,230.1890,10.4060,6.6220
1020.2970,230.1890,10.4060,6.6220
1020.2970,230.1890,10.4060,6.6220
1020.2970,230.1890,10.4060,6.6220
1020.2970,230.1890,10.4060,6.6220
1020.2970,230.1890,10.4060,6.6220
1020.3751,230.2387,10.2499,6.5226
1020.4520,230.2876,10.0961,6.4248
1016.5808,230.2394,10.2476,6.5212
1016.5040,230.1905,10.4013,6.6190
1016.5820,230.2401,10.2453,6.5197
1016.5051,230.1913,10.3989,6.6175
1016.5051,230.1913,10.3989,6.6175
1016.5051,230.1913,10.3989,6.6175
1016.5831,230.2409,10.2430,6.5182
1016.5063,230.1920,10.3966,6.6160
1020.3569,230.1920,10.3966,6.6160
1020.4349,230.2416,10.2406,6.5168
1020.5117,230.2905,10.0870,6.4190
1020.5873,230.3386,9.9357,6.3227
1020.6370,230.3702,9.8364,6.2595
1020.7108,230.4172,9.6888,6.1656
1020.7834,230.4634,9.5435,6.0731
2
0
0
0
0
0
2
0
0
0
0
0
2
0
0
0
0
0
2
0
0
0
0
0
2
0
0
0
0
0
2
0
0
0
0
0
2
0
0
0
0
0
2
0
0
0
0
0
2
0
0
0
0
0
2
0
0
0
0
0
2
0
0
0
0
0
2
0
0
0
0
0
2
0
0
0
0
0
2
0
0
0
0
0
2
0
0
0
0
0
2
0
0
0
0
0
2
0
0
0
0
0
2
0
0
0
0
0
2
0
0
0
0
0
2
0
0
0
0
0
2
0
0
0
0
0
2
0
0
0
0
0
2
0
0
0
0
0
2
0
0
0
0
0
2
0
0
0
0
0
2
0
0
0
0
0
2
0
0
0
0
0
2
0
0
0
0
0
2
0
0
0
0
0
2
0
0
0
0
0
2
0
0
0
0
0
2
0
0
0
0
0
2
0
0
0
0
0
2
0
0
0
0
0
2
0
0
0
0
0
2
0
0
0
0
0
2
0
0
0
0
0
2
0
0
0
0
0
2
0
0
0
0
0
2
0
0
0
0
0
2
0
0
0
0
0
2
0
0
0
0
0
2
0
0
0
0
0
2
0
0
0
0
0
2
0
0
0
0
0
2
0
0
0
0
0
2
0
0
0
0
0
2
0
0
0
0
0
2
0
0
0
0
0
2
0
0
0
0
0
2
0
0
0
0
0
2
0
0
0
0
0
2
0
0
0
0
0
2
0
0
0
0
0
2
0
0
0
0
0
2
0
0
0
0
0
2
0
0
0
0
0
2
0
0
0
0
0
2
0
0
0
0
0
2
0
0
0
0
0
2
0
0
0
0
0
2
0
0
0
0
0
2
0
0
0
0
0
2
0
0
0
0
0
2
0
0
0
0
0
2
0
0
0
0
0
2
0
0
0
0
0
2
0
0
0
0
0
2
0
0
0
0
0
2
0
0
0
0
0
2
0
0
0
0
0
2
0
0
0
0
0
2
0
0
0
0
