1
612.8242,362.8046,188.3516,209.3908
612.9913,362.9903,188.0174,209.0194
613.3711,364.4126,187.2578,208.1749
614.1324,365.1472,187.7352,208.7057
613.9544,365.9493,188.0912,209.1014
614.6729,365.6363,188.6543,209.7274
614.0810,364.9783,189.8380,211.0433
613.9657,365.8502,190.0686,211.2996
613.9520,365.8350,190.0960,211.3301
614.1693,367.0764,189.6615,210.8471
613.8260,367.6948,190.3481,211.6104
614.8557,367.7279,190.2885,211.5442
614.3776,367.1964,191.2448,212.6073
614.0689,366.8532,191.8622,213.2936
614.0520,367.8344,191.8960,213.3312
614.1849,367.9822,191.6301,213.0356
614.0886,367.8750,191.8229,213.2500
614.3350,368.0374,193.3299,214.9253
614.5232,368.2466,192.9536,214.5069
614.4780,368.1963,193.0440,214.6074
614.0095,368.6755,193.9810,215.6490
614.9771,368.6393,194.0459,215.7213
614.9013,368.5551,194.1974,215.8897
614.6563,368.2828,194.6874,216.4344
614.5554,368.1706,194.8892,216.6588
614.5154,368.1262,194.9692,216.7477
615.3765,367.9717,195.2471,217.0566
615.4525,368.0562,195.0952,216.8877
615.5760,368.1936,194.8479,216.6129
615.8159,368.4602,194.3683,216.0797
615.9263,368.5829,194.1475,215.8342
616.1119,368.7893,193.7762,215.4214
616.2361,368.9274,193.5277,215.1452
616.2988,367.9971,193.4023,215.0058
616.3744,368.0811,193.2512,214.8378
617.3988,368.1082,193.2024,214.7835
617.3547,368.0592,193.2907,214.8816
617.3760,368.0829,193.2479,214.8342
617.5471,368.2732,192.9057,214.4537
617.7709,367.5219,192.4582,213.9561
617.6628,367.4018,192.6744,214.1965
617.8218,367.5785,192.3563,213.8430
618.0955,367.8827,191.8091,213.2346
618.0743,367.8591,191.8515,213.2817
617.8295,366.5870,192.3410,213.8260
618.9004,366.6659,192.1992,213.6683
618.9551,366.7267,192.0897,213.5466
618.9290,366.6977,192.1420,213.6047
618.7288,366.4751,192.5424,214.0498
619.0086,366.7862,191.9828,213.4277
619.2349,367.0377,191.5303,212.9247
619.3405,367.1551,191.3190,212.6897
619.3206,366.1330,191.3588,212.7340
619.5346,366.3709,190.9308,212.2581
620.4763,366.3061,191.0474,212.3878
620.6794,366.5320,190.6411,211.9361
620.9815,366.8678,190.0370,211.2645
620.7332,366.5916,190.5337,211.8167
621.0404,366.9332,189.9192,211.1335
620.7868,366.6513,190.4263,211.6974
620.8640,366.7372,190.2719,211.5257
620.8621,366.7349,190.2759,211.5302
619.6063,366.4506,190.7874,212.0987
619.8561,366.7283,190.2878,211.5434
620.1340,367.0373,189.7320,210.9254
619.8361,366.7061,190.3277,211.5878
619.9204,367.7998,190.1592,211.4004
619.0552,367.9497,189.8896,211.1007
618.8255,367.6943,190.3490,211.6114
617.6234,367.4697,190.7531,212.0607
617.5651,367.4048,190.8698,212.1904
617.6052,367.4493,190.7897,212.1013
617.5596,368.3987,190.8808,212.2026
617.3604,368.1772,191.2792,212.6455
616.2632,368.0692,191.4736,212.8616
616.1160,367.9055,191.7680,213.1889
615.0676,368.8518,191.8647,213.2964
614.9627,368.7351,192.0746,213.5297
613.8044,368.5592,192.3912,213.8817
612.5202,368.2432,192.9596,214.5136
612.1288,367.8081,193.7423,215.3838
611.7979,367.4402,194.4041,216.1195
610.7827,367.4232,194.4347,216.1535
610.8360,367.4826,194.3280,216.0348
609.7586,367.3965,194.4828,216.2070
608.8035,367.4465,194.3929,216.1070
608.9113,367.5663,194.1775,215.8675
607.9407,367.5990,194.1185,215.8019
607.0291,367.6972,193.9419,215.6057
606.0916,367.7667,193.8169,215.4667
605.0755,367.7489,193.8489,215.5023
605.2277,367.9180,193.5447,215.1640
604.1770,367.8617,193.6459,215.2766
603.3856,367.0936,193.2288,214.8129
602.4796,366.1981,193.0407,214.6038
601.6270,366.3618,192.7461,214.2763
601.7441,365.4921,192.5118,214.0158
601.0470,365.8289,191.9060,213.3423
600.2673,365.0737,191.4654,212.8525
599.5138,364.3477,190.9725,212.3045
598.7612,364.6229,190.4775,211.7543
597.7542,363.6150,190.4917,211.7701
598.1016,363.0013,189.7968,210.9975
597.2332,362.1476,189.5336,210.7049
596.3998,361.3328,189.2004,210.3345
595.8016,360.7794,188.3969,209.4412
594.9866,360.9851,188.0267,209.0297
594.3173,360.3528,187.3653,208.2944
593.2763,359.3072,187.4473,208.3856
592.7256,357.8066,186.5488,207.3867
591.9399,357.0449,186.1202,206.9102
591.3663,356.5189,185.2674,205.9622
590.6921,355.8812,184.6157,205.2376
589.8956,354.1073,184.2089,204.7854
589.3463,353.6084,183.3074,203.7832
587.9146,353.2401,182.1709,202.5198
587.0466,352.3868,181.9069,202.2263
585.9789,350.3116,182.0423,202.3768
585.2935,349.6614,181.4129,201.6771
583.5791,347.9789,180.8419,201.0423
582.8370,346.2656,180.3261,200.4689
582.2642,345.7405,179.4716,199.5190
581.1000,343.5580,179.8000,199.8840
579.2979,341.7780,179.4043,199.4441
578.5279,340.0337,178.9442,198.9327
576.8004,338.3366,178.3992,198.3268
576.0898,337.6583,177.8205,197.6834
575.0227,335.5837,177.9546,197.8325
573.9397,333.4914,178.1207,198.0171
571.7213,331.2487,178.5574,198.5026
569.3942,328.8851,179.2115,199.2298
569.4205,326.9143,179.1589,199.1713
567.5053,325.0085,178.9894,198.9829
566.8128,323.3504,178.3744,198.2992
565.8907,321.4370,178.2187,198.1261
564.1073,319.6778,177.7854,197.6444
564.5121,318.1279,176.9757,196.7442
562.9554,316.6206,176.0892,195.7587
562.5464,316.2776,174.9072,194.4447
560.4045,313.1199,175.1909,194.7602
559.7692,312.5254,174.4616,193.9493
558.8472,310.6120,174.3057,193.7760
558.2726,310.0850,173.4548,192.8301
557.4307,308.2607,173.1386,192.4785
556.8500,306.7269,172.3000,191.5462
556.3864,305.3231,171.2274,190.3538
555.9638,304.9651,170.0724,189.0698
555.5276,304.5918,168.9448,187.8163
554.5952,302.6670,168.8096,187.6660
554.5819,300.6522,168.8362,187.6956
555.4817,299.6525,167.0366,185.6949
557.2297,299.4840,165.5407,184.0319
558.8298,298.1512,164.3404,182.6976
560.5500,297.9519,162.8999,181.0961
562.8022,296.2322,162.3957,180.5356
565.3177,295.8053,161.3647,179.3894
568.0499,295.6192,159.9003,177.7615
570.7241,295.3689,158.5517,176.2623
572.2299,294.9311,157.5402,175.1377
574.6973,294.4507,156.6055,174.0986
576.1185,293.9190,155.7629,173.1620
577.4594,293.2979,155.0812,172.4041
578.1923,293.1126,153.6155,170.7747
579.9634,292.9700,152.0731,169.0600
580.6612,292.7457,150.6776,167.5086
581.2928,292.4478,149.4144,166.1043
580.6915,292.8911,148.6169,165.2178
581.1333,292.3822,147.7334,164.2355
580.6934,293.0049,146.6131,162.9901
580.8138,292.1388,146.3723,162.7224
580.3434,291.7276,145.3131,161.5449
581.0269,291.4874,143.9462,160.0253
580.6323,292.1604,142.7354,158.6792
580.8152,291.3637,142.3695,158.2725
579.7392,289.2792,142.5216,158.4415
579.8763,288.4317,142.2473,158.1366
579.6160,286.1423,142.7679,158.7154
580.0466,285.6209,141.9069,157.7582
579.1382,284.7227,141.7237,157.5545
578.7327,282.2720,142.5347,158.4561
578.6854,280.2193,142.6293,158.5613
578.8311,278.3813,142.3379,158.2374
579.5622,278.1942,140.8756,156.6117
578.9658,276.6428,140.0685,155.7145
579.4798,275.2142,139.0404,154.5715
579.9317,274.7166,138.1366,153.5667
580.3821,273.2174,137.2357,152.5652
580.9847,272.8872,136.0306,151.2255
580.6588,272.6367,134.6823,149.7266
582.3188,272.3703,133.3625,148.2593
581.8852,274.0000,132.2296,146.9999
583.2361,274.3901,131.5278,146.2197
583.5234,275.7095,130.9532,145.5809
582.7603,276.9729,130.4794,145.0542
584.0706,277.3179,129.8587,144.3643
584.3419,278.6194,129.3163,143.7612
584.7532,280.0768,128.4935,142.8465
585.0003,280.3514,127.9993,142.2971
585.2484,281.6272,127.5032,141.7455
585.5054,282.9130,126.9891,141.1741
585.7640,283.2004,126.4720,140.5992
585.8263,284.2697,126.3474,140.4607
586.0380,284.5050,125.9240,139.9899
586.1702,285.6520,125.6596,139.6961
586.3388,286.8394,125.3224,139.3212
586.6903,287.2302,124.6194,138.5396
586.8989,288.4621,124.2022,138.0759
587.2559,288.8589,123.4882,137.2821
588.5247,289.1578,122.9506,136.6844
588.8065,289.4710,122.3871,136.0580
589.1304,289.8312,121.7391,135.3376
589.5747,290.3251,120.8505,134.3498
589.8137,289.5907,120.3726,133.8185
590.0959,289.9045,119.8081,133.1909
591.3336,289.1688,119.3328,132.6625
591.5064,288.3609,118.9871,132.2783
591.6728,287.5458,118.6544,131.9084
591.8834,287.7800,118.2331,131.4400
592.0157,286.9271,117.9685,131.1458
593.1658,286.0939,117.6684,130.8122
593.4048,286.3596,117.1904,130.2808
593.2783,285.2190,117.4434,130.5621
594.3629,284.3130,117.2742,130.3739
594.5762,283.5501,116.8476,129.8997
594.7045,282.6927,116.5911,129.6146
594.8723,281.8793,116.2555,129.2415
596.0695,281.0985,115.8610,128.8029
596.3311,281.3893,115.3379,128.2214
596.3099,279.3658,115.3802,128.2684
597.5950,279.6828,114.8099,127.6345
597.7096,278.8101,114.5809,127.3798
597.9835,278.1146,114.0331,126.7708
599.3101,278.4777,113.3798,126.0446
599.3868,277.5629,113.2265,125.8741
599.5977,277.7975,112.8045,125.4050
600.7528,277.9699,112.4943,125.0602
600.9086,278.1431,112.1827,124.7138
601.1808,278.4457,111.6384,124.1086
602.5430,279.8484,110.9139,123.3032
602.6325,279.9479,110.7349,123.1043
602.7048,281.0283,110.5903,122.9435
603.7220,281.0473,110.5560,122.9053
603.8834,282.2267,110.2332,122.5465
603.8019,282.1362,110.3961,122.7276
604.8618,282.2028,110.2764,122.5945
604.9159,282.2629,110.1682,122.4742
605.0389,282.3996,109.9223,122.2008
606.1398,282.5118,109.7204,121.9764
606.2780,282.6654,109.4441,121.6692
606.3584,282.7548,109.2833,121.4904
606.4915,281.9028,109.0170,121.1945
607.6923,282.1260,108.6154,120.7480
607.5971,282.0202,108.8058,120.9596
607.6124,282.0372,108.7751,120.9255
608.7636,282.2053,108.4728,120.5894
608.8577,281.3098,108.2847,120.3803
608.9640,281.4280,108.0721,120.1439
609.0441,281.5171,107.9119,119.9658
609.1458,280.6302,107.7084,119.7397
610.2936,280.7945,107.4128,119.4111
610.4062,280.9197,107.1876,119.1606
610.5287,280.0558,106.9427,118.8884
610.7206,280.2692,106.5587,118.4616
611.0543,280.6401,105.8914,117.7197
612.3852,280.0080,105.2296,116.9840
612.4919,280.1267,105.0161,116.7466
612.8361,280.5093,104.3277,115.9814
613.0965,280.7988,103.8070,115.4025
613.1108,280.8147,103.7783,115.3706
613.2380,280.9561,103.5240,115.0878
613.3666,281.0991,103.2667,114.8018
613.4127,281.1502,103.1747,114.6995
613.5274,281.2778,102.9452,114.4444
613.7316,281.5048,102.5368,113.9904
613.9426,281.7394,102.1147,113.5212
614.1847,282.0085,101.6306,112.9829
614.2767,281.1109,101.4465,112.7783
614.2240,281.0522,101.5520,112.8956
613.2197,281.0475,101.5606,112.9051
613.3579,281.2011,101.2842,112.5978
613.4137,281.2631,101.1726,112.4738
613.5481,281.4125,100.9038,112.1750
613.6500,281.5258,100.6999,111.9483
613.7874,281.6786,100.4252,111.6429
613.9119,281.8170,100.1762,111.3661
614.0302,281.9485,99.9395,111.1030
614.1763,282.1109,99.6474,110.7782
614.2626,282.2068,99.4749,110.5864
613.2604,283.2043,99.4793,110.5913
613.4968,283.4672,99.0064,110.0656
613.6616,283.6503,98.6769,109.6993
613.5745,283.5535,98.8511,109.8930
613.7500,283.7487,98.5000,109.5026
613.5988,283.5806,98.8024,109.8389
613.6271,283.6121,98.7457,109.7758
613.4874,284.4568,99.0252,110.0865
613.7673,284.7679,98.4655,109.4643
613.7145,284.7092,98.5710,109.5815
614.5990,284.5808,98.8020,109.8384
614.7626,284.7627,98.4747,109.4746
614.5954,284.5768,98.8092,109.8465
613.6830,284.6742,98.6339,109.6516
613.5308,284.5050,98.9383,109.9900
613.6985,284.6915,98.6029,109.6170
612.6509,284.6385,98.6983,109.7231
612.6313,284.6167,98.7375,109.7666
612.5870,284.5674,98.8261,109.8652
611.7882,284.7911,98.4236,109.4178
611.8088,284.8140,98.3825,109.3720
610.8151,284.8210,98.3699,109.3580
610.8907,284.9051,98.2186,109.1898
610.0475,284.0795,97.9049,108.8411
610.0325,284.0627,97.9351,108.8746
609.1309,284.1721,97.7383,108.6558
609.2270,284.2790,97.5460,108.4421
608.4058,284.4778,97.1883,108.0444
608.5916,284.6843,96.8167,107.6313
607.8720,284.9960,96.2560,107.0079
606.9828,285.1192,96.0344,106.7616
606.0427,285.1857,95.9147,106.6285
606.0931,285.2418,95.8138,106.5164
605.0456,285.1890,95.9088,106.6220
604.0251,285.1663,95.9497,106.6674
603.9865,284.1233,96.0270,106.7534
602.7903,283.9052,96.4194,107.1896
601.8039,283.9203,96.3922,107.1594
600.9213,284.0508,96.1573,106.8983
600.0455,284.1888,95.9091,106.6224
600.3804,283.5612,95.2392,105.8776
599.4915,283.6847,95.0171,105.6307
598.7254,283.9447,94.5492,105.1105
597.9938,284.2432,94.0123,104.5137
597.1588,284.4265,93.6825,104.1470
596.4260,283.7235,93.1481,103.5529
595.1908,283.4621,93.6184,104.0758
593.9578,283.2031,94.0843,104.5937
593.0067,283.2575,93.9865,104.4850
592.0915,283.3517,93.8170,104.2965
591.2319,283.5078,93.5362,103.9844
590.1132,283.3758,93.7737,104.2484
589.3362,282.6238,93.3275,103.7523
588.1815,282.4518,93.6369,104.0964
587.1599,282.4278,93.6802,104.1445
586.2306,282.5064,93.5388,103.9873
584.3085,281.5930,93.3829,103.8140
583.0603,282.3170,93.8794,104.3659
582.2121,282.4858,93.5758,104.0284
581.1860,282.4567,93.6281,104.0865
580.1342,282.3991,93.7317,104.2017
578.1710,281.4401,93.6580,104.1199
576.6146,280.8215,94.7709,105.3570
575.2596,280.4269,95.4808,106.1463
573.8636,279.9867,96.2728,107.0266
572.5728,279.6633,96.8545,107.6734
570.1854,279.2327,97.6292,108.5346
568.9101,278.9267,98.1798,109.1467
566.5916,278.5725,98.8169,109.8550
565.5703,278.5489,98.8594,109.9022
564.5682,278.5466,98.8636,109.9068
562.5857,277.5660,98.8287,109.8680
561.3609,277.3161,99.2781,110.3677
560.2845,277.2312,99.4309,110.5375
558.2568,277.2003,99.4865,110.5993
557.4311,276.3941,99.1378,110.2117
555.5671,276.5453,98.8658,109.9093
554.7860,275.7887,98.4280,109.4226
553.5684,275.5468,98.8632,109.9065
552.7318,275.7284,98.5365,109.5433
550.7294,275.7258,98.5412,109.5484
548.8171,274.8233,98.3658,109.3534
547.7354,274.7324,98.5292,109.5351
545.5908,274.5717,98.8184,109.8566
544.7919,274.7952,98.4163,109.4096
543.7092,274.7033,98.5816,109.5933
541.5915,274.5725,98.8170,109.8550
539.7568,274.7562,98.4865,109.4876
538.6829,274.6740,98.6343,109.6520
537.5830,274.5630,98.8339,109.8739
535.6110,274.5941,98.7781,109.8118
533.3223,274.2733,99.3553,110.4535
532.2080,274.1461,99.5840,110.7078
530.1104,274.0376,99.7792,110.9247
529.1308,274.0603,99.7383,110.8793
528.0397,273.9590,99.9207,111.0821
526.0182,273.9351,99.9636,111.1298
525.0251,273.9428,99.9498,111.1144
522.9670,272.8782,100.0660,111.2436
521.6886,272.5687,100.6228,111.8625
520.6021,272.4725,100.7959,112.0550
518.4869,272.3445,101.0262,112.3110
517.4957,272.3542,101.0086,112.2915
516.3909,272.2378,101.2182,112.5244
514.3588,272.2020,101.2825,112.5960
513.4835,272.3407,101.0331,112.3187
512.6380,272.5125,100.7240,111.9751
510.6856,272.5653,100.6289,111.8693
510.0441,272.9639,99.9118,111.0722
509.3248,273.2760,99.3504,110.4481
508.4454,272.4101,99.1091,110.1798
506.4622,272.4287,99.0756,110.1425
505.5566,272.5336,98.8869,109.9327
504.6322,272.6177,98.7356,109.7645
502.5778,272.5572,98.8444,109.8856
502.7808,272.7829,98.4384,109.4342
500.7553,272.7546,98.4893,109.4908
499.7998,272.8040,98.4005,109.3920
498.7975,272.8014,98.4051,109.3971
497.8435,272.8526,98.3130,109.2948
496.9381,272.9578,98.1238,109.0844
496.0229,273.0521,97.9542,108.8959
495.1335,273.1750,97.7331,108.6501
494.2473,273.3016,97.5053,108.3968
493.3701,272.4380,97.2599,108.1240
491.1137,272.1530,97.7727,108.6941
489.9218,271.9397,98.1563,109.1206
488.7779,271.7796,98.4443,109.4407
487.6212,271.6055,98.7575,109.7889
486.5119,271.4839,98.9763,110.0322
485.6615,271.6503,98.6769,109.6994
484.7021,271.6954,98.5959,109.6093
483.7566,271.7560,98.4868,109.4880
483.8773,271.8903,98.2453,109.2195
482.0796,271.1151,97.8409,108.7699
482.0242,271.0536,97.9515,108.8929
479.9399,270.9598,98.1202,109.0804
479.0365,271.0672,97.9270,108.8657
479.1623,271.2070,97.6755,108.5860
478.4262,271.5004,97.1475,107.9991
477.6914,270.7952,96.6172,107.4096
476.6480,270.7470,96.7039,107.5060
475.7496,270.8600,96.5007,107.2801
476.0608,271.2059,95.8784,106.5882
475.3599,271.5384,95.2801,105.9231
474.6115,271.8181,94.7770,105.3638
473.9131,272.1534,94.1738,104.6932
473.4048,271.7000,93.1905,103.6001
473.2087,271.4820,93.5827,104.0360
470.9589,271.2043,94.0821,104.5913
471.1314,271.3961,93.7371,104.2078
470.3635,271.6541,93.2730,103.6918
470.4861,271.7904,93.0278,103.4192
469.8040,272.1438,92.3920,102.7124
470.1106,272.4847,91.7788,102.0307
469.3145,272.7113,91.3710,101.5774
469.6885,273.1271,90.6229,100.7457
468.8684,272.3271,90.2631,100.3457
467.5823,273.0091,90.8354,100.9819
467.9425,272.4095,90.1150,100.1810
466.6971,272.1367,90.6058,100.7266
466.6875,272.1260,90.6250,100.7480
466.7278,272.1708,90.5443,100.6583
466.8241,272.2778,90.3519,100.4444
466.0208,272.4965,89.9585,100.0070
466.3623,272.8762,89.2754,99.2477
465.7257,272.2802,88.5486,98.4397
465.6547,272.2012,88.6906,98.5975
465.9261,272.5030,88.1478,97.9941
466.1256,272.7247,87.7488,97.5505
466.4370,272.0709,87.1260,96.8582
466.3584,271.9836,87.2831,97.0328
466.3604,271.9858,87.2791,97.0283
466.5866,271.2372,86.8268,96.5255
466.3711,270.9976,87.2579,97.0048
466.2263,270.8367,87.5474,97.3266
466.2914,270.9091,87.4172,97.1819
466.5586,270.2061,86.8828,96.5878
466.3019,269.9207,87.3962,97.1585
466.3221,269.9431,87.3559,97.1137
466.4680,270.1053,87.0641,96.7893
467.9100,269.5968,86.1800,95.8065
468.9044,269.5905,86.1912,95.8189
468.9670,269.6602,86.0659,95.6797
469.1088,269.8178,85.7824,95.3644
469.3611,269.0982,85.2779,94.8036
470.3265,269.0598,85.3470,94.8804
470.4634,268.2120,85.0731,94.5760
471.3761,268.1149,85.2478,94.7702
471.4768,268.2269,85.0464,94.5463
471.6100,267.3749,84.7800,94.2501
472.5490,267.3071,84.9021,94.3859
473.5739,267.3348,84.8523,94.3305
473.7786,266.5623,84.4429,93.8753
474.6638,266.4348,84.6724,94.1304
474.6599,266.4305,84.6801,94.1390
475.8103,265.5976,84.3794,93.8048
475.6704,265.4421,84.6591,94.1157
476.6105,264.3755,84.7789,94.2489
476.3106,264.0421,85.3788,94.9158
477.1384,263.8507,85.7232,95.2987
477.1921,262.9104,85.6158,95.1793
478.0390,262.7402,85.9220,95.5196
478.0835,262.7896,85.8331,95.4208
478.2068,262.9267,85.5864,95.1466
479.4520,263.1993,85.0960,94.6014
480.9371,262.7386,84.1259,93.5229
481.1955,263.0259,83.6089,92.9482
481.5945,263.4694,82.8110,92.0612
483.9251,262.8370,82.1497,91.3260
484.0355,262.9597,81.9291,91.0807
484.2968,262.2502,81.4064,90.4997
485.2039,262.1469,81.5921,90.7062
485.2427,262.1901,81.5145,90.6199
485.5771,261.5618,80.8458,89.8765
486.5020,261.4783,80.9960,90.0434
487.8467,261.8615,80.3065,89.2769
488.1237,261.1695,79.7525,88.6610
489.1547,261.2039,79.6906,88.5922
489.3315,260.4004,79.3371,88.1992
489.1786,260.2305,79.6428,88.5390
489.2260,260.2831,79.5481,88.4338
490.4945,259.5817,79.0110,87.8367
490.4934,259.5804,79.0132,87.8391
491.6065,259.7061,78.7871,87.5878
491.9006,260.0331,78.1987,86.9337
493.4347,259.6269,77.1305,85.7462
493.5192,259.7208,76.9617,85.5585
493.6466,259.8624,76.7068,85.2751
494.9236,259.1704,76.1527,84.6591
493.9458,259.1951,76.1084,84.6098
496.1016,259.3682,75.7969,84.2636
496.2915,258.5794,75.4170,83.8413
496.0975,258.3637,75.8051,84.2727
495.9584,258.2090,76.0833,84.5819
497.0845,258.3493,75.8309,84.3014
498.3342,257.6268,75.3317,83.7464
498.2341,257.5156,75.5318,83.9689
498.2437,257.5262,75.5126,83.9475
498.2715,256.5571,75.4571,83.8858
498.0048,256.2606,75.9904,84.4787
497.8009,256.0340,76.3982,84.9321
497.8149,256.0495,76.3702,84.9010
497.8870,256.1297,76.2260,84.7406
499.0152,256.2722,75.9697,84.4556
499.2038,256.4819,75.5924,84.0363
499.4559,255.7621,75.0882,83.4758
499.2565,255.5404,75.4871,83.9191
499.2136,255.4928,75.5728,84.0145
499.1708,255.4452,75.6584,84.1096
499.1405,255.4116,75.7189,84.1769
499.2440,255.5266,75.5119,83.9468
499.3342,255.6269,75.3316,83.7462
500.4547,255.7608,75.0906,83.4784
500.7262,256.0627,74.5476,82.8747
500.8782,256.2316,74.2437,82.5368
501.0694,256.4442,73.8612,82.1117
501.2202,255.6119,73.5595,81.7762
500.9321,255.2916,74.1357,82.4169
500.6469,254.9745,74.7062,83.0511
500.3926,254.6918,75.2147,83.6163
500.1878,254.4641,75.6244,84.0718
499.9459,254.1952,76.1081,84.6096
499.8156,254.0504,76.3687,84.8993
499.7493,253.9766,76.5014,85.0468
499.6015,254.8123,76.7970,85.3754
499.9332,254.1811,76.1335,84.6378
499.7599,254.9884,76.4801,85.0231
500.1898,255.4663,75.6204,84.0674
500.5129,255.8255,74.9741,83.3489
501.7587,256.0988,74.4826,82.8025
501.8891,255.2437,74.2219,82.5126
501.7641,255.1048,74.4718,82.7905
501.6138,254.9377,74.7724,83.1246
500.3644,254.6604,75.2712,83.6791
499.9877,255.2416,76.0247,84.5168
500.1460,255.4176,75.7080,84.1647
500.1297,255.3995,75.7407,84.2011
500.0202,255.2778,75.9595,84.4443
499.8671,255.1075,76.2659,84.7850
499.7317,254.9570,76.5367,85.0860
499.6094,255.8211,76.7812,85.3579
499.8590,256.0986,76.2820,84.8028
500.0242,256.2822,75.9517,84.4356
499.9889,256.2430,76.0223,84.5141
499.9386,256.1871,76.1228,84.6258
499.8113,256.0455,76.3774,84.9090
498.6077,256.8192,76.7846,85.3616
498.7635,256.9925,76.4729,85.0151
498.8767,257.1183,76.2465,84.7634
498.9722,257.2244,76.0556,84.5512
498.9654,257.2168,76.0692,84.5663
499.0031,257.2587,75.9939,84.4825
497.8750,257.1164,76.2499,84.7672
497.6930,256.9140,76.6141,85.1720
497.4892,256.6874,77.0216,85.6251
496.3426,256.5245,77.3148,85.9510
496.1027,257.2578,77.7945,86.4843
495.2708,257.4447,77.4584,86.1107
495.4684,257.6644,77.0631,85.6712
495.6906,257.9113,76.6189,85.1774
494.7648,257.9939,76.4703,85.0122
494.8489,258.0873,76.3023,84.8254
493.9328,258.1806,76.1344,84.6388
493.9090,258.1541,76.1820,84.6917
493.9575,258.2080,76.0851,84.5840
493.0279,258.2863,75.9442,84.4273
492.9854,258.2391,76.0292,84.5219
492.0563,258.3179,75.8874,84.3642
492.0063,258.2623,75.9874,84.4754
490.9626,258.2138,76.0747,84.5724
491.0627,258.3250,75.8746,84.3500
491.0261,258.2843,75.9478,84.4313
490.0294,258.2880,75.9412,84.4240
490.0933,258.3590,75.8134,84.2819
489.1868,258.4630,75.6265,84.0741
488.2961,258.5845,75.4079,83.8311
488.2773,258.5636,75.4454,83.8728
487.3218,258.6131,75.3563,83.7738
487.3958,258.6953,75.2085,83.6094
486.4417,258.7464,75.1166,83.5072
486.4656,258.7729,75.0688,83.4541
485.4380,258.7423,75.1239,83.5154
485.4115,258.7128,75.1769,83.5743
484.3552,258.6502,75.2896,83.6996
483.4150,258.7167,75.1700,83.5666
483.3092,258.5991,75.3816,83.8019
482.3589,258.6543,75.2822,83.6913
481.4258,258.7286,75.1485,83.5427
481.5916,258.9130,74.8168,83.1740
480.5270,258.8412,74.9459,83.3176
479.6749,259.0056,74.6502,82.9888
478.8290,258.1769,74.3420,82.6461
478.6797,258.0109,74.6407,82.9782
477.5938,257.9155,74.8124,83.1691
476.5773,257.8971,74.8454,83.2057
475.5583,257.8759,74.8835,83.2481
474.4782,257.7870,75.0435,83.4261
474.4059,257.7066,75.1881,83.5868
473.2665,257.5516,75.4669,83.8968
472.2207,257.5006,75.5587,83.9987
471.2089,257.4875,75.5822,84.0249
471.2289,257.5097,75.5423,83.9806
470.1022,257.3689,75.7956,84.2622
469.0750,257.3387,75.8499,84.3225
468.1029,257.3697,75.7942,84.2605
467.1965,257.4738,75.6070,84.0524
466.2959,257.5842,75.4083,83.8315
466.3184,257.6093,75.3632,83.7814
464.2932,257.5813,75.4136,83.8374
464.4024,257.7026,75.1953,83.5947
463.4357,256.7397,75.1286,83.5207
463.2267,256.5074,75.5466,83.9853
462.0216,256.2794,75.9568,84.4413
461.8236,256.0593,76.3527,84.8815
459.8038,256.0372,76.3924,84.9256
459.7921,256.0241,76.4159,84.9517
459.6910,255.9118,76.6180,85.1764
458.6376,255.8524,76.7248,85.2952
458.6500,255.8662,76.7001,85.2677
458.7861,256.0175,76.4278,84.9650
457.9247,256.1716,76.1506,84.6568
457.0335,256.2926,75.9329,84.4148
457.0922,256.3578,75.8157,84.2845
457.1427,256.4140,75.7146,84.1721
456.1178,256.3863,75.7644,84.2275
456.1479,256.4197,75.7043,84.1606
456.2411,256.5234,75.5177,83.9532
456.3866,256.6851,75.2269,83.6299
455.4899,255.7999,75.0202,83.4002
455.1089,255.3764,75.7822,84.2473
454.6252,254.8387,76.7495,85.3226
454.3861,254.5728,77.2278,85.8543
454.1807,254.3445,77.6386,86.3110
453.1925,254.3577,77.6150,86.2847
453.2100,254.3771,77.5800,86.2458
453.2428,254.4135,77.5145,86.1730
453.3941,254.5817,77.2119,85.8366
453.5076,254.7079,76.9847,85.5841
453.6223,254.8354,76.7555,85.3293
453.6727,253.8915,76.6545,85.2170
453.7551,253.9831,76.4898,85.0339
452.8403,254.0778,76.3194,84.8444
452.9353,254.1834,76.1293,84.6331
453.0448,254.3051,75.9105,84.3898
453.1541,253.4267,75.6918,84.1467
453.0180,253.2753,75.9641,84.4494
452.8993,253.1434,76.2014,84.7132
452.9452,253.1944,76.1097,84.6113
453.1128,253.3807,75.7744,84.2386
453.3200,253.6111,75.3600,83.7779
452.4972,252.8081,75.0056,83.3839
452.5757,252.8954,74.8485,83.2093
452.5448,252.8609,74.9105,83.2781
452.5565,252.8740,74.8869,83.2520
452.6795,253.0107,74.6411,82.9786
452.9900,253.3559,74.0200,82.2881
453.3734,252.7822,73.2531,81.4357
453.3752,252.7841,73.2496,81.4318
453.3741,251.7829,73.2518,81.4342
453.3003,251.7008,73.3995,81.5984
453.2620,251.6582,73.4761,81.6835
453.3303,250.7342,73.3394,81.5316
452.0901,250.4671,73.8199,82.0657
453.1268,250.5079,73.7465,81.9841
453.2918,249.6914,73.4164,81.6171
454.2113,249.6020,73.5773,81.7961
454.2621,249.6584,73.4758,81.6832
455.4927,248.9148,73.0145,81.1704
455.3882,248.7986,73.2236,81.4028
455.3890,248.7995,73.2219,81.4010
456.5825,248.0146,72.8350,80.9708
456.4003,247.8121,73.1994,81.3759
456.3620,247.7695,73.2759,81.4610
456.3213,247.7242,73.3574,81.5516
456.3270,246.7306,73.3460,81.5388
456.0965,246.4743,73.8070,82.0514
456.1072,246.4862,73.7855,82.0275
456.2398,246.6336,73.5203,81.7327
456.4111,245.8241,73.1778,81.3519
456.1570,245.5415,73.6860,81.9169
456.1834,245.5709,73.6333,81.8582
456.2483,245.6430,73.5035,81.7140
456.3343,245.7386,73.3315,81.5227
455.3068,244.7081,73.3865,81.5839
455.0513,244.4241,73.8973,82.1518
454.9623,244.3251,74.0754,82.3498
455.0053,244.3730,73.9893,82.2541
455.0446,243.4166,73.9108,82.1668
454.9249,243.2836,74.1502,82.4329
453.8564,243.2074,74.2871,82.5852
453.8968,242.2523,74.2063,82.4953
453.7210,242.0569,74.5579,82.8862
453.7327,242.0698,74.5347,82.8604
453.6939,242.0268,74.6121,82.9464
453.7899,242.1335,74.4202,82.7331
453.8902,241.2450,74.2196,82.5101
453.9374,241.2974,74.1252,82.4052
453.0546,240.4277,73.8908,82.1445
453.0174,240.3864,73.9652,82.2273
452.9907,240.3566,74.0187,82.2868
453.1876,239.5755,73.6249,81.8490
453.2559,239.6514,73.4883,81.6971
453.3994,238.8110,73.2013,81.3780
453.2421,238.6362,73.5158,81.7277
452.3878,237.7982,73.2243,81.4036
452.2719,237.6693,73.4561,81.6613
452.2006,237.5900,73.5988,81.8199
451.3344,236.7388,73.3311,81.5224
452.2295,236.6222,73.5410,81.7557
451.4070,236.8194,73.1861,81.3612
451.4381,235.8540,73.1238,81.2919
451.4002,235.8119,73.1996,81.3761
451.5176,234.9424,72.9648,81.1152
451.3832,234.7931,73.2335,81.4139
451.2762,234.6740,73.4477,81.6520
