1
609.0000,171.0000,29.0000,81.0000
609.0000,171.0000,29.0000,81.0000
608.0000,172.0000,29.0000,81.0000
608.0000,172.0000,29.0000,81.0000
608.0000,172.0000,29.0000,81.0000
607.0000,173.0000,29.0000,81.0000
607.0000,173.0000,29.0000,81.0000
607.0000,174.0000,29.0000,81.0000
606.0000,174.0000,29.0000,81.0000
605.0000,174.0000,29.0000,81.0000
604.0000,174.0000,29.0000,81.0000
604.0000,175.0000,29.0000,81.0000
603.0000,175.0000,29.0000,81.0000
602.0000,176.0000,29.0000,81.0000
601.0000,176.0000,29.0000,81.0000
601.0000,177.0000,29.0000,81.0000
600.0000,177.0000,29.0000,81.0000
600.0000,177.0000,29.0000,81.0000
599.0000,177.0000,29.0000,81.0000
599.0000,177.0000,29.0000,81.0000
598.0000,177.0000,29.0000,81.0000
598.0000,177.0000,29.0000,81.0000
597.0000,177.0000,29.0000,81.0000
596.0000,177.0000,29.0000,81.0000
595.0000,177.0000,29.0000,81.0000
595.0000,177.0000,29.0000,81.0000
594.0000,178.0000,29.0000,81.0000
594.0000,178.0000,29.0000,81.0000
594.0000,179.0000,29.0000,81.0000
593.0000,179.0000,29.0000,81.0000
593.0000,180.0000,29.0000,81.0000
593.0000,180.0000,29.0000,81.0000
592.0000,180.0000,29.0000,81.0000
592.0000,180.0000,29.0000,81.0000
592.0000,180.0000,29.0000,81.0000
592.0000,180.0000,29.0000,81.0000
591.0000,180.0000,29.0000,81.0000
591.0000,180.0000,29.0000,81.0000
591.0000,180.0000,29.0000,81.0000
590.0000,180.0000,29.0000,81.0000
590.0000,180.0000,29.0000,81.0000
590.0000,180.0000,29.0000,81.0000
589.0000,180.0000,29.0000,81.0000
589.0000,180.0000,29.0000,81.0000
588.0000,180.0000,29.0000,81.0000
587.0000,181.0000,29.0000,81.0000
587.0000,181.0000,29.0000,81.0000
586.0000,181.0000,29.0000,81.0000
585.0000,181.0000,29.0000,81.0000
585.0000,181.0000,29.0000,81.0000
584.0000,181.0000,29.0000,81.0000
584.0000,181.0000,29.0000,81.0000
583.0000,181.0000,29.0000,81.0000
583.0000,181.0000,29.0000,81.0000
582.0000,180.0000,29.0000,81.0000
582.0000,180.0000,29.0000,81.0000
581.0000,180.0000,29.0000,81.0000
581.0000,180.0000,29.0000,81.0000
580.0000,180.0000,29.0000,81.0000
580.0000,180.0000,29.0000,81.0000
579.0000,180.0000,29.0000,81.0000
579.0000,180.0000,29.0000,81.0000
579.0000,180.0000,29.0000,81.0000
579.0000,180.0000,29.0000,81.0000
578.0000,180.0000,29.0000,81.0000
578.0000,180.0000,29.0000,81.0000
578.0000,180.0000,29.0000,81.0000
578.0000,180.0000,29.0000,81.0000
578.0000,180.0000,29.0000,81.0000
579.0000,179.0000,29.0000,81.0000
579.0000,179.0000,29.0000,81.0000
579.0000,179.0000,29.0000,81.0000
579.0000,178.0000,29.0000,81.0000
579.0000,178.0000,29.0000,81.0000
580.0000,177.0000,29.0000,81.0000
580.0000,177.0000,29.0000,81.0000
580.0000,177.0000,29.0000,81.0000
580.0000,176.0000,29.0000,81.0000
580.0000,176.0000,29.0000,81.0000
580.0000,176.0000,29.0000,81.0000
580.0000,176.0000,29.0000,81.0000
580.0000,176.0000,29.0000,81.0000
580.0000,176.0000,29.0000,81.0000
580.0000,176.0000,29.0000,81.0000
580.0000,176.0000,29.0000,81.0000
580.0000,176.0000,29.0000,81.0000
580.0000,175.0000,29.0000,81.0000
580.0000,175.0000,29.0000,81.0000
580.0000,174.0000,29.0000,81.0000
580.0000,173.0000,29.0000,81.0000
580.0000,172.0000,29.0000,81.0000
580.0000,172.0000,29.0000,81.0000
580.0000,171.0000,29.0000,81.0000
580.0000,170.0000,29.0000,81.0000
580.0000,170.0000,29.0000,81.0000
580.0000,170.0000,29.0000,81.0000
580.0000,170.0000,29.0000,81.0000
580.0000,169.0000,29.0000,81.0000
580.0000,169.0000,29.0000,81.0000
581.0000,169.0000,29.0000,81.0000
581.0000,168.0000,29.0000,81.0000
582.0000,168.0000,29.0000,81.0000
582.0000,168.0000,29.0000,81.0000
582.0000,167.0000,29.0000,81.0000
583.0000,166.0000,29.0000,81.0000
583.0000,166.0000,29.0000,81.0000
584.0000,165.0000,29.0000,81.0000
584.0000,164.0000,29.0000,81.0000
584.0000,164.0000,29.0000,81.0000
585.0000,163.0000,29.0000,81.0000
585.0000,163.0000,29.0000,81.0000
585.0000,163.0000,29.0000,81.0000
585.0000,163.0000,29.0000,81.0000
585.0000,162.0000,29.0000,81.0000
586.0000,163.0000,29.0000,81.0000
586.0000,163.0000,29.0000,81.0000
586.0000,162.0000,29.0000,81.0000
586.0000,162.0000,29.0000,81.0000
586.0000,162.0000,29.0000,81.0000
587.0000,162.0000,29.0000,81.0000
587.0000,162.0000,29.0000,81.0000
587.0000,161.0000,29.0000,81.0000
588.0000,161.0000,29.0000,81.0000
588.0000,161.0000,29.0000,81.0000
588.0000,160.0000,29.0000,81.0000
588.0000,159.0000,29.0000,81.0000
588.0000,159.0000,29.0000,81.0000
588.0000,158.0000,29.0000,81.0000
588.0000,158.0000,29.0000,81.0000
588.0000,158.0000,29.0000,81.0000
588.0000,157.0000,29.0000,81.0000
589.0000,157.0000,29.0000,81.0000
589.0000,157.0000,29.0000,81.0000
589.0000,157.0000,29.0000,81.0000
590.0000,157.0000,29.0000,81.0000
590.0000,157.0000,29.0000,81.0000
591.0000,157.0000,29.0000,81.0000
591.0000,158.0000,29.0000,81.0000
592.0000,158.0000,29.0000,81.0000
592.0000,158.0000,29.0000,81.0000
593.0000,158.0000,29.0000,81.0000
593.0000,158.0000,29.0000,81.0000
593.0000,158.0000,29.0000,81.0000
594.0000,158.0000,29.0000,81.0000
594.0000,158.0000,29.0000,81.0000
594.0000,158.0000,29.0000,81.0000
594.0000,158.0000,29.0000,81.0000
594.0000,158.0000,29.0000,81.0000
594.0000,158.0000,29.0000,81.0000
594.0000,158.0000,29.0000,81.0000
594.0000,158.0000,29.0000,81.0000
594.0000,158.0000,29.0000,81.0000
594.0000,158.0000,29.0000,81.0000
594.0000,158.0000,29.0000,81.0000
595.0000,158.0000,29.0000,81.0000
595.0000,158.0000,29.0000,81.0000
595.0000,157.0000,29.0000,81.0000
595.0000,157.0000,29.0000,81.0000
595.0000,157.0000,29.0000,81.0000
595.0000,157.0000,29.0000,81.0000
595.0000,157.0000,29.0000,81.0000
594.0000,157.0000,29.0000,81.0000
594.0000,157.0000,29.0000,81.0000
594.0000,158.0000,29.0000,81.0000
594.0000,159.0000,29.0000,81.0000
594.0000,160.0000,29.0000,81.0000
594.0000,160.0000,29.0000,81.0000
594.0000,161.0000,29.0000,81.0000
594.0000,162.0000,29.0000,81.0000
594.0000,163.0000,29.0000,81.0000
594.0000,164.0000,29.0000,81.0000
594.0000,164.0000,29.0000,81.0000
594.0000,164.0000,29.0000,81.0000
594.0000,164.0000,29.0000,81.0000
595.0000,165.0000,29.0000,81.0000
595.0000,165.0000,29.0000,81.0000
595.0000,165.0000,29.0000,81.0000
595.0000,165.0000,29.0000,81.0000
595.0000,165.0000,29.0000,81.0000
595.0000,166.0000,29.0000,81.0000
595.0000,166.0000,29.0000,81.0000
595.0000,167.0000,29.0000,81.0000
594.0000,167.0000,29.0000,81.0000
594.0000,168.0000,29.0000,81.0000
594.0000,168.0000,29.0000,81.0000
594.0000,169.0000,29.0000,81.0000
594.0000,169.0000,29.0000,81.0000
593.0000,169.0000,29.0000,81.0000
593.0000,170.0000,29.0000,81.0000
593.0000,170.0000,29.0000,81.0000
593.0000,169.0000,29.0000,81.0000
593.0000,169.0000,29.0000,81.0000
593.0000,169.0000,29.0000,81.0000
593.0000,169.0000,29.0000,81.0000
592.0000,168.0000,29.0000,81.0000
592.0000,168.0000,29.0000,81.0000
592.0000,168.0000,29.0000,81.0000
591.0000,168.0000,29.0000,81.0000
591.0000,168.0000,29.0000,81.0000
591.0000,167.0000,29.0000,81.0000
590.0000,167.0000,29.0000,81.0000
590.0000,167.0000,29.0000,81.0000
590.0000,167.0000,29.0000,81.0000
590.0000,168.0000,29.0000,81.0000
590.0000,167.0000,29.0000,81.0000
590.0000,167.0000,29.0000,81.0000
590.0000,167.0000,29.0000,81.0000
590.0000,167.0000,29.0000,81.0000
590.0000,166.0000,29.0000,81.0000
590.0000,166.0000,29.0000,81.0000
590.0000,166.0000,29.0000,81.0000
590.0000,166.0000,29.0000,81.0000
590.0000,166.0000,29.0000,81.0000
590.0000,166.0000,29.0000,81.0000
590.0000,166.0000,29.0000,81.0000
590.0000,166.0000,29.0000,81.0000
590.0000,166.0000,29.0000,81.0000
589.0000,166.0000,29.0000,81.0000
589.0000,166.0000,29.0000,81.0000
589.0000,166.0000,29.0000,81.0000
589.0000,166.0000,29.0000,81.0000
589.0000,166.0000,29.0000,81.0000
588.0000,166.0000,29.0000,81.0000
588.0000,166.0000,29.0000,81.0000
588.0000,166.0000,29.0000,81.0000
588.0000,166.0000,29.0000,81.0000
588.0000,166.0000,29.0000,81.0000
587.0000,166.0000,29.0000,81.0000
587.0000,166.0000,29.0000,81.0000
586.0000,165.0000,29.0000,81.0000
586.0000,165.0000,29.0000,81.0000
586.0000,165.0000,29.0000,81.0000
585.0000,165.0000,29.0000,81.0000
585.0000,165.0000,29.0000,81.0000
585.0000,165.0000,29.0000,81.0000
584.0000,165.0000,29.0000,81.0000
584.0000,166.0000,29.0000,81.0000
584.0000,166.0000,29.0000,81.0000
584.0000,166.0000,29.0000,81.0000
584.0000,166.0000,29.0000,81.0000
584.0000,166.0000,29.0000,81.0000
584.0000,166.0000,29.0000,81.0000
584.0000,166.0000,29.0000,81.0000
584.0000,166.0000,29.0000,81.0000
584.0000,166.0000,29.0000,81.0000
584.0000,166.0000,29.0000,81.0000
584.0000,166.0000,29.0000,81.0000
584.0000,166.0000,29.0000,81.0000
584.0000,166.0000,29.0000,81.0000
583.0000,166.0000,29.0000,81.0000
583.0000,166.0000,29.0000,81.0000
583.0000,166.0000,29.0000,81.0000
582.0000,166.0000,29.0000,81.0000
582.0000,166.0000,29.0000,81.0000
582.0000,166.0000,29.0000,81.0000
582.0000,166.0000,29.0000,81.0000
581.0000,167.0000,29.0000,81.0000
581.0000,167.0000,29.0000,81.0000
581.0000,167.0000,29.0000,81.0000
581.0000,166.0000,29.0000,81.0000
581.0000,166.0000,29.0000,81.0000
581.0000,166.0000,29.0000,81.0000
580.0000,166.0000,29.0000,81.0000
580.0000,166.0000,29.0000,81.0000
580.0000,165.0000,29.0000,81.0000
579.0000,165.0000,29.0000,81.0000
579.0000,165.0000,29.0000,81.0000
579.0000,165.0000,29.0000,81.0000
579.0000,165.0000,29.0000,81.0000
579.0000,165.0000,29.0000,81.0000
579.0000,165.0000,29.0000,81.0000
579.0000,165.0000,29.0000,81.0000
579.0000,165.0000,29.0000,81.0000
579.0000,165.0000,29.0000,81.0000
579.0000,165.0000,29.0000,81.0000
579.0000,165.0000,29.0000,81.0000
579.0000,165.0000,29.0000,81.0000
580.0000,165.0000,29.0000,81.0000
580.0000,165.0000,29.0000,81.0000
580.0000,165.0000,29.0000,81.0000
581.0000,164.0000,29.0000,81.0000
581.0000,164.0000,29.0000,81.0000
581.0000,164.0000,29.0000,81.0000
581.0000,164.0000,29.0000,81.0000
581.0000,164.0000,29.0000,81.0000
581.0000,164.0000,29.0000,81.0000
581.0000,164.0000,29.0000,81.0000
581.0000,164.0000,29.0000,81.0000
581.0000,164.0000,29.0000,81.0000
581.0000,164.0000,29.0000,81.0000
581.0000,164.0000,29.0000,81.0000
581.0000,164.0000,29.0000,81.0000
581.0000,164.0000,29.0000,81.0000
582.0000,164.0000,29.0000,81.0000
582.0000,164.0000,29.0000,81.0000
582.0000,164.0000,29.0000,81.0000
583.0000,164.0000,29.0000,81.0000
583.0000,163.0000,29.0000,81.0000
583.0000,163.0000,29.0000,81.0000
583.0000,163.0000,29.0000,81.0000
583.0000,163.0000,29.0000,81.0000
583.0000,163.0000,29.0000,81.0000
583.0000,163.0000,29.0000,81.0000
583.0000,163.0000,29.0000,81.0000
584.0000,163.0000,29.0000,81.0000
584.0000,163.0000,29.0000,81.0000
585.0000,164.0000,29.0000,81.0000
585.0000,164.0000,29.0000,81.0000
586.0000,164.0000,29.0000,81.0000
587.0000,164.0000,29.0000,81.0000
587.0000,164.0000,29.0000,81.0000
588.0000,164.0000,29.0000,81.0000
589.0000,164.0000,29.0000,81.0000
589.0000,163.0000,29.0000,81.0000
590.0000,163.0000,29.0000,81.0000
591.0000,163.0000,29.0000,81.0000
591.0000,163.0000,29.0000,81.0000
592.0000,163.0000,29.0000,81.0000
592.0000,163.0000,29.0000,81.0000
593.0000,163.0000,29.0000,81.0000
593.0000,163.0000,29.0000,81.0000
593.0000,163.0000,29.0000,81.0000
594.0000,163.0000,29.0000,81.0000
594.0000,163.0000,29.0000,81.0000
594.0000,163.0000,29.0000,81.0000
595.0000,163.0000,29.0000,81.0000
595.0000,163.0000,29.0000,81.0000
595.0000,163.0000,29.0000,81.0000
596.0000,163.0000,29.0000,81.0000
596.0000,163.0000,29.0000,81.0000
597.0000,163.0000,29.0000,81.0000
597.0000,162.0000,29.0000,81.0000
597.0000,162.0000,29.0000,81.0000
598.0000,162.0000,29.0000,81.0000
598.0000,161.0000,29.0000,81.0000
598.0000,161.0000,29.0000,81.0000
598.0000,161.0000,29.0000,81.0000
598.0000,161.0000,29.0000,81.0000
599.0000,161.0000,29.0000,81.0000
599.0000,161.0000,29.0000,81.0000
599.0000,161.0000,29.0000,81.0000
600.0000,161.0000,29.0000,81.0000
600.0000,161.0000,29.0000,81.0000
601.0000,161.0000,29.0000,81.0000
602.0000,161.0000,29.0000,81.0000
602.0000,161.0000,29.0000,81.0000
603.0000,161.0000,29.0000,81.0000
603.0000,160.0000,29.0000,81.0000
604.0000,160.0000,29.0000,81.0000
604.0000,160.0000,29.0000,81.0000
605.0000,160.0000,29.0000,81.0000
605.0000,159.0000,29.0000,81.0000
605.0000,159.0000,29.0000,81.0000
605.0000,159.0000,29.0000,81.0000
606.0000,159.0000,29.0000,81.0000
606.0000,159.0000,29.0000,81.0000
606.0000,159.0000,29.0000,81.0000
606.0000,159.0000,29.0000,81.0000
606.0000,159.0000,29.0000,81.0000
606.0000,159.0000,29.0000,81.0000
606.0000,159.0000,29.0000,81.0000
606.0000,159.0000,29.0000,81.0000
606.0000,159.0000,29.0000,81.0000
606.0000,158.0000,29.0000,81.0000
606.0000,158.0000,29.0000,81.0000
606.0000,157.0000,29.0000,81.0000
606.0000,157.0000,29.0000,81.0000
606.0000,157.0000,29.0000,81.0000
606.0000,156.0000,29.0000,81.0000
606.0000,156.0000,29.0000,81.0000
606.0000,156.0000,29.0000,81.0000
606.0000,156.0000,29.0000,81.0000
606.0000,156.0000,29.0000,81.0000
606.0000,156.0000,29.0000,81.0000
606.0000,156.0000,29.0000,81.0000
606.0000,156.0000,29.0000,81.0000
606.0000,156.0000,29.0000,81.0000
606.0000,156.0000,29.0000,81.0000
606.0000,156.0000,29.0000,81.0000
607.0000,156.0000,29.0000,81.0000
607.0000,155.0000,29.0000,81.0000
607.0000,155.0000,29.0000,81.0000
607.0000,155.0000,29.0000,81.0000
607.0000,155.0000,29.0000,81.0000
607.0000,154.0000,29.0000,81.0000
607.0000,154.0000,29.0000,81.0000
607.0000,154.0000,29.0000,81.0000
607.0000,154.0000,29.0000,81.0000
606.0000,154.0000,29.0000,81.0000
606.0000,154.0000,29.0000,81.0000
606.0000,154.0000,29.0000,81.0000
605.0000,154.0000,29.0000,81.0000
605.0000,154.0000,29.0000,81.0000
605.0000,154.0000,29.0000,81.0000
605.0000,154.0000,29.0000,81.0000
604.0000,154.0000,29.0000,81.0000
604.0000,153.0000,29.0000,81.0000
604.0000,153.0000,29.0000,81.0000
604.0000,153.0000,29.0000,81.0000
603.0000,152.0000,29.0000,81.0000
603.0000,152.0000,29.0000,81.0000
603.0000,152.0000,29.0000,81.0000
602.0000,151.0000,29.0000,81.0000
602.0000,151.0000,29.0000,81.0000
601.0000,151.0000,29.0000,81.0000
601.0000,151.0000,29.0000,81.0000
600.0000,151.0000,29.0000,81.0000
600.0000,151.0000,29.0000,81.0000
600.0000,152.0000,29.0000,81.0000
600.0000,152.0000,29.0000,81.0000
600.0000,152.0000,29.0000,81.0000
600.0000,152.0000,29.0000,81.0000
600.0000,152.0000,29.0000,81.0000
600.0000,152.0000,29.0000,81.0000
600.0000,151.0000,29.0000,81.0000
600.0000,151.0000,29.0000,81.0000
600.0000,151.0000,29.0000,81.0000
600.0000,151.0000,29.0000,81.0000
600.0000,151.0000,29.0000,81.0000
600.0000,151.0000,29.0000,81.0000
600.0000,151.0000,29.0000,81.0000
599.0000,151.0000,29.0000,81.0000
599.0000,151.0000,29.0000,81.0000
599.0000,151.0000,29.0000,81.0000
598.0000,152.0000,29.0000,81.0000
598.0000,152.0000,29.0000,81.0000
598.0000,152.0000,29.0000,81.0000
598.0000,152.0000,29.0000,81.0000
598.0000,152.0000,29.0000,81.0000
597.0000,152.0000,29.0000,81.0000
597.0000,152.0000,29.0000,81.0000
597.0000,152.0000,29.0000,81.0000
597.0000,152.0000,29.0000,81.0000
597.0000,152.0000,29.0000,81.0000
596.0000,152.0000,29.0000,81.0000
596.0000,152.0000,29.0000,81.0000
596.0000,152.0000,29.0000,81.0000
596.0000,152.0000,29.0000,81.0000
595.0000,152.0000,29.0000,81.0000
595.0000,152.0000,29.0000,81.0000
595.0000,153.0000,29.0000,81.0000
594.0000,153.0000,29.0000,81.0000
594.0000,153.0000,29.0000,81.0000
594.0000,153.0000,29.0000,81.0000
594.0000,154.0000,29.0000,81.0000
594.0000,154.0000,29.0000,81.0000
594.0000,154.0000,29.0000,81.0000
594.0000,154.0000,29.0000,81.0000
594.0000,154.0000,29.0000,81.0000
594.0000,154.0000,29.0000,81.0000
594.0000,154.0000,29.0000,81.0000
595.0000,154.0000,29.0000,81.0000
595.0000,154.0000,29.0000,81.0000
595.0000,154.0000,29.0000,81.0000
594.0000,154.0000,29.0000,81.0000
594.0000,154.0000,29.0000,81.0000
594.0000,155.0000,29.0000,81.0000
594.0000,155.0000,29.0000,81.0000
594.0000,155.0000,29.0000,81.0000
593.0000,155.0000,29.0000,81.0000
593.0000,156.0000,29.0000,81.0000
593.0000,156.0000,29.0000,81.0000
593.0000,156.0000,29.0000,81.0000
593.0000,157.0000,29.0000,81.0000
593.0000,157.0000,29.0000,81.0000
592.0000,157.0000,29.0000,81.0000
592.0000,158.0000,29.0000,81.0000
592.0000,158.0000,29.0000,81.0000
592.0000,158.0000,29.0000,81.0000
591.0000,159.0000,29.0000,81.0000
591.0000,159.0000,29.0000,81.0000
591.0000,160.0000,29.0000,81.0000
590.0000,160.0000,29.0000,81.0000
590.0000,161.0000,29.0000,81.0000
590.0000,162.0000,29.0000,81.0000
589.0000,162.0000,29.0000,81.0000
589.0000,163.0000,29.0000,81.0000
589.0000,164.0000,29.0000,81.0000
589.0000,164.0000,29.0000,81.0000
589.0000,165.0000,29.0000,81.0000
589.0000,165.0000,29.0000,81.0000
589.0000,166.0000,29.0000,81.0000
589.0000,166.0000,29.0000,81.0000
590.0000,167.0000,29.0000,81.0000
590.0000,167.0000,29.0000,81.0000
590.0000,167.0000,29.0000,81.0000
590.0000,168.0000,29.0000,81.0000
590.0000,169.0000,29.0000,81.0000
590.0000,169.0000,29.0000,81.0000
590.0000,170.0000,29.0000,81.0000
589.0000,170.0000,29.0000,81.0000
589.0000,171.0000,29.0000,81.0000
589.0000,172.0000,29.0000,81.0000
589.0000,172.0000,29.0000,81.0000
588.0000,173.0000,29.0000,81.0000
588.0000,173.0000,29.0000,81.0000
588.0000,174.0000,29.0000,81.0000
588.0000,175.0000,29.0000,81.0000
588.0000,175.0000,29.0000,81.0000
588.0000,176.0000,29.0000,81.0000
588.0000,177.0000,29.0000,81.0000
588.0000,178.0000,29.0000,81.0000
588.0000,179.0000,29.0000,81.0000
588.0000,180.0000,29.0000,81.0000
587.0000,181.0000,29.0000,81.0000
587.0000,182.0000,29.0000,81.0000
587.0000,183.0000,29.0000,81.0000
587.0000,185.0000,29.0000,81.0000
587.0000,186.0000,29.0000,81.0000
587.0000,188.0000,29.0000,81.0000
587.0000,189.0000,29.0000,81.0000
587.0000,190.0000,29.0000,81.0000
587.0000,192.0000,29.0000,81.0000
587.0000,193.0000,29.0000,81.0000
588.0000,194.0000,29.0000,81.0000
588.0000,195.0000,29.0000,81.0000
589.0000,196.0000,29.0000,81.0000
589.0000,197.0000,29.0000,81.0000
589.0000,198.0000,29.0000,81.0000
590.0000,199.0000,29.0000,81.0000
590.0000,200.0000,29.0000,81.0000
590.0000,202.0000,29.0000,81.0000
590.0000,203.0000,29.0000,81.0000
590.0000,204.0000,29.0000,81.0000
590.0000,205.0000,29.0000,81.0000
590.0000,207.0000,29.0000,81.0000
590.0000,208.0000,29.0000,81.0000
590.0000,209.0000,29.0000,81.0000
590.0000,211.0000,29.0000,81.0000
591.0000,213.0000,29.0000,81.0000
591.0000,214.0000,29.0000,81.0000
591.0000,216.0000,29.0000,81.0000
591.0000,218.0000,29.0000,81.0000
591.0000,219.0000,29.0000,81.0000
591.0000,221.0000,29.0000,81.0000
591.0000,222.0000,29.0000,81.0000
591.0000,224.0000,29.0000,81.0000
591.0000,226.0000,29.0000,81.0000
591.0000,227.0000,29.0000,81.0000
591.0000,230.0000,29.0000,81.0000
591.0000,232.0000,29.0000,81.0000
591.0000,235.0000,29.0000,81.0000
591.0000,239.0000,29.0000,81.0000
591.0000,242.0000,29.0000,81.0000
592.0000,246.0000,29.0000,81.0000
592.0000,250.0000,29.0000,81.0000
592.0000,253.0000,29.0000,81.0000
593.0000,256.0000,29.0000,81.0000
593.0000,259.0000,29.0000,81.0000
594.0000,263.0000,29.0000,81.0000
594.0000,266.0000,29.0000,81.0000
595.0000,269.0000,29.0000,81.0000
595.0000,272.0000,29.0000,81.0000
595.0000,274.0000,29.0000,81.0000
596.0000,278.0000,29.0000,81.0000
596.0000,280.0000,29.0000,81.0000
596.0000,282.0000,29.0000,81.0000
596.0000,284.0000,29.0000,81.0000
596.0000,287.0000,29.0000,81.0000
597.0000,290.0000,29.0000,81.0000
597.0000,292.0000,29.0000,81.0000
597.0000,293.0000,29.0000,81.0000
597.0000,295.0000,29.0000,81.0000
597.0000,297.0000,29.0000,81.0000
598.0000,298.0000,29.0000,81.0000
598.0000,298.0000,29.0000,81.0000
598.0000,298.0000,29.0000,81.0000
598.0000,297.0000,29.0000,81.0000
599.0000,297.0000,29.0000,81.0000
599.0000,297.0000,29.0000,81.0000
599.0000,296.0000,29.0000,81.0000
599.0000,296.0000,29.0000,81.0000
599.0000,296.0000,29.0000,81.0000
599.0000,295.0000,29.0000,81.0000
599.0000,295.0000,29.0000,81.0000
599.0000,295.0000,29.0000,81.0000
599.0000,295.0000,29.0000,81.0000
600.0000,295.0000,29.0000,81.0000
600.0000,295.0000,29.0000,81.0000
601.0000,295.0000,29.0000,81.0000
601.0000,295.0000,29.0000,81.0000
602.0000,295.0000,29.0000,81.0000
602.0000,295.0000,29.0000,81.0000
603.0000,294.0000,29.0000,81.0000
603.0000,293.0000,29.0000,81.0000
603.0000,292.0000,29.0000,81.0000
604.0000,291.0000,29.0000,81.0000
604.0000,289.0000,29.0000,81.0000
604.0000,288.0000,29.0000,81.0000
605.0000,285.0000,29.0000,81.0000
605.0000,284.0000,29.0000,81.0000
605.0000,282.0000,29.0000,81.0000
605.0000,281.0000,29.0000,81.0000
605.0000,280.0000,29.0000,81.0000
605.0000,280.0000,29.0000,81.0000
605.0000,280.0000,29.0000,81.0000
605.0000,280.0000,29.0000,81.0000
605.0000,280.0000,29.0000,81.0000
605.0000,280.0000,29.0000,81.0000
606.0000,280.0000,29.0000,81.0000
606.0000,280.0000,29.0000,81.0000
606.0000,280.0000,29.0000,81.0000
606.0000,279.0000,29.0000,81.0000
606.0000,279.0000,29.0000,81.0000
606.0000,279.0000,29.0000,81.0000
606.0000,279.0000,29.0000,81.0000
606.0000,279.0000,29.0000,81.0000
605.0000,279.0000,29.0000,81.0000
605.0000,279.0000,29.0000,81.0000
605.0000,279.0000,29.0000,81.0000
605.0000,279.0000,29.0000,81.0000
605.0000,280.0000,29.0000,81.0000
605.0000,280.0000,29.0000,81.0000
605.0000,280.0000,29.0000,81.0000
605.0000,280.0000,29.0000,81.0000
606.0000,280.0000,29.0000,81.0000
606.0000,280.0000,29.0000,81.0000
606.0000,280.0000,29.0000,81.0000
606.0000,280.0000,29.0000,81.0000
607.0000,280.0000,29.0000,81.0000
607.0000,280.0000,29.0000,81.0000
607.0000,280.0000,29.0000,81.0000
607.0000,280.0000,29.0000,81.0000
607.0000,280.0000,29.0000,81.0000
607.0000,280.0000,29.0000,81.0000
607.0000,280.0000,29.0000,81.0000
607.0000,280.0000,29.0000,81.0000
607.0000,280.0000,29.0000,81.0000
606.0000,281.0000,29.0000,81.0000
606.0000,281.0000,29.0000,81.0000
606.0000,281.0000,29.0000,81.0000
606.0000,281.0000,29.0000,81.0000
606.0000,281.0000,29.0000,81.0000
606.0000,281.0000,29.0000,81.0000
605.0000,280.0000,29.0000,81.0000
605.0000,280.0000,29.0000,81.0000
605.0000,280.0000,29.0000,81.0000
605.0000,280.0000,29.0000,81.0000
604.0000,280.0000,29.0000,81.0000
604.0000,279.0000,29.0000,81.0000
604.0000,280.0000,29.0000,81.0000
603.0000,280.0000,29.0000,81.0000
603.0000,280.0000,29.0000,81.0000
602.0000,280.0000,29.0000,81.0000
602.0000,280.0000,29.0000,81.0000
602.0000,281.0000,29.0000,81.0000
602.0000,281.0000,29.0000,81.0000
602.0000,281.0000,29.0000,81.0000
601.0000,281.0000,29.0000,81.0000
601.0000,281.0000,29.0000,81.0000
601.0000,281.0000,29.0000,81.0000
601.0000,281.0000,29.0000,81.0000
601.0000,281.0000,29.0000,81.0000
601.0000,281.0000,29.0000,81.0000
601.0000,280.0000,29.0000,81.0000
601.0000,280.0000,29.0000,81.0000
600.0000,280.0000,29.0000,81.0000
600.0000,280.0000,29.0000,81.0000
600.0000,280.0000,29.0000,81.0000
599.0000,280.0000,29.0000,81.0000
599.0000,280.0000,29.0000,81.0000
598.0000,280.0000,29.0000,81.0000
598.0000,281.0000,29.0000,81.0000
597.0000,281.0000,29.0000,81.0000
597.0000,281.0000,29.0000,81.0000
597.0000,281.0000,29.0000,81.0000
596.0000,281.0000,29.0000,81.0000
596.0000,281.0000,29.0000,81.0000
595.0000,281.0000,29.0000,81.0000
595.0000,280.0000,29.0000,81.0000
594.0000,280.0000,29.0000,81.0000
594.0000,280.0000,29.0000,81.0000
593.0000,280.0000,29.0000,81.0000
593.0000,280.0000,29.0000,81.0000
592.0000,280.0000,29.0000,81.0000
591.0000,280.0000,29.0000,81.0000
591.0000,280.0000,29.0000,81.0000
590.0000,280.0000,29.0000,81.0000
590.0000,280.0000,29.0000,81.0000
589.0000,280.0000,29.0000,81.0000
589.0000,280.0000,29.0000,81.0000
589.0000,280.0000,29.0000,81.0000
588.0000,280.0000,29.0000,81.0000
588.0000,280.0000,29.0000,81.0000
588.0000,280.0000,29.0000,81.0000
588.0000,280.0000,29.0000,81.0000
588.0000,280.0000,29.0000,81.0000
587.0000,279.0000,29.0000,81.0000
587.0000,279.0000,29.0000,81.0000
587.0000,279.0000,29.0000,81.0000
586.0000,279.0000,29.0000,81.0000
586.0000,279.0000,29.0000,81.0000
585.0000,279.0000,29.0000,81.0000
585.0000,279.0000,29.0000,81.0000
584.0000,279.0000,29.0000,81.0000
584.0000,279.0000,29.0000,81.0000
583.0000,280.0000,29.0000,81.0000
583.0000,280.0000,29.0000,81.0000
582.0000,280.0000,29.0000,81.0000
582.0000,280.0000,29.0000,81.0000
582.0000,279.0000,29.0000,81.0000
581.0000,279.0000,29.0000,81.0000
581.0000,279.0000,29.0000,81.0000
581.0000,279.0000,29.0000,81.0000
580.0000,278.0000,29.0000,81.0000
580.0000,278.0000,29.0000,81.0000
579.0000,278.0000,29.0000,81.0000
579.0000,278.0000,29.0000,81.0000
578.0000,278.0000,29.0000,81.0000
578.0000,278.0000,29.0000,81.0000
578.0000,278.0000,29.0000,81.0000
578.0000,279.0000,29.0000,81.0000
577.0000,279.0000,29.0000,81.0000
577.0000,279.0000,29.0000,81.0000
577.0000,279.0000,29.0000,81.0000
577.0000,279.0000,29.0000,81.0000
578.0000,279.0000,29.0000,81.0000
578.0000,279.0000,29.0000,81.0000
578.0000,279.0000,29.0000,81.0000
578.0000,279.0000,29.0000,81.0000
578.0000,279.0000,29.0000,81.0000
578.0000,278.0000,29.0000,81.0000
578.0000,278.0000,29.0000,81.0000
578.0000,278.0000,29.0000,81.0000
578.0000,278.0000,29.0000,81.0000
578.0000,278.0000,29.0000,81.0000
577.0000,278.0000,29.0000,81.0000
577.0000,278.0000,29.0000,81.0000
577.0000,278.0000,29.0000,81.0000
577.0000,279.0000,29.0000,81.0000
577.0000,279.0000,29.0000,81.0000
577.0000,279.0000,29.0000,81.0000
577.0000,279.0000,29.0000,81.0000
577.0000,279.0000,29.0000,81.0000
577.0000,279.0000,29.0000,81.0000
576.0000,279.0000,29.0000,81.0000
576.0000,278.0000,29.0000,81.0000
576.0000,278.0000,29.0000,81.0000
576.0000,278.0000,29.0000,81.0000
575.0000,278.0000,29.0000,81.0000
575.0000,278.0000,29.0000,81.0000
575.0000,278.0000,29.0000,81.0000
575.0000,278.0000,29.0000,81.0000
575.0000,279.0000,29.0000,81.0000
574.0000,279.0000,29.0000,81.0000
574.0000,279.0000,29.0000,81.0000
574.0000,280.0000,29.0000,81.0000
575.0000,280.0000,29.0000,81.0000
575.0000,280.0000,29.0000,81.0000
575.0000,280.0000,29.0000,81.0000
575.0000,280.0000,29.0000,81.0000
576.0000,280.0000,29.0000,81.0000
576.0000,280.0000,29.0000,81.0000
576.0000,280.0000,29.0000,81.0000
576.0000,280.0000,29.0000,81.0000
577.0000,280.0000,29.0000,81.0000
577.0000,280.0000,29.0000,81.0000
577.0000,280.0000,29.0000,81.0000
577.0000,280.0000,29.0000,81.0000
577.0000,280.0000,29.0000,81.0000
577.0000,281.0000,29.0000,81.0000
577.0000,281.0000,29.0000,81.0000
577.0000,281.0000,29.0000,81.0000
577.0000,281.0000,29.0000,81.0000
577.0000,281.0000,29.0000,81.0000
578.0000,282.0000,29.0000,81.0000
578.0000,282.0000,29.0000,81.0000
578.0000,282.0000,29.0000,81.0000
578.0000,282.0000,29.0000,81.0000
579.0000,281.0000,29.0000,81.0000
579.0000,281.0000,29.0000,81.0000
579.0000,281.0000,29.0000,81.0000
579.0000,281.0000,29.0000,81.0000
579.0000,281.0000,29.0000,81.0000
579.0000,281.0000,29.0000,81.0000
579.0000,281.0000,29.0000,81.0000
579.0000,281.0000,29.0000,81.0000
579.0000,281.0000,29.0000,81.0000
579.0000,281.0000,29.0000,81.0000
579.0000,282.0000,29.0000,81.0000
579.0000,282.0000,29.0000,81.0000
580.0000,282.0000,29.0000,81.0000
580.0000,282.0000,29.0000,81.0000
580.0000,282.0000,29.0000,81.0000
581.0000,282.0000,29.0000,81.0000
581.0000,281.0000,29.0000,81.0000
582.0000,281.0000,29.0000,81.0000
582.0000,281.0000,29.0000,81.0000
583.0000,281.0000,29.0000,81.0000
583.0000,280.0000,29.0000,81.0000
583.0000,280.0000,29.0000,81.0000
583.0000,280.0000,29.0000,81.0000
583.0000,280.0000,29.0000,81.0000
583.0000,280.0000,29.0000,81.0000
584.0000,280.0000,29.0000,81.0000
584.0000,280.0000,29.0000,81.0000
584.0000,280.0000,29.0000,81.0000
584.0000,280.0000,29.0000,81.0000
584.0000,280.0000,29.0000,81.0000
584.0000,280.0000,29.0000,81.0000
584.0000,280.0000,29.0000,81.0000
584.0000,279.0000,29.0000,81.0000
585.0000,279.0000,29.0000,81.0000
585.0000,279.0000,29.0000,81.0000
585.0000,278.0000,29.0000,81.0000
585.0000,277.0000,29.0000,81.0000
585.0000,277.0000,29.0000,81.0000
585.0000,277.0000,29.0000,81.0000
585.0000,277.0000,29.0000,81.0000
585.0000,277.0000,29.0000,81.0000
585.0000,277.0000,29.0000,81.0000
585.0000,277.0000,29.0000,81.0000
585.0000,277.0000,29.0000,81.0000
585.0000,277.0000,29.0000,81.0000
586.0000,277.0000,29.0000,81.0000
586.0000,277.0000,29.0000,81.0000
586.0000,277.0000,29.0000,81.0000
587.0000,277.0000,29.0000,81.0000
587.0000,276.0000,29.0000,81.0000
588.0000,276.0000,29.0000,81.0000
588.0000,276.0000,29.0000,81.0000
589.0000,275.0000,29.0000,81.0000
589.0000,275.0000,29.0000,81.0000
590.0000,275.0000,29.0000,81.0000
590.0000,275.0000,29.0000,81.0000
590.0000,275.0000,29.0000,81.0000
590.0000,275.0000,29.0000,81.0000
590.0000,275.0000,29.0000,81.0000
590.0000,275.0000,29.0000,81.0000
590.0000,275.0000,29.0000,81.0000
590.0000,275.0000,29.0000,81.0000
590.0000,275.0000,29.0000,81.0000
591.0000,275.0000,29.0000,81.0000
591.0000,274.0000,29.0000,81.0000
591.0000,274.0000,29.0000,81.0000
591.0000,273.0000,29.0000,81.0000
591.0000,273.0000,29.0000,81.0000
591.0000,272.0000,29.0000,81.0000
591.0000,272.0000,29.0000,81.0000
591.0000,272.0000,29.0000,81.0000
591.0000,271.0000,29.0000,81.0000
591.0000,271.0000,29.0000,81.0000
591.0000,271.0000,29.0000,81.0000
591.0000,271.0000,29.0000,81.0000
591.0000,271.0000,29.0000,81.0000
591.0000,271.0000,29.0000,81.0000
591.0000,271.0000,29.0000,81.0000
592.0000,271.0000,29.0000,81.0000
592.0000,271.0000,29.0000,81.0000
592.0000,270.0000,29.0000,81.0000
593.0000,270.0000,29.0000,81.0000
593.0000,270.0000,29.0000,81.0000
593.0000,269.0000,29.0000,81.0000
594.0000,269.0000,29.0000,81.0000
594.0000,268.0000,29.0000,81.0000
595.0000,268.0000,29.0000,81.0000
595.0000,268.0000,29.0000,81.0000
595.0000,268.0000,29.0000,81.0000
595.0000,268.0000,29.0000,81.0000
595.0000,267.0000,29.0000,81.0000
595.0000,267.0000,29.0000,81.0000
595.0000,267.0000,29.0000,81.0000
595.0000,267.0000,29.0000,81.0000
595.0000,267.0000,29.0000,81.0000
595.0000,267.0000,29.0000,81.0000
595.0000,267.0000,29.0000,81.0000
596.0000,266.0000,29.0000,81.0000
596.0000,266.0000,29.0000,81.0000
596.0000,265.0000,29.0000,81.0000
596.0000,265.0000,29.0000,81.0000
596.0000,264.0000,29.0000,81.0000
596.0000,263.0000,29.0000,81.0000
596.0000,263.0000,29.0000,81.0000
596.0000,263.0000,29.0000,81.0000
596.0000,262.0000,29.0000,81.0000
596.0000,262.0000,29.0000,81.0000
596.0000,262.0000,29.0000,81.0000
596.0000,262.0000,29.0000,81.0000
596.0000,262.0000,29.0000,81.0000
596.0000,261.0000,29.0000,81.0000
597.0000,261.0000,29.0000,81.0000
597.0000,261.0000,29.0000,81.0000
597.0000,260.0000,29.0000,81.0000
598.0000,260.0000,29.0000,81.0000
598.0000,259.0000,29.0000,81.0000
599.0000,259.0000,29.0000,81.0000
599.0000,258.0000,29.0000,81.0000
600.0000,257.0000,29.0000,81.0000
600.0000,257.0000,29.0000,81.0000
600.0000,257.0000,29.0000,81.0000
600.0000,256.0000,29.0000,81.0000
600.0000,256.0000,29.0000,81.0000
600.0000,256.0000,29.0000,81.0000
601.0000,256.0000,29.0000,81.0000
601.0000,256.0000,29.0000,81.0000
601.0000,256.0000,29.0000,81.0000
601.0000,256.0000,29.0000,81.0000
601.0000,255.0000,29.0000,81.0000
601.0000,255.0000,29.0000,81.0000
601.0000,254.0000,29.0000,81.0000
602.0000,254.0000,29.0000,81.0000
602.0000,253.0000,29.0000,81.0000
602.0000,253.0000,29.0000,81.0000
602.0000,252.0000,29.0000,81.0000
602.0000,251.0000,29.0000,81.0000
602.0000,251.0000,29.0000,81.0000
602.0000,251.0000,29.0000,81.0000
602.0000,251.0000,29.0000,81.0000
601.0000,250.0000,29.0000,81.0000
601.0000,250.0000,29.0000,81.0000
601.0000,250.0000,29.0000,81.0000
601.0000,250.0000,29.0000,81.0000
601.0000,250.0000,29.0000,81.0000
602.0000,249.0000,29.0000,81.0000
602.0000,249.0000,29.0000,81.0000
603.0000,248.0000,29.0000,81.0000
603.0000,247.0000,29.0000,81.0000
603.0000,247.0000,29.0000,81.0000
604.0000,246.0000,29.0000,81.0000
604.0000,246.0000,29.0000,81.0000
604.0000,245.0000,29.0000,81.0000
605.0000,245.0000,29.0000,81.0000
605.0000,245.0000,29.0000,81.0000
605.0000,244.0000,29.0000,81.0000
605.0000,244.0000,29.0000,81.0000
605.0000,244.0000,29.0000,81.0000
605.0000,244.0000,29.0000,81.0000
605.0000,244.0000,29.0000,81.0000
605.0000,243.0000,29.0000,81.0000
605.0000,243.0000,29.0000,81.0000
605.0000,243.0000,29.0000,81.0000
605.0000,242.0000,29.0000,81.0000
605.0000,242.0000,29.0000,81.0000
606.0000,241.0000,29.0000,81.0000
606.0000,240.0000,29.0000,81.0000
605.0000,240.0000,29.0000,81.0000
605.0000,239.0000,29.0000,81.0000
605.0000,239.0000,29.0000,81.0000
605.0000,238.0000,29.0000,81.0000
605.0000,238.0000,29.0000,81.0000
605.0000,238.0000,29.0000,81.0000
605.0000,237.0000,29.0000,81.0000
605.0000,237.0000,29.0000,81.0000
605.0000,237.0000,29.0000,81.0000
605.0000,237.0000,29.0000,81.0000
604.0000,237.0000,29.0000,81.0000
604.0000,236.0000,29.0000,81.0000
604.0000,236.0000,29.0000,81.0000
604.0000,235.0000,29.0000,81.0000
604.0000,235.0000,29.0000,81.0000
604.0000,234.0000,29.0000,81.0000
604.0000,234.0000,29.0000,81.0000
605.0000,233.0000,29.0000,81.0000
605.0000,233.0000,29.0000,81.0000
612.0000,230.0000,29.0000,81.0000
611.0000,231.0000,29.0000,81.0000
610.0000,231.0000,29.0000,81.0000
610.0000,231.0000,29.0000,81.0000
610.0000,230.0000,29.0000,81.0000
609.0000,230.0000,29.0000,81.0000
608.0000,230.0000,29.0000,81.0000
608.0000,230.0000,29.0000,81.0000
608.0000,230.0000,29.0000,81.0000
607.0000,230.0000,29.0000,81.0000
608.0000,229.0000,29.0000,81.0000
608.0000,229.0000,29.0000,81.0000
608.0000,228.0000,29.0000,81.0000
608.0000,227.0000,29.0000,81.0000
607.0000,227.0000,29.0000,81.0000
607.0000,226.0000,29.0000,81.0000
606.0000,225.0000,29.0000,81.0000
606.0000,225.0000,29.0000,81.0000
606.0000,225.0000,29.0000,81.0000
605.0000,224.0000,29.0000,81.0000
605.0000,224.0000,29.0000,81.0000
605.0000,224.0000,29.0000,81.0000
605.0000,224.0000,29.0000,81.0000
605.0000,223.0000,29.0000,81.0000
605.0000,223.0000,29.0000,81.0000
605.0000,222.0000,29.0000,81.0000
605.0000,222.0000,29.0000,81.0000
605.0000,221.0000,29.0000,81.0000
605.0000,221.0000,29.0000,81.0000
605.0000,220.0000,29.0000,81.0000
605.0000,219.0000,29.0000,81.0000
606.0000,219.0000,29.0000,81.0000
606.0000,218.0000,29.0000,81.0000
606.0000,218.0000,29.0000,81.0000
606.0000,218.0000,29.0000,81.0000
606.0000,217.0000,29.0000,81.0000
606.0000,217.0000,29.0000,81.0000
606.0000,217.0000,29.0000,81.0000
605.0000,217.0000,29.0000,81.0000
605.0000,216.0000,29.0000,81.0000
605.0000,216.0000,29.0000,81.0000
605.0000,216.0000,29.0000,81.0000
605.0000,215.0000,29.0000,81.0000
605.0000,215.0000,29.0000,81.0000
605.0000,215.0000,29.0000,81.0000
605.0000,214.0000,29.0000,81.0000
605.0000,214.0000,29.0000,81.0000
604.0000,213.0000,29.0000,81.0000
604.0000,212.0000,29.0000,81.0000
604.0000,212.0000,29.0000,81.0000
603.0000,211.0000,29.0000,81.0000
603.0000,211.0000,29.0000,81.0000
603.0000,210.0000,29.0000,81.0000
602.0000,210.0000,29.0000,81.0000
602.0000,210.0000,29.0000,81.0000
602.0000,210.0000,29.0000,81.0000
602.0000,210.0000,29.0000,81.0000
602.0000,209.0000,29.0000,81.0000
602.0000,209.0000,29.0000,81.0000
602.0000,209.0000,29.0000,81.0000
602.0000,208.0000,29.0000,81.0000
602.0000,208.0000,29.0000,81.0000
602.0000,207.0000,29.0000,81.0000
602.0000,207.0000,29.0000,81.0000
603.0000,206.0000,29.0000,81.0000
603.0000,206.0000,29.0000,81.0000
603.0000,206.0000,29.0000,81.0000
603.0000,205.0000,29.0000,81.0000
603.0000,205.0000,29.0000,81.0000
603.0000,205.0000,29.0000,81.0000
602.0000,205.0000,29.0000,81.0000
602.0000,205.0000,29.0000,81.0000
602.0000,205.0000,29.0000,81.0000
602.0000,205.0000,29.0000,81.0000
602.0000,205.0000,29.0000,81.0000
601.0000,205.0000,29.0000,81.0000
601.0000,205.0000,29.0000,81.0000
601.0000,204.0000,29.0000,81.0000
601.0000,204.0000,29.0000,81.0000
601.0000,203.0000,29.0000,81.0000
601.0000,203.0000,29.0000,81.0000
600.0000,203.0000,29.0000,81.0000
600.0000,202.0000,29.0000,81.0000
599.0000,202.0000,29.0000,81.0000
599.0000,201.0000,29.0000,81.0000
598.0000,201.0000,29.0000,81.0000
598.0000,201.0000,29.0000,81.0000
597.0000,201.0000,29.0000,81.0000
597.0000,201.0000,29.0000,81.0000
597.0000,201.0000,29.0000,81.0000
596.0000,201.0000,29.0000,81.0000
596.0000,201.0000,29.0000,81.0000
596.0000,201.0000,29.0000,81.0000
596.0000,201.0000,29.0000,81.0000
596.0000,200.0000,29.0000,81.0000
596.0000,200.0000,29.0000,81.0000
596.0000,200.0000,29.0000,81.0000
596.0000,200.0000,29.0000,81.0000
596.0000,199.0000,29.0000,81.0000
596.0000,199.0000,29.0000,81.0000
595.0000,199.0000,29.0000,81.0000
595.0000,199.0000,29.0000,81.0000
594.0000,199.0000,29.0000,81.0000
594.0000,199.0000,29.0000,81.0000
593.0000,199.0000,29.0000,81.0000
593.0000,200.0000,29.0000,81.0000
592.0000,200.0000,29.0000,81.0000
592.0000,200.0000,29.0000,81.0000
591.0000,200.0000,29.0000,81.0000
591.0000,200.0000,29.0000,81.0000
590.0000,200.0000,29.0000,81.0000
590.0000,200.0000,29.0000,81.0000
590.0000,200.0000,29.0000,81.0000
589.0000,200.0000,29.0000,81.0000
588.0000,200.0000,29.0000,81.0000
587.0000,199.0000,29.0000,81.0000
587.0000,199.0000,29.0000,81.0000
586.0000,199.0000,29.0000,81.0000
585.0000,199.0000,29.0000,81.0000
585.0000,199.0000,29.0000,81.0000
584.0000,199.0000,29.0000,81.0000
583.0000,199.0000,29.0000,81.0000
582.0000,200.0000,29.0000,81.0000
582.0000,200.0000,29.0000,81.0000
581.0000,200.0000,29.0000,81.0000
581.0000,200.0000,29.0000,81.0000
580.0000,200.0000,29.0000,81.0000
580.0000,200.0000,29.0000,81.0000
580.0000,200.0000,29.0000,81.0000
579.0000,200.0000,29.0000,81.0000
579.0000,199.0000,29.0000,81.0000
578.0000,199.0000,29.0000,81.0000
578.0000,199.0000,29.0000,81.0000
577.0000,199.0000,29.0000,81.0000
577.0000,199.0000,29.0000,81.0000
576.0000,199.0000,29.0000,81.0000
575.0000,199.0000,29.0000,81.0000
575.0000,200.0000,29.0000,81.0000
574.0000,200.0000,29.0000,81.0000
573.0000,200.0000,29.0000,81.0000
572.0000,200.0000,29.0000,81.0000
571.0000,200.0000,29.0000,81.0000
571.0000,200.0000,29.0000,81.0000
570.0000,200.0000,29.0000,81.0000
569.0000,200.0000,29.0000,81.0000
569.0000,200.0000,29.0000,81.0000
568.0000,200.0000,29.0000,81.0000
567.0000,199.0000,29.0000,81.0000
566.0000,199.0000,29.0000,81.0000
565.0000,199.0000,29.0000,81.0000
564.0000,199.0000,29.0000,81.0000
564.0000,199.0000,29.0000,81.0000
563.0000,199.0000,29.0000,81.0000
562.0000,199.0000,29.0000,81.0000
561.0000,199.0000,29.0000,81.0000
560.0000,199.0000,29.0000,81.0000
560.0000,199.0000,29.0000,81.0000
559.0000,199.0000,29.0000,81.0000
559.0000,199.0000,29.0000,81.0000
558.0000,199.0000,29.0000,81.0000
558.0000,199.0000,29.0000,81.0000
558.0000,199.0000,29.0000,81.0000
558.0000,199.0000,29.0000,81.0000
558.0000,198.0000,29.0000,81.0000
557.0000,198.0000,29.0000,81.0000
557.0000,197.0000,29.0000,81.0000
557.0000,198.0000,29.0000,81.0000
556.0000,197.0000,29.0000,81.0000
556.0000,197.0000,29.0000,81.0000
555.0000,197.0000,29.0000,81.0000
555.0000,197.0000,29.0000,81.0000
554.0000,197.0000,29.0000,81.0000
554.0000,197.0000,29.0000,81.0000
553.0000,197.0000,29.0000,81.0000
553.0000,198.0000,29.0000,81.0000
553.0000,197.0000,29.0000,81.0000
553.0000,197.0000,29.0000,81.0000
553.0000,197.0000,29.0000,81.0000
553.0000,197.0000,29.0000,81.0000
553.0000,197.0000,29.0000,81.0000
552.0000,196.0000,29.0000,81.0000
552.0000,196.0000,29.0000,81.0000
551.0000,196.0000,29.0000,81.0000
551.0000,196.0000,29.0000,81.0000
550.0000,196.0000,29.0000,81.0000
550.0000,196.0000,29.0000,81.0000
550.0000,196.0000,29.0000,81.0000
549.0000,197.0000,29.0000,81.0000
549.0000,197.0000,29.0000,81.0000
549.0000,197.0000,29.0000,81.0000
549.0000,198.0000,29.0000,81.0000
549.0000,198.0000,29.0000,81.0000
549.0000,198.0000,29.0000,81.0000
549.0000,198.0000,29.0000,81.0000
549.0000,198.0000,29.0000,81.0000
550.0000,198.0000,29.0000,81.0000
550.0000,198.0000,29.0000,81.0000
550.0000,198.0000,29.0000,81.0000
550.0000,198.0000,29.0000,81.0000
551.0000,198.0000,29.0000,81.0000
551.0000,199.0000,29.0000,81.0000
550.0000,199.0000,29.0000,81.0000
550.0000,199.0000,29.0000,81.0000
550.0000,200.0000,29.0000,81.0000
550.0000,200.0000,29.0000,81.0000
550.0000,201.0000,29.0000,81.0000
550.0000,201.0000,29.0000,81.0000
550.0000,201.0000,29.0000,81.0000
550.0000,202.0000,29.0000,81.0000
550.0000,202.0000,29.0000,81.0000
550.0000,202.0000,29.0000,81.0000
550.0000,203.0000,29.0000,81.0000
550.0000,203.0000,29.0000,81.0000
550.0000,203.0000,29.0000,81.0000
550.0000,203.0000,29.0000,81.0000
549.0000,203.0000,29.0000,81.0000
549.0000,203.0000,29.0000,81.0000
549.0000,204.0000,29.0000,81.0000
549.0000,204.0000,29.0000,81.0000
548.0000,205.0000,29.0000,81.0000
548.0000,206.0000,29.0000,81.0000
548.0000,206.0000,29.0000,81.0000
548.0000,207.0000,29.0000,81.0000
548.0000,207.0000,29.0000,81.0000
548.0000,207.0000,29.0000,81.0000
548.0000,208.0000,29.0000,81.0000
549.0000,208.0000,29.0000,81.0000
549.0000,208.0000,29.0000,81.0000
549.0000,208.0000,29.0000,81.0000
549.0000,209.0000,29.0000,81.0000
550.0000,209.0000,29.0000,81.0000
550.0000,209.0000,29.0000,81.0000
550.0000,209.0000,29.0000,81.0000
550.0000,209.0000,29.0000,81.0000
550.0000,210.0000,29.0000,81.0000
550.0000,210.0000,29.0000,81.0000
550.0000,211.0000,29.0000,81.0000
550.0000,211.0000,29.0000,81.0000
550.0000,211.0000,29.0000,81.0000
550.0000,212.0000,29.0000,81.0000
550.0000,212.0000,29.0000,81.0000
550.0000,212.0000,29.0000,81.0000
550.0000,212.0000,29.0000,81.0000
550.0000,212.0000,29.0000,81.0000
550.0000,212.0000,29.0000,81.0000
550.0000,212.0000,29.0000,81.0000
550.0000,212.0000,29.0000,81.0000
550.0000,212.0000,29.0000,81.0000
550.0000,212.0000,29.0000,81.0000
550.0000,212.0000,29.0000,81.0000
549.0000,212.0000,29.0000,81.0000
549.0000,212.0000,29.0000,81.0000
549.0000,213.0000,29.0000,81.0000
549.0000,213.0000,29.0000,81.0000
548.0000,213.0000,29.0000,81.0000
548.0000,213.0000,29.0000,81.0000
548.0000,213.0000,29.0000,81.0000
548.0000,214.0000,29.0000,81.0000
548.0000,213.0000,29.0000,81.0000
549.0000,213.0000,29.0000,81.0000
549.0000,213.0000,29.0000,81.0000
549.0000,213.0000,29.0000,81.0000
549.0000,213.0000,29.0000,81.0000
549.0000,212.0000,29.0000,81.0000
549.0000,212.0000,29.0000,81.0000
549.0000,212.0000,29.0000,81.0000
549.0000,212.0000,29.0000,81.0000
549.0000,212.0000,29.0000,81.0000
549.0000,212.0000,29.0000,81.0000
549.0000,212.0000,29.0000,81.0000
549.0000,213.0000,29.0000,81.0000
548.0000,213.0000,29.0000,81.0000
548.0000,213.0000,29.0000,81.0000
548.0000,213.0000,29.0000,81.0000
548.0000,213.0000,29.0000,81.0000
548.0000,213.0000,29.0000,81.0000
548.0000,213.0000,29.0000,81.0000
548.0000,213.0000,29.0000,81.0000
547.0000,213.0000,29.0000,81.0000
547.0000,212.0000,29.0000,81.0000
546.0000,213.0000,29.0000,81.0000
546.0000,212.0000,29.0000,81.0000
546.0000,212.0000,29.0000,81.0000
545.0000,212.0000,29.0000,81.0000
545.0000,212.0000,29.0000,81.0000
544.0000,212.0000,29.0000,81.0000
544.0000,212.0000,29.0000,81.0000
544.0000,213.0000,29.0000,81.0000
543.0000,213.0000,29.0000,81.0000
543.0000,213.0000,29.0000,81.0000
543.0000,213.0000,29.0000,81.0000
543.0000,212.0000,29.0000,81.0000
543.0000,212.0000,29.0000,81.0000
543.0000,212.0000,29.0000,81.0000
543.0000,212.0000,29.0000,81.0000
543.0000,212.0000,29.0000,81.0000
543.0000,212.0000,29.0000,81.0000
544.0000,211.0000,29.0000,81.0000
544.0000,211.0000,29.0000,81.0000
543.0000,211.0000,29.0000,81.0000
543.0000,211.0000,29.0000,81.0000
543.0000,211.0000,29.0000,81.0000
543.0000,211.0000,29.0000,81.0000
543.0000,211.0000,29.0000,81.0000
542.0000,211.0000,29.0000,81.0000
542.0000,211.0000,29.0000,81.0000
542.0000,211.0000,29.0000,81.0000
542.0000,211.0000,29.0000,81.0000
542.0000,211.0000,29.0000,81.0000
542.0000,211.0000,29.0000,81.0000
542.0000,210.0000,29.0000,81.0000
542.0000,210.0000,29.0000,81.0000
541.0000,210.0000,29.0000,81.0000
541.0000,209.0000,29.0000,81.0000
541.0000,209.0000,29.0000,81.0000
540.0000,209.0000,29.0000,81.0000
540.0000,209.0000,29.0000,81.0000
540.0000,209.0000,29.0000,81.0000
540.0000,209.0000,29.0000,81.0000
539.0000,209.0000,29.0000,81.0000
539.0000,209.0000,29.0000,81.0000
539.0000,209.0000,29.0000,81.0000
539.0000,209.0000,29.0000,81.0000
539.0000,209.0000,29.0000,81.0000
540.0000,208.0000,29.0000,81.0000
540.0000,208.0000,29.0000,81.0000
540.0000,208.0000,29.0000,81.0000
540.0000,208.0000,29.0000,81.0000
540.0000,208.0000,29.0000,81.0000
540.0000,208.0000,29.0000,81.0000
541.0000,207.0000,29.0000,81.0000
541.0000,207.0000,29.0000,81.0000
541.0000,207.0000,29.0000,81.0000
541.0000,207.0000,29.0000,81.0000
541.0000,207.0000,29.0000,81.0000
541.0000,207.0000,29.0000,81.0000
541.0000,208.0000,29.0000,81.0000
541.0000,208.0000,29.0000,81.0000
541.0000,208.0000,29.0000,81.0000
541.0000,208.0000,29.0000,81.0000
541.0000,207.0000,29.0000,81.0000
541.0000,207.0000,29.0000,81.0000
541.0000,207.0000,29.0000,81.0000
541.0000,207.0000,29.0000,81.0000
541.0000,207.0000,29.0000,81.0000
541.0000,206.0000,29.0000,81.0000
541.0000,206.0000,29.0000,81.0000
541.0000,206.0000,29.0000,81.0000
541.0000,206.0000,29.0000,81.0000
541.0000,206.0000,29.0000,81.0000
541.0000,206.0000,29.0000,81.0000
541.0000,207.0000,29.0000,81.0000
541.0000,207.0000,29.0000,81.0000
541.0000,207.0000,29.0000,81.0000
542.0000,207.0000,29.0000,81.0000
542.0000,207.0000,29.0000,81.0000
543.0000,207.0000,29.0000,81.0000
543.0000,207.0000,29.0000,81.0000
544.0000,207.0000,29.0000,81.0000
544.0000,207.0000,29.0000,81.0000
545.0000,207.0000,29.0000,81.0000
546.0000,207.0000,29.0000,81.0000
546.0000,206.0000,29.0000,81.0000
546.0000,206.0000,29.0000,81.0000
546.0000,206.0000,29.0000,81.0000
547.0000,207.0000,29.0000,81.0000
547.0000,207.0000,29.0000,81.0000
548.0000,207.0000,29.0000,81.0000
548.0000,207.0000,29.0000,81.0000
548.0000,207.0000,29.0000,81.0000
548.0000,208.0000,29.0000,81.0000
548.0000,208.0000,29.0000,81.0000
549.0000,207.0000,29.0000,81.0000
549.0000,207.0000,29.0000,81.0000
549.0000,207.0000,29.0000,81.0000
550.0000,207.0000,29.0000,81.0000
550.0000,206.0000,29.0000,81.0000
550.0000,206.0000,29.0000,81.0000
550.0000,206.0000,29.0000,81.0000
550.0000,206.0000,29.0000,81.0000
550.0000,206.0000,29.0000,81.0000
550.0000,206.0000,29.0000,81.0000
550.0000,206.0000,29.0000,81.0000
550.0000,206.0000,29.0000,81.0000
