1
950.0000,324.5000,28.0000,51.0000
954.0000,328.5000,28.0000,51.0000
954.0000,332.5000,28.0000,51.0000
958.0000,336.5000,28.0000,51.0000
958.0000,340.5000,28.0000,51.0000
962.0000,344.5000,28.0000,51.0000
962.0000,348.5000,28.0000,51.0000
966.0000,348.5000,28.0000,51.0000
966.0000,352.5000,28.0000,51.0000
970.0000,352.5000,28.0000,51.0000
974.0000,356.5000,28.0000,51.0000
974.0000,356.5000,28.0000,51.0000
978.0000,360.5000,28.0000,51.0000
978.0000,360.5000,28.0000,51.0000
982.0000,364.5000,28.0000,51.0000
986.0000,364.5000,28.0000,51.0000
986.0000,368.5000,28.0000,51.0000
990.0000,368.5000,28.0000,51.0000
990.0000,368.5000,28.0000,51.0000
994.0000,368.5000,28.0000,51.0000
994.0000,372.5000,28.0000,51.0000
998.0000,372.5000,28.0000,51.0000
1002.0000,376.5000,28.0000,51.0000
1002.0000,376.5000,28.0000,51.0000
1006.0000,376.5000,28.0000,51.0000
1010.0000,376.5000,28.0000,51.0000
1014.0000,380.5000,28.0000,51.0000
1014.0000,380.5000,28.0000,51.0000
1018.0000,380.5000,28.0000,51.0000
1018.0000,384.5000,28.0000,51.0000
1022.0000,384.5000,28.0000,51.0000
1022.0000,388.5000,28.0000,51.0000
1026.0000,388.5000,28.0000,51.0000
1030.0000,388.5000,28.0000,51.0000
1030.0000,392.5000,28.0000,51.0000
1034.0000,392.5000,28.0000,51.0000
1034.0000,392.5000,28.0000,51.0000
1038.0000,392.5000,28.0000,51.0000
1042.0000,396.5000,28.0000,51.0000
1042.0000,396.5000,28.0000,51.0000
1042.0000,396.5000,28.0000,51.0000
1042.0000,396.5000,28.0000,51.0000
1042.0000,396.5000,28.0000,51.0000
1042.0000,396.5000,28.0000,51.0000
1038.0000,400.5000,28.0000,51.0000
1038.0000,400.5000,28.0000,51.0000
1034.0000,400.5000,28.0000,51.0000
1034.0000,400.5000,28.0000,51.0000
1034.0000,400.5000,28.0000,51.0000
1030.0000,400.5000,28.0000,51.0000
1026.0000,400.5000,28.0000,51.0000
1022.0000,404.5000,28.0000,51.0000
1022.0000,404.5000,28.0000,51.0000
1018.0000,404.5000,28.0000,51.0000
1014.0000,404.5000,28.0000,51.0000
1010.0000,404.5000,28.0000,51.0000
1006.0000,408.5000,28.0000,51.0000
1006.0000,408.5000,28.0000,51.0000
1002.0000,408.5000,28.0000,51.0000
998.0000,408.5000,28.0000,51.0000
998.0000,408.5000,28.0000,51.0000
994.0000,408.5000,28.0000,51.0000
990.0000,408.5000,28.0000,51.0000
986.0000,408.5000,28.0000,51.0000
982.0000,408.5000,28.0000,51.0000
978.0000,408.5000,28.0000,51.0000
974.0000,404.5000,28.0000,51.0000
970.0000,404.5000,28.0000,51.0000
966.0000,400.5000,28.0000,51.0000
962.0000,396.5000,28.0000,51.0000
958.0000,396.5000,28.0000,51.0000
954.0000,392.5000,28.0000,51.0000
950.0000,388.5000,28.0000,51.0000
946.0000,384.5000,28.0000,51.0000
942.0000,380.5000,28.0000,51.0000
938.0000,380.5000,28.0000,51.0000
934.0000,376.5000,28.0000,51.0000
930.0000,376.5000,28.0000,51.0000
926.0000,372.5000,28.0000,51.0000
922.0000,368.5000,28.0000,51.0000
918.0000,368.5000,28.0000,51.0000
914.0000,368.5000,28.0000,51.0000
910.0000,368.5000,28.0000,51.0000
906.0000,368.5000,28.0000,51.0000
902.0000,368.5000,28.0000,51.0000
898.0000,368.5000,28.0000,51.0000
894.0000,368.5000,28.0000,51.0000
890.0000,368.5000,28.0000,51.0000
886.0000,368.5000,28.0000,51.0000
882.0000,372.5000,28.0000,51.0000
874.0000,372.5000,28.0000,51.0000
870.0000,372.5000,28.0000,51.0000
866.0000,372.5000,28.0000,51.0000
862.0000,372.5000,28.0000,51.0000
858.0000,376.5000,28.0000,51.0000
854.0000,376.5000,28.0000,51.0000
846.0000,380.5000,28.0000,51.0000
842.0000,380.5000,28.0000,51.0000
838.0000,384.5000,28.0000,51.0000
834.0000,388.5000,28.0000,51.0000
830.0000,392.5000,28.0000,51.0000
826.0000,392.5000,28.0000,51.0000
818.0000,396.5000,28.0000,51.0000
814.0000,396.5000,28.0000,51.0000
810.0000,400.5000,28.0000,51.0000
806.0000,400.5000,28.0000,51.0000
802.0000,400.5000,28.0000,51.0000
798.0000,396.5000,28.0000,51.0000
794.0000,396.5000,28.0000,51.0000
794.0000,392.5000,28.0000,51.0000
790.0000,392.5000,28.0000,51.0000
782.0000,396.5000,28.0000,51.0000
778.0000,396.5000,28.0000,51.0000
774.0000,396.5000,28.0000,51.0000
770.0000,396.5000,28.0000,51.0000
766.0000,396.5000,28.0000,51.0000
762.0000,396.5000,28.0000,51.0000
762.0000,392.5000,28.0000,51.0000
758.0000,392.5000,28.0000,51.0000
754.0000,388.5000,28.0000,51.0000
750.0000,388.5000,28.0000,51.0000
746.0000,388.5000,28.0000,51.0000
742.0000,388.5000,28.0000,51.0000
738.0000,388.5000,28.0000,51.0000
734.0000,388.5000,28.0000,51.0000
730.0000,388.5000,28.0000,51.0000
726.0000,388.5000,28.0000,51.0000
726.0000,384.5000,28.0000,51.0000
722.0000,384.5000,28.0000,51.0000
718.0000,384.5000,28.0000,51.0000
714.0000,384.5000,28.0000,51.0000
714.0000,380.5000,28.0000,51.0000
710.0000,380.5000,28.0000,51.0000
706.0000,380.5000,28.0000,51.0000
706.0000,376.5000,28.0000,51.0000
702.0000,376.5000,28.0000,51.0000
702.0000,372.5000,28.0000,51.0000
698.0000,372.5000,28.0000,51.0000
698.0000,372.5000,28.0000,51.0000
694.0000,368.5000,28.0000,51.0000
694.0000,368.5000,28.0000,51.0000
690.0000,368.5000,28.0000,51.0000
690.0000,368.5000,28.0000,51.0000
690.0000,368.5000,28.0000,51.0000
686.0000,368.5000,28.0000,51.0000
686.0000,368.5000,28.0000,51.0000
682.0000,368.5000,28.0000,51.0000
682.0000,368.5000,28.0000,51.0000
682.0000,364.5000,28.0000,51.0000
682.0000,364.5000,28.0000,51.0000
682.0000,364.5000,28.0000,51.0000
682.0000,364.5000,28.0000,51.0000
682.0000,360.5000,28.0000,51.0000
682.0000,360.5000,28.0000,51.0000
682.0000,360.5000,28.0000,51.0000
686.0000,356.5000,28.0000,51.0000
686.0000,356.5000,28.0000,51.0000
686.0000,352.5000,28.0000,51.0000
690.0000,352.5000,28.0000,51.0000
694.0000,348.5000,28.0000,51.0000
694.0000,348.5000,28.0000,51.0000
694.0000,344.5000,28.0000,51.0000
698.0000,344.5000,28.0000,51.0000
698.0000,340.5000,28.0000,51.0000
702.0000,336.5000,28.0000,51.0000
702.0000,336.5000,28.0000,51.0000
702.0000,336.5000,28.0000,51.0000
706.0000,336.5000,28.0000,51.0000
706.0000,336.5000,28.0000,51.0000
706.0000,336.5000,28.0000,51.0000
710.0000,336.5000,28.0000,51.0000
710.0000,336.5000,28.0000,51.0000
714.0000,336.5000,28.0000,51.0000
714.0000,332.5000,28.0000,51.0000
718.0000,332.5000,28.0000,51.0000
718.0000,332.5000,28.0000,51.0000
718.0000,328.5000,28.0000,51.0000
722.0000,328.5000,28.0000,51.0000
722.0000,328.5000,28.0000,51.0000
726.0000,328.5000,28.0000,51.0000
726.0000,328.5000,28.0000,51.0000
730.0000,328.5000,28.0000,51.0000
730.0000,328.5000,28.0000,51.0000
734.0000,328.5000,28.0000,51.0000
738.0000,324.5000,28.0000,51.0000
738.0000,324.5000,28.0000,51.0000
742.0000,324.5000,28.0000,51.0000
742.0000,324.5000,28.0000,51.0000
746.0000,324.5000,28.0000,51.0000
746.0000,324.5000,28.0000,51.0000
750.0000,320.5000,28.0000,51.0000
750.0000,320.5000,28.0000,51.0000
754.0000,320.5000,28.0000,51.0000
754.0000,320.5000,28.0000,51.0000
758.0000,316.5000,28.0000,51.0000
758.0000,316.5000,28.0000,51.0000
762.0000,316.5000,28.0000,51.0000
762.0000,316.5000,28.0000,51.0000
766.0000,316.5000,28.0000,51.0000
766.0000,316.5000,28.0000,51.0000
770.0000,316.5000,28.0000,51.0000
770.0000,316.5000,28.0000,51.0000
770.0000,316.5000,28.0000,51.0000
774.0000,316.5000,28.0000,51.0000
778.0000,316.5000,28.0000,51.0000
778.0000,316.5000,28.0000,51.0000
778.0000,316.5000,28.0000,51.0000
782.0000,312.5000,28.0000,51.0000
782.0000,312.5000,28.0000,51.0000
786.0000,312.5000,28.0000,51.0000
786.0000,312.5000,28.0000,51.0000
790.0000,308.5000,28.0000,51.0000
790.0000,308.5000,28.0000,51.0000
790.0000,308.5000,28.0000,51.0000
794.0000,308.5000,28.0000,51.0000
794.0000,308.5000,28.0000,51.0000
794.0000,308.5000,28.0000,51.0000
798.0000,308.5000,28.0000,51.0000
798.0000,308.5000,28.0000,51.0000
798.0000,308.5000,28.0000,51.0000
802.0000,308.5000,28.0000,51.0000
802.0000,308.5000,28.0000,51.0000
806.0000,304.5000,28.0000,51.0000
806.0000,304.5000,28.0000,51.0000
810.0000,304.5000,28.0000,51.0000
810.0000,304.5000,28.0000,51.0000
810.0000,304.5000,28.0000,51.0000
814.0000,304.5000,28.0000,51.0000
814.0000,304.5000,28.0000,51.0000
814.0000,304.5000,28.0000,51.0000
818.0000,304.5000,28.0000,51.0000
818.0000,304.5000,28.0000,51.0000
818.0000,304.5000,28.0000,51.0000
822.0000,304.5000,28.0000,51.0000
822.0000,304.5000,28.0000,51.0000
826.0000,304.5000,28.0000,51.0000
826.0000,304.5000,28.0000,51.0000
826.0000,304.5000,28.0000,51.0000
830.0000,304.5000,28.0000,51.0000
830.0000,304.5000,28.0000,51.0000
834.0000,304.5000,28.0000,51.0000
834.0000,304.5000,28.0000,51.0000
838.0000,304.5000,28.0000,51.0000
838.0000,304.5000,28.0000,51.0000
842.0000,304.5000,28.0000,51.0000
842.0000,304.5000,28.0000,51.0000
842.0000,308.5000,28.0000,51.0000
846.0000,308.5000,28.0000,51.0000
846.0000,308.5000,28.0000,51.0000
850.0000,308.5000,28.0000,51.0000
850.0000,308.5000,28.0000,51.0000
854.0000,308.5000,28.0000,51.0000
854.0000,308.5000,28.0000,51.0000
854.0000,308.5000,28.0000,51.0000
858.0000,308.5000,28.0000,51.0000
858.0000,308.5000,28.0000,51.0000
858.0000,308.5000,28.0000,51.0000
862.0000,308.5000,28.0000,51.0000
862.0000,308.5000,28.0000,51.0000
862.0000,308.5000,28.0000,51.0000
862.0000,308.5000,28.0000,51.0000
862.0000,308.5000,28.0000,51.0000
862.0000,308.5000,28.0000,51.0000
862.0000,308.5000,28.0000,51.0000
862.0000,308.5000,28.0000,51.0000
862.0000,308.5000,28.0000,51.0000
862.0000,308.5000,28.0000,51.0000
862.0000,308.5000,28.0000,51.0000
862.0000,308.5000,28.0000,51.0000
862.0000,308.5000,28.0000,51.0000
862.0000,308.5000,28.0000,51.0000
862.0000,308.5000,28.0000,51.0000
862.0000,308.5000,28.0000,51.0000
862.0000,308.5000,28.0000,51.0000
858.0000,304.5000,28.0000,51.0000
858.0000,308.5000,28.0000,51.0000
854.0000,304.5000,28.0000,51.0000
854.0000,304.5000,28.0000,51.0000
850.0000,304.5000,28.0000,51.0000
850.0000,304.5000,28.0000,51.0000
850.0000,304.5000,28.0000,51.0000
846.0000,304.5000,28.0000,51.0000
846.0000,304.5000,28.0000,51.0000
846.0000,304.5000,28.0000,51.0000
846.0000,304.5000,28.0000,51.0000
846.0000,304.5000,28.0000,51.0000
846.0000,304.5000,28.0000,51.0000
846.0000,304.5000,28.0000,51.0000
842.0000,304.5000,28.0000,51.0000
838.0000,304.5000,28.0000,51.0000
838.0000,304.5000,28.0000,51.0000
838.0000,304.5000,28.0000,51.0000
838.0000,304.5000,28.0000,51.0000
838.0000,304.5000,28.0000,51.0000
838.0000,304.5000,28.0000,51.0000
838.0000,304.5000,28.0000,51.0000
834.0000,304.5000,28.0000,51.0000
830.0000,304.5000,28.0000,51.0000
830.0000,304.5000,28.0000,51.0000
830.0000,304.5000,28.0000,51.0000
826.0000,304.5000,28.0000,51.0000
826.0000,304.5000,28.0000,51.0000
826.0000,304.5000,28.0000,51.0000
826.0000,304.5000,28.0000,51.0000
826.0000,304.5000,28.0000,51.0000
826.0000,304.5000,28.0000,51.0000
826.0000,304.5000,28.0000,51.0000
826.0000,304.5000,28.0000,51.0000
826.0000,304.5000,28.0000,51.0000
830.0000,304.5000,28.0000,51.0000
830.0000,304.5000,28.0000,51.0000
830.0000,304.5000,28.0000,51.0000
830.0000,304.5000,28.0000,51.0000
830.0000,304.5000,28.0000,51.0000
2
0
0
0
0
0
2
0
0
0
0
0
2
0
0
0
0
0
2
0
0
0
0
0
2
0
0
0
0
0
2
0
0
0
0
0
2
0
0
0
0
0
2
0
0
0
0
0
2
0
0
0
0
0
2
0
0
0
0
0
2
0
0
0
0
0
2
0
0
0
0
0
2
0
0
0
0
0
2
0
0
0
0
0
2
0
0
0
0
0
2
0
0
0
0
0
2
0
0
0
0
0
2
0
0
0
0
0
2
0
0
0
0
0
2
0
0
0
0
0
2
0
0
0
0
0
2
0
0
0
0
0
2
0
0
0
0
0
2
0
0
0
0
0
2
0
0
0
0
0
2
0
0
0
0
0
2
0
0
0
0
0
2
0
0
0
0
0
2
0
0
0
0
0
2
0
0
0
0
0
2
0
0
0
0
0
2
0
0
0
0
0
2
0
0
0
0
0
2
0
0
0
0
0
2
0
0
0
0
0
2
0
0
0
0
0
2
0
0
0
0
0
2
0
0
0
0
0
2
0
0
0
0
0
2
0
0
0
0
0
2
0
0
0
0
0
2
0
0
0
0
0
2
0
0
0
0
0
2
0
0
0
0
0
2
0
0
0
0
0
2
0
0
0
0
0
2
0
0
0
0
0
2
0
0
0
0
0
2
0
0
0
0
0
2
0
0
0
0
0
2
0
0
0
0
0
2
0
0
0
0
0
2
0
0
0
0
0
2
0
0
0
0
0
2
0
0
0
0
0
2
0
0
0
0
0
2
0
0
0
0
0
2
0
0
0
0
0
2
0
0
0
0
0
2
0
0
0
0
0
2
0
0
0
0
0
2
0
0
0
0
0
2
0
0
0
0
0
2
0
0
0
0
0
2
0
0
0
0
0
2
0
0
0
0
0
2
0
0
0
0
0
2
0
0
0
0
0
2
0
0
0
0
0
2
0
0
0
0
0
2
0
0
0
0
0
2
0
0
0
0
0
2
0
0
0
0
0
2
0
0
0
0
0
2
0
0
0
0
0
2
0
0
0
0
0
2
0
0
0
0
0
2
0
0
0
0
0
2
0
0
0
0
0
2
0
0
0
0
0
2
0
0
0
0
0
2
0
0
0
0
0
2
0
0
0
0
0
2
0
0
0
0
0
2
0
0
0
0
0
2
0
0
0
0
0
2
0
0
0
0
0
2
0
0
0
0
0
2
0
0
0
0
0
2
0
0
0
0
0
2
0
0
0
0
0
2
0
0
0
0
0
2
0
0
0
0
0
2
0
0
0
0
0
2
0
0
0
0
0
2
0
0
0
0
0
2
0
0
0
0
0
2
0
0
0
0
0
2
0
0
0
0
0
2
0
0
0
0
0
2
0
0
0
0
0
2
0
0
0
0
0
2
0
0
0
0
0
2
0
0
0
0
0
2
0
0
0
0
0
2
0
0
0
0
0
2
0
0
0
0
0
2
0
0
0
0
0
2
0
0
0
0
0
2
0
0
0
0
0
2
0
0
0
0
0
2
0
0
0
0
0
2
0
0
0
0
0
2
0
0
0
0
0
2
0
0
0
0
0
2
0
0
0
0
0
2
0
0
0
0
0
2
0
0
0
0
0
2
0
0
0
0
0
2
0
0
0
0
0
2
0
0
0
0
0
2
0
0
0
0
0
2
0
0
0
0
0
2
0
0
0
0
0
2
0
0
0
0
0
2
0
0
0
0
0
2
0
0
0
0
0
2
0
0
0
0
0
2
0
0
0
0
0
2
0
0
0
0
0
2
0
0
0
0
0
2
0
0
0
0
0
2
0
0
0
0
0
2
0
0
0
0
0
2
0
0
0
0
0
2
0
0
0
0
0
2
0
0
0
0
0
2
0
0
0
0
0
2
0
0
0
0
0
2
0
0
0
0
0
2
0
0
0
0
0
2
0
0
0
0
0
2
0
0
0
0
0
2
0
0
0
0
0
2
0
0
0
0
0
2
0
0
0
0
0
2
0
0
0
0
0
2
0
0
0
0
0
2
0
0
0
0
0
2
0
0
0
0
0
2
0
0
0
0
0
2
0
0
0
0
0
2
0
0
0
0
0
2
0
0
0
0
0
2
0
0
0
0
0
2
0
0
0
0
0
2
0
0
0
0
0
2
0
0
0
0
0
2
0
0
0
0
0
2
0
0
0
0
0
2
0
0
0
0
0
2
0
0
0
0
0
2
0
0
0
0
0
2
0
0
0
0
0
2
0
0
0
0
0
2
0
0
0
0
0
2
0
0
0
0
0
2
0
0
0
0
0
2
0
0
0
0
0
2
0
0
0
0
0
2
0
0
0
0
0
2
0
0
0
0
0
2
0
0
0
0
0
2
0
0
0
0
0
2
0
0
0
0
0
2
0
0
0
0
0
2
0
0
0
0
0
2
0
0
0
0
0
2
0
0
0
0
0
2
0
0
0
0
0
2
0
0
0
0
0
2
0
0
0
0
0
2
0
0
0
0
0
2
0
0
0
0
0
2
0
0
0
0
0
2
0
0
0
0
0
2
0
0
0
0
0
2
0
0
0
0
0
2
0
0
0
0
0
2
0
0
0
0
0
2
0
0
0
0
0
2
0
0
0
0
0
2
0
0
0
0
0
2
0
0
0
0
0
2
0
0
0
0
0
2
0
0
0
0
0
2
0
0
0
0
0
2
0
0
0
0
0
2
0
0
0
0
0
2
0
0
0
0
0
2
0
0
0
0
0
2
0
0
0
0
0
2
0
0
0
0
0
2
0
0
0
0
0
2
0
0
0
