1
804.5000,193.0000,31.0000,82.0000
804.0000,192.0000,31.0000,82.0000
802.5000,191.0000,31.0000,82.0000
801.0000,189.0000,31.0000,82.0000
798.5000,188.0000,31.0000,82.0000
797.0000,186.0000,31.0000,82.0000
794.5000,185.0000,31.0000,82.0000
791.0000,183.0000,31.0000,82.0000
787.5000,182.0000,31.0000,82.0000
784.0000,181.0000,31.0000,82.0000
780.5000,180.0000,31.0000,82.0000
776.0000,178.0000,31.0000,82.0000
771.5000,177.0000,31.0000,82.0000
767.0000,176.0000,31.0000,82.0000
761.5000,174.0000,31.0000,82.0000
757.0000,173.0000,31.0000,82.0000
752.5000,171.0000,31.0000,82.0000
748.0000,170.0000,31.0000,82.0000
743.5000,168.0000,31.0000,82.0000
739.0000,167.0000,31.0000,82.0000
734.5000,165.0000,31.0000,82.0000
730.0000,164.0000,31.0000,82.0000
726.5000,162.0000,31.0000,82.0000
723.0000,161.0000,31.0000,82.0000
719.5000,160.0000,31.0000,82.0000
716.0000,159.0000,31.0000,82.0000
712.5000,158.0000,31.0000,82.0000
710.0000,158.0000,31.0000,82.0000
707.5000,157.0000,31.0000,82.0000
705.0000,156.0000,31.0000,82.0000
702.5000,156.0000,31.0000,82.0000
700.0000,155.0000,31.0000,82.0000
698.5000,154.0000,31.0000,82.0000
697.0000,153.0000,31.0000,82.0000
695.5000,152.0000,31.0000,82.0000
695.0000,151.0000,31.0000,82.0000
693.5000,150.0000,31.0000,82.0000
693.0000,150.0000,31.0000,82.0000
693.5000,149.0000,31.0000,82.0000
693.0000,148.0000,31.0000,82.0000
693.5000,147.0000,31.0000,82.0000
693.0000,147.0000,31.0000,82.0000
693.5000,146.0000,31.0000,82.0000
694.0000,146.0000,31.0000,82.0000
693.5000,145.0000,31.0000,82.0000
694.0000,145.0000,31.0000,82.0000
693.5000,144.0000,31.0000,82.0000
694.0000,144.0000,31.0000,82.0000
693.5000,143.0000,31.0000,82.0000
694.0000,143.0000,31.0000,82.0000
693.5000,142.0000,31.0000,82.0000
693.0000,142.0000,31.0000,82.0000
691.5000,141.0000,31.0000,82.0000
691.0000,140.0000,31.0000,82.0000
690.5000,139.0000,31.0000,82.0000
689.0000,138.0000,31.0000,82.0000
687.5000,138.0000,31.0000,82.0000
686.0000,137.0000,31.0000,82.0000
684.5000,136.0000,31.0000,82.0000
683.0000,135.0000,31.0000,82.0000
680.5000,135.0000,31.0000,82.0000
679.0000,134.0000,31.0000,82.0000
676.5000,134.0000,31.0000,82.0000
674.0000,133.0000,31.0000,82.0000
670.5000,133.0000,31.0000,82.0000
668.0000,133.0000,31.0000,82.0000
664.5000,132.0000,31.0000,82.0000
661.0000,132.0000,31.0000,82.0000
657.5000,131.0000,31.0000,82.0000
654.0000,131.0000,31.0000,82.0000
650.5000,130.0000,31.0000,82.0000
648.0000,130.0000,31.0000,82.0000
644.5000,129.0000,31.0000,82.0000
641.0000,129.0000,31.0000,82.0000
638.5000,128.0000,31.0000,82.0000
635.0000,128.0000,31.0000,82.0000
632.5000,127.0000,31.0000,82.0000
630.0000,127.0000,31.0000,82.0000
627.5000,126.0000,31.0000,82.0000
625.0000,126.0000,31.0000,82.0000
622.5000,126.0000,31.0000,82.0000
621.0000,126.0000,31.0000,82.0000
619.5000,126.0000,31.0000,82.0000
618.0000,126.0000,31.0000,82.0000
616.5000,126.0000,31.0000,82.0000
615.0000,126.0000,31.0000,82.0000
613.5000,126.0000,31.0000,82.0000
613.0000,126.0000,31.0000,82.0000
612.5000,126.0000,31.0000,82.0000
612.0000,125.0000,31.0000,82.0000
611.5000,125.0000,31.0000,82.0000
612.0000,125.0000,31.0000,82.0000
612.5000,125.0000,31.0000,82.0000
613.0000,124.0000,31.0000,82.0000
613.5000,124.0000,31.0000,82.0000
615.0000,124.0000,31.0000,82.0000
616.5000,123.0000,31.0000,82.0000
618.0000,123.0000,31.0000,82.0000
619.5000,123.0000,31.0000,82.0000
621.0000,123.0000,31.0000,82.0000
622.5000,123.0000,31.0000,82.0000
624.0000,123.0000,31.0000,82.0000
625.5000,123.0000,31.0000,82.0000
627.0000,123.0000,31.0000,82.0000
628.5000,123.0000,31.0000,82.0000
630.0000,124.0000,31.0000,82.0000
631.5000,124.0000,31.0000,82.0000
633.0000,124.0000,31.0000,82.0000
634.5000,124.0000,31.0000,82.0000
636.0000,124.0000,31.0000,82.0000
637.5000,124.0000,31.0000,82.0000
639.0000,124.0000,31.0000,82.0000
640.5000,124.0000,31.0000,82.0000
642.0000,124.0000,31.0000,82.0000
643.5000,124.0000,31.0000,82.0000
645.0000,124.0000,31.0000,82.0000
645.5000,124.0000,31.0000,82.0000
646.0000,124.0000,31.0000,82.0000
645.5000,124.0000,31.0000,82.0000
644.0000,125.0000,31.0000,82.0000
642.5000,125.0000,31.0000,82.0000
641.0000,125.0000,31.0000,82.0000
638.5000,125.0000,31.0000,82.0000
636.0000,125.0000,31.0000,82.0000
632.5000,125.0000,31.0000,82.0000
629.0000,125.0000,31.0000,82.0000
625.5000,125.0000,31.0000,82.0000
622.0000,125.0000,31.0000,82.0000
618.5000,125.0000,31.0000,82.0000
615.0000,125.0000,31.0000,82.0000
611.5000,125.0000,31.0000,82.0000
608.0000,125.0000,31.0000,82.0000
604.5000,125.0000,31.0000,82.0000
602.0000,125.0000,31.0000,82.0000
598.5000,125.0000,31.0000,82.0000
596.0000,125.0000,31.0000,82.0000
593.5000,125.0000,31.0000,82.0000
591.0000,126.0000,31.0000,82.0000
589.5000,126.0000,31.0000,82.0000
588.0000,127.0000,31.0000,82.0000
586.5000,127.0000,31.0000,82.0000
586.0000,127.0000,31.0000,82.0000
585.5000,128.0000,31.0000,82.0000
585.0000,128.0000,31.0000,82.0000
585.5000,128.0000,31.0000,82.0000
586.0000,128.0000,31.0000,82.0000
587.5000,128.0000,31.0000,82.0000
588.0000,128.0000,31.0000,82.0000
589.5000,128.0000,31.0000,82.0000
591.0000,128.0000,31.0000,82.0000
592.5000,128.0000,31.0000,82.0000
594.0000,128.0000,31.0000,82.0000
595.5000,128.0000,31.0000,82.0000
597.0000,129.0000,31.0000,82.0000
598.5000,129.0000,31.0000,82.0000
599.0000,130.0000,31.0000,82.0000
600.5000,130.0000,31.0000,82.0000
602.0000,131.0000,31.0000,82.0000
602.5000,131.0000,31.0000,82.0000
604.0000,132.0000,31.0000,82.0000
604.5000,132.0000,31.0000,82.0000
606.0000,132.0000,31.0000,82.0000
606.5000,132.0000,31.0000,82.0000
608.0000,132.0000,31.0000,82.0000
608.5000,132.0000,31.0000,82.0000
610.0000,133.0000,31.0000,82.0000
611.5000,133.0000,31.0000,82.0000
612.0000,133.0000,31.0000,82.0000
613.5000,133.0000,31.0000,82.0000
614.0000,133.0000,31.0000,82.0000
615.5000,134.0000,31.0000,82.0000
616.0000,134.0000,31.0000,82.0000
616.5000,135.0000,31.0000,82.0000
617.0000,135.0000,31.0000,82.0000
617.5000,136.0000,31.0000,82.0000
618.0000,137.0000,31.0000,82.0000
618.5000,137.0000,31.0000,82.0000
619.0000,137.0000,31.0000,82.0000
619.5000,138.0000,31.0000,82.0000
620.0000,138.0000,31.0000,82.0000
620.5000,138.0000,31.0000,82.0000
621.0000,138.0000,31.0000,82.0000
621.5000,138.0000,31.0000,82.0000
622.0000,138.0000,31.0000,82.0000
621.5000,138.0000,31.0000,82.0000
621.0000,138.0000,31.0000,82.0000
620.5000,138.0000,31.0000,82.0000
620.0000,139.0000,31.0000,82.0000
618.5000,139.0000,31.0000,82.0000
617.0000,140.0000,31.0000,82.0000
615.5000,140.0000,31.0000,82.0000
613.0000,141.0000,31.0000,82.0000
611.5000,142.0000,31.0000,82.0000
609.0000,142.0000,31.0000,82.0000
606.5000,142.0000,31.0000,82.0000
605.0000,143.0000,31.0000,82.0000
602.5000,143.0000,31.0000,82.0000
601.0000,143.0000,31.0000,82.0000
599.5000,143.0000,31.0000,82.0000
598.0000,143.0000,31.0000,82.0000
596.5000,143.0000,31.0000,82.0000
596.0000,143.0000,31.0000,82.0000
595.5000,143.0000,31.0000,82.0000
595.0000,144.0000,31.0000,82.0000
594.5000,144.0000,31.0000,82.0000
594.0000,145.0000,31.0000,82.0000
593.5000,145.0000,31.0000,82.0000
594.0000,146.0000,31.0000,82.0000
593.5000,146.0000,31.0000,82.0000
594.0000,147.0000,31.0000,82.0000
593.5000,147.0000,31.0000,82.0000
594.0000,148.0000,31.0000,82.0000
594.5000,148.0000,31.0000,82.0000
595.0000,148.0000,31.0000,82.0000
595.5000,148.0000,31.0000,82.0000
597.0000,148.0000,31.0000,82.0000
597.5000,148.0000,31.0000,82.0000
599.0000,148.0000,31.0000,82.0000
599.5000,148.0000,31.0000,82.0000
600.0000,149.0000,31.0000,82.0000
600.5000,149.0000,31.0000,82.0000
601.0000,150.0000,31.0000,82.0000
601.5000,150.0000,31.0000,82.0000
602.0000,151.0000,31.0000,82.0000
602.5000,152.0000,31.0000,82.0000
603.0000,152.0000,31.0000,82.0000
603.5000,153.0000,31.0000,82.0000
604.0000,153.0000,31.0000,82.0000
604.5000,154.0000,31.0000,82.0000
605.0000,154.0000,31.0000,82.0000
605.5000,154.0000,31.0000,82.0000
605.0000,154.0000,31.0000,82.0000
605.5000,155.0000,31.0000,82.0000
606.0000,155.0000,31.0000,82.0000
605.5000,155.0000,31.0000,82.0000
606.0000,156.0000,31.0000,82.0000
605.5000,156.0000,31.0000,82.0000
606.0000,157.0000,31.0000,82.0000
605.5000,158.0000,31.0000,82.0000
606.0000,159.0000,31.0000,82.0000
605.5000,160.0000,31.0000,82.0000
606.0000,161.0000,31.0000,82.0000
606.5000,162.0000,31.0000,82.0000
607.0000,162.0000,31.0000,82.0000
607.5000,163.0000,31.0000,82.0000
608.0000,164.0000,31.0000,82.0000
609.5000,164.0000,31.0000,82.0000
610.0000,164.0000,31.0000,82.0000
610.5000,165.0000,31.0000,82.0000
612.0000,165.0000,31.0000,82.0000
612.5000,166.0000,31.0000,82.0000
614.0000,166.0000,31.0000,82.0000
614.5000,167.0000,31.0000,82.0000
615.0000,167.0000,31.0000,82.0000
615.5000,168.0000,31.0000,82.0000
617.0000,168.0000,31.0000,82.0000
617.5000,169.0000,31.0000,82.0000
618.0000,170.0000,31.0000,82.0000
618.5000,171.0000,31.0000,82.0000
619.0000,172.0000,31.0000,82.0000
619.5000,173.0000,31.0000,82.0000
620.0000,173.0000,31.0000,82.0000
620.5000,174.0000,31.0000,82.0000
621.0000,175.0000,31.0000,82.0000
621.5000,175.0000,31.0000,82.0000
622.0000,176.0000,31.0000,82.0000
622.5000,176.0000,31.0000,82.0000
623.0000,177.0000,31.0000,82.0000
623.5000,177.0000,31.0000,82.0000
624.0000,178.0000,31.0000,82.0000
624.5000,178.0000,31.0000,82.0000
625.0000,179.0000,31.0000,82.0000
625.5000,179.0000,31.0000,82.0000
626.0000,180.0000,31.0000,82.0000
626.5000,181.0000,31.0000,82.0000
627.0000,182.0000,31.0000,82.0000
627.5000,183.0000,31.0000,82.0000
629.0000,184.0000,31.0000,82.0000
629.5000,185.0000,31.0000,82.0000
631.0000,186.0000,31.0000,82.0000
631.5000,187.0000,31.0000,82.0000
633.0000,187.0000,31.0000,82.0000
633.5000,188.0000,31.0000,82.0000
635.0000,189.0000,31.0000,82.0000
636.5000,189.0000,31.0000,82.0000
637.0000,190.0000,31.0000,82.0000
638.5000,191.0000,31.0000,82.0000
639.0000,191.0000,31.0000,82.0000
640.5000,192.0000,31.0000,82.0000
642.0000,193.0000,31.0000,82.0000
642.5000,194.0000,31.0000,82.0000
644.0000,195.0000,31.0000,82.0000
644.5000,196.0000,31.0000,82.0000
646.0000,197.0000,31.0000,82.0000
646.5000,198.0000,31.0000,82.0000
648.0000,199.0000,31.0000,82.0000
648.5000,200.0000,31.0000,82.0000
649.0000,201.0000,31.0000,82.0000
650.5000,202.0000,31.0000,82.0000
651.0000,203.0000,31.0000,82.0000
651.5000,204.0000,31.0000,82.0000
653.0000,205.0000,31.0000,82.0000
653.5000,206.0000,31.0000,82.0000
655.0000,206.0000,31.0000,82.0000
655.5000,207.0000,31.0000,82.0000
657.0000,208.0000,31.0000,82.0000
657.5000,209.0000,31.0000,82.0000
659.0000,210.0000,31.0000,82.0000
659.5000,211.0000,31.0000,82.0000
661.0000,212.0000,31.0000,82.0000
662.5000,213.0000,31.0000,82.0000
664.0000,214.0000,31.0000,82.0000
665.5000,216.0000,31.0000,82.0000
667.0000,217.0000,31.0000,82.0000
668.5000,218.0000,31.0000,82.0000
670.0000,219.0000,31.0000,82.0000
671.5000,220.0000,31.0000,82.0000
673.0000,221.0000,31.0000,82.0000
674.5000,222.0000,31.0000,82.0000
676.0000,223.0000,31.0000,82.0000
677.5000,224.0000,31.0000,82.0000
679.0000,225.0000,31.0000,82.0000
680.5000,226.0000,31.0000,82.0000
682.0000,227.0000,31.0000,82.0000
683.5000,228.0000,31.0000,82.0000
685.0000,229.0000,31.0000,82.0000
686.5000,231.0000,31.0000,82.0000
688.0000,232.0000,31.0000,82.0000
689.5000,234.0000,31.0000,82.0000
691.0000,235.0000,31.0000,82.0000
692.5000,237.0000,31.0000,82.0000
694.0000,238.0000,31.0000,82.0000
695.5000,239.0000,31.0000,82.0000
697.0000,241.0000,31.0000,82.0000
698.5000,242.0000,31.0000,82.0000
700.0000,243.0000,31.0000,82.0000
701.5000,244.0000,31.0000,82.0000
703.0000,245.0000,31.0000,82.0000
704.5000,246.0000,31.0000,82.0000
706.0000,247.0000,31.0000,82.0000
707.5000,248.0000,31.0000,82.0000
709.0000,249.0000,31.0000,82.0000
710.5000,250.0000,31.0000,82.0000
713.0000,251.0000,31.0000,82.0000
714.5000,252.0000,31.0000,82.0000
716.0000,253.0000,31.0000,82.0000
718.5000,254.0000,31.0000,82.0000
720.0000,256.0000,31.0000,82.0000
722.5000,257.0000,31.0000,82.0000
724.0000,258.0000,31.0000,82.0000
726.5000,260.0000,31.0000,82.0000
729.0000,261.0000,31.0000,82.0000
731.5000,262.0000,31.0000,82.0000
733.0000,263.0000,31.0000,82.0000
735.5000,264.0000,31.0000,82.0000
738.0000,265.0000,31.0000,82.0000
739.5000,266.0000,31.0000,82.0000
742.0000,267.0000,31.0000,82.0000
743.5000,268.0000,31.0000,82.0000
746.0000,269.0000,31.0000,82.0000
748.5000,270.0000,31.0000,82.0000
750.0000,271.0000,31.0000,82.0000
752.5000,272.0000,31.0000,82.0000
754.0000,273.0000,31.0000,82.0000
755.5000,274.0000,31.0000,82.0000
757.0000,274.0000,31.0000,82.0000
757.5000,275.0000,31.0000,82.0000
758.0000,276.0000,31.0000,82.0000
757.5000,277.0000,31.0000,82.0000
757.0000,277.0000,31.0000,82.0000
755.5000,278.0000,31.0000,82.0000
754.0000,278.0000,31.0000,82.0000
752.5000,278.0000,31.0000,82.0000
750.0000,278.0000,31.0000,82.0000
747.5000,277.0000,31.0000,82.0000
744.0000,277.0000,31.0000,82.0000
740.5000,276.0000,31.0000,82.0000
737.0000,276.0000,31.0000,82.0000
733.5000,276.0000,31.0000,82.0000
729.0000,275.0000,31.0000,82.0000
725.5000,275.0000,31.0000,82.0000
722.0000,275.0000,31.0000,82.0000
717.5000,275.0000,31.0000,82.0000
714.0000,274.0000,31.0000,82.0000
710.5000,274.0000,31.0000,82.0000
707.0000,274.0000,31.0000,82.0000
703.5000,274.0000,31.0000,82.0000
700.0000,274.0000,31.0000,82.0000
696.5000,274.0000,31.0000,82.0000
694.0000,274.0000,31.0000,82.0000
691.5000,273.0000,31.0000,82.0000
689.0000,273.0000,31.0000,82.0000
686.5000,273.0000,31.0000,82.0000
685.0000,273.0000,31.0000,82.0000
683.5000,272.0000,31.0000,82.0000
683.0000,272.0000,31.0000,82.0000
682.5000,272.0000,31.0000,82.0000
682.0000,272.0000,31.0000,82.0000
681.5000,272.0000,31.0000,82.0000
681.0000,272.0000,31.0000,82.0000
681.5000,272.0000,31.0000,82.0000
682.0000,272.0000,31.0000,82.0000
682.5000,272.0000,31.0000,82.0000
683.0000,272.0000,31.0000,82.0000
683.5000,272.0000,31.0000,82.0000
684.0000,272.0000,31.0000,82.0000
684.5000,272.0000,31.0000,82.0000
685.0000,271.0000,31.0000,82.0000
685.5000,271.0000,31.0000,82.0000
687.0000,270.0000,31.0000,82.0000
687.5000,270.0000,31.0000,82.0000
688.0000,269.0000,31.0000,82.0000
688.5000,268.0000,31.0000,82.0000
689.0000,268.0000,31.0000,82.0000
688.5000,267.0000,31.0000,82.0000
688.0000,267.0000,31.0000,82.0000
688.5000,266.0000,31.0000,82.0000
688.0000,266.0000,31.0000,82.0000
687.5000,265.0000,31.0000,82.0000
686.0000,265.0000,31.0000,82.0000
685.5000,264.0000,31.0000,82.0000
684.0000,264.0000,31.0000,82.0000
682.5000,263.0000,31.0000,82.0000
680.0000,263.0000,31.0000,82.0000
677.5000,262.0000,31.0000,82.0000
675.0000,261.0000,31.0000,82.0000
672.5000,260.0000,31.0000,82.0000
670.0000,260.0000,31.0000,82.0000
667.5000,259.0000,31.0000,82.0000
664.0000,258.0000,31.0000,82.0000
661.5000,257.0000,31.0000,82.0000
658.0000,257.0000,31.0000,82.0000
655.5000,256.0000,31.0000,82.0000
652.0000,256.0000,31.0000,82.0000
648.5000,255.0000,31.0000,82.0000
646.0000,255.0000,31.0000,82.0000
642.5000,254.0000,31.0000,82.0000
640.0000,254.0000,31.0000,82.0000
637.5000,254.0000,31.0000,82.0000
635.0000,253.0000,31.0000,82.0000
633.5000,253.0000,31.0000,82.0000
632.0000,253.0000,31.0000,82.0000
630.5000,252.0000,31.0000,82.0000
629.0000,252.0000,31.0000,82.0000
627.5000,251.0000,31.0000,82.0000
627.0000,250.0000,31.0000,82.0000
626.5000,249.0000,31.0000,82.0000
627.0000,249.0000,31.0000,82.0000
626.5000,248.0000,31.0000,82.0000
627.0000,247.0000,31.0000,82.0000
626.5000,246.0000,31.0000,82.0000
627.0000,246.0000,31.0000,82.0000
627.5000,246.0000,31.0000,82.0000
628.0000,245.0000,31.0000,82.0000
628.5000,245.0000,31.0000,82.0000
629.0000,245.0000,31.0000,82.0000
629.5000,245.0000,31.0000,82.0000
631.0000,244.0000,31.0000,82.0000
630.5000,244.0000,31.0000,82.0000
631.0000,243.0000,31.0000,82.0000
631.5000,243.0000,31.0000,82.0000
632.0000,242.0000,31.0000,82.0000
632.5000,241.0000,31.0000,82.0000
633.0000,241.0000,31.0000,82.0000
633.5000,240.0000,31.0000,82.0000
634.0000,240.0000,31.0000,82.0000
634.5000,239.0000,31.0000,82.0000
636.0000,239.0000,31.0000,82.0000
636.5000,238.0000,31.0000,82.0000
637.0000,238.0000,31.0000,82.0000
637.5000,238.0000,31.0000,82.0000
638.0000,238.0000,31.0000,82.0000
638.5000,238.0000,31.0000,82.0000
639.0000,238.0000,31.0000,82.0000
639.5000,238.0000,31.0000,82.0000
639.0000,238.0000,31.0000,82.0000
639.5000,238.0000,31.0000,82.0000
639.0000,238.0000,31.0000,82.0000
638.5000,238.0000,31.0000,82.0000
638.0000,238.0000,31.0000,82.0000
637.5000,238.0000,31.0000,82.0000
637.0000,238.0000,31.0000,82.0000
636.5000,238.0000,31.0000,82.0000
636.0000,237.0000,31.0000,82.0000
635.5000,237.0000,31.0000,82.0000
635.0000,237.0000,31.0000,82.0000
634.5000,238.0000,31.0000,82.0000
635.0000,238.0000,31.0000,82.0000
634.5000,238.0000,31.0000,82.0000
635.0000,239.0000,31.0000,82.0000
634.5000,239.0000,31.0000,82.0000
635.0000,240.0000,31.0000,82.0000
635.5000,240.0000,31.0000,82.0000
635.0000,241.0000,31.0000,82.0000
635.5000,241.0000,31.0000,82.0000
635.0000,241.0000,31.0000,82.0000
635.5000,241.0000,31.0000,82.0000
636.0000,241.0000,31.0000,82.0000
635.5000,241.0000,31.0000,82.0000
636.0000,242.0000,31.0000,82.0000
636.5000,242.0000,31.0000,82.0000
637.0000,242.0000,31.0000,82.0000
637.5000,242.0000,31.0000,82.0000
639.0000,242.0000,31.0000,82.0000
639.5000,242.0000,31.0000,82.0000
641.0000,241.0000,31.0000,82.0000
641.5000,241.0000,31.0000,82.0000
642.0000,241.0000,31.0000,82.0000
642.5000,241.0000,31.0000,82.0000
643.0000,241.0000,31.0000,82.0000
643.5000,241.0000,31.0000,82.0000
645.0000,241.0000,31.0000,82.0000
646.5000,241.0000,31.0000,82.0000
648.0000,241.0000,31.0000,82.0000
649.5000,241.0000,31.0000,82.0000
652.0000,242.0000,31.0000,82.0000
653.5000,242.0000,31.0000,82.0000
656.0000,242.0000,31.0000,82.0000
2
0
0
0
0
0
2
0
0
0
0
0
2
0
0
0
0
0
2
0
0
0
0
0
2
0
0
0
0
0
2
0
0
0
0
0
2
0
0
0
0
0
2
0
0
0
0
0
2
0
0
0
0
0
2
0
0
0
0
0
2
0
0
0
0
0
2
0
0
0
0
0
2
0
0
0
0
0
2
0
0
0
0
0
2
0
0
0
0
0
2
0
0
0
0
0
2
0
0
0
0
0
2
0
0
0
0
0
2
0
0
0
0
0
2
0
0
0
0
0
2
0
0
0
0
0
2
0
0
0
0
0
2
0
0
0
0
0
2
0
0
0
0
0
2
0
0
0
0
0
2
0
0
0
0
0
2
0
0
0
0
0
2
0
0
0
0
0
2
0
0
0
0
0
2
0
0
0
0
0
2
0
0
0
0
0
2
0
0
0
0
0
2
0
0
0
0
0
2
0
0
0
0
0
2
0
0
0
0
0
2
0
0
0
0
0
2
0
0
0
0
0
2
0
0
0
0
0
565.5000,179.0000,31.0000,82.0000
564.0000,180.0000,31.0000,82.0000
562.5000,181.0000,31.0000,82.0000
562.0000,182.0000,31.0000,82.0000
560.5000,182.0000,31.0000,82.0000
560.0000,183.0000,31.0000,82.0000
559.5000,184.0000,31.0000,82.0000
559.0000,184.0000,31.0000,82.0000
559.5000,185.0000,31.0000,82.0000
559.0000,186.0000,31.0000,82.0000
558.5000,186.0000,31.0000,82.0000
559.0000,187.0000,31.0000,82.0000
558.5000,188.0000,31.0000,82.0000
558.0000,189.0000,31.0000,82.0000
558.5000,189.0000,31.0000,82.0000
558.0000,190.0000,31.0000,82.0000
557.5000,191.0000,31.0000,82.0000
558.0000,191.0000,31.0000,82.0000
557.5000,191.0000,31.0000,82.0000
557.0000,191.0000,31.0000,82.0000
557.5000,192.0000,31.0000,82.0000
557.0000,192.0000,31.0000,82.0000
557.5000,192.0000,31.0000,82.0000
557.0000,193.0000,31.0000,82.0000
556.5000,193.0000,31.0000,82.0000
557.0000,194.0000,31.0000,82.0000
556.5000,194.0000,31.0000,82.0000
556.0000,195.0000,31.0000,82.0000
555.5000,196.0000,31.0000,82.0000
555.0000,197.0000,31.0000,82.0000
554.5000,198.0000,31.0000,82.0000
554.0000,199.0000,31.0000,82.0000
553.5000,200.0000,31.0000,82.0000
552.0000,201.0000,31.0000,82.0000
551.5000,203.0000,31.0000,82.0000
551.0000,204.0000,31.0000,82.0000
549.5000,204.0000,31.0000,82.0000
549.0000,204.0000,31.0000,82.0000
548.5000,204.0000,31.0000,82.0000
548.0000,205.0000,31.0000,82.0000
548.5000,205.0000,31.0000,82.0000
548.0000,206.0000,31.0000,82.0000
548.5000,206.0000,31.0000,82.0000
549.0000,207.0000,31.0000,82.0000
548.5000,207.0000,31.0000,82.0000
549.0000,208.0000,31.0000,82.0000
549.5000,208.0000,31.0000,82.0000
550.0000,209.0000,31.0000,82.0000
550.5000,210.0000,31.0000,82.0000
551.0000,210.0000,31.0000,82.0000
551.5000,211.0000,31.0000,82.0000
552.0000,212.0000,31.0000,82.0000
552.5000,213.0000,31.0000,82.0000
553.0000,213.0000,31.0000,82.0000
553.5000,213.0000,31.0000,82.0000
554.0000,213.0000,31.0000,82.0000
554.5000,213.0000,31.0000,82.0000
555.0000,213.0000,31.0000,82.0000
555.5000,213.0000,31.0000,82.0000
555.0000,213.0000,31.0000,82.0000
555.5000,213.0000,31.0000,82.0000
556.0000,213.0000,31.0000,82.0000
556.5000,213.0000,31.0000,82.0000
557.0000,214.0000,31.0000,82.0000
557.5000,214.0000,31.0000,82.0000
558.0000,214.0000,31.0000,82.0000
558.5000,214.0000,31.0000,82.0000
559.0000,215.0000,31.0000,82.0000
558.5000,215.0000,31.0000,82.0000
559.0000,216.0000,31.0000,82.0000
559.5000,216.0000,31.0000,82.0000
559.0000,217.0000,31.0000,82.0000
559.5000,217.0000,31.0000,82.0000
559.0000,218.0000,31.0000,82.0000
558.5000,217.0000,31.0000,82.0000
559.0000,217.0000,31.0000,82.0000
558.5000,216.0000,31.0000,82.0000
559.0000,216.0000,31.0000,82.0000
559.5000,216.0000,31.0000,82.0000
560.0000,216.0000,31.0000,82.0000
560.5000,216.0000,31.0000,82.0000
562.0000,216.0000,31.0000,82.0000
562.5000,216.0000,31.0000,82.0000
564.0000,216.0000,31.0000,82.0000
564.5000,216.0000,31.0000,82.0000
566.0000,216.0000,31.0000,82.0000
566.5000,216.0000,31.0000,82.0000
568.0000,216.0000,31.0000,82.0000
569.5000,216.0000,31.0000,82.0000
571.0000,216.0000,31.0000,82.0000
572.5000,216.0000,31.0000,82.0000
573.0000,215.0000,31.0000,82.0000
573.5000,214.0000,31.0000,82.0000
574.0000,213.0000,31.0000,82.0000
574.5000,212.0000,31.0000,82.0000
575.0000,211.0000,31.0000,82.0000
575.5000,211.0000,31.0000,82.0000
576.0000,211.0000,31.0000,82.0000
576.5000,211.0000,31.0000,82.0000
577.0000,211.0000,31.0000,82.0000
577.5000,211.0000,31.0000,82.0000
578.0000,212.0000,31.0000,82.0000
578.5000,212.0000,31.0000,82.0000
579.0000,212.0000,31.0000,82.0000
579.5000,212.0000,31.0000,82.0000
580.0000,212.0000,31.0000,82.0000
580.5000,213.0000,31.0000,82.0000
581.0000,213.0000,31.0000,82.0000
581.5000,213.0000,31.0000,82.0000
582.0000,213.0000,31.0000,82.0000
582.5000,214.0000,31.0000,82.0000
582.0000,214.0000,31.0000,82.0000
582.5000,214.0000,31.0000,82.0000
583.0000,214.0000,31.0000,82.0000
582.5000,214.0000,31.0000,82.0000
583.0000,214.0000,31.0000,82.0000
583.5000,214.0000,31.0000,82.0000
584.0000,214.0000,31.0000,82.0000
584.5000,214.0000,31.0000,82.0000
585.0000,214.0000,31.0000,82.0000
585.5000,214.0000,31.0000,82.0000
586.0000,214.0000,31.0000,82.0000
586.5000,214.0000,31.0000,82.0000
587.0000,214.0000,31.0000,82.0000
587.5000,215.0000,31.0000,82.0000
588.0000,215.0000,31.0000,82.0000
588.5000,215.0000,31.0000,82.0000
588.0000,216.0000,31.0000,82.0000
588.5000,216.0000,31.0000,82.0000
588.0000,217.0000,31.0000,82.0000
588.5000,217.0000,31.0000,82.0000
588.0000,217.0000,31.0000,82.0000
587.5000,217.0000,31.0000,82.0000
587.0000,217.0000,31.0000,82.0000
587.5000,217.0000,31.0000,82.0000
587.0000,217.0000,31.0000,82.0000
586.5000,217.0000,31.0000,82.0000
586.0000,217.0000,31.0000,82.0000
585.5000,217.0000,31.0000,82.0000
585.0000,217.0000,31.0000,82.0000
585.5000,217.0000,31.0000,82.0000
585.0000,218.0000,31.0000,82.0000
584.5000,218.0000,31.0000,82.0000
585.0000,218.0000,31.0000,82.0000
584.5000,219.0000,31.0000,82.0000
585.0000,219.0000,31.0000,82.0000
585.5000,219.0000,31.0000,82.0000
585.0000,220.0000,31.0000,82.0000
585.5000,220.0000,31.0000,82.0000
585.0000,220.0000,31.0000,82.0000
585.5000,220.0000,31.0000,82.0000
586.0000,220.0000,31.0000,82.0000
586.5000,220.0000,31.0000,82.0000
587.0000,220.0000,31.0000,82.0000
587.5000,220.0000,31.0000,82.0000
588.0000,220.0000,31.0000,82.0000
588.5000,220.0000,31.0000,82.0000
589.0000,220.0000,31.0000,82.0000
589.5000,220.0000,31.0000,82.0000
590.0000,220.0000,31.0000,82.0000
590.5000,220.0000,31.0000,82.0000
591.0000,221.0000,31.0000,82.0000
591.5000,221.0000,31.0000,82.0000
592.0000,222.0000,31.0000,82.0000
592.5000,222.0000,31.0000,82.0000
592.0000,222.0000,31.0000,82.0000
592.5000,223.0000,31.0000,82.0000
592.0000,223.0000,31.0000,82.0000
592.5000,223.0000,31.0000,82.0000
592.0000,223.0000,31.0000,82.0000
591.5000,223.0000,31.0000,82.0000
591.0000,223.0000,31.0000,82.0000
590.5000,223.0000,31.0000,82.0000
590.0000,223.0000,31.0000,82.0000
589.5000,223.0000,31.0000,82.0000
590.0000,223.0000,31.0000,82.0000
589.5000,223.0000,31.0000,82.0000
589.0000,223.0000,31.0000,82.0000
589.5000,223.0000,31.0000,82.0000
589.0000,224.0000,31.0000,82.0000
589.5000,224.0000,31.0000,82.0000
590.0000,224.0000,31.0000,82.0000
590.5000,224.0000,31.0000,82.0000
590.0000,225.0000,31.0000,82.0000
590.5000,225.0000,31.0000,82.0000
590.0000,225.0000,31.0000,82.0000
590.5000,225.0000,31.0000,82.0000
591.0000,225.0000,31.0000,82.0000
591.5000,225.0000,31.0000,82.0000
591.0000,225.0000,31.0000,82.0000
591.5000,225.0000,31.0000,82.0000
592.0000,225.0000,31.0000,82.0000
592.5000,225.0000,31.0000,82.0000
593.0000,224.0000,31.0000,82.0000
593.5000,224.0000,31.0000,82.0000
594.0000,224.0000,31.0000,82.0000
594.5000,224.0000,31.0000,82.0000
595.0000,224.0000,31.0000,82.0000
595.5000,224.0000,31.0000,82.0000
596.0000,224.0000,31.0000,82.0000
596.5000,224.0000,31.0000,82.0000
597.0000,224.0000,31.0000,82.0000
597.5000,224.0000,31.0000,82.0000
598.0000,224.0000,31.0000,82.0000
598.5000,224.0000,31.0000,82.0000
598.0000,224.0000,31.0000,82.0000
598.5000,223.0000,31.0000,82.0000
598.0000,223.0000,31.0000,82.0000
597.5000,222.0000,31.0000,82.0000
597.0000,222.0000,31.0000,82.0000
596.5000,222.0000,31.0000,82.0000
597.0000,222.0000,31.0000,82.0000
596.5000,221.0000,31.0000,82.0000
596.0000,221.0000,31.0000,82.0000
596.5000,220.0000,31.0000,82.0000
596.0000,220.0000,31.0000,82.0000
595.5000,220.0000,31.0000,82.0000
596.0000,220.0000,31.0000,82.0000
595.5000,220.0000,31.0000,82.0000
596.0000,220.0000,31.0000,82.0000
596.5000,219.0000,31.0000,82.0000
597.0000,219.0000,31.0000,82.0000
596.5000,219.0000,31.0000,82.0000
596.0000,219.0000,31.0000,82.0000
595.5000,218.0000,31.0000,82.0000
595.0000,218.0000,31.0000,82.0000
594.5000,217.0000,31.0000,82.0000
595.0000,216.0000,31.0000,82.0000
594.5000,216.0000,31.0000,82.0000
595.0000,215.0000,31.0000,82.0000
595.5000,215.0000,31.0000,82.0000
596.0000,214.0000,31.0000,82.0000
596.5000,213.0000,31.0000,82.0000
597.0000,213.0000,31.0000,82.0000
597.5000,212.0000,31.0000,82.0000
597.0000,212.0000,31.0000,82.0000
597.5000,211.0000,31.0000,82.0000
598.0000,210.0000,31.0000,82.0000
598.5000,209.0000,31.0000,82.0000
599.0000,208.0000,31.0000,82.0000
598.5000,207.0000,31.0000,82.0000
600.0000,206.0000,31.0000,82.0000
601.5000,206.0000,31.0000,82.0000
604.0000,206.0000,31.0000,82.0000
606.5000,205.0000,31.0000,82.0000
609.0000,204.0000,31.0000,82.0000
611.5000,203.0000,31.0000,82.0000
2
0
0
0
0
0
2
0
0
0
0
0
2
0
0
0
0
0
2
0
0
0
0
0
2
0
0
0
0
0
2
0
0
0
0
0
2
0
0
0
0
0
2
0
0
0
0
0
2
0
0
0
0
0
2
0
0
0
0
0
2
0
0
0
0
0
2
0
0
0
0
0
2
0
0
0
0
0
2
0
0
0
0
0
2
0
0
0
0
0
2
0
0
0
0
0
2
0
0
0
0
0
2
0
0
0
0
0
2
0
0
0
0
0
2
0
0
0
0
0
2
0
0
0
0
0
2
0
0
0
0
0
2
0
0
0
0
0
2
0
0
0
0
0
2
0
0
0
0
0
2
0
0
0
0
0
2
0
0
0
0
0
2
0
0
0
0
0
2
0
0
0
0
0
2
0
0
0
0
0
2
0
0
0
0
0
2
0
0
