1
359.0000,527.5000,50.0000,59.0000
350.0000,523.0000,50.0000,59.0000
341.0000,518.5000,50.0000,59.0000
332.0000,514.0000,50.0000,59.0000
320.0000,507.5000,50.0000,59.0000
311.0000,503.0000,50.0000,59.0000
303.0000,497.5000,50.0000,59.0000
295.0000,493.0000,50.0000,59.0000
287.0000,487.5000,50.0000,59.0000
277.0000,480.0000,50.0000,59.0000
270.0000,475.5000,50.0000,59.0000
263.0000,470.0000,50.0000,59.0000
256.0000,464.5000,50.0000,59.0000
249.0000,459.0000,50.0000,59.0000
240.0000,452.5000,50.0000,59.0000
233.0000,448.0000,50.0000,59.0000
227.0000,443.5000,50.0000,59.0000
220.0000,439.0000,50.0000,59.0000
213.0000,435.5000,50.0000,59.0000
204.0000,430.0000,50.0000,59.0000
198.0000,426.5000,50.0000,59.0000
192.0000,422.0000,50.0000,59.0000
186.0000,419.5000,50.0000,59.0000
180.0000,417.0000,50.0000,59.0000
173.0000,414.5000,50.0000,59.0000
168.0000,414.0000,50.0000,59.0000
162.0000,414.5000,50.0000,59.0000
157.0000,416.0000,50.0000,59.0000
153.0000,417.5000,50.0000,59.0000
147.0000,419.0000,50.0000,59.0000
143.0000,420.5000,50.0000,59.0000
139.0000,422.0000,50.0000,59.0000
135.0000,422.5000,50.0000,59.0000
131.0000,423.0000,50.0000,59.0000
127.0000,424.5000,50.0000,59.0000
123.0000,425.0000,50.0000,59.0000
120.0000,425.5000,50.0000,59.0000
118.0000,427.0000,50.0000,59.0000
115.0000,428.5000,50.0000,59.0000
111.0000,430.0000,50.0000,59.0000
108.0000,429.5000,50.0000,59.0000
105.0000,429.0000,50.0000,59.0000
102.0000,427.5000,50.0000,59.0000
100.0000,426.0000,50.0000,59.0000
96.0000,424.5000,50.0000,59.0000
94.0000,422.0000,50.0000,59.0000
92.0000,419.5000,50.0000,59.0000
89.0000,417.0000,50.0000,59.0000
88.0000,414.5000,50.0000,59.0000
85.0000,411.0000,50.0000,59.0000
84.0000,408.5000,50.0000,59.0000
83.0000,406.0000,50.0000,59.0000
81.0000,404.5000,50.0000,59.0000
81.0000,403.0000,50.0000,59.0000
80.0000,401.5000,50.0000,59.0000
80.0000,400.0000,50.0000,59.0000
80.0000,399.5000,50.0000,59.0000
79.0000,398.0000,50.0000,59.0000
79.0000,396.5000,50.0000,59.0000
79.0000,395.0000,50.0000,59.0000
79.0000,393.5000,50.0000,59.0000
79.0000,392.0000,50.0000,59.0000
79.0000,391.5000,50.0000,59.0000
80.0000,392.0000,50.0000,59.0000
80.0000,391.5000,50.0000,59.0000
81.0000,391.0000,50.0000,59.0000
81.0000,390.5000,50.0000,59.0000
82.0000,390.0000,50.0000,59.0000
83.0000,388.5000,50.0000,59.0000
84.0000,386.0000,50.0000,59.0000
85.0000,382.5000,50.0000,59.0000
85.0000,380.0000,50.0000,59.0000
86.0000,377.5000,50.0000,59.0000
87.0000,375.0000,50.0000,59.0000
88.0000,371.5000,50.0000,59.0000
89.0000,369.0000,50.0000,59.0000
90.0000,366.5000,50.0000,59.0000
91.0000,365.0000,50.0000,59.0000
92.0000,362.5000,50.0000,59.0000
94.0000,360.0000,50.0000,59.0000
96.0000,358.5000,50.0000,59.0000
98.0000,357.0000,50.0000,59.0000
100.0000,355.5000,50.0000,59.0000
102.0000,354.0000,50.0000,59.0000
104.0000,352.5000,50.0000,59.0000
107.0000,351.0000,50.0000,59.0000
109.0000,350.5000,50.0000,59.0000
111.0000,349.0000,50.0000,59.0000
114.0000,349.5000,50.0000,59.0000
118.0000,352.0000,50.0000,59.0000
121.0000,355.5000,50.0000,59.0000
124.0000,360.0000,50.0000,59.0000
128.0000,363.5000,50.0000,59.0000
131.0000,368.0000,50.0000,59.0000
136.0000,374.5000,50.0000,59.0000
139.0000,380.0000,50.0000,59.0000
142.0000,386.5000,50.0000,59.0000
145.0000,394.0000,50.0000,59.0000
148.0000,401.5000,50.0000,59.0000
152.0000,413.0000,50.0000,59.0000
155.0000,421.5000,50.0000,59.0000
157.0000,430.0000,50.0000,59.0000
160.0000,438.5000,50.0000,59.0000
162.0000,447.0000,50.0000,59.0000
166.0000,455.5000,50.0000,59.0000
169.0000,463.0000,50.0000,59.0000
172.0000,469.5000,50.0000,59.0000
175.0000,477.0000,50.0000,59.0000
178.0000,483.5000,50.0000,59.0000
183.0000,493.0000,50.0000,59.0000
187.0000,499.5000,50.0000,59.0000
191.0000,503.0000,50.0000,59.0000
196.0000,506.5000,50.0000,59.0000
200.0000,508.0000,50.0000,59.0000
207.0000,509.5000,50.0000,59.0000
212.0000,510.0000,50.0000,59.0000
217.0000,510.5000,50.0000,59.0000
223.0000,511.0000,50.0000,59.0000
229.0000,512.5000,50.0000,59.0000
236.0000,513.0000,50.0000,59.0000
242.0000,513.5000,50.0000,59.0000
248.0000,514.0000,50.0000,59.0000
254.0000,515.5000,50.0000,59.0000
260.0000,516.0000,50.0000,59.0000
268.0000,517.5000,50.0000,59.0000
275.0000,519.0000,50.0000,59.0000
281.0000,519.5000,50.0000,59.0000
287.0000,521.0000,50.0000,59.0000
293.0000,522.5000,50.0000,59.0000
301.0000,524.0000,50.0000,59.0000
307.0000,524.5000,50.0000,59.0000
313.0000,526.0000,50.0000,59.0000
319.0000,526.5000,50.0000,59.0000
324.0000,527.0000,50.0000,59.0000
331.0000,527.5000,50.0000,59.0000
336.0000,528.0000,50.0000,59.0000
340.0000,527.5000,50.0000,59.0000
345.0000,526.0000,50.0000,59.0000
349.0000,525.5000,50.0000,59.0000
353.0000,524.0000,50.0000,59.0000
356.0000,522.5000,50.0000,59.0000
358.0000,520.0000,50.0000,59.0000
360.0000,518.5000,50.0000,59.0000
361.0000,516.0000,50.0000,59.0000
362.0000,512.5000,50.0000,59.0000
363.0000,510.0000,50.0000,59.0000
363.0000,507.5000,50.0000,59.0000
362.0000,505.0000,50.0000,59.0000
361.0000,502.5000,50.0000,59.0000
360.0000,500.0000,50.0000,59.0000
359.0000,497.5000,50.0000,59.0000
357.0000,496.0000,50.0000,59.0000
356.0000,493.5000,50.0000,59.0000
355.0000,492.0000,50.0000,59.0000
354.0000,489.5000,50.0000,59.0000
353.0000,488.0000,50.0000,59.0000
352.0000,486.5000,50.0000,59.0000
351.0000,485.0000,50.0000,59.0000
350.0000,483.5000,50.0000,59.0000
349.0000,482.0000,50.0000,59.0000
347.0000,480.5000,50.0000,59.0000
346.0000,479.0000,50.0000,59.0000
347.0000,477.5000,50.0000,59.0000
347.0000,476.0000,50.0000,59.0000
347.0000,474.5000,50.0000,59.0000
347.0000,473.0000,50.0000,59.0000
346.0000,471.5000,50.0000,59.0000
345.0000,470.0000,50.0000,59.0000
344.0000,468.5000,50.0000,59.0000
341.0000,466.0000,50.0000,59.0000
339.0000,464.5000,50.0000,59.0000
336.0000,462.0000,50.0000,59.0000
333.0000,460.5000,50.0000,59.0000
331.0000,458.0000,50.0000,59.0000
326.0000,454.5000,50.0000,59.0000
323.0000,452.0000,50.0000,59.0000
320.0000,449.5000,50.0000,59.0000
316.0000,447.0000,50.0000,59.0000
312.0000,444.5000,50.0000,59.0000
307.0000,442.0000,50.0000,59.0000
303.0000,439.5000,50.0000,59.0000
299.0000,437.0000,50.0000,59.0000
293.0000,434.5000,50.0000,59.0000
288.0000,432.0000,50.0000,59.0000
280.0000,429.5000,50.0000,59.0000
274.0000,428.0000,50.0000,59.0000
268.0000,426.5000,50.0000,59.0000
262.0000,425.0000,50.0000,59.0000
256.0000,423.5000,50.0000,59.0000
247.0000,422.0000,50.0000,59.0000
242.0000,420.5000,50.0000,59.0000
236.0000,419.0000,50.0000,59.0000
230.0000,418.5000,50.0000,59.0000
225.0000,418.0000,50.0000,59.0000
218.0000,417.5000,50.0000,59.0000
213.0000,417.0000,50.0000,59.0000
208.0000,416.5000,50.0000,59.0000
203.0000,416.0000,50.0000,59.0000
199.0000,415.5000,50.0000,59.0000
193.0000,415.0000,50.0000,59.0000
188.0000,414.5000,50.0000,59.0000
184.0000,414.0000,50.0000,59.0000
179.0000,413.5000,50.0000,59.0000
175.0000,413.0000,50.0000,59.0000
170.0000,412.5000,50.0000,59.0000
166.0000,411.0000,50.0000,59.0000
163.0000,410.5000,50.0000,59.0000
160.0000,410.0000,50.0000,59.0000
157.0000,409.5000,50.0000,59.0000
153.0000,408.0000,50.0000,59.0000
150.0000,407.5000,50.0000,59.0000
147.0000,407.0000,50.0000,59.0000
144.0000,405.5000,50.0000,59.0000
142.0000,405.0000,50.0000,59.0000
139.0000,402.5000,50.0000,59.0000
137.0000,401.0000,50.0000,59.0000
135.0000,398.5000,50.0000,59.0000
133.0000,397.0000,50.0000,59.0000
133.0000,394.5000,50.0000,59.0000
133.0000,391.0000,50.0000,59.0000
133.0000,389.5000,50.0000,59.0000
133.0000,388.0000,50.0000,59.0000
133.0000,386.5000,50.0000,59.0000
134.0000,386.0000,50.0000,59.0000
135.0000,384.5000,50.0000,59.0000
136.0000,384.0000,50.0000,59.0000
137.0000,383.5000,50.0000,59.0000
138.0000,383.0000,50.0000,59.0000
139.0000,382.5000,50.0000,59.0000
141.0000,382.0000,50.0000,59.0000
142.0000,382.5000,50.0000,59.0000
143.0000,382.0000,50.0000,59.0000
145.0000,382.5000,50.0000,59.0000
146.0000,383.0000,50.0000,59.0000
148.0000,384.5000,50.0000,59.0000
149.0000,386.0000,50.0000,59.0000
151.0000,386.5000,50.0000,59.0000
152.0000,388.0000,50.0000,59.0000
153.0000,389.5000,50.0000,59.0000
154.0000,391.0000,50.0000,59.0000
155.0000,392.5000,50.0000,59.0000
155.0000,394.0000,50.0000,59.0000
156.0000,394.5000,50.0000,59.0000
156.0000,396.0000,50.0000,59.0000
157.0000,397.5000,50.0000,59.0000
157.0000,399.0000,50.0000,59.0000
158.0000,399.5000,50.0000,59.0000
158.0000,401.0000,50.0000,59.0000
158.0000,402.5000,50.0000,59.0000
158.0000,403.0000,50.0000,59.0000
158.0000,403.5000,50.0000,59.0000
157.0000,403.0000,50.0000,59.0000
157.0000,403.5000,50.0000,59.0000
157.0000,403.0000,50.0000,59.0000
157.0000,403.5000,50.0000,59.0000
157.0000,404.0000,50.0000,59.0000
158.0000,405.5000,50.0000,59.0000
158.0000,406.0000,50.0000,59.0000
159.0000,407.5000,50.0000,59.0000
159.0000,409.0000,50.0000,59.0000
160.0000,410.5000,50.0000,59.0000
161.0000,412.0000,50.0000,59.0000
161.0000,413.5000,50.0000,59.0000
162.0000,414.0000,50.0000,59.0000
163.0000,415.5000,50.0000,59.0000
163.0000,417.0000,50.0000,59.0000
164.0000,418.5000,50.0000,59.0000
164.0000,420.0000,50.0000,59.0000
165.0000,420.5000,50.0000,59.0000
166.0000,423.0000,50.0000,59.0000
167.0000,423.5000,50.0000,59.0000
167.0000,425.0000,50.0000,59.0000
168.0000,425.5000,50.0000,59.0000
168.0000,426.0000,50.0000,59.0000
169.0000,426.5000,50.0000,59.0000
169.0000,427.0000,50.0000,59.0000
169.0000,426.5000,50.0000,59.0000
170.0000,427.0000,50.0000,59.0000
170.0000,427.5000,50.0000,59.0000
170.0000,427.0000,50.0000,59.0000
170.0000,427.5000,50.0000,59.0000
170.0000,428.0000,50.0000,59.0000
170.0000,428.5000,50.0000,59.0000
170.0000,429.0000,50.0000,59.0000
170.0000,428.5000,50.0000,59.0000
170.0000,429.0000,50.0000,59.0000
170.0000,428.5000,50.0000,59.0000
171.0000,429.0000,50.0000,59.0000
171.0000,428.5000,50.0000,59.0000
171.0000,429.0000,50.0000,59.0000
171.0000,429.5000,50.0000,59.0000
171.0000,430.0000,50.0000,59.0000
172.0000,430.5000,50.0000,59.0000
172.0000,430.0000,50.0000,59.0000
172.0000,430.5000,50.0000,59.0000
172.0000,431.0000,50.0000,59.0000
172.0000,430.5000,50.0000,59.0000
172.0000,431.0000,50.0000,59.0000
172.0000,431.5000,50.0000,59.0000
172.0000,432.0000,50.0000,59.0000
172.0000,431.5000,50.0000,59.0000
172.0000,432.0000,50.0000,59.0000
172.0000,432.5000,50.0000,59.0000
172.0000,433.0000,50.0000,59.0000
172.0000,433.5000,50.0000,59.0000
172.0000,434.0000,50.0000,59.0000
172.0000,434.5000,50.0000,59.0000
172.0000,435.0000,50.0000,59.0000
172.0000,435.5000,50.0000,59.0000
171.0000,436.0000,50.0000,59.0000
171.0000,436.5000,50.0000,59.0000
171.0000,437.0000,50.0000,59.0000
171.0000,437.5000,50.0000,59.0000
171.0000,437.0000,50.0000,59.0000
171.0000,437.5000,50.0000,59.0000
170.0000,438.0000,50.0000,59.0000
170.0000,438.5000,50.0000,59.0000
170.0000,438.0000,50.0000,59.0000
169.0000,438.5000,50.0000,59.0000
169.0000,439.0000,50.0000,59.0000
168.0000,438.5000,50.0000,59.0000
168.0000,439.0000,50.0000,59.0000
167.0000,438.5000,50.0000,59.0000
166.0000,439.0000,50.0000,59.0000
165.0000,439.5000,50.0000,59.0000
165.0000,439.0000,50.0000,59.0000
163.0000,439.5000,50.0000,59.0000
163.0000,440.0000,50.0000,59.0000
162.0000,439.5000,50.0000,59.0000
160.0000,440.0000,50.0000,59.0000
159.0000,440.5000,50.0000,59.0000
158.0000,441.0000,50.0000,59.0000
157.0000,441.5000,50.0000,59.0000
156.0000,442.0000,50.0000,59.0000
155.0000,442.5000,50.0000,59.0000
154.0000,443.0000,50.0000,59.0000
153.0000,444.5000,50.0000,59.0000
152.0000,445.0000,50.0000,59.0000
151.0000,445.5000,50.0000,59.0000
151.0000,447.0000,50.0000,59.0000
150.0000,447.5000,50.0000,59.0000
150.0000,449.0000,50.0000,59.0000
150.0000,449.5000,50.0000,59.0000
149.0000,451.0000,50.0000,59.0000
150.0000,451.5000,50.0000,59.0000
150.0000,453.0000,50.0000,59.0000
150.0000,454.5000,50.0000,59.0000
150.0000,455.0000,50.0000,59.0000
151.0000,456.5000,50.0000,59.0000
151.0000,458.0000,50.0000,59.0000
152.0000,459.5000,50.0000,59.0000
153.0000,461.0000,50.0000,59.0000
154.0000,462.5000,50.0000,59.0000
155.0000,463.0000,50.0000,59.0000
157.0000,464.5000,50.0000,59.0000
158.0000,466.0000,50.0000,59.0000
160.0000,467.5000,50.0000,59.0000
162.0000,468.0000,50.0000,59.0000
164.0000,469.5000,50.0000,59.0000
167.0000,470.0000,50.0000,59.0000
169.0000,471.5000,50.0000,59.0000
172.0000,472.0000,50.0000,59.0000
176.0000,473.5000,50.0000,59.0000
180.0000,474.0000,50.0000,59.0000
186.0000,476.5000,50.0000,59.0000
191.0000,477.0000,50.0000,59.0000
195.0000,478.5000,50.0000,59.0000
200.0000,479.0000,50.0000,59.0000
205.0000,479.5000,50.0000,59.0000
211.0000,480.0000,50.0000,59.0000
217.0000,480.5000,50.0000,59.0000
222.0000,481.0000,50.0000,59.0000
227.0000,480.5000,50.0000,59.0000
233.0000,481.0000,50.0000,59.0000
241.0000,482.5000,50.0000,59.0000
248.0000,483.0000,50.0000,59.0000
255.0000,483.5000,50.0000,59.0000
262.0000,484.0000,50.0000,59.0000
268.0000,485.5000,50.0000,59.0000
278.0000,487.0000,50.0000,59.0000
285.0000,486.5000,50.0000,59.0000
293.0000,487.0000,50.0000,59.0000
300.0000,486.5000,50.0000,59.0000
309.0000,494.0000,50.0000,59.0000
301.0000,495.5000,50.0000,59.0000
2
0
0
0
0
0
2
0
0
0
0
0
2
0
0
0
0
0
2
0
0
0
0
0
2
0
0
0
0
0
2
0
0
0
0
0
2
0
0
0
0
0
2
0
0
0
0
0
2
0
0
0
0
0
2
0
0
0
0
0
2
0
0
0
0
0
2
0
0
0
0
0
2
0
0
0
0
0
2
0
0
0
0
0
2
0
0
0
0
0
2
0
0
0
0
0
2
0
0
0
0
0
2
0
0
0
0
0
2
0
0
0
0
0
2
0
0
0
0
0
2
0
0
0
0
0
2
0
0
0
0
0
2
0
0
0
0
0
2
0
0
0
0
0
2
0
0
0
0
0
2
0
0
0
0
0
2
0
0
0
0
0
2
0
0
0
0
0
2
0
0
0
0
0
2
0
0
0
0
0
2
0
0
0
0
0
2
0
0
0
0
0
2
0
0
0
0
0
2
0
0
0
0
0
2
0
0
0
0
0
2
0
0
0
0
0
2
0
0
0
0
0
2
0
0
0
0
0
2
0
0
0
0
0
2
0
0
0
0
0
2
0
0
0
0
0
2
0
0
0
0
0
2
0
0
0
0
0
2
0
0
0
0
0
2
0
0
0
0
0
2
0
0
0
0
0
2
0
0
0
0
0
2
0
0
0
0
0
2
0
0
0
0
0
2
0
0
0
0
0
2
0
0
0
0
0
2
0
0
0
0
