1
811.0000,637.0000,62.0000,82.0000
824.0000,637.0000,62.0000,82.0000
837.0000,636.0000,62.0000,82.0000
850.0000,634.0000,62.0000,82.0000
862.0000,631.0000,62.0000,82.0000
875.0000,628.0000,62.0000,82.0000
887.0000,625.0000,62.0000,82.0000
899.0000,624.0000,62.0000,82.0000
911.0000,623.0000,62.0000,82.0000
923.0000,622.0000,62.0000,82.0000
934.0000,623.0000,62.0000,82.0000
945.0000,624.0000,62.0000,82.0000
955.0000,626.0000,62.0000,82.0000
967.0000,627.0000,62.0000,82.0000
978.0000,627.0000,62.0000,82.0000
990.0000,626.0000,62.0000,82.0000
1002.0000,624.0000,62.0000,82.0000
1015.0000,622.0000,62.0000,82.0000
1028.0000,620.0000,62.0000,82.0000
1040.0000,618.0000,62.0000,82.0000
1052.0000,616.0000,62.0000,82.0000
1063.0000,615.0000,62.0000,82.0000
1073.0000,614.0000,62.0000,82.0000
1083.0000,614.0000,62.0000,82.0000
1093.0000,615.0000,62.0000,82.0000
1102.0000,616.0000,62.0000,82.0000
1112.0000,616.0000,62.0000,82.0000
1123.0000,616.0000,62.0000,82.0000
1134.0000,615.0000,62.0000,82.0000
1146.0000,614.0000,62.0000,82.0000
1158.0000,612.0000,62.0000,82.0000
1171.0000,610.0000,62.0000,82.0000
1183.0000,609.0000,62.0000,82.0000
1195.0000,609.0000,62.0000,82.0000
1206.0000,610.0000,62.0000,82.0000
1217.0000,612.0000,62.0000,82.0000
1228.0000,615.0000,62.0000,82.0000
1237.0000,618.0000,62.0000,82.0000
1247.0000,619.0000,62.0000,82.0000
1249.0000,624.0000,62.0000,82.0000
1253.0000,621.0000,62.0000,82.0000
1243.0000,609.0000,62.0000,82.0000
1239.0000,625.0000,62.0000,82.0000
1243.0000,638.0000,62.0000,82.0000
1245.0000,641.0000,62.0000,82.0000
2
0
0
0
0
0
2
0
0
0
0
0
2
0
0
0
0
0
2
0
0
0
0
0
2
0
0
0
0
0
2
0
0
0
0
0
2
0
0
0
0
0
2
0
0
0
0
0
2
0
0
0
0
0
2
0
0
0
0
0
2
0
0
0
0
0
2
0
0
0
0
0
2
0
0
0
0
0
2
0
0
0
0
0
2
0
0
0
0
0
2
0
0
0
0
0
2
0
0
0
0
0
2
0
0
0
0
0
2
0
0
0
0
0
2
0
0
0
0
0
2
0
0
0
0
0
2
0
0
0
0
0
2
0
0
0
0
0
2
0
0
0
0
0
2
0
0
0
0
0
2
0
0
0
0
0
2
0
0
0
0
0
2
0
0
0
0
0
2
0
0
0
0
0
2
0
0
0
0
0
2
0
0
0
0
0
2
0
0
0
0
0
2
0
0
0
0
0
2
0
0
0
0
0
2
0
0
0
0
0
2
0
0
0
0
0
2
0
0
0
0
0
2
0
0
0
0
0
2
0
0
0
0
0
2
0
0
0
0
0
2
0
0
0
0
0
2
0
0
0
0
0
2
0
0
0
0
0
2
0
0
0
0
0
2
0
0
0
0
0
2
0
0
0
0
0
2
0
0
0
0
0
2
0
0
0
0
0
2
0
0
0
0
0
2
0
0
0
0
0
2
0
0
0
0
0
2
0
0
0
0
0
2
0
0
0
0
0
2
0
0
0
0
0
2
0
0
0
0
0
2
0
0
0
0
0
2
0
0
0
0
0
2
0
0
0
0
0
2
0
0
0
0
0
2
0
0
0
0
0
2
0
0
0
0
0
2
0
0
0
0
0
2
0
0
0
0
0
2
0
0
0
0
0
2
0
0
0
0
0
2
0
0
0
0
0
2
0
0
0
0
0
2
0
0
0
0
0
2
0
0
0
0
0
2
0
0
0
0
0
2
0
0
0
0
0
2
0
0
0
0
0
2
0
0
0
0
0
2
0
0
0
0
0
2
0
0
0
0
0
2
0
0
0
0
0
2
0
0
0
0
0
2
0
0
0
0
0
2
0
0
0
0
0
2
0
0
0
0
0
2
0
0
0
0
0
2
0
0
0
0
0
2
0
0
0
0
0
2
0
0
0
0
0
2
0
0
0
0
0
2
0
0
0
0
0
2
0
0
0
0
0
2
0
0
0
0
0
2
0
0
0
0
0
2
0
0
0
0
0
2
0
0
0
0
0
2
0
0
0
0
0
2
0
0
0
0
0
2
0
0
0
0
0
2
0
0
0
0
0
2
0
0
0
0
0
2
0
0
0
0
0
2
0
0
0
0
0
2
0
0
0
0
0
2
0
0
0
0
0
2
0
0
0
0
0
2
0
0
0
0
0
2
0
0
