1
805.0104,195.0274,30.9793,81.9453
804.0296,194.0783,30.9408,81.8435
801.9896,192.9726,31.0207,82.0547
800.9789,190.9444,31.0421,82.1113
797.9354,189.8290,31.1293,82.3420
795.8511,187.6062,31.2978,82.7877
792.8298,186.5497,31.3405,82.9006
790.8398,185.5763,31.3203,82.8473
786.8126,184.5043,31.3748,82.9913
782.8085,182.4936,31.3829,83.0128
779.8101,181.4978,31.3797,83.0044
774.8048,180.4837,31.3904,83.0327
770.8389,178.5737,31.3223,82.8525
765.7849,177.4310,31.4302,83.1380
760.8029,176.4785,31.3943,83.0431
755.7928,174.4519,31.4144,83.0962
751.8550,173.6164,31.2900,82.7671
746.6584,171.0965,31.6832,83.8071
741.8541,169.6140,31.2918,82.7720
737.8901,168.7092,31.2199,82.5816
732.9412,166.8446,31.1175,82.3108
728.9892,165.9714,31.0216,82.0572
725.0145,164.0383,30.9710,81.9234
721.0475,163.1258,30.9049,81.7483
718.0291,162.0770,30.9418,81.8460
715.0885,161.2340,30.8230,81.5319
711.1215,160.3213,30.7570,81.3573
708.1240,159.3280,30.7520,81.3440
706.1690,158.4471,30.6620,81.1059
703.2247,158.5943,30.5506,80.8113
701.2365,157.6255,30.5270,80.7489
699.2935,156.7763,30.4130,80.4473
697.3736,155.9881,30.2529,80.0237
696.4705,155.2444,30.0591,79.5113
695.5299,155.4018,29.9401,79.1965
694.5587,154.4778,29.8826,79.0443
693.5596,153.4801,29.8809,79.0398
692.5225,152.3821,29.9550,79.2358
692.5009,152.3250,29.9982,79.3500
692.4056,151.0728,30.1889,79.8544
692.3456,149.9142,30.3088,80.1717
692.2725,149.7208,30.4550,80.5583
692.1818,148.4808,30.6365,81.0385
692.1389,147.3674,30.7222,81.2653
693.0539,147.1425,30.8922,81.7149
693.0380,146.1005,30.9240,81.7990
693.0283,146.0750,30.9433,81.8501
693.0425,145.1126,30.9149,81.7749
693.0264,145.0699,30.9472,81.8603
693.0331,144.0876,30.9338,81.8249
692.0431,144.1140,30.9138,81.7720
692.0232,143.0613,30.9537,81.8774
691.0244,143.0646,30.9511,81.8707
690.0494,142.1307,30.9012,81.7387
689.0934,141.2472,30.8131,81.5055
688.1448,140.3831,30.7103,81.2337
687.1088,139.2879,30.7823,81.4242
685.1148,138.3037,30.7704,81.3926
684.1558,138.4121,30.6884,81.1757
682.1537,137.4066,30.6926,81.1868
680.1541,136.4074,30.6919,81.1852
678.1429,136.3780,30.7142,81.2440
675.1087,135.2876,30.7826,81.4249
672.1375,134.3636,30.7251,81.2728
669.1389,134.3672,30.7223,81.2655
666.1363,134.3605,30.7274,81.2790
663.1703,133.4504,30.6595,81.0992
659.1669,133.4414,30.6663,81.1172
656.1545,132.4088,30.6909,81.1824
653.1457,132.3855,30.7086,81.2291
649.1364,131.3608,30.7272,81.2785
646.1731,131.4578,30.6538,81.0844
643.1526,130.4038,30.6947,81.1923
640.1661,130.4394,30.6678,81.1212
637.1713,129.4530,30.6575,81.0941
634.1411,129.3731,30.7179,81.2538
631.1523,129.4030,30.6953,81.1940
629.1642,128.4344,30.6716,81.1313
626.1594,128.4217,30.6812,81.1566
624.1743,128.4609,30.6515,81.0782
622.1765,128.4668,30.6471,81.0665
620.1783,127.4716,30.6434,81.0568
618.1968,127.5205,30.6064,80.9589
616.2244,127.5935,30.5513,80.8130
615.2620,127.6930,30.4760,80.6140
614.3303,127.8736,30.3395,80.2528
613.3738,127.9889,30.2523,80.0222
612.3823,128.0113,30.2354,79.9774
611.3818,128.0100,30.2363,79.9799
611.4057,127.0731,30.1886,79.8538
611.4694,127.2416,30.0613,79.5169
611.4968,127.3142,30.0063,79.3716
611.4948,126.3088,30.0104,79.3823
612.5663,126.4981,29.8673,79.0039
613.6104,126.6146,29.7792,78.7707
614.5914,125.5643,29.8172,78.8714
615.6164,125.6305,29.7672,78.7390
616.6113,125.6171,29.7773,78.7658
618.5732,125.5161,29.8537,78.9677
619.5253,125.3896,29.9493,79.2208
621.5053,125.3367,29.9893,79.3266
622.4926,125.3029,30.0149,79.3942
624.4663,125.2335,30.0673,79.5330
626.4617,125.2214,30.0765,79.5572
627.4901,126.2962,30.0200,79.4076
629.4994,126.3210,30.0012,79.3580
630.4918,126.3008,30.0165,79.3984
632.5029,126.3302,29.9942,79.3396
634.5233,126.3842,29.9534,79.2316
635.5516,126.4592,29.8967,79.0815
637.5334,126.4108,29.9333,79.1784
639.5356,126.4167,29.9289,79.1667
640.5560,126.4706,29.8881,79.0589
642.5527,126.4621,29.8945,79.0759
643.5527,126.4619,29.8947,79.0763
644.5571,126.4736,29.8858,79.0528
645.5532,126.4633,29.8936,79.0734
645.6041,126.5978,29.7919,78.8044
644.6243,126.6514,29.7514,78.6973
643.6774,126.7918,29.6452,78.4163
642.6864,126.8157,29.6272,78.3686
640.7143,127.8894,29.5715,78.2213
637.7031,127.8598,29.5938,78.2804
634.7039,127.8617,29.5923,78.2765
631.6949,127.8383,29.6101,78.3235
628.7043,127.8631,29.5913,78.2739
624.6931,128.8334,29.6138,78.3333
621.6486,127.7156,29.7028,78.5687
617.5939,127.5710,29.8122,78.8580
614.5175,127.3689,29.9649,79.2621
610.4307,127.1394,30.1385,79.7213
607.3985,128.0541,30.2030,79.8918
604.3425,127.9061,30.3149,80.1878
600.3230,127.8544,30.3540,80.2911
598.3323,127.8789,30.3355,80.2422
595.3433,127.9081,30.3134,80.1838
592.3684,127.9744,30.2632,80.0511
590.4079,129.0789,30.1842,79.8421
589.4341,129.1482,30.1319,79.7036
587.4414,129.1676,30.1172,79.6648
586.4948,130.3089,30.0104,79.3822
585.5035,130.3318,29.9930,79.3364
584.5274,130.3951,29.9452,79.2099
584.5294,131.4002,29.9413,79.1996
584.5241,131.3863,29.9518,79.2274
585.4991,131.3202,30.0018,79.3597
586.4653,131.2308,30.0694,79.5384
587.4228,131.1183,30.1545,79.7635
588.4437,131.1738,30.1125,79.6524
590.4277,131.1313,30.1446,79.7373
591.4156,131.0993,30.1688,79.8014
593.4041,131.0688,30.1919,79.8623
594.4149,132.0975,30.1702,79.8050
596.4034,132.0672,30.1931,79.8656
597.3713,132.9823,30.2573,80.0354
598.3527,132.9329,30.2946,80.1342
599.3503,132.9265,30.2995,80.1469
601.3491,133.9234,30.3019,80.1533
602.3706,133.9803,30.2588,80.0395
603.4048,135.0708,30.1903,79.8583
604.4128,135.0920,30.1743,79.8160
605.4474,135.1835,30.1052,79.6331
606.4741,135.2542,30.0517,79.4916
607.4854,135.2841,30.0291,79.4319
608.5037,136.3323,29.9926,79.3354
609.4788,136.2663,30.0425,79.4673
610.4622,136.2227,30.0755,79.5546
611.4456,136.1788,30.1087,79.6424
613.4756,136.2581,30.0487,79.4837
613.5024,137.3291,29.9951,79.3418
615.4467,138.1816,30.1066,79.6369
615.4601,138.2169,30.0799,79.5661
616.4229,139.1184,30.1544,79.7631
617.4478,139.1845,30.1044,79.6309
617.4644,140.2283,30.0713,79.5433
618.4265,140.1282,30.1470,79.7436
618.4327,141.1446,30.1346,79.7108
619.4200,141.1111,30.1599,79.7778
619.4102,142.0851,30.1796,79.8299
620.4200,142.1110,30.1600,79.7779
620.4161,142.1007,30.1678,79.7986
621.3830,142.0131,30.2340,79.9738
621.3620,141.9576,30.2759,80.0848
621.3199,141.8464,30.3601,80.3073
621.2899,141.7669,30.4201,80.4662
620.2537,141.6709,30.4927,80.6582
620.2402,141.6352,30.5197,80.7295
619.2059,142.5447,30.5882,80.9106
617.1354,142.3581,30.7292,81.2837
616.1210,143.3200,30.7580,81.3600
614.0519,143.1374,30.8961,81.7251
612.0321,144.0850,30.9357,81.8300
610.0403,144.1067,30.9194,81.7867
608.0130,145.0344,30.9740,81.9311
606.0016,145.0043,30.9967,81.9914
603.9536,145.8772,31.0928,82.2456
601.8851,145.6959,31.2299,82.6081
599.8529,145.6109,31.2942,82.7781
597.8155,145.5119,31.3691,82.9763
596.8309,145.5528,31.3381,82.8944
595.8683,145.6518,31.2633,82.6965
594.8942,145.7201,31.2116,82.5597
593.9213,146.7918,31.1574,82.4165
592.9288,146.8118,31.1423,82.3764
592.9535,146.8770,31.0930,82.2460
593.0334,148.0884,30.9332,81.8232
593.0787,148.2083,30.8425,81.5835
593.1280,149.3386,30.7440,81.3228
593.1611,149.4263,30.6777,81.1474
593.1863,149.4928,30.6274,81.0144
593.2867,150.7584,30.4265,80.4831
593.3553,150.9398,30.2894,80.1205
594.4071,151.0769,30.1858,79.8462
594.4510,152.1929,30.0980,79.6141
595.3721,151.9843,30.2557,80.0313
595.3373,151.8922,30.3254,80.2157
596.3015,151.7974,30.3971,80.4053
597.2545,151.6732,30.4910,80.6537
598.2250,151.5950,30.5501,80.8099
599.2333,152.6170,30.5335,80.7660
599.1837,153.4860,30.6326,81.0281
600.1189,153.3145,30.7622,81.3711
601.1351,154.3573,30.7299,81.2855
602.0811,154.2145,30.8378,81.5711
602.0986,155.2609,30.8027,81.4782
602.1096,155.2900,30.7807,81.4200
603.1534,156.4057,30.6933,81.1886
603.0867,156.2292,30.8267,81.5415
603.1357,156.3590,30.7286,81.2821
603.1802,157.4768,30.6395,81.0465
603.1332,157.3523,30.7336,81.2954
603.1625,158.4298,30.6751,81.1405
604.1406,158.3718,30.7189,81.2564
604.1140,158.3014,30.7721,81.3972
604.1114,159.2947,30.7772,81.4106
604.1149,159.3040,30.7702,81.3920
604.1386,160.3667,30.7228,81.2666
604.1431,160.3785,30.7138,81.2430
605.1790,161.4735,30.6420,81.0529
605.1834,162.4852,30.6332,81.0297
605.2029,162.5368,30.5941,80.9263
606.2532,163.6697,30.4937,80.6606
607.2499,164.6611,30.5001,80.6777
607.2731,165.7224,30.4538,80.5551
608.3131,166.8282,30.3738,80.3436
608.3026,166.8004,30.3948,80.3991
609.3122,167.8257,30.3757,80.3485
609.2903,167.7681,30.4193,80.4639
610.2637,168.6975,30.4726,80.6050
611.2066,168.5465,30.5868,80.9070
612.1506,169.3983,30.6989,81.2034
613.0616,169.1630,30.8768,81.6741
614.0314,170.0831,30.9372,81.8339
614.9741,169.9315,31.0518,82.1370
615.9103,170.7628,31.1794,82.4744
615.8518,170.6080,31.2964,82.7839
616.8493,171.6013,31.3014,82.7974
617.8478,172.5974,31.3044,82.8053
618.8423,173.5829,31.3154,82.8342
618.8762,173.6725,31.2476,82.6549
619.8842,174.6936,31.2317,82.6128
619.8894,175.7075,31.2212,82.5850
620.9181,176.7833,31.1638,82.4334
620.9600,176.8941,31.0801,82.2119
620.9808,177.9493,31.0383,82.1013
621.9949,177.9865,31.0102,82.0271
622.9878,178.9677,31.0244,82.0645
622.9497,178.8669,31.1006,82.2662
623.9467,179.8590,31.1066,82.2819
623.9193,179.7865,31.1614,82.4270
623.8919,180.7140,31.2162,82.5719
624.7810,180.4208,31.4380,83.1585
624.8043,181.4824,31.3914,83.0352
625.8271,181.5427,31.3457,82.9146
625.8917,182.7134,31.2167,82.5731
626.9086,183.7584,31.1827,82.4832
627.9327,184.8220,31.1346,82.3559
628.9781,185.9422,31.0437,82.1155
630.0193,187.0512,30.9613,81.8976
631.0363,187.0961,30.9273,81.8077
632.0751,188.1987,30.8498,81.6026
633.1276,189.3374,30.7449,81.3252
634.1400,190.3703,30.7200,81.2593
635.1112,190.2942,30.7776,81.4116
636.1234,191.3265,30.7531,81.3470
637.0620,192.1640,30.8760,81.6721
637.9910,192.9763,31.0179,82.0474
639.9423,192.8475,31.1153,82.3051
640.8810,193.6851,31.2381,82.6298
641.8109,194.4997,31.3782,83.0005
642.7821,195.4237,31.4357,83.1526
643.7498,196.3381,31.5005,83.3238
644.7067,197.2243,31.5865,83.5515
645.6871,198.1724,31.6257,83.6552
646.6962,199.1965,31.6075,83.6069
647.7232,200.2678,31.5536,83.4644
648.7372,201.3049,31.5256,83.3902
649.7469,202.3307,31.5061,83.3387
650.7643,203.3767,31.4713,83.2467
650.7956,204.4594,31.4088,83.0813
651.8028,205.4784,31.3944,83.0431
652.8204,206.5250,31.3591,82.9499
653.8185,207.5200,31.3629,82.9600
654.8129,208.5052,31.3741,82.9896
655.7969,209.4629,31.4061,83.0743
656.7867,209.4359,31.4265,83.1282
657.8135,210.5066,31.3730,82.9867
658.8535,211.6126,31.2929,82.7748
659.8364,212.5672,31.3272,82.8655
661.8315,213.5542,31.3371,82.8917
662.8548,214.6159,31.2904,82.7681
664.8529,215.6109,31.2942,82.7781
665.8782,217.6779,31.2435,82.6442
667.8824,218.6888,31.2353,82.6224
668.8834,219.6916,31.2332,82.6168
670.8981,220.7304,31.2038,82.5392
671.9120,221.7674,31.1758,82.4652
673.9426,222.8482,31.1148,82.3036
674.9814,223.9508,31.0372,82.0984
676.9948,224.9862,31.0104,82.0276
677.9613,225.8977,31.0774,82.2046
679.9522,226.8736,31.0955,82.2527
681.9005,227.7366,31.1991,82.5268
682.8412,228.5799,31.3176,82.8402
684.8337,229.5600,31.3327,82.8800
685.8358,230.5656,31.3285,82.8689
687.8236,232.5334,31.3528,82.9333
689.8152,233.5111,31.3696,82.9777
690.8144,235.5091,31.3712,82.9818
692.7842,236.4292,31.4316,83.1417
694.7660,238.3810,31.4680,83.2380
695.7345,239.2977,31.5310,83.4046
697.7448,240.3250,31.5104,83.3500
698.7714,242.3953,31.4572,83.2094
700.7502,243.3392,31.4996,83.3216
701.7256,244.2743,31.5487,83.4513
702.7173,245.2522,31.5654,83.4955
704.6795,246.1522,31.6410,83.6955
706.6530,247.0821,31.6940,83.8358
707.6309,248.0237,31.7382,83.9527
709.5715,248.8666,31.8569,84.2667
710.5554,249.8240,31.8892,84.3520
712.5289,250.7538,31.9423,84.4925
714.4837,251.6343,32.0326,84.7314
716.4766,253.6157,32.0467,84.7687
718.4449,254.5316,32.1103,84.9369
720.4282,255.4874,32.1436,85.0251
722.4223,256.4719,32.1554,85.0563
724.4524,258.5515,32.0952,84.8970
726.4322,259.4981,32.1356,85.0038
728.4254,260.4801,32.1492,85.0398
730.4539,261.5553,32.0923,84.8893
732.4759,263.6136,32.0482,84.7728
734.4667,264.5893,32.0666,84.8213
737.4457,264.5338,32.1086,84.9324
739.4866,266.6420,32.0268,84.7160
741.4244,267.4774,32.1513,85.0453
743.3690,268.3307,32.2621,85.3386
745.2833,269.1042,32.4334,85.7916
748.2199,269.9366,32.5601,86.1268
750.1273,269.6917,32.7453,86.6166
752.0540,270.4975,32.8921,87.0050
754.0317,271.4388,32.9366,87.1225
755.9779,272.2964,33.0442,87.4073
756.9389,273.1933,33.1221,87.6134
757.8929,274.0714,33.2143,87.8571
758.8505,274.9595,33.2989,88.0809
759.7935,275.8087,33.4129,88.3825
759.7627,275.7271,33.4746,88.5457
758.8033,276.8346,33.3934,88.3308
757.8472,276.9508,33.3055,88.0984
755.8751,278.0246,33.2497,87.9509
753.8925,278.0704,33.2151,87.8593
750.8228,277.8860,33.3544,88.2279
747.7648,276.7327,33.4704,88.5346
744.7987,276.8223,33.4026,88.3554
740.8184,276.8745,33.3631,88.2509
736.8193,276.8769,33.3614,88.2463
733.7649,275.7330,33.4702,88.5340
729.7317,275.6451,33.5366,88.7098
725.6939,275.5452,33.6122,88.9097
721.7128,275.5952,33.5743,88.8095
717.7493,274.6917,33.5014,88.6167
713.8059,274.8415,33.3881,88.3170
709.8422,273.9374,33.3156,88.1251
706.8292,273.9029,33.3417,88.1942
702.8699,274.0106,33.2603,87.9788
699.8705,274.0122,33.2591,87.9756
695.9081,274.1117,33.1838,87.7766
692.8948,274.0766,33.2104,87.8469
689.8633,272.9931,33.2735,88.0137
687.8182,272.8739,33.3636,88.2522
685.7684,272.7423,33.4631,88.5153
683.7055,272.5758,33.5890,88.8484
682.6606,272.4570,33.6788,89.0860
681.6117,271.3277,33.7766,89.3445
680.5965,271.2875,33.8070,89.4250
679.5923,271.2765,33.8153,89.4470
679.6620,271.4607,33.6761,89.0786
679.6732,271.4904,33.6536,89.0192
679.7215,271.6181,33.5570,88.7638
680.7444,271.6787,33.5112,88.6426
680.7455,271.6817,33.5089,88.6366
681.7982,271.8210,33.4036,88.3579
681.7907,270.8012,33.4186,88.3976
682.8282,270.9004,33.3436,88.1992
682.8894,271.0624,33.2211,87.8753
683.9449,271.2093,33.1100,87.5814
684.9532,270.2310,33.0937,87.5380
684.9844,269.3136,33.0312,87.3728
686.0278,269.4285,32.9443,87.1431
686.0169,268.3996,32.9661,87.2007
687.0625,268.5202,32.8749,86.9595
688.0211,267.4106,32.9578,87.1787
687.9359,267.1853,33.1282,87.6294
687.8603,266.9853,33.2794,88.0294
687.7272,265.6333,33.5455,88.7333
686.6624,264.4618,33.6752,89.0764
685.6490,264.4263,33.7021,89.1474
684.6241,263.3605,33.7518,89.2789
683.6205,263.3510,33.7590,89.2980
682.5554,262.1788,33.8892,89.6424
680.5145,262.0705,33.9711,89.8590
678.4593,260.9247,34.0814,90.1507
675.4147,259.8065,34.1707,90.3869
673.4312,259.8501,34.1377,90.2998
670.3967,258.7591,34.2065,90.4818
668.3584,257.6577,34.2832,90.6845
665.2650,256.4107,34.4700,91.1787
661.1783,256.1814,34.6433,91.6372
658.0435,253.8247,34.9130,92.3506
655.0034,253.7186,34.9932,92.5627
650.8924,252.4251,35.2152,93.1498
647.8038,251.1908,35.3924,93.6185
643.6964,250.9064,35.6073,94.1871
640.5897,249.6245,35.8205,94.7511
637.5703,249.5729,35.8595,94.8543
634.5431,249.5011,35.9138,94.9979
631.5532,248.5278,35.8936,94.9445
629.6816,248.8676,35.6367,94.2649
627.7624,249.0811,35.4753,93.8378
625.7383,248.0176,35.5233,93.9648
623.8873,248.4117,35.2253,93.1766
622.9803,247.6576,35.0394,92.6849
622.1138,247.0107,34.7724,91.9787
622.2714,246.4275,34.4573,91.1450
622.4148,245.8069,34.1704,90.3863
622.5540,246.1752,33.8919,89.6496
622.6467,245.4202,33.7066,89.1595
623.7282,245.6359,33.5436,88.7282
624.7511,244.6965,33.4978,88.6070
624.7993,243.8240,33.4013,88.3519
625.8489,243.9553,33.3021,88.0894
626.8212,242.8820,33.3575,88.2359
626.9617,243.2535,33.0766,87.4930
627.9456,242.2109,33.1088,87.5782
628.9984,242.3505,33.0033,87.2989
629.0374,241.4538,32.9252,87.0925
630.1009,241.6217,32.7982,86.7565
630.1536,241.7612,32.6927,86.4776
631.1306,240.7004,32.7387,86.5992
631.1487,240.7481,32.7027,86.5039
632.1003,239.6200,32.7995,86.7599
632.0516,238.4914,32.8967,87.0172
632.0542,238.4982,32.8916,87.0037
633.0377,237.4547,32.9245,87.0907
633.0468,237.4786,32.9064,87.0429
634.0114,236.3849,32.9773,87.2303
633.9966,236.3460,33.0067,87.3079
633.9650,235.2623,33.0700,87.4755
633.9656,235.2639,33.0687,87.4721
634.9570,235.2412,33.0859,87.5175
634.9300,235.1696,33.1401,87.6608
634.9226,235.1502,33.1547,87.6997
634.9094,235.1151,33.1813,87.7699
634.9380,235.1909,33.1240,87.6182
634.9390,235.1935,33.1220,87.6130
634.9437,235.2058,33.1127,87.5883
633.9512,235.2257,33.0976,87.5485
633.9424,235.2025,33.1152,87.5951
633.9166,235.1342,33.1668,87.7316
632.9097,235.1158,33.1807,87.7683
632.9240,235.1539,33.1519,87.6922
632.9022,235.0962,33.1956,87.8077
632.9136,235.1263,33.1728,87.7474
632.9025,235.0968,33.1951,87.8063
632.9153,235.1307,33.1694,87.7385
632.9262,236.1596,33.1476,87.6808
632.9106,236.1184,33.1787,87.7631
632.9675,236.2687,33.0651,87.4626
632.9922,236.3344,33.0154,87.3312
633.0484,236.4829,32.9032,87.0343
633.1584,237.7740,32.6831,86.4520
634.1891,237.8550,32.6218,86.2899
634.2429,237.9973,32.5142,86.0054
634.2977,239.1422,32.4047,85.7157
634.3378,239.2483,32.3245,85.5034
634.3734,239.3424,32.2533,85.3152
634.3636,239.3167,32.2727,85.3665
634.4083,240.4348,32.1834,85.1304
635.3371,240.2465,32.3258,85.5069
635.3499,240.2803,32.3002,85.4393
635.3618,240.3119,32.2764,85.3763
635.3442,241.2653,32.3116,85.4694
635.3494,241.2790,32.3013,85.4420
635.3227,241.2083,32.3547,85.5833
635.3028,241.1558,32.3944,85.6885
635.3116,242.1791,32.3768,85.6419
635.2876,242.1156,32.4248,85.7688
634.2564,242.0331,32.4871,85.9337
634.2870,243.1140,32.4260,85.7719
633.1854,242.8454,32.6291,86.3092
632.1590,242.7754,32.6820,86.4492
631.2457,243.0048,32.5085,85.9904
630.3535,243.2899,32.2930,85.4203
629.4489,243.5421,32.1023,84.9158
628.5182,243.7257,31.9635,84.5485
628.5819,243.8941,31.8361,84.2117
628.5402,243.7838,31.9195,84.4323
628.4048,243.4258,32.1903,85.1485
627.2860,243.1113,32.4280,85.7773
627.1993,242.8822,32.6013,86.2356
627.1351,242.7121,32.7299,86.5758
626.0605,242.5148,32.8791,86.9704
626.0250,242.4211,32.9499,87.1579
625.0114,242.3849,32.9773,87.2303
624.9943,242.3399,33.0113,87.3203
625.0115,242.3852,32.9770,87.2296
624.0159,241.3969,32.9682,87.2062
624.0597,242.5127,32.8806,86.9746
624.0550,241.5003,32.8900,86.9995
623.1014,241.6231,32.7972,86.7538
623.1219,241.6772,32.7563,86.6456
623.1043,241.6308,32.7913,86.7384
622.0992,240.6173,32.8015,86.7653
622.1184,240.6680,32.7632,86.6641
621.0793,239.5647,32.8413,86.8706
621.0740,239.5507,32.8519,86.8985
619.9995,238.3535,33.0010,87.2931
619.9639,238.2594,33.0722,87.4812
618.9329,237.1774,33.1341,87.6451
618.8771,237.0299,33.2457,87.9402
617.8411,235.9346,33.3178,88.1309
616.8033,235.8345,33.3935,88.3311
616.7768,235.7644,33.4464,88.4712
615.7304,234.6417,33.5392,88.7167
614.7490,234.6908,33.5021,88.6184
614.7635,234.7292,33.4730,88.5416
613.7513,233.6971,33.4973,88.6057
612.7935,233.8086,33.4130,88.3828
611.7807,233.7747,33.4386,88.4506
609.7767,233.7641,33.4467,88.4718
608.7802,232.7733,33.4397,88.4533
607.8253,231.8928,33.3493,88.2143
606.8798,232.0370,33.2403,87.9260
605.8677,231.0049,33.2646,87.9903
604.8889,231.0608,33.2223,87.8783
603.8842,230.0484,33.2317,87.9031
603.9229,229.1510,33.1541,87.6980
602.9514,229.2264,33.0971,87.5473
601.9877,228.3224,33.0245,87.3551
601.0009,228.3573,32.9981,87.2853
601.0291,227.4319,32.9417,87.1362
600.0789,226.5637,32.8421,86.8727
599.1351,226.7122,32.7298,86.5757
599.1992,225.8818,32.6016,86.2364
598.2604,226.0437,32.4792,85.9127
598.2924,225.1282,32.4153,85.7436
597.3398,225.2537,32.3204,85.4927
596.4039,224.4233,32.1921,85.1533
596.5012,223.6807,31.9975,84.6386
595.5572,223.8287,31.8856,84.3427
595.5547,222.8220,31.8907,84.3560
594.5186,221.7266,31.9628,84.5468
594.5281,221.7518,31.9438,84.4965
593.4172,220.4583,32.1656,85.0833
593.3409,219.2565,32.3183,85.4870
592.2589,218.0396,32.4822,85.9208
592.2531,218.0243,32.4938,85.9514
592.1865,216.8481,32.6271,86.3039
591.1361,216.7149,32.7277,86.5702
591.0733,216.5488,32.8533,86.9024
590.0171,215.4000,32.9659,87.2001
590.0483,215.4825,32.9035,87.0349
589.0589,215.5106,32.8822,86.9788
589.0677,214.5341,32.8645,86.9318
588.1092,214.6436,32.7817,86.7128
587.0959,214.6086,32.8082,86.7829
586.0585,213.5095,32.8831,86.9811
586.1155,213.6603,32.7691,86.6794
585.0713,212.5434,32.8574,86.9131
584.0965,212.6100,32.8070,86.7799
583.0602,211.5143,32.8795,86.9715
583.1091,211.6436,32.7817,86.7129
583.0984,211.6152,32.8032,86.7696
582.0507,210.4891,32.8985,87.0219
582.0714,210.5438,32.8572,86.9125
582.0977,209.6133,32.8046,86.7734
581.1379,209.7196,32.7242,86.5609
581.1609,209.7805,32.6782,86.4390
580.1671,208.7966,32.6659,86.4067
580.2313,208.9665,32.5375,86.0669
580.2828,209.1030,32.4343,85.7939
580.3495,209.2795,32.3009,85.4411
579.3877,209.3804,32.2246,85.2392
579.4153,208.4535,32.1693,85.0930
579.4544,208.5569,32.0911,84.8862
579.4711,208.6011,32.0577,84.7979
579.4835,208.6338,32.0330,84.7325
578.4651,208.5850,32.0699,84.8300
578.4154,207.4536,32.1692,85.0927
578.3833,207.3687,32.2334,85.2625
578.2973,207.1412,32.4054,85.7176
577.2159,206.9261,32.5681,86.1478
577.1955,206.8719,32.6090,86.2562
577.1477,205.7455,32.7046,86.5089
577.1269,205.6905,32.7462,86.6189
577.0755,205.5546,32.8489,86.8907
576.0286,205.4306,32.9427,87.1388
576.0839,206.5769,32.8321,86.8463
575.9940,206.3388,33.0121,87.3224
575.9102,206.1173,33.1796,87.7654
575.8683,206.0065,33.2634,87.9870
574.8573,205.9773,33.2855,88.0454
574.8745,206.0227,33.2511,87.9546
573.9182,206.1384,33.1637,87.7233
572.9499,206.2223,33.1002,87.5555
572.9746,206.2876,33.0508,87.4247
572.0045,206.3665,32.9911,87.2669
572.0519,206.4921,32.8962,87.0158
572.0787,206.5630,32.8426,86.8739
571.1176,206.6657,32.7649,86.6686
571.1293,206.6968,32.7414,86.6063
571.1490,206.7490,32.7020,86.5019
571.1644,206.7896,32.6713,86.4208
571.1664,207.7949,32.6673,86.4102
571.1670,207.7966,32.6660,86.4067
571.1615,207.7820,32.6770,86.4359
571.1790,207.8281,32.6421,86.3437
571.1868,207.8490,32.6264,86.3020
571.1885,207.8533,32.6231,86.2933
572.1926,207.8644,32.6147,86.2713
572.1810,207.8337,32.6379,86.3326
572.1746,207.8166,32.6509,86.3668
572.1495,207.7504,32.7009,86.4992
572.1133,207.6547,32.7733,86.6906
572.0595,207.5122,32.8810,86.9756
572.0174,206.4009,32.9652,87.1983
572.0153,206.3951,32.9695,87.2097
571.9896,206.3271,33.0209,87.3457
571.9209,206.1456,33.1582,87.7088
571.8832,206.0458,33.2337,87.9084
571.8797,206.0366,33.2406,87.9268
571.8631,205.9926,33.2739,88.0147
571.8556,205.9728,33.2889,88.0544
571.8498,205.9575,33.3004,88.0849
571.9014,206.0940,33.1972,87.8120
570.9618,207.2537,33.0764,87.4925
570.9426,207.2030,33.1148,87.5941
570.9818,207.3067,33.0364,87.3865
570.0281,207.4291,32.9438,87.1417
570.0520,207.4924,32.8960,87.0151
569.0717,207.5445,32.8566,86.9110
568.0659,207.5292,32.8682,86.9416
568.0330,207.4420,32.9341,87.1160
566.9939,207.3388,33.0122,87.3225
566.9446,207.2084,33.1107,87.5831
565.8876,207.0575,33.2248,87.8850
565.8703,207.0117,33.2594,87.9766
565.8958,207.0790,33.2085,87.8419
564.9318,207.1744,33.1364,87.6512
564.9645,207.2611,33.0709,87.4778
565.0094,207.3797,32.9812,87.2407
565.0399,207.4605,32.9201,87.0790
564.0528,206.4946,32.8944,87.0109
564.0841,207.5774,32.8317,86.8452
564.0485,207.4833,32.9029,87.0335
564.0209,207.4103,32.9581,87.1794
563.0323,207.4402,32.9355,87.1196
563.0292,207.4322,32.9415,87.1357
563.0332,206.4427,32.9336,87.1147
562.0865,206.5836,32.8270,86.8327
562.0809,206.5688,32.8382,86.8625
562.0464,206.4777,32.9071,87.0446
560.9924,205.3347,33.0152,87.3305
560.9760,205.2913,33.0480,87.4174
560.9443,205.2075,33.1114,87.5851
560.8950,205.0772,33.2099,87.8456
559.8784,205.0331,33.2432,87.9338
559.8721,205.0166,33.2557,87.9667
558.8677,205.0050,33.2645,87.9900
558.9001,206.0905,33.1999,87.8190
558.8667,206.0022,33.2667,87.9957
557.8533,205.9669,33.2933,88.0662
557.8658,206.0000,33.2683,87.9999
556.8639,206.9948,33.2722,88.0104
556.8456,206.9463,33.3089,88.1074
555.8566,206.9756,33.2867,88.0487
554.8701,207.0112,33.2599,87.9777
553.8655,206.9991,33.2690,88.0019
553.8438,206.9415,33.3126,88.1171
552.8087,206.8488,33.3826,88.3025
552.7786,206.7691,33.4429,88.4618
551.7579,206.7146,33.4841,88.5708
551.7437,206.6768,33.5127,88.6464
550.7333,206.6493,33.5335,88.7014
550.7515,206.6974,33.4971,88.6051
550.7766,206.7640,33.4467,88.4720
549.8228,206.8862,33.3543,88.2276
549.8857,207.0525,33.2286,87.8950
549.9339,207.1800,33.1322,87.6400
549.9970,208.3469,33.0060,87.3062
550.0341,208.4450,32.9318,87.1100
549.0789,208.5634,32.8423,86.8731
549.1190,208.6696,32.7620,86.6609
549.1201,208.6726,32.7598,86.6549
549.1054,208.6336,32.7892,86.7328
548.0517,208.4915,32.8967,87.0170
548.0214,208.4115,32.9572,87.1770
547.9901,208.3286,33.0198,87.3428
547.9416,208.2004,33.1168,87.5992
547.8857,207.0524,33.2287,87.8952
546.8743,207.0224,33.2514,87.9553
546.8715,207.0148,33.2571,87.9704
546.8535,206.9674,33.2929,88.0652
546.8148,206.8650,33.3704,88.2700
546.7878,207.7935,33.4244,88.4130
546.7418,207.6719,33.5164,88.6562
545.7235,207.6235,33.5529,88.7529
545.6860,207.5244,33.6279,88.9511
545.6800,207.5084,33.6400,88.9831
544.6621,207.4611,33.6757,89.0777
543.6662,207.4719,33.6676,89.0562
543.6772,207.5009,33.6457,88.9982
542.7319,206.6457,33.5362,88.7087
542.7880,206.7941,33.4240,88.4119
541.8119,206.8572,33.3763,88.2856
540.8223,206.8848,33.3554,88.2303
540.8344,206.9167,33.3313,88.1667
539.8433,205.9402,33.3135,88.1197
539.9351,206.1831,33.1299,87.6339
539.0076,206.3748,32.9849,87.2503
539.0373,206.4534,32.9255,87.0932
538.0975,206.6127,32.8050,86.7745
538.0815,206.5704,32.8370,86.8592
537.1175,206.6655,32.7651,86.6689
537.1592,206.7758,32.6817,86.4484
536.2006,206.8854,32.5989,86.2292
536.2518,207.0208,32.4965,85.9584
535.3017,207.1530,32.3965,85.6941
535.3463,207.2709,32.3074,85.4583
535.4119,207.4442,32.1763,85.1116
534.4207,207.4676,32.1586,85.0648
534.3913,207.3899,32.2174,85.2203
534.3567,207.2984,32.2866,85.4032
534.3323,207.2339,32.3353,85.5322
534.2890,207.1193,32.4220,85.7613
534.2494,207.0145,32.5012,85.9710
534.2122,205.9161,32.5756,86.1678
534.2335,205.9726,32.5329,86.0549
534.2070,206.9023,32.5861,86.1954
534.1826,206.8376,32.6349,86.3247
534.1330,206.7067,32.7340,86.5866
534.1009,206.6217,32.7982,86.7566
534.0764,206.5569,32.8472,86.8862
534.0912,207.5961,32.8176,86.8079
533.0549,207.4999,32.8903,87.0002
533.0686,207.5364,32.8627,86.9273
532.0952,207.6065,32.8097,86.7869
532.1038,207.6294,32.7924,86.7411
531.1132,207.6541,32.7737,86.6917
531.1198,207.6718,32.7604,86.6565
531.1374,207.7183,32.7252,86.5634
531.1288,207.6956,32.7423,86.6087
531.1293,207.6967,32.7415,86.6065
531.1404,206.7262,32.7193,86.5477
531.1754,206.8188,32.6492,86.3624
532.2073,206.9033,32.5853,86.1934
532.2051,206.8974,32.5898,86.2052
532.2325,206.9697,32.5351,86.0606
533.2513,207.0197,32.4973,85.9607
533.2863,207.1121,32.4275,85.7759
534.3238,207.2114,32.3524,85.5773
535.4122,207.4451,32.1756,85.1097
536.4458,207.5341,32.1083,84.9318
537.4957,207.6660,32.0086,84.6680
538.5393,207.7814,31.9214,84.4372
538.5342,207.7681,31.9315,84.4639
539.5031,206.6854,31.9939,84.6292
540.5219,206.7353,31.9562,84.5294
540.5408,206.7855,31.9183,84.4291
541.4433,205.5274,32.1134,84.9452
542.4362,205.5085,32.1277,84.9829
543.4183,204.4613,32.1634,85.0775
544.4749,204.6111,32.0502,84.7778
544.5142,204.7148,31.9717,84.5704
545.5717,204.8671,31.8566,84.2658
546.5645,204.8480,31.8710,84.3040
546.5534,204.8187,31.8932,84.3625
547.5953,204.9294,31.8095,84.1411
548.6127,204.9756,31.7746,84.0489
548.6138,205.9786,31.7723,84.0428
549.6058,205.9573,31.7884,84.0854
549.5632,205.8446,31.8736,84.3109
549.5706,205.8641,31.8589,84.2718
549.5678,205.8569,31.8643,84.2863
550.5277,204.7508,31.9445,84.4984
550.5040,204.6880,31.9920,84.6241
550.4978,204.6716,32.0044,84.6569
551.5023,204.6835,31.9954,84.6330
551.4136,204.4488,32.1728,85.1023
551.3531,204.2889,32.2937,85.4221
552.3132,204.1832,32.3737,85.6335
552.2728,204.0764,32.4545,85.8473
553.2723,204.0751,32.4554,85.8498
553.2881,204.1168,32.4239,85.7663
554.3524,205.2869,32.2953,85.4262
554.3190,205.1986,32.3620,85.6028
554.3907,205.3885,32.2185,85.2231
555.4457,205.5339,32.1085,84.9323
555.5239,205.7408,31.9521,84.5185
556.5853,205.9032,31.8293,84.1937
556.6064,205.9588,31.7873,84.0825
557.5834,204.8980,31.8332,84.2040
558.5840,204.8996,31.8320,84.2007
558.6090,204.9658,31.7819,84.0683
559.5824,204.8954,31.8352,84.2091
560.5220,204.7356,31.9560,84.5288
560.5074,204.6970,31.9852,84.6061
561.4910,204.6538,32.0179,84.6925
562.4830,204.6325,32.0340,84.7350
562.4551,204.5586,32.0898,84.8828
563.4411,204.5216,32.1178,84.9569
564.4620,204.5768,32.0761,84.8465
565.4907,205.6527,32.0187,84.6946
566.5004,205.6786,31.9991,84.6428
567.4930,205.6590,32.0139,84.6819
567.5022,205.6832,31.9957,84.6337
568.5452,205.7971,31.9095,84.4058
568.5875,205.9090,31.8249,84.1820
569.6630,206.1085,31.6741,83.7830
569.6705,207.1283,31.6591,83.7434
570.6632,207.1092,31.6736,83.7817
570.6380,207.0424,31.7241,83.9153
571.6627,207.1077,31.6747,83.7847
572.6801,207.1537,31.6399,83.6926
573.7079,207.2275,31.5841,83.5449
574.7153,207.2471,31.5693,83.5058
575.7008,207.2086,31.5984,83.5828
576.6722,207.1330,31.6556,83.7340
576.6487,207.0708,31.7025,83.8583
577.6799,208.1533,31.6402,83.6934
578.6811,208.1565,31.6378,83.6870
578.6591,208.0982,31.6818,83.8035
579.6913,208.1834,31.6175,83.6333
579.7020,208.2117,31.5960,83.5766
579.7101,209.2332,31.5798,83.5337
580.7170,209.2514,31.5660,83.4971
580.6957,209.1949,31.6087,83.6101
580.6826,209.1605,31.6348,83.6791
580.6678,209.1214,31.6643,83.7571
581.6641,209.1116,31.6717,83.7768
581.5935,208.9247,31.8130,84.1506
581.5614,208.8398,31.8773,84.3205
581.4960,208.6670,32.0079,84.6660
581.4614,208.5753,32.0772,84.8494
582.4274,209.4855,32.1451,85.0291
582.3375,209.2474,32.3251,85.5051
582.2838,209.1054,32.4325,85.7892
582.2307,208.9649,32.5388,86.0703
583.1824,208.8372,32.6353,86.3255
583.1580,209.7728,32.6840,86.4544
583.1189,209.6693,32.7622,86.6614
583.0798,209.5661,32.8403,86.8678
583.0667,210.5314,32.8665,86.9373
583.0446,210.4727,32.9109,87.0546
583.0435,210.4699,32.9130,87.0601
583.0780,211.5611,32.8440,86.8777
582.0482,211.4823,32.9036,87.0354
582.0572,211.5061,32.8856,86.9877
582.0609,211.5158,32.8783,86.9684
582.0308,211.4361,32.9385,87.1277
582.0019,211.3598,32.9963,87.2804
581.9861,211.3182,33.0277,87.3636
581.9683,211.2711,33.0633,87.4578
581.9646,211.2612,33.0708,87.4776
581.9671,211.2678,33.0658,87.4644
581.9872,211.3209,33.0257,87.3583
582.0131,211.3894,32.9738,87.2211
582.0480,211.4819,32.9039,87.0361
583.1089,212.6429,32.7822,86.7142
583.1188,212.6692,32.7623,86.6615
583.1567,212.7693,32.6866,86.4614
583.2105,212.9117,32.5790,86.1767
583.2980,214.1430,32.4041,85.7140
584.3416,214.2585,32.3167,85.4829
584.3458,214.2697,32.3083,85.4607
584.3221,214.2070,32.3557,85.5859
584.3092,214.1727,32.3816,85.6545
585.2926,214.1288,32.4148,85.7425
585.2286,213.9595,32.5428,86.0809
585.1844,213.8428,32.6311,86.3144
585.1759,213.8201,32.6482,86.3598
585.1840,213.8414,32.6321,86.3172
586.1767,213.8222,32.6467,86.3557
586.1373,213.7182,32.7253,86.5637
586.1368,214.7167,32.7264,86.5666
586.1129,214.6535,32.7742,86.6930
586.0963,214.6095,32.8074,86.7810
587.0860,215.5823,32.8280,86.8354
587.0349,215.4472,32.9302,87.1056
587.0090,215.3787,32.9819,87.2425
587.0208,216.4098,32.9584,87.1804
587.0004,216.3560,32.9991,87.2880
587.0209,216.4102,32.9582,87.1796
586.0540,216.4977,32.8920,87.0045
586.1021,216.6249,32.7958,86.7502
586.0941,216.6036,32.8119,86.7928
586.0900,216.5928,32.8201,86.8144
586.1082,216.6410,32.7836,86.7180
586.1146,216.6581,32.7707,86.6838
586.1169,217.6640,32.7663,86.6721
586.0794,217.5649,32.8411,86.8701
586.1028,217.6268,32.7944,86.7464
586.1320,217.7040,32.7360,86.5919
587.1848,217.8437,32.6304,86.3126
587.2142,217.9215,32.5715,86.1570
587.2653,218.0566,32.4694,85.8868
587.2920,218.1273,32.4160,85.7455
588.3493,218.2788,32.3014,85.4424
588.3527,218.2879,32.2945,85.4242
588.3856,218.3747,32.2289,85.2505
588.4165,218.4565,32.1670,85.0870
588.4630,218.5797,32.0739,84.8407
589.4634,218.5806,32.0732,84.8389
589.4573,218.5645,32.0854,84.8711
589.4424,218.5251,32.1152,84.9499
590.4194,218.4642,32.1612,85.0715
590.3925,218.3929,32.2151,85.2143
590.3635,218.3163,32.2730,85.3673
590.3589,217.3041,32.2822,85.3917
591.3211,217.2041,32.3578,85.5917
591.2892,217.1200,32.4215,85.7600
591.2581,217.0375,32.4838,85.9250
591.2210,216.9394,32.5580,86.1212
592.1888,216.8543,32.6224,86.2914
592.1742,216.8155,32.6517,86.3689
592.1693,216.8025,32.6615,86.3949
593.1421,216.7307,32.7158,86.5387
593.1408,216.7273,32.7184,86.5453
593.1251,216.6858,32.7497,86.6284
593.1611,216.7809,32.6779,86.4382
593.1857,216.8459,32.6287,86.3081
593.1871,215.8497,32.6258,86.3006
593.2066,215.9013,32.5868,86.1974
593.2116,215.9146,32.5767,86.1707
593.2014,214.8876,32.5972,86.2248
593.2125,214.9171,32.5749,86.1659
593.2086,214.9065,32.5829,86.1870
593.2083,213.9059,32.5834,86.1883
593.2061,213.9000,32.5878,86.2000
593.2503,214.0170,32.4993,85.9660
593.2778,213.0896,32.4444,85.8207
593.3211,213.2042,32.3578,85.5917
593.3908,213.3886,32.2184,85.2227
594.3735,212.3427,32.2531,85.3146
594.3816,212.3642,32.2368,85.2716
594.4105,212.4406,32.1790,85.1187
594.4521,211.5507,32.0958,84.8985
594.4268,211.4837,32.1464,85.0325
593.4208,210.4679,32.1584,85.0641
593.4532,210.5538,32.0935,84.8924
593.4308,209.4945,32.1383,85.0110
593.3797,209.3592,32.2406,85.2815
593.3171,208.1935,32.3659,85.6129
593.2901,208.1222,32.4198,85.7555
593.2578,207.0368,32.4843,85.9263
592.2175,205.9303,32.5649,86.1394
592.1543,204.7630,32.6914,86.4740
592.1559,204.7671,32.6883,86.4658
592.1208,203.6745,32.7583,86.6509
592.1438,203.7352,32.7124,86.5297
592.0916,202.5971,32.8168,86.8058
592.1390,201.7226,32.7219,86.5548
592.1940,201.8680,32.6120,86.2640
591.2216,201.9409,32.5569,86.1182
591.1210,200.6748,32.7580,86.6503
591.1201,200.6726,32.7597,86.6548
589.9165,200.1340,33.1669,87.7319
589.6946,198.5469,33.6109,88.9061
588.5565,198.1815,33.8871,89.6369
587.4907,197.0078,34.0185,89.9844
586.5486,195.1609,33.9027,89.6781
586.6970,195.5533,33.6060,88.8934
586.6856,194.5233,33.6287,88.9535
586.6583,193.4510,33.6834,89.0980
585.6682,192.4771,33.6637,89.0459
585.7288,191.6374,33.5425,88.7252
585.8178,190.8729,33.3644,88.2543
585.9489,190.2196,33.1022,87.5608
586.0778,189.5607,32.8443,86.8786
586.2088,188.9072,32.5824,86.1856
586.3025,188.1549,32.3951,85.6902
586.3796,187.3590,32.2407,85.2819
586.4708,187.6000,32.0585,84.8000
586.5123,186.7100,31.9754,84.5800
586.5825,185.8956,31.8350,84.2088
586.6539,185.0844,31.6923,83.8312
586.6879,185.1743,31.6243,83.6513
586.6776,184.1473,31.6447,83.7054
586.6104,182.9694,31.7793,84.0612
586.5161,181.7198,31.9679,84.5603
586.4780,181.6191,32.0441,84.7618
586.3984,180.4085,32.2033,85.1829
585.3066,179.1659,32.3867,85.6681
585.2885,178.1179,32.4230,85.7642
585.2728,178.0764,32.4544,85.8472
585.2397,176.9889,32.5206,86.0222
585.2198,176.9363,32.5603,86.1274
585.1737,175.8143,32.6526,86.3714
585.1704,175.8056,32.6592,86.3887
585.1420,175.7303,32.7161,86.5394
585.0878,174.5871,32.8244,86.8259
585.1169,174.6640,32.7662,86.6719
585.0893,173.5911,32.8214,86.8179
584.0712,173.5433,32.8575,86.9135
584.0754,173.5544,32.8491,86.8912
583.0469,172.4788,32.9063,87.0424
583.0939,172.6033,32.8121,86.7933
582.0327,171.4412,32.9347,87.1177
582.1174,170.6655,32.7651,86.6691
581.1307,170.7005,32.7387,86.5990
581.1898,169.8567,32.6205,86.2865
581.2150,169.9235,32.5700,86.1530
581.2463,169.0064,32.5074,85.9873
581.2314,168.9671,32.5371,86.0658
581.2428,167.9970,32.5144,86.0059
581.2586,168.0389,32.4828,85.9221
581.3127,168.1820,32.3746,85.6360
581.3774,167.3532,32.2452,85.2937
581.4089,167.4363,32.1823,85.1274
581.4607,167.5734,32.0787,84.8532
581.5264,167.7474,31.9471,84.5053
582.5524,166.8161,31.8951,84.3677
582.5899,166.9153,31.8202,84.1695
582.6625,167.1074,31.6749,83.7852
582.7262,166.2757,31.5477,83.4487
583.7721,166.3972,31.4558,83.2056
583.7464,166.3291,31.5072,83.3417
583.7230,165.2673,31.5540,83.4653
583.7063,165.2231,31.5874,83.5539
583.6614,165.1045,31.6771,83.7910
584.6290,164.0185,31.7421,83.9629
583.5902,163.9161,31.8195,84.1678
583.5759,163.8782,31.8482,84.2436
583.5502,163.8102,31.8996,84.3797
583.5363,163.7733,31.9275,84.4533
582.4807,163.6265,32.0385,84.7471
582.4706,163.5998,32.0587,84.8004
582.4337,163.5020,32.1326,84.9959
582.3651,163.3205,32.2699,85.3590
582.3097,163.1740,32.3806,85.6520
581.3011,164.1513,32.3978,85.6974
581.2771,164.0878,32.4458,85.8244
581.2766,164.0865,32.4468,85.8269
580.2947,165.1345,32.4105,85.7310
580.3184,165.1970,32.3632,85.6060
579.3411,165.2571,32.3178,85.4857
579.4072,165.4320,32.1856,85.1361
579.4497,166.5443,32.1006,84.9113
579.4578,166.5657,32.0845,84.8687
579.4889,166.6481,32.0222,84.7038
579.5388,167.7801,31.9224,84.4399
579.5579,167.8306,31.8842,84.3388
579.6469,169.0660,31.7062,83.8680
580.6995,169.2051,31.6010,83.5898
580.7343,170.2972,31.5314,83.4055
580.7734,171.4006,31.4532,83.1988
580.8322,171.5560,31.3357,82.8879
581.9471,172.8600,31.1058,82.2799
581.9402,173.8419,31.1196,82.3162
581.9590,173.8917,31.0819,82.2166
582.0386,175.1021,30.9228,81.7957
583.1107,176.2927,30.7787,81.4146
583.1546,176.4089,30.6908,81.1822
583.1433,177.3790,30.7134,81.2420
584.1467,178.3880,30.7066,81.2240
584.0878,178.2324,30.8243,81.5353
584.0818,179.2166,30.8362,81.5668
585.0453,180.1198,30.9094,81.7604
584.9519,179.8728,31.0962,82.2544
584.9337,180.8246,31.1326,82.3508
585.8927,181.7162,31.2146,82.5676
585.7918,182.4493,31.4164,83.1014
585.7822,182.4240,31.4355,83.1520
586.7962,183.4609,31.4076,83.0782
586.7463,183.3290,31.5073,83.3420
586.7435,184.3215,31.5130,83.3569
587.7360,185.3018,31.5279,83.3965
588.6943,186.1913,31.6114,83.6174
588.6405,187.0490,31.7190,83.9020
589.5972,187.9345,31.8056,84.1310
589.5999,188.9416,31.8003,84.1168
589.5663,189.8527,31.8674,84.2945
590.5447,190.7958,31.9105,84.4084
590.4930,191.6589,32.0140,84.6823
590.4771,192.6169,32.0457,84.7662
591.4634,192.5805,32.0733,84.8390
591.4242,193.4770,32.1516,85.0461
591.3975,194.4064,32.2049,85.1872
592.3668,195.3251,32.2664,85.3497
593.3509,196.2831,32.2982,85.4339
593.3140,197.1853,32.3721,85.6294
594.2576,198.0361,32.4849,85.9278
594.1551,198.7651,32.6898,86.4699
595.1202,198.6730,32.7595,86.6541
596.1566,199.7690,32.6869,86.4621
597.1907,200.8594,32.6185,86.2812
598.2499,202.0160,32.5001,85.9680
599.2392,202.9875,32.5216,86.0250
600.2267,203.9545,32.5466,86.0909
601.2430,204.9975,32.5140,86.0049
602.2878,205.1161,32.4244,85.7679
603.3682,206.3286,32.2637,85.3428
604.4426,207.5254,32.1149,84.9492
605.4460,208.5347,32.1079,84.9305
606.4462,208.5352,32.1075,84.9295
607.4008,209.4150,32.1984,85.1700
608.3468,210.2722,32.3064,85.4555
609.3063,211.1651,32.3873,85.6697
610.3049,211.1612,32.3903,85.6776
611.3050,212.1616,32.3900,85.6768
613.3277,213.2216,32.3446,85.5568
614.2739,214.0795,32.4521,85.8411
615.2343,214.9745,32.5314,86.0509
616.1812,215.8340,32.6377,86.3321
617.1755,216.8191,32.6490,86.3618
618.1700,217.8047,32.6599,86.3907
619.2014,218.8877,32.5971,86.2246
620.2319,219.9682,32.5363,86.0637
622.2559,220.0318,32.4882,85.9365
623.2731,221.0772,32.4538,85.8456
624.2830,222.1032,32.4341,85.7935
624.2706,223.0708,32.4587,85.8585
625.3029,223.1559,32.3943,85.6881
626.3259,224.2169,32.3482,85.5662
627.3349,225.2407,32.3302,85.5185
628.3173,225.1942,32.3654,85.6116
629.2723,226.0750,32.4555,85.8500
630.2382,226.9850,32.5235,86.0299
630.1223,227.6783,32.7554,86.6434
630.0568,228.5050,32.8865,86.9900
631.0623,229.5196,32.8754,86.9608
631.0015,230.3588,32.9970,87.2824
630.9448,230.2088,33.1104,87.5824
630.9485,231.2187,33.1029,87.5626
630.9302,232.1703,33.1395,87.6595
630.9251,233.1568,33.1498,87.6865
630.9253,234.1572,33.1494,87.6855
629.9041,234.1010,33.1919,87.7980
629.9324,235.1760,33.1352,87.6479
628.9238,236.1534,33.1523,87.6931
627.9412,236.1994,33.1175,87.6011
626.9598,237.2484,33.0805,87.5032
625.9571,237.2414,33.0858,87.5172
624.9843,238.3134,33.0314,87.3733
623.9375,238.1895,33.1250,87.6210
622.9393,239.1944,33.1213,87.6112
621.8798,239.0370,33.2403,87.9260
620.9094,239.1152,33.1812,87.7697
620.9768,240.2935,33.0464,87.4130
619.9812,240.3051,33.0376,87.3898
620.0352,241.4479,32.9296,87.1041
620.0762,242.5564,32.8476,86.8871
621.0937,242.6027,32.8126,86.7946
622.1157,243.6608,32.7687,86.6784
623.1366,244.7161,32.7268,86.5677
624.1473,245.7446,32.7053,86.5108
626.1653,245.7922,32.6693,86.4156
627.1769,246.8228,32.6462,86.3543
629.1756,247.8193,32.6488,86.3614
630.2047,247.8963,32.5906,86.2074
