1
489.0000,235.0000,34.0000,85.0000
489.0000,235.0000,34.0000,85.0000
488.0000,235.0000,34.0000,85.0000
487.0000,235.0000,34.0000,85.0000
486.0000,235.0000,34.0000,85.0000
485.0000,235.0000,34.0000,85.0000
485.0000,235.0000,34.0000,85.0000
484.0000,236.0000,34.0000,85.0000
483.0000,237.0000,34.0000,85.0000
482.0000,237.0000,34.0000,85.0000
480.0000,238.0000,34.0000,85.0000
479.0000,239.0000,34.0000,85.0000
477.0000,240.0000,34.0000,85.0000
476.0000,241.0000,34.0000,85.0000
474.0000,242.0000,34.0000,85.0000
473.0000,242.0000,34.0000,85.0000
471.0000,243.0000,34.0000,85.0000
470.0000,244.0000,34.0000,85.0000
469.0000,245.0000,34.0000,85.0000
467.0000,246.0000,34.0000,85.0000
465.0000,246.0000,34.0000,85.0000
464.0000,246.0000,34.0000,85.0000
461.0000,246.0000,34.0000,85.0000
459.0000,246.0000,34.0000,85.0000
457.0000,246.0000,34.0000,85.0000
455.0000,247.0000,34.0000,85.0000
452.0000,246.0000,34.0000,85.0000
450.0000,246.0000,34.0000,85.0000
449.0000,246.0000,34.0000,85.0000
447.0000,246.0000,34.0000,85.0000
445.0000,246.0000,34.0000,85.0000
442.0000,246.0000,34.0000,85.0000
440.0000,246.0000,34.0000,85.0000
437.0000,246.0000,34.0000,85.0000
435.0000,245.0000,34.0000,85.0000
432.0000,245.0000,34.0000,85.0000
429.0000,244.0000,34.0000,85.0000
426.0000,243.0000,34.0000,85.0000
424.0000,242.0000,34.0000,85.0000
421.0000,241.0000,34.0000,85.0000
419.0000,240.0000,34.0000,85.0000
416.0000,240.0000,34.0000,85.0000
414.0000,240.0000,34.0000,85.0000
411.0000,240.0000,34.0000,85.0000
408.0000,240.0000,34.0000,85.0000
406.0000,240.0000,34.0000,85.0000
403.0000,240.0000,34.0000,85.0000
401.0000,240.0000,34.0000,85.0000
398.0000,241.0000,34.0000,85.0000
396.0000,241.0000,34.0000,85.0000
393.0000,242.0000,34.0000,85.0000
390.0000,242.0000,34.0000,85.0000
387.0000,242.0000,34.0000,85.0000
384.0000,243.0000,34.0000,85.0000
381.0000,243.0000,34.0000,85.0000
378.0000,243.0000,34.0000,85.0000
376.0000,243.0000,34.0000,85.0000
373.0000,243.0000,34.0000,85.0000
370.0000,243.0000,34.0000,85.0000
367.0000,243.0000,34.0000,85.0000
365.0000,242.0000,34.0000,85.0000
363.0000,242.0000,34.0000,85.0000
360.0000,242.0000,34.0000,85.0000
357.0000,242.0000,34.0000,85.0000
354.0000,242.0000,34.0000,85.0000
352.0000,242.0000,34.0000,85.0000
349.0000,242.0000,34.0000,85.0000
347.0000,243.0000,34.0000,85.0000
344.0000,243.0000,34.0000,85.0000
341.0000,243.0000,34.0000,85.0000
339.0000,243.0000,34.0000,85.0000
336.0000,242.0000,34.0000,85.0000
333.0000,242.0000,34.0000,85.0000
330.0000,242.0000,34.0000,85.0000
328.0000,241.0000,34.0000,85.0000
325.0000,241.0000,34.0000,85.0000
323.0000,241.0000,34.0000,85.0000
321.0000,240.0000,34.0000,85.0000
318.0000,240.0000,34.0000,85.0000
315.0000,240.0000,34.0000,85.0000
313.0000,240.0000,34.0000,85.0000
311.0000,241.0000,34.0000,85.0000
309.0000,241.0000,34.0000,85.0000
306.0000,242.0000,34.0000,85.0000
304.0000,243.0000,34.0000,85.0000
302.0000,244.0000,34.0000,85.0000
299.0000,245.0000,34.0000,85.0000
296.0000,245.0000,34.0000,85.0000
293.0000,246.0000,34.0000,85.0000
290.0000,246.0000,34.0000,85.0000
287.0000,247.0000,34.0000,85.0000
285.0000,247.0000,34.0000,85.0000
282.0000,248.0000,34.0000,85.0000
279.0000,248.0000,34.0000,85.0000
276.0000,248.0000,34.0000,85.0000
273.0000,249.0000,34.0000,85.0000
270.0000,248.0000,34.0000,85.0000
267.0000,248.0000,34.0000,85.0000
264.0000,249.0000,34.0000,85.0000
261.0000,249.0000,34.0000,85.0000
259.0000,249.0000,34.0000,85.0000
256.0000,250.0000,34.0000,85.0000
255.0000,250.0000,34.0000,85.0000
255.0000,250.0000,34.0000,85.0000
256.0000,249.0000,34.0000,85.0000
258.0000,247.0000,34.0000,85.0000
262.0000,245.0000,34.0000,85.0000
266.0000,242.0000,34.0000,85.0000
271.0000,239.0000,34.0000,85.0000
277.0000,235.0000,34.0000,85.0000
283.0000,231.0000,34.0000,85.0000
291.0000,227.0000,34.0000,85.0000
299.0000,223.0000,34.0000,85.0000
308.0000,219.0000,34.0000,85.0000
317.0000,216.0000,34.0000,85.0000
326.0000,213.0000,34.0000,85.0000
336.0000,209.0000,34.0000,85.0000
346.0000,207.0000,34.0000,85.0000
356.0000,204.0000,34.0000,85.0000
366.0000,201.0000,34.0000,85.0000
376.0000,199.0000,34.0000,85.0000
386.0000,197.0000,34.0000,85.0000
395.0000,195.0000,34.0000,85.0000
404.0000,193.0000,34.0000,85.0000
412.0000,190.0000,34.0000,85.0000
420.0000,188.0000,34.0000,85.0000
427.0000,186.0000,34.0000,85.0000
434.0000,184.0000,34.0000,85.0000
440.0000,182.0000,34.0000,85.0000
445.0000,180.0000,34.0000,85.0000
450.0000,178.0000,34.0000,85.0000
454.0000,176.0000,34.0000,85.0000
458.0000,174.0000,34.0000,85.0000
461.0000,172.0000,34.0000,85.0000
463.0000,171.0000,34.0000,85.0000
464.0000,171.0000,34.0000,85.0000
465.0000,170.0000,34.0000,85.0000
466.0000,169.0000,34.0000,85.0000
467.0000,168.0000,34.0000,85.0000
467.0000,167.0000,34.0000,85.0000
467.0000,166.0000,34.0000,85.0000
467.0000,164.0000,34.0000,85.0000
467.0000,163.0000,34.0000,85.0000
467.0000,161.0000,34.0000,85.0000
466.0000,160.0000,34.0000,85.0000
466.0000,158.0000,34.0000,85.0000
465.0000,157.0000,34.0000,85.0000
464.0000,155.0000,34.0000,85.0000
463.0000,154.0000,34.0000,85.0000
463.0000,153.0000,34.0000,85.0000
462.0000,152.0000,34.0000,85.0000
461.0000,152.0000,34.0000,85.0000
460.0000,152.0000,34.0000,85.0000
460.0000,152.0000,34.0000,85.0000
459.0000,152.0000,34.0000,85.0000
458.0000,152.0000,34.0000,85.0000
457.0000,151.0000,34.0000,85.0000
455.0000,151.0000,34.0000,85.0000
454.0000,151.0000,34.0000,85.0000
453.0000,150.0000,34.0000,85.0000
452.0000,150.0000,34.0000,85.0000
451.0000,149.0000,34.0000,85.0000
450.0000,149.0000,34.0000,85.0000
449.0000,148.0000,34.0000,85.0000
449.0000,147.0000,34.0000,85.0000
448.0000,146.0000,34.0000,85.0000
448.0000,146.0000,34.0000,85.0000
447.0000,146.0000,34.0000,85.0000
446.0000,147.0000,34.0000,85.0000
445.0000,147.0000,34.0000,85.0000
444.0000,147.0000,34.0000,85.0000
442.0000,147.0000,34.0000,85.0000
441.0000,147.0000,34.0000,85.0000
439.0000,147.0000,34.0000,85.0000
437.0000,147.0000,34.0000,85.0000
435.0000,147.0000,34.0000,85.0000
433.0000,147.0000,34.0000,85.0000
431.0000,147.0000,34.0000,85.0000
429.0000,147.0000,34.0000,85.0000
427.0000,146.0000,34.0000,85.0000
425.0000,146.0000,34.0000,85.0000
423.0000,147.0000,34.0000,85.0000
421.0000,148.0000,34.0000,85.0000
419.0000,149.0000,34.0000,85.0000
418.0000,150.0000,34.0000,85.0000
416.0000,152.0000,34.0000,85.0000
415.0000,153.0000,34.0000,85.0000
413.0000,154.0000,34.0000,85.0000
411.0000,156.0000,34.0000,85.0000
409.0000,157.0000,34.0000,85.0000
408.0000,158.0000,34.0000,85.0000
407.0000,159.0000,34.0000,85.0000
406.0000,160.0000,34.0000,85.0000
406.0000,160.0000,34.0000,85.0000
405.0000,161.0000,34.0000,85.0000
405.0000,161.0000,34.0000,85.0000
405.0000,161.0000,34.0000,85.0000
405.0000,161.0000,34.0000,85.0000
406.0000,162.0000,34.0000,85.0000
407.0000,162.0000,34.0000,85.0000
408.0000,163.0000,34.0000,85.0000
409.0000,164.0000,34.0000,85.0000
410.0000,165.0000,34.0000,85.0000
412.0000,166.0000,34.0000,85.0000
414.0000,166.0000,34.0000,85.0000
415.0000,166.0000,34.0000,85.0000
417.0000,166.0000,34.0000,85.0000
420.0000,166.0000,34.0000,85.0000
422.0000,166.0000,34.0000,85.0000
425.0000,166.0000,34.0000,85.0000
427.0000,166.0000,34.0000,85.0000
430.0000,166.0000,34.0000,85.0000
432.0000,166.0000,34.0000,85.0000
434.0000,166.0000,34.0000,85.0000
436.0000,167.0000,34.0000,85.0000
438.0000,168.0000,34.0000,85.0000
439.0000,169.0000,34.0000,85.0000
440.0000,170.0000,34.0000,85.0000
441.0000,172.0000,34.0000,85.0000
441.0000,173.0000,34.0000,85.0000
440.0000,175.0000,34.0000,85.0000
440.0000,176.0000,34.0000,85.0000
439.0000,177.0000,34.0000,85.0000
438.0000,178.0000,34.0000,85.0000
436.0000,179.0000,34.0000,85.0000
435.0000,179.0000,34.0000,85.0000
433.0000,180.0000,34.0000,85.0000
432.0000,181.0000,34.0000,85.0000
430.0000,182.0000,34.0000,85.0000
428.0000,183.0000,34.0000,85.0000
426.0000,184.0000,34.0000,85.0000
423.0000,186.0000,34.0000,85.0000
421.0000,188.0000,34.0000,85.0000
418.0000,190.0000,34.0000,85.0000
416.0000,192.0000,34.0000,85.0000
413.0000,193.0000,34.0000,85.0000
410.0000,195.0000,34.0000,85.0000
407.0000,196.0000,34.0000,85.0000
404.0000,197.0000,34.0000,85.0000
401.0000,198.0000,34.0000,85.0000
398.0000,199.0000,34.0000,85.0000
395.0000,199.0000,34.0000,85.0000
392.0000,199.0000,34.0000,85.0000
390.0000,200.0000,34.0000,85.0000
389.0000,201.0000,34.0000,85.0000
388.0000,201.0000,34.0000,85.0000
387.0000,202.0000,34.0000,85.0000
387.0000,203.0000,34.0000,85.0000
387.0000,204.0000,34.0000,85.0000
387.0000,205.0000,34.0000,85.0000
388.0000,206.0000,34.0000,85.0000
390.0000,207.0000,34.0000,85.0000
391.0000,207.0000,34.0000,85.0000
392.0000,208.0000,34.0000,85.0000
394.0000,208.0000,34.0000,85.0000
396.0000,208.0000,34.0000,85.0000
399.0000,208.0000,34.0000,85.0000
402.0000,208.0000,34.0000,85.0000
405.0000,208.0000,34.0000,85.0000
408.0000,207.0000,34.0000,85.0000
412.0000,207.0000,34.0000,85.0000
416.0000,206.0000,34.0000,85.0000
420.0000,206.0000,34.0000,85.0000
424.0000,206.0000,34.0000,85.0000
428.0000,206.0000,34.0000,85.0000
432.0000,206.0000,34.0000,85.0000
436.0000,206.0000,34.0000,85.0000
439.0000,206.0000,34.0000,85.0000
442.0000,206.0000,34.0000,85.0000
445.0000,206.0000,34.0000,85.0000
447.0000,206.0000,34.0000,85.0000
449.0000,206.0000,34.0000,85.0000
451.0000,205.0000,34.0000,85.0000
453.0000,205.0000,34.0000,85.0000
454.0000,204.0000,34.0000,85.0000
455.0000,204.0000,34.0000,85.0000
456.0000,204.0000,34.0000,85.0000
457.0000,204.0000,34.0000,85.0000
458.0000,204.0000,34.0000,85.0000
459.0000,204.0000,34.0000,85.0000
459.0000,205.0000,34.0000,85.0000
460.0000,206.0000,34.0000,85.0000
461.0000,207.0000,34.0000,85.0000
462.0000,208.0000,34.0000,85.0000
463.0000,209.0000,34.0000,85.0000
463.0000,209.0000,34.0000,85.0000
464.0000,210.0000,34.0000,85.0000
464.0000,210.0000,34.0000,85.0000
465.0000,211.0000,34.0000,85.0000
465.0000,211.0000,34.0000,85.0000
466.0000,211.0000,34.0000,85.0000
468.0000,211.0000,34.0000,85.0000
470.0000,211.0000,34.0000,85.0000
471.0000,211.0000,34.0000,85.0000
473.0000,211.0000,34.0000,85.0000
475.0000,211.0000,34.0000,85.0000
478.0000,211.0000,34.0000,85.0000
480.0000,212.0000,34.0000,85.0000
483.0000,212.0000,34.0000,85.0000
487.0000,213.0000,34.0000,85.0000
490.0000,213.0000,34.0000,85.0000
493.0000,213.0000,34.0000,85.0000
495.0000,212.0000,34.0000,85.0000
498.0000,212.0000,34.0000,85.0000
500.0000,211.0000,34.0000,85.0000
503.0000,210.0000,34.0000,85.0000
505.0000,209.0000,34.0000,85.0000
508.0000,208.0000,34.0000,85.0000
510.0000,208.0000,34.0000,85.0000
512.0000,207.0000,34.0000,85.0000
514.0000,207.0000,34.0000,85.0000
515.0000,207.0000,34.0000,85.0000
517.0000,208.0000,34.0000,85.0000
518.0000,208.0000,34.0000,85.0000
519.0000,209.0000,34.0000,85.0000
520.0000,209.0000,34.0000,85.0000
521.0000,209.0000,34.0000,85.0000
521.0000,210.0000,34.0000,85.0000
521.0000,210.0000,34.0000,85.0000
521.0000,210.0000,34.0000,85.0000
521.0000,210.0000,34.0000,85.0000
520.0000,210.0000,34.0000,85.0000
520.0000,209.0000,34.0000,85.0000
519.0000,209.0000,34.0000,85.0000
518.0000,209.0000,34.0000,85.0000
517.0000,210.0000,34.0000,85.0000
516.0000,210.0000,34.0000,85.0000
515.0000,211.0000,34.0000,85.0000
514.0000,212.0000,34.0000,85.0000
513.0000,213.0000,34.0000,85.0000
512.0000,213.0000,34.0000,85.0000
511.0000,214.0000,34.0000,85.0000
509.0000,214.0000,34.0000,85.0000
508.0000,214.0000,34.0000,85.0000
506.0000,214.0000,34.0000,85.0000
505.0000,214.0000,34.0000,85.0000
503.0000,214.0000,34.0000,85.0000
502.0000,213.0000,34.0000,85.0000
500.0000,213.0000,34.0000,85.0000
499.0000,213.0000,34.0000,85.0000
498.0000,212.0000,34.0000,85.0000
496.0000,213.0000,34.0000,85.0000
495.0000,213.0000,34.0000,85.0000
494.0000,214.0000,34.0000,85.0000
493.0000,215.0000,34.0000,85.0000
492.0000,215.0000,34.0000,85.0000
491.0000,216.0000,34.0000,85.0000
490.0000,216.0000,34.0000,85.0000
490.0000,216.0000,34.0000,85.0000
489.0000,216.0000,34.0000,85.0000
488.0000,216.0000,34.0000,85.0000
488.0000,216.0000,34.0000,85.0000
488.0000,216.0000,34.0000,85.0000
488.0000,216.0000,34.0000,85.0000
488.0000,216.0000,34.0000,85.0000
487.0000,216.0000,34.0000,85.0000
487.0000,216.0000,34.0000,85.0000
488.0000,216.0000,34.0000,85.0000
489.0000,216.0000,34.0000,85.0000
491.0000,216.0000,34.0000,85.0000
493.0000,216.0000,34.0000,85.0000
495.0000,216.0000,34.0000,85.0000
498.0000,216.0000,34.0000,85.0000
500.0000,216.0000,34.0000,85.0000
502.0000,216.0000,34.0000,85.0000
505.0000,216.0000,34.0000,85.0000
507.0000,217.0000,34.0000,85.0000
510.0000,217.0000,34.0000,85.0000
513.0000,216.0000,34.0000,85.0000
516.0000,214.0000,34.0000,85.0000
519.0000,212.0000,34.0000,85.0000
522.0000,210.0000,34.0000,85.0000
524.0000,207.0000,34.0000,85.0000
526.0000,205.0000,34.0000,85.0000
528.0000,203.0000,34.0000,85.0000
531.0000,202.0000,34.0000,85.0000
533.0000,201.0000,34.0000,85.0000
535.0000,201.0000,34.0000,85.0000
537.0000,201.0000,34.0000,85.0000
539.0000,201.0000,34.0000,85.0000
541.0000,201.0000,34.0000,85.0000
542.0000,201.0000,34.0000,85.0000
544.0000,200.0000,34.0000,85.0000
545.0000,199.0000,34.0000,85.0000
546.0000,197.0000,34.0000,85.0000
547.0000,196.0000,34.0000,85.0000
549.0000,194.0000,34.0000,85.0000
550.0000,193.0000,34.0000,85.0000
552.0000,192.0000,34.0000,85.0000
553.0000,192.0000,34.0000,85.0000
555.0000,191.0000,34.0000,85.0000
556.0000,191.0000,34.0000,85.0000
557.0000,190.0000,34.0000,85.0000
558.0000,189.0000,34.0000,85.0000
560.0000,188.0000,34.0000,85.0000
562.0000,186.0000,34.0000,85.0000
564.0000,184.0000,34.0000,85.0000
566.0000,182.0000,34.0000,85.0000
568.0000,181.0000,34.0000,85.0000
570.0000,180.0000,34.0000,85.0000
572.0000,179.0000,34.0000,85.0000
574.0000,179.0000,34.0000,85.0000
576.0000,179.0000,34.0000,85.0000
578.0000,178.0000,34.0000,85.0000
580.0000,177.0000,34.0000,85.0000
582.0000,176.0000,34.0000,85.0000
584.0000,175.0000,34.0000,85.0000
586.0000,174.0000,34.0000,85.0000
588.0000,172.0000,34.0000,85.0000
590.0000,171.0000,34.0000,85.0000
592.0000,170.0000,34.0000,85.0000
594.0000,169.0000,34.0000,85.0000
596.0000,168.0000,34.0000,85.0000
598.0000,167.0000,34.0000,85.0000
600.0000,166.0000,34.0000,85.0000
602.0000,166.0000,34.0000,85.0000
604.0000,166.0000,34.0000,85.0000
607.0000,166.0000,34.0000,85.0000
609.0000,166.0000,34.0000,85.0000
612.0000,165.0000,34.0000,85.0000
614.0000,165.0000,34.0000,85.0000
617.0000,163.0000,34.0000,85.0000
619.0000,162.0000,34.0000,85.0000
622.0000,161.0000,34.0000,85.0000
625.0000,160.0000,34.0000,85.0000
628.0000,158.0000,34.0000,85.0000
631.0000,156.0000,34.0000,85.0000
635.0000,154.0000,34.0000,85.0000
638.0000,153.0000,34.0000,85.0000
640.0000,152.0000,34.0000,85.0000
643.0000,152.0000,34.0000,85.0000
645.0000,151.0000,34.0000,85.0000
647.0000,151.0000,34.0000,85.0000
649.0000,151.0000,34.0000,85.0000
651.0000,151.0000,34.0000,85.0000
652.0000,151.0000,34.0000,85.0000
654.0000,150.0000,34.0000,85.0000
655.0000,149.0000,34.0000,85.0000
656.0000,149.0000,34.0000,85.0000
657.0000,148.0000,34.0000,85.0000
657.0000,147.0000,34.0000,85.0000
658.0000,146.0000,34.0000,85.0000
659.0000,145.0000,34.0000,85.0000
660.0000,145.0000,34.0000,85.0000
661.0000,145.0000,34.0000,85.0000
661.0000,145.0000,34.0000,85.0000
662.0000,145.0000,34.0000,85.0000
663.0000,145.0000,34.0000,85.0000
664.0000,146.0000,34.0000,85.0000
664.0000,146.0000,34.0000,85.0000
664.0000,146.0000,34.0000,85.0000
663.0000,145.0000,34.0000,85.0000
662.0000,144.0000,34.0000,85.0000
661.0000,144.0000,34.0000,85.0000
660.0000,143.0000,34.0000,85.0000
660.0000,142.0000,34.0000,85.0000
659.0000,141.0000,34.0000,85.0000
658.0000,140.0000,34.0000,85.0000
657.0000,139.0000,34.0000,85.0000
657.0000,138.0000,34.0000,85.0000
656.0000,137.0000,34.0000,85.0000
655.0000,137.0000,34.0000,85.0000
654.0000,137.0000,34.0000,85.0000
654.0000,137.0000,34.0000,85.0000
654.0000,137.0000,34.0000,85.0000
654.0000,137.0000,34.0000,85.0000
654.0000,137.0000,34.0000,85.0000
655.0000,137.0000,34.0000,85.0000
656.0000,136.0000,34.0000,85.0000
657.0000,136.0000,34.0000,85.0000
658.0000,135.0000,34.0000,85.0000
660.0000,135.0000,34.0000,85.0000
662.0000,134.0000,34.0000,85.0000
664.0000,134.0000,34.0000,85.0000
667.0000,133.0000,34.0000,85.0000
669.0000,133.0000,34.0000,85.0000
672.0000,134.0000,34.0000,85.0000
675.0000,134.0000,34.0000,85.0000
678.0000,134.0000,34.0000,85.0000
681.0000,135.0000,34.0000,85.0000
685.0000,135.0000,34.0000,85.0000
688.0000,135.0000,34.0000,85.0000
691.0000,135.0000,34.0000,85.0000
694.0000,135.0000,34.0000,85.0000
697.0000,135.0000,34.0000,85.0000
700.0000,134.0000,34.0000,85.0000
704.0000,134.0000,34.0000,85.0000
707.0000,133.0000,34.0000,85.0000
711.0000,132.0000,34.0000,85.0000
714.0000,132.0000,34.0000,85.0000
717.0000,132.0000,34.0000,85.0000
719.0000,132.0000,34.0000,85.0000
722.0000,132.0000,34.0000,85.0000
724.0000,132.0000,34.0000,85.0000
726.0000,132.0000,34.0000,85.0000
727.0000,133.0000,34.0000,85.0000
728.0000,133.0000,34.0000,85.0000
729.0000,133.0000,34.0000,85.0000
729.0000,133.0000,34.0000,85.0000
730.0000,133.0000,34.0000,85.0000
730.0000,133.0000,34.0000,85.0000
730.0000,132.0000,34.0000,85.0000
730.0000,132.0000,34.0000,85.0000
730.0000,131.0000,34.0000,85.0000
730.0000,131.0000,34.0000,85.0000
730.0000,130.0000,34.0000,85.0000
730.0000,130.0000,34.0000,85.0000
729.0000,130.0000,34.0000,85.0000
728.0000,131.0000,34.0000,85.0000
727.0000,131.0000,34.0000,85.0000
726.0000,132.0000,34.0000,85.0000
725.0000,132.0000,34.0000,85.0000
723.0000,132.0000,34.0000,85.0000
722.0000,132.0000,34.0000,85.0000
720.0000,132.0000,34.0000,85.0000
718.0000,131.0000,34.0000,85.0000
716.0000,131.0000,34.0000,85.0000
714.0000,130.0000,34.0000,85.0000
712.0000,129.0000,34.0000,85.0000
710.0000,129.0000,34.0000,85.0000
708.0000,128.0000,34.0000,85.0000
706.0000,128.0000,34.0000,85.0000
704.0000,127.0000,34.0000,85.0000
702.0000,127.0000,34.0000,85.0000
700.0000,128.0000,34.0000,85.0000
698.0000,128.0000,34.0000,85.0000
696.0000,129.0000,34.0000,85.0000
694.0000,129.0000,34.0000,85.0000
693.0000,130.0000,34.0000,85.0000
692.0000,130.0000,34.0000,85.0000
691.0000,130.0000,34.0000,85.0000
691.0000,130.0000,34.0000,85.0000
692.0000,130.0000,34.0000,85.0000
693.0000,130.0000,34.0000,85.0000
694.0000,129.0000,34.0000,85.0000
695.0000,129.0000,34.0000,85.0000
697.0000,129.0000,34.0000,85.0000
699.0000,129.0000,34.0000,85.0000
701.0000,130.0000,34.0000,85.0000
703.0000,131.0000,34.0000,85.0000
705.0000,132.0000,34.0000,85.0000
707.0000,133.0000,34.0000,85.0000
709.0000,134.0000,34.0000,85.0000
711.0000,134.0000,34.0000,85.0000
713.0000,135.0000,34.0000,85.0000
715.0000,135.0000,34.0000,85.0000
716.0000,136.0000,34.0000,85.0000
718.0000,136.0000,34.0000,85.0000
719.0000,136.0000,34.0000,85.0000
720.0000,136.0000,34.0000,85.0000
721.0000,136.0000,34.0000,85.0000
722.0000,135.0000,34.0000,85.0000
723.0000,135.0000,34.0000,85.0000
723.0000,135.0000,34.0000,85.0000
724.0000,135.0000,34.0000,85.0000
724.0000,136.0000,34.0000,85.0000
724.0000,137.0000,34.0000,85.0000
724.0000,137.0000,34.0000,85.0000
724.0000,138.0000,34.0000,85.0000
724.0000,138.0000,34.0000,85.0000
724.0000,139.0000,34.0000,85.0000
723.0000,139.0000,34.0000,85.0000
723.0000,139.0000,34.0000,85.0000
722.0000,139.0000,34.0000,85.0000
722.0000,139.0000,34.0000,85.0000
721.0000,138.0000,34.0000,85.0000
720.0000,138.0000,34.0000,85.0000
719.0000,137.0000,34.0000,85.0000
718.0000,137.0000,34.0000,85.0000
717.0000,137.0000,34.0000,85.0000
715.0000,137.0000,34.0000,85.0000
713.0000,138.0000,34.0000,85.0000
712.0000,138.0000,34.0000,85.0000
710.0000,139.0000,34.0000,85.0000
708.0000,139.0000,34.0000,85.0000
706.0000,140.0000,34.0000,85.0000
704.0000,140.0000,34.0000,85.0000
702.0000,140.0000,34.0000,85.0000
700.0000,140.0000,34.0000,85.0000
698.0000,140.0000,34.0000,85.0000
697.0000,139.0000,34.0000,85.0000
695.0000,139.0000,34.0000,85.0000
693.0000,139.0000,34.0000,85.0000
691.0000,139.0000,34.0000,85.0000
689.0000,139.0000,34.0000,85.0000
687.0000,139.0000,34.0000,85.0000
686.0000,139.0000,34.0000,85.0000
684.0000,140.0000,34.0000,85.0000
682.0000,140.0000,34.0000,85.0000
680.0000,141.0000,34.0000,85.0000
678.0000,142.0000,34.0000,85.0000
677.0000,142.0000,34.0000,85.0000
675.0000,143.0000,34.0000,85.0000
673.0000,143.0000,34.0000,85.0000
672.0000,143.0000,34.0000,85.0000
670.0000,144.0000,34.0000,85.0000
669.0000,144.0000,34.0000,85.0000
667.0000,144.0000,34.0000,85.0000
666.0000,144.0000,34.0000,85.0000
665.0000,144.0000,34.0000,85.0000
