1
451.5950,427.6521,156.8099,134.6957
453.0920,426.2200,157.8160,135.5599
454.6442,424.8354,158.7117,136.3293
457.2686,422.5128,159.4628,136.9745
460.0052,422.2866,159.9895,137.4269
461.9627,421.2501,160.0745,137.4999
464.1922,420.4471,159.6157,137.1058
465.2076,420.4604,159.5847,137.0792
467.0401,419.3165,159.9198,137.3670
468.5260,418.7339,158.9480,136.5322
469.1963,419.3097,157.6074,135.3807
468.7322,418.7700,156.5356,134.4601
468.3288,419.2824,155.3425,133.4352
466.7248,418.6226,154.5505,132.7549
465.2950,419.1123,153.4101,131.7753
461.5035,418.2915,152.9930,131.4170
459.0801,418.7868,151.8398,130.4265
455.6284,418.2578,150.7432,129.4845
450.1062,418.6682,149.7876,128.6637
446.5287,418.0311,148.9425,127.9378
441.0375,418.4681,147.9250,127.0638
436.0533,418.4817,147.8933,127.0366
430.6172,418.9660,146.7656,126.0679
422.0961,417.5184,147.8078,126.9631
417.3909,417.7716,147.2183,126.4567
411.8457,418.1624,146.3086,125.6753
405.3192,418.5691,145.3616,124.8619
400.8418,420.0179,144.3164,123.9641
392.6898,418.8874,144.6204,124.2252
387.1099,419.2483,143.7802,123.5035
382.5144,419.5957,142.9713,122.8086
377.9651,419.9829,142.0697,122.0342
374.3473,419.3112,141.3054,121.3777
368.6633,419.5826,140.6734,120.8348
365.0869,419.9465,139.8261,120.1071
362.4573,419.2646,139.0854,119.4708
358.5707,419.3620,138.8587,119.2760
356.1161,417.9716,139.7677,120.0569
353.7292,416.6392,140.5417,120.7217
352.0573,415.0620,141.8855,121.8760
350.3687,413.4706,143.2626,123.0589
348.7993,411.9814,144.4014,124.0371
348.4062,410.6438,145.1876,124.7124
350.0145,408.3073,145.9710,125.3854
350.4660,406.8362,147.0681,126.3277
352.2557,405.6556,147.4885,126.6889
354.7915,403.2568,148.4170,127.4864
357.3717,401.8962,149.2567,128.2077
361.2000,399.7487,149.5999,128.5025
365.1672,398.7205,149.6656,128.5590
369.1067,396.6685,149.7867,128.6629
372.2688,395.8078,149.4624,128.3844
376.3817,394.9048,149.2366,128.1905
379.9707,392.5518,150.0586,128.8965
384.1575,391.7122,149.6850,128.5756
387.0811,389.6465,149.8379,128.7069
391.2327,388.7768,149.5347,128.4464
394.3521,386.8794,149.2957,128.2412
398.4986,386.0052,149.0028,127.9896
401.5851,384.0795,148.8299,127.8410
404.8893,383.3408,148.2214,127.3184
407.8071,381.2702,148.3857,127.4595
411.1437,381.5593,147.7127,126.8814
415.9368,379.3816,148.1264,127.2368
418.0821,377.5064,147.8358,126.9872
422.3024,376.6956,147.3953,126.6088
424.7231,376.0570,146.5538,125.8860
428.7643,374.0924,146.4715,125.8152
432.0443,373.3330,145.9113,125.3341
435.1147,371.3934,145.7706,125.2132
438.3966,370.6356,145.2067,124.7289
441.7110,369.9056,144.5780,124.1888
444.9363,369.0992,144.1273,123.8017
448.7448,366.9347,144.5103,124.1306
451.9674,366.1259,144.0651,123.7482
455.0490,364.1959,143.9020,123.6082
457.4448,363.5359,143.1104,122.9281
460.6054,362.6739,142.7891,122.6522
464.5808,361.6528,142.8383,122.6944
467.5658,360.6399,142.8684,122.7203
468.9549,358.9741,142.0902,122.0518
470.4195,359.3731,141.1611,121.2537
471.8778,357.7669,140.2443,120.4663
472.4391,357.2490,139.1217,119.5020
471.7930,356.5529,138.4141,118.8941
471.0164,355.7449,137.9671,118.5102
470.2223,354.9218,137.5553,118.1565
469.3409,354.0236,137.3182,117.9528
467.4029,352.0768,137.1943,117.8464
466.6282,351.2704,136.7435,117.4592
464.9360,350.5348,136.1280,116.9305
463.2162,349.7755,135.5676,116.4491
461.4175,348.9484,135.1650,116.1033
459.5806,347.0885,134.8388,115.8231
458.0573,346.4979,133.8855,115.0042
456.5900,345.9555,132.8199,114.0889
454.0051,345.3121,131.9898,113.3759
452.4706,344.7120,131.0587,112.5761
449.8464,344.0347,130.3073,111.9306
447.2194,343.3551,129.5612,111.2897
444.4922,342.5895,129.0156,110.8211
442.7044,341.7717,128.5912,110.4566
440.0847,341.0984,127.8307,109.8033
437.3414,340.3189,127.3172,109.3622
434.6996,340.6266,126.6008,108.7469
431.6834,339.6127,126.6331,108.7746
428.6714,338.6024,126.6571,108.7952
426.8601,337.7644,126.2799,108.4712
424.0563,336.9330,125.8873,108.1340
421.2661,336.1132,125.4679,107.7737
419.3361,336.1733,125.3278,107.6534
417.3051,335.1467,125.3898,107.7067
416.2515,334.1007,125.4969,107.7987
414.2325,334.0844,125.5350,107.8313
413.3037,333.1455,125.3925,107.7089
413.3529,332.1878,125.2941,107.6244
413.4429,332.2650,125.1143,107.4699
412.5282,331.3383,124.9436,107.3234
412.4731,330.2910,125.0537,107.4180
413.3759,329.2075,125.2483,107.5851
413.3645,329.1977,125.2710,107.6046
414.2868,328.1310,125.4265,107.7381
414.3305,327.1685,125.3389,107.6629
415.2690,326.1157,125.4620,107.7687
415.3571,325.1913,125.2859,107.6174
415.5376,324.3464,124.9247,107.3071
415.6941,324.4808,124.6118,107.0383
415.6444,323.4381,124.7113,107.1238
415.6847,322.4728,124.6305,107.0544
415.7922,321.5651,124.4156,106.8698
416.0694,321.8032,123.8612,106.3936
416.0578,320.7932,123.8844,106.4135
416.1699,319.8895,123.6602,106.2209
415.3620,319.0545,123.2760,105.8909
415.6211,319.2771,122.7578,105.4458
415.8374,318.4629,122.3252,105.0742
415.0581,317.6525,121.8837,104.6950
415.3102,317.8690,121.3795,104.2619
414.3724,316.9224,121.2552,104.1552
413.4918,317.0250,121.0164,103.9500
412.6149,317.1307,120.7703,103.7386
411.6515,316.1621,120.6971,103.6757
410.7680,316.2623,120.4640,103.4755
410.9220,315.3946,120.1559,103.2109
410.0952,315.5434,119.8095,102.9133
409.2985,315.7179,119.4031,102.5642
408.3861,315.7932,119.2278,102.4136
408.2849,314.7062,119.4302,102.5875
407.4387,314.8383,119.1226,102.3233
406.4832,314.8766,119.0335,102.2467
405.6245,314.9980,118.7509,102.0040
404.6660,315.0337,118.6679,101.9327
403.7598,314.1142,118.4804,101.7716
402.9502,314.2778,118.0995,101.4445
402.0228,314.3401,117.9544,101.3198
401.9851,314.3077,118.0298,101.3846
400.9760,314.2999,118.0480,101.4002
399.9367,313.2661,118.1266,101.4677
400.0036,313.3236,117.9929,101.3529
399.1197,313.4233,117.7607,101.1534
399.1027,313.4087,117.7947,101.1826
399.0604,313.3724,117.8792,101.2552
398.9651,313.2906,118.0697,101.4189
398.8017,312.1502,118.3966,101.6996
398.0397,312.3546,117.9206,101.2907
398.0411,312.3559,117.9177,101.2883
398.0438,312.3582,117.9124,101.2837
397.9954,312.3166,118.0092,101.3669
398.9177,312.2498,118.1646,101.5004
399.0292,311.3456,117.9416,101.3088
399.2153,311.5055,117.5694,100.9891
399.3182,311.5939,117.3635,100.8122
399.3463,311.6180,117.3074,100.7641
399.3105,311.5872,117.3789,100.8255
399.2027,311.4946,117.5947,101.0108
400.1196,311.4233,117.7607,101.1534
399.9686,311.2935,118.0628,101.4129
399.7505,310.1062,118.4990,101.7876
399.8556,310.1964,118.2889,101.6071
400.8188,310.1649,118.3624,101.6703
400.8585,310.1990,118.2830,101.6021
400.8845,310.2213,118.2310,101.5574
400.8694,310.2083,118.2611,101.5833
401.7348,309.0927,118.5305,101.8146
401.8516,309.1931,118.2968,101.6139
401.9004,309.2350,118.1992,101.5301
402.8600,309.2003,118.2799,101.5994
402.8162,309.1627,118.3675,101.6747
403.7262,309.0853,118.5476,101.8293
403.6848,309.0497,118.6305,101.9006
404.5034,308.8939,118.9933,102.2122
404.4008,308.8058,119.1983,102.3883
404.2270,308.6565,119.5461,102.6870
405.0468,307.5017,119.9065,102.9966
406.0661,307.5183,119.8678,102.9634
406.1921,307.6265,119.6158,102.7469
406.1617,307.6004,119.6767,102.7992
406.1822,307.6180,119.6356,102.7639
407.0959,307.5439,119.8083,102.9123
407.0374,307.4937,119.9253,103.0127
406.8667,307.3471,120.2665,103.3059
407.6132,307.1292,120.7737,103.7415
407.4669,306.0036,121.0663,103.9928
407.4279,305.9702,121.1441,104.0597
407.3132,305.8716,121.3736,104.2568
408.0366,305.6340,121.9269,104.7321
408.0246,304.6237,121.9507,104.7526
408.2512,304.8183,121.4977,104.3634
409.1213,304.7068,121.7574,104.5864
409.1484,304.7300,121.7032,104.5399
409.0170,304.6172,121.9660,104.7657
409.0080,304.6094,121.9841,104.7812
408.8901,304.5082,122.2197,104.9836
409.7269,304.3680,122.5462,105.2640
409.9211,304.5348,122.1577,104.9304
409.8649,304.4865,122.2703,105.0270
410.7036,304.3480,122.5928,105.3041
410.7305,303.3711,122.5390,105.2578
410.9204,303.5342,122.1592,104.9316
410.7869,303.4195,122.4263,105.1610
411.7251,303.3665,122.5498,105.2671
411.7549,303.3920,122.4902,105.2159
411.6417,302.2948,122.7167,105.4105
412.5230,302.1929,122.9539,105.6142
412.4301,301.1131,123.1397,105.7739
413.3860,301.0751,123.2281,105.8498
413.3857,301.0748,123.2287,105.8503
413.2199,299.9324,123.5603,106.1351
413.1230,299.8492,123.7540,106.3015
412.9721,299.7197,124.0557,106.5607
412.7793,298.5540,124.4414,106.8920
412.6763,298.4655,124.6474,107.0689
412.5156,297.3275,124.9689,107.3451
412.5332,297.3427,124.9336,107.3147
413.1912,296.0489,125.6176,107.9023
413.1168,294.9849,125.7665,108.0302
413.1967,295.0535,125.6067,107.8929
413.0756,294.9496,125.8488,108.1009
412.8656,293.7692,126.2688,108.4617
412.6806,292.6103,126.6387,108.7794
413.0016,292.8860,125.9968,108.2280
412.6837,291.6129,126.6325,108.7741
413.8307,290.7392,126.3385,108.5215
413.9278,290.8226,126.1445,108.3549
413.6801,289.6099,126.6397,108.7803
413.8477,289.7538,126.3046,108.4924
413.3880,288.3589,127.2240,109.2822
414.3520,287.3280,127.2960,109.3440
414.3369,286.3150,127.3262,109.3700
414.3878,285.3587,127.2244,109.2825
414.3890,284.3598,127.2220,109.2804
415.3573,284.3326,127.2854,109.3349
415.3596,283.3345,127.2808,109.3309
415.1504,282.1548,127.6992,109.6903
415.9687,280.9987,128.0626,110.0025
415.9166,279.9540,128.1668,110.0920
415.8189,278.8701,128.3622,110.2598
416.7114,277.7777,128.5773,110.4446
416.9720,277.0016,128.0560,109.9968
417.0457,276.0648,127.9087,109.8703
417.0028,275.0281,127.9943,109.9439
417.9226,274.9591,128.1548,110.0817
417.9545,273.9866,128.0910,110.0269
417.7788,271.8357,128.4423,110.3287
417.6277,271.7058,128.7446,110.5883
418.3820,270.4948,129.2359,111.0104
418.6837,269.7540,128.6326,110.4921
418.7519,268.8125,128.4963,110.3750
419.5822,267.6667,128.8357,110.6665
419.8036,266.8569,128.3928,110.2862
419.8279,265.8779,128.3441,110.2443
419.7549,264.8151,128.4903,110.3699
419.5642,263.6513,128.8716,110.6974
420.4020,261.5120,129.1960,110.9760
420.7199,260.7851,128.5601,110.4298
420.9057,259.9446,128.1886,110.1107
420.8749,258.9182,128.2502,110.1637
420.7982,257.8524,128.4035,110.2953
420.5757,256.6611,128.8487,110.6777
421.4678,255.5685,129.0645,110.8631
421.6691,254.7414,128.6618,110.5172
421.8124,253.8645,128.3752,110.2710
421.7019,252.7696,128.5961,110.4608
421.7425,251.8045,128.5150,110.3911
422.6695,250.7417,128.6610,110.5165
423.0347,250.0555,127.9306,109.8891
423.2426,250.2340,127.5149,109.5320
423.2976,249.2812,127.4048,109.4375
423.3657,248.3397,127.2687,109.3205
423.3741,247.3470,127.2518,109.3060
423.2023,246.1994,127.5955,109.6012
423.2228,246.2170,127.5544,109.5659
423.0508,245.0693,127.8984,109.8615
423.8185,243.8697,128.3630,110.2606
423.9389,243.9732,128.1222,110.0536
423.8399,242.8881,128.3202,110.2237
423.7889,241.8444,128.4221,110.3113
423.9162,241.9536,128.1676,110.0927
423.8072,240.8601,128.3855,110.2799
423.8517,240.8982,128.2967,110.2036
423.8085,239.8611,128.3831,110.2778
424.0504,239.0689,127.8992,109.8621
424.4229,239.3889,127.1542,109.2222
423.6851,239.6142,126.6297,108.7717
423.7687,238.6859,126.4626,108.6281
423.0934,238.9648,125.8132,108.0703
422.9163,238.8127,126.1674,108.3746
421.8518,238.7573,126.2963,108.4853
420.6830,237.6123,126.6339,108.7753
420.7256,237.6490,126.5487,108.7021
420.8796,237.7812,126.2408,108.4376
420.0686,237.9436,125.8627,108.1129
419.0830,237.9559,125.8340,108.0882
417.9966,237.8817,126.0069,108.2367
417.7553,236.6744,126.4894,108.6512
416.9681,236.8573,126.0637,108.2855
416.7814,236.6968,126.4372,108.6064
415.8738,236.7762,126.2523,108.4475
414.7832,236.6984,126.4336,108.6032
414.7704,236.6874,126.4592,108.6252
413.9489,236.8407,126.1021,108.3185
412.8247,236.7341,126.3505,108.5319
412.7538,236.6732,126.4923,108.6537
411.9807,236.8680,126.0386,108.2639
410.9686,236.8577,126.0628,108.2847
410.9015,236.8000,126.1971,108.4000
409.9707,236.8594,126.0587,108.2812
409.0087,236.8921,125.9826,108.2159
408.0995,236.9701,125.8010,108.0598
407.1303,236.9965,125.7394,108.0069
406.1040,236.9740,125.7919,108.0520
405.0625,236.9383,125.8750,108.1234
403.9915,236.8773,126.0171,108.2455
403.0376,236.9169,125.9248,108.1662
402.0940,236.9654,125.8120,108.0693
401.1317,236.9978,125.7365,108.0044
400.2144,237.0687,125.5713,107.8625
399.2406,237.0913,125.5188,107.8174
398.3640,237.1973,125.2719,107.6053
396.4766,237.2940,125.0468,107.4120
395.3412,237.1777,125.3175,107.6445
394.3167,238.1566,125.3667,107.6868
393.3488,238.1842,125.3023,107.6315
392.4142,238.2404,125.1717,107.5193
390.6710,238.4610,124.6580,107.0780
389.6663,238.4570,124.6674,107.0861
387.7641,238.5410,124.4718,106.9181
386.7470,238.5263,124.5060,106.9474
384.8458,239.6111,124.3084,106.7777
383.7850,239.5589,124.4300,106.8822
382.8615,239.6246,124.2769,106.7507
380.9298,240.6833,124.1403,106.6333
379.7755,240.5508,124.4489,106.8985
378.8417,240.6076,124.3167,106.7848
376.8386,240.6049,124.3229,106.7902
375.8252,240.5934,124.3496,106.8131
374.7888,240.5622,124.4223,106.8756
373.8130,240.5830,124.3740,106.8341
370.9174,241.6726,124.1653,106.6548
369.6723,241.4621,124.6553,107.0757
368.5118,241.3242,124.9764,107.3515
367.3449,241.1809,125.3101,107.6382
366.3421,241.1785,125.3158,107.6431
364.4588,241.2787,125.0825,107.4426
363.4174,241.2432,125.1651,107.5136
361.3101,241.1509,125.3799,107.6981
360.0331,241.9130,125.9339,108.1740
358.7704,241.6874,126.4593,108.6253
357.7597,241.6782,126.4806,108.6436
355.7949,241.7085,126.4102,108.5831
355.4983,242.4536,127.0034,109.0927
354.5649,242.5109,126.8702,108.9783
353.6715,242.6024,126.6570,108.7951
352.6876,243.6163,126.6247,108.7674
350.8060,243.7180,126.3879,108.5640
349.5220,243.4740,126.9560,109.0519
349.2899,244.2746,127.4203,109.4507
347.3905,244.3610,127.2191,109.2779
346.2765,245.2631,127.4471,109.4738
345.1763,245.1771,127.6474,109.6458
344.0449,245.0642,127.9103,109.8717
342.7777,244.8347,128.4445,110.3305
341.4761,245.5756,129.0478,110.8487
340.5813,245.6660,128.8374,110.6680
339.6477,245.7230,128.7046,110.5540
338.5692,245.6556,128.8617,110.6889
338.5498,245.6389,128.9003,110.7221
337.6476,245.7229,128.7048,110.5541
336.8254,245.8757,128.3492,110.2486
335.8192,245.8703,128.3616,110.2593
334.7529,245.8134,128.4942,110.3733
333.7195,245.7847,128.5609,110.4305
332.7315,245.7950,128.5370,110.4100
331.8976,245.9377,128.2048,110.1246
330.9585,245.9900,128.0829,110.0200
330.9907,246.0176,128.0187,109.9648
330.2272,245.2208,127.5456,109.5584
329.1355,245.1420,127.7290,109.7159
328.1318,245.1389,127.7363,109.7222
327.0841,245.0979,127.8318,109.8042
327.0254,245.0474,127.9492,109.9051
326.1012,245.1125,127.7976,109.7749
325.0965,245.1085,127.8070,109.7829
324.0040,245.0291,127.9921,109.9419
323.8802,244.9227,128.2396,110.1545
322.8940,243.9346,128.2120,110.1308
321.5491,243.6383,128.9019,110.7234
321.1683,243.3112,129.6635,111.3776
320.1169,243.2671,129.7662,111.4659
319.0435,243.2041,129.9129,111.5918
318.8445,243.0331,130.3110,111.9338
317.8103,242.0037,130.3794,111.9926
316.6442,241.8611,130.7115,112.2779
316.6980,240.9072,130.6040,112.1855
315.9005,241.0812,130.1991,111.8377
314.9124,241.0914,130.1752,111.8171
314.9206,240.0984,130.1588,111.8031
313.9772,239.1470,130.0457,111.7059
313.7719,238.9707,130.4563,112.0586
312.9788,238.1485,130.0424,111.7031
312.9198,238.0978,130.1603,111.8044
312.1031,237.2552,129.7939,111.4896
312.0475,237.2075,129.9049,111.5850
311.3048,236.4285,129.3904,111.1431
311.3561,236.4725,129.2878,111.0549
310.5439,235.6338,128.9123,110.7324
310.6435,235.7195,128.7129,110.5611
309.8382,234.8867,128.3235,110.2266
309.7863,233.8421,128.4274,110.3159
308.8009,233.8546,128.3982,110.2908
308.8886,232.9299,128.2228,110.1401
308.9739,232.0032,128.0522,109.9936
308.9829,231.0110,128.0341,109.9781
308.1762,231.1770,127.6476,109.6460
308.2809,230.2669,127.4383,109.4662
308.4063,229.3747,127.1873,109.2507
307.5345,228.4848,126.9309,109.0304
307.3786,228.3508,127.2428,109.2983
307.4330,227.3976,127.1339,109.2048
306.5260,227.4775,126.9480,109.0451
306.5344,226.4846,126.9313,109.0307
305.6693,226.6005,126.6614,108.7989
305.6453,225.5799,126.7095,108.8402
305.6137,225.5528,126.7725,108.8943
304.8681,224.7713,126.2639,108.4574
304.4206,224.3869,127.1589,109.2262
304.5114,224.4649,126.9773,109.0702
303.7957,223.7091,126.4087,108.5818
303.6322,222.5687,126.7355,108.8626
302.5039,222.4585,126.9923,109.0831
302.4554,222.4169,127.0891,109.1663
302.4395,222.4032,127.1209,109.1936
302.4000,221.3693,127.1999,109.2615
302.3362,221.3144,127.3276,109.3712
302.4402,221.4038,127.1196,109.1925
302.5632,221.5094,126.8736,108.9811
301.6736,220.6042,126.6529,108.7916
301.4542,220.4158,127.0915,109.1684
302.3687,220.3424,127.2625,109.3152
301.6833,219.6126,126.6333,108.7748
301.6711,219.6021,126.6579,108.7959
301.5257,219.4772,126.9485,109.0455
301.4164,219.3833,127.1671,109.2333
301.3352,218.3136,127.3295,109.3728
301.1662,218.1684,127.6676,109.6632
300.8891,217.9303,128.2219,110.1393
300.6606,217.7341,128.6787,110.5317
300.4965,216.5931,129.0070,110.8137
301.1104,216.2615,129.7791,111.4769
301.0864,216.2409,129.8272,111.5182
300.7270,214.9322,130.5460,112.1357
301.2652,214.5355,131.4695,112.9290
302.1905,214.4713,131.6190,113.0573
303.3005,213.5658,131.3990,112.8684
305.2779,213.5464,131.4443,112.9073
306.4732,212.7142,131.0535,112.5716
307.3177,212.5806,131.3646,112.8389
308.2652,211.5355,131.4695,112.9290
310.0765,211.3734,131.8469,113.2531
310.9995,210.3072,132.0011,113.3856
311.8242,210.1566,132.3517,113.6867
312.7019,210.0517,132.5962,113.8967
312.8029,209.1383,132.3943,113.7233
313.5584,208.9284,132.8832,114.1433
313.4333,207.8209,133.1334,114.3582
314.1250,207.5561,133.7499,114.8877
313.9236,207.3831,134.1528,115.2338
314.8016,206.2783,134.3969,115.4434
314.6283,206.1294,134.7434,115.7411
315.4780,206.0003,135.0441,115.9994
315.5956,205.1013,134.8089,115.7974
316.4323,204.9610,135.1355,116.0779
317.3374,203.8796,135.3252,116.2409
318.1248,203.6969,135.7505,116.6062
318.3857,202.9211,135.2286,116.1579
319.0230,202.6095,135.9539,116.7810
320.0475,202.6305,135.9050,116.7389
320.1922,201.7548,135.6157,116.4904
322.1325,201.7036,135.7350,116.5929
323.2921,200.8407,135.4158,116.3187
323.4099,200.9419,135.1801,116.1162
324.1770,199.7418,135.6460,116.5164
324.9685,199.5627,136.0630,116.8747
325.9629,198.5579,136.0742,116.8842
326.8389,198.4514,136.3222,117.0973
327.9061,197.5091,136.1879,116.9819
328.7315,196.3591,136.5369,117.2817
329.3642,196.0436,137.2716,117.9128
330.2020,194.9043,137.5961,118.1915
332.0180,193.7463,137.9639,118.5075
332.6980,193.4714,138.6040,119.0573
333.6103,193.3960,138.7794,119.2079
334.5189,192.3175,138.9622,119.3650
335.3755,191.1943,139.2491,119.6114
336.1708,190.0185,139.6583,119.9629
337.9132,189.7973,140.1735,120.4054
338.0134,188.8833,139.9733,120.2334
339.8256,188.7220,140.3488,120.5560
340.9633,187.8403,140.0734,120.3194
341.9603,186.8377,140.0793,120.3246
342.6937,186.6087,140.6127,120.7827
343.7131,185.6254,140.5737,120.7492
344.4229,184.3761,141.1541,121.2477
346.1819,184.1690,141.6363,121.6619
346.0992,183.0980,141.8017,121.8040
347.7730,182.8179,142.4539,122.3643
347.8095,181.8492,142.3810,122.3017
349.6128,181.6802,142.7744,122.6395
350.5015,180.5846,142.9971,122.8308
351.2444,180.3638,143.5112,123.2725
351.0868,180.2284,143.8265,123.5432
351.7607,179.9483,144.4785,124.1034
352.7177,178.9114,144.5645,124.1772
353.4965,178.7214,145.0070,124.5573
354.2348,178.4966,145.5304,125.0069
355.9489,178.2510,146.1021,125.4980
355.6730,178.0140,146.6540,125.9720
357.4960,177.8620,147.0079,126.2761
359.3026,177.6958,147.3949,126.6085
359.2529,177.6531,147.4942,126.6937
360.8674,177.3220,148.2653,127.3561
360.7816,177.2483,148.4369,127.5035
362.4521,176.9653,149.0958,128.0695
363.4821,176.9911,149.0357,128.0179
363.5005,177.0068,148.9990,127.9863
364.3419,176.8706,149.3162,128.2588
365.1645,176.7182,149.6711,128.5636
364.9832,176.5625,150.0336,128.8750
365.9716,177.5525,150.0568,128.8950
366.8489,177.4472,150.3022,129.1057
366.7780,177.3862,150.4440,129.2276
367.5638,177.2022,150.8725,129.5956
368.4920,178.1406,151.0160,129.7189
368.2160,177.9035,151.5680,130.1930
368.3546,179.0226,151.2907,129.9548
368.2151,179.9027,151.5699,130.1946
369.0949,179.7995,151.8102,130.4011
370.0009,180.7187,151.9982,130.5625
369.9500,181.6750,152.0999,130.6499
369.9111,182.6416,152.1778,130.7169
369.6879,183.4499,152.6242,131.1003
369.4554,184.2501,153.0893,131.4998
369.2939,184.1114,153.4123,131.7772
369.3053,185.1212,153.3894,131.7576
368.4616,186.2555,153.0768,131.4890
368.1343,186.9743,153.7314,132.0513
367.2406,187.0656,153.5188,131.8687
367.3368,188.1483,153.3264,131.7034
366.3867,189.1912,153.2265,131.6177
365.2465,189.0707,153.5070,131.8586
365.2694,190.0904,153.4611,131.8192
364.4781,191.2697,153.0438,131.4607
363.5206,192.3061,152.9588,131.3877
362.5341,193.3177,152.9318,131.3645
362.2755,194.0957,153.4489,131.8087
361.2754,195.0955,153.4493,131.8090
360.2677,197.0890,153.4645,131.8221
360.2731,198.0936,153.4538,131.8128
359.2354,200.0612,153.5291,131.8776
359.1950,201.0265,153.6100,131.9471
358.2336,203.0596,153.5328,131.8808
358.2769,204.0968,153.4462,131.8064
358.3429,205.1535,153.3141,131.6929
357.1875,206.0200,153.6251,131.9600
357.0037,207.8622,153.9926,132.2757
357.0134,208.8705,153.9732,132.2590
355.9494,209.8156,154.1011,132.3689
355.7956,211.6834,154.4088,132.6332
355.7449,212.6398,154.5102,132.7203
355.6917,213.5941,154.6166,132.8117
355.6547,215.5624,154.6906,132.8752
354.8671,216.7448,154.2657,132.5103
354.8969,217.7704,154.2061,132.4591
355.0183,218.8747,153.9633,132.2506
355.1884,220.0208,153.6231,131.9583
355.3874,220.1918,153.2251,131.6165
356.2343,221.0602,153.5314,131.8795
356.5997,222.3741,152.8006,131.2518
356.7907,222.5382,152.4186,130.9237
356.7283,223.4845,152.5434,131.0309
356.7351,224.4904,152.5297,131.0191
357.8265,224.5689,152.3470,130.8622
358.0093,225.7259,151.9814,130.5482
358.1683,225.8625,151.6634,130.2750
359.1647,226.8594,151.6706,130.2811
359.4941,227.1424,151.0117,129.7152
359.3561,228.0238,151.2878,129.9524
360.3476,229.0165,151.3049,129.9670
360.6538,229.2796,150.6924,129.4409
360.6604,230.2852,150.6792,129.4296
360.7381,230.3520,150.5237,129.2960
360.7084,231.3264,150.5832,129.3471
361.6024,231.2354,150.7953,129.5293
361.6647,232.2889,150.6706,129.4221
362.6744,232.2973,150.6511,129.4054
362.8831,232.4765,150.2339,129.0471
363.0617,232.6300,149.8765,128.7401
364.0773,233.6433,149.8454,128.7133
364.3588,233.8851,149.2824,128.2298
365.6058,234.0973,148.7885,127.8055
365.6084,235.0995,148.7833,127.8010
365.6525,235.1374,148.6949,127.7251
365.6220,235.1112,148.7560,127.7775
366.4510,235.9643,149.0979,128.0713
367.7282,236.2024,148.5436,127.5951
367.7409,237.2134,148.5181,127.5733
368.4862,238.9946,149.0275,128.0108
368.5426,240.0430,148.9147,127.9139
368.2158,241.7623,149.5685,128.4755
369.4482,242.9619,149.1035,128.0761
369.7321,244.2058,148.5358,127.5884
370.7585,245.2285,148.4829,127.5430
370.7607,246.2303,148.4786,127.5393
371.5240,248.0270,148.9521,127.9460
371.7261,249.2007,148.5477,127.5987
372.4564,250.9689,149.0873,128.0622
372.4906,252.9983,149.0188,128.0033
373.5479,255.0476,148.9042,127.9048
373.0011,257.5779,149.9977,128.8442
372.3477,261.0166,151.3047,129.9669
372.7361,263.4912,152.5279,131.0176
373.0755,265.9238,153.8490,132.1523
373.1725,268.0071,153.6551,131.9858
372.9744,270.8369,154.0513,132.3261
374.1536,272.9909,153.6928,132.0181
374.3341,275.1460,153.3318,131.7081
374.1744,277.0088,153.6512,131.9825
374.9583,278.8231,154.0835,132.3538
374.7036,281.6043,154.5929,132.7913
374.5261,284.4519,154.9479,133.0963
375.7057,285.6061,154.5887,132.7877
375.5349,288.4595,154.9301,133.0810
376.6227,290.5349,154.7546,132.9302
376.5248,293.4508,154.9503,133.0983
378.0683,294.9177,153.8634,132.1647
378.8783,296.6134,152.2435,130.7732
380.7084,297.3264,150.5832,129.3471
381.2429,298.7855,149.5143,128.4290
382.7080,300.1851,148.5839,127.6298
383.2160,301.6214,147.5680,126.7571
384.8144,302.1354,146.3712,125.7291
385.0164,303.3089,145.9672,125.3821
385.3604,304.6044,145.2793,124.7912
386.4932,305.7185,145.0137,124.5630
387.0501,307.1969,143.8998,123.6063
388.2424,308.3620,143.5153,123.2759
389.7564,309.8036,142.4872,122.3929
390.4084,310.3637,141.1831,121.2727
390.5561,311.4905,140.8878,121.0190
390.6006,312.5288,140.7987,120.9425
391.6794,313.5964,140.6413,120.8072
393.0141,314.8839,139.9718,120.2322
393.6963,315.4699,138.6075,119.0602
393.7728,316.5356,138.4544,118.9288
393.9776,317.7115,138.0448,118.5770
395.1323,318.8444,137.7354,118.3112
395.5818,319.2305,136.8364,117.5390
395.6224,320.2654,136.7551,117.4691
396.6084,321.2534,136.7831,117.4932
396.8868,321.4925,136.2264,117.0150
396.9469,322.5442,136.1061,116.9117
397.0315,323.6168,135.9370,116.7664
398.1120,324.6860,135.7760,116.6281
398.4142,325.9455,135.1717,116.1090
398.5320,327.0467,134.9360,115.9066
399.7151,328.2040,134.5697,115.5920
399.8588,329.3275,134.2824,115.3451
399.8842,331.3493,134.2315,115.3014
400.0177,332.4639,133.9646,115.0722
400.0830,333.5201,133.8339,114.9599
400.2211,334.6386,133.5578,114.7227
400.2437,335.6580,133.5127,114.6840
400.3282,336.7306,133.3436,114.5388
401.2993,338.7058,133.4015,114.5884
401.8000,339.1359,132.4001,113.7283
402.0275,340.3313,131.9451,113.3374
402.3533,340.6111,131.2934,112.7777
402.5884,339.8131,130.8233,112.3738
402.7648,338.9646,130.4704,112.0708
402.8104,339.0038,130.3793,111.9925
402.7489,337.9510,130.5021,112.0980
402.8214,337.0132,130.3572,111.9735
402.8184,336.0106,130.3633,111.9787
402.7342,334.9384,130.5316,112.1233
402.8079,334.0016,130.3842,111.9967
402.8800,333.0636,130.2399,111.8728
403.0520,333.2113,129.8961,111.5774
403.1032,332.2553,129.7935,111.4893
403.1833,331.3241,129.6335,111.3518
403.1603,330.3044,129.6794,111.3913
404.1970,329.3359,129.6059,111.3282
404.4137,328.5220,129.1727,110.9560
404.5924,327.6755,128.8152,110.6490
404.8811,327.9236,128.2377,110.1529
404.8629,326.9079,128.2742,110.1843
404.9089,325.9474,128.1822,110.1052
405.0328,326.0538,127.9344,109.8923
405.1064,325.1171,127.7871,109.7659
405.1952,324.1933,127.6096,109.6133
405.3435,324.3207,127.3131,109.3587
406.4839,323.4413,127.0322,109.1174
406.8302,322.7388,126.3396,108.5224
407.0940,322.9654,125.8120,108.0692
406.2206,322.0741,125.5587,107.8517
406.2316,322.0835,125.5369,107.8330
406.2616,321.1093,125.4767,107.7813
406.2784,321.1237,125.4432,107.7525
406.3253,320.1641,125.3493,107.6719
406.4241,320.2489,125.1518,107.5022
406.6985,319.4846,124.6030,107.0308
405.8447,319.6102,124.3105,106.7795
405.8353,318.6021,124.3294,106.7958
405.7869,318.5605,124.4263,106.8790
405.9403,318.6923,124.1194,106.6154
406.1497,317.8722,123.7006,106.2557
405.1874,317.9045,123.6252,106.1909
405.0863,317.8177,123.8273,106.3645
405.1623,317.8830,123.6755,106.2341
404.3856,317.0748,123.2289,105.8504
404.2553,316.9629,123.4893,106.0742
404.3215,317.0198,123.3570,105.9605
404.4071,317.0933,123.1858,105.8135
403.5706,317.2337,122.8588,105.5326
403.6103,317.2679,122.7793,105.4643
403.6695,317.3187,122.6610,105.3627
402.7798,317.4135,122.4403,105.1731
402.6364,317.2903,122.7272,105.4195
401.6543,317.3056,122.6914,105.3888
401.4257,317.1093,123.1486,105.7815
401.2209,316.9333,123.5582,106.1333
400.9835,316.7294,124.0330,106.5411
400.7421,316.5221,124.5157,106.9558
400.6207,316.4178,124.7586,107.1645
400.5468,316.3543,124.9063,107.2914
399.5266,317.3369,124.9469,107.3262
399.3925,317.2218,125.2149,107.5564
399.1687,317.0295,125.6627,107.9410
398.9394,316.8326,126.1211,108.3348
398.7467,317.6670,126.5066,108.6659
397.8836,317.7846,126.2328,108.4307
397.4923,317.4485,127.0154,109.1030
397.3790,318.3512,127.2420,109.2976
397.4392,318.4029,127.1216,109.1942
397.4835,318.4409,127.0330,109.1181
397.3509,318.3271,127.2982,109.3459
397.2963,319.2801,127.4075,109.4398
396.2876,319.2726,127.4249,109.4547
396.9293,318.9649,128.1414,110.0701
396.7880,319.8435,128.4240,110.3129
396.6381,319.7148,128.7238,110.5704
396.7587,320.8184,128.4827,110.3633
396.7184,320.7837,128.5633,110.4325
395.7709,320.8288,128.4583,110.3424
395.4701,321.5704,129.0599,110.8591
394.5683,321.6548,128.8634,110.6903
395.4120,321.5206,129.1759,110.9588
394.3422,321.4606,129.3156,111.0788
394.1852,321.3257,129.6296,111.3485
393.9660,322.1375,130.0680,111.7251
393.9451,322.1195,130.1097,111.7609
393.8853,322.0681,130.2294,111.8638
393.7433,321.9462,130.5133,112.1076
393.5902,321.8147,130.8195,112.3706
393.6752,321.8877,130.6496,112.2247
393.5769,321.8033,130.8462,112.3935
393.6145,321.8355,130.7710,112.3289
393.4970,321.7346,131.0059,112.5307
393.5473,321.7778,130.9055,112.4444
393.5981,321.8215,130.8038,112.3571
393.4789,321.7191,131.0422,112.5619
393.5915,321.8158,130.8170,112.3685
392.5586,321.7875,130.8828,112.4250
392.5108,321.7465,130.9784,112.5071
393.4661,321.7080,131.0679,112.5839
392.6613,321.8758,130.6773,112.2485
392.5425,321.7737,130.9150,112.4527
392.5338,321.7662,130.9325,112.4677
392.5377,321.7695,130.9247,112.4610
392.5662,321.7940,130.8676,112.4119
392.5702,320.7975,130.8596,112.4051
393.3011,320.5663,131.3978,112.8674
392.2322,320.5071,131.5356,112.9857
392.9989,320.3068,132.0022,113.3865
392.9804,320.2909,132.0391,113.4182
393.0255,320.3296,131.9490,113.3408
393.0751,320.3722,131.8498,113.2556
393.1009,320.3943,131.7982,113.2113
393.1262,320.4161,131.7477,113.1679
393.0925,320.3871,131.8151,113.2258
393.1178,319.4089,131.7644,113.1822
392.9512,319.2658,132.0976,113.4684
392.8023,319.1379,132.3954,113.7242
392.7639,319.1049,132.4721,113.7901
392.5654,317.9344,132.8692,114.1313
392.2132,317.6319,133.5735,114.7362
392.0304,317.4749,133.9392,115.0503
391.9319,317.3902,134.1362,115.2196
391.8807,316.3463,134.2386,115.3075
391.5635,316.0738,134.8730,115.8525
391.4614,315.9861,135.0772,116.0279
390.4865,316.0076,135.0271,115.9848
391.3279,315.8715,135.3441,116.2571
391.4799,316.0019,135.0403,115.9962
391.4972,316.0168,135.0057,115.9664
390.7423,316.2274,134.5154,115.5453
391.5341,315.0486,134.9317,115.9029
391.4790,315.0012,135.0421,115.9977
391.3907,314.9253,135.2187,116.1494
391.3576,314.8969,135.2848,116.2062
391.2869,314.8362,135.4261,116.3276
391.3493,314.8898,135.3013,116.2204
391.3545,314.8943,135.2910,116.2115
391.4261,314.9557,135.1478,116.0885
391.3899,314.9247,135.2202,116.1507
391.4036,314.9364,135.1928,116.1272
391.3908,314.9254,135.2184,116.1491
390.3543,314.8941,135.2913,116.2118
391.1074,314.6820,135.7852,116.6360
391.3461,314.8870,135.3079,116.2260
391.3500,314.8904,135.3000,116.2193
391.3976,314.9312,135.2048,116.1375
391.4453,314.9723,135.1093,116.0554
390.4689,314.9926,135.0621,116.0149
391.3325,314.8754,135.3349,116.2492
390.4607,314.9855,135.0786,116.0290
390.1353,314.7059,135.7295,116.5881
390.9628,314.5578,136.0744,116.8844
389.9628,314.5578,136.0743,116.8844
389.6982,314.3305,136.6036,117.3390
389.4124,314.0851,137.1751,117.8299
389.1468,313.8568,137.7065,118.2863
388.9611,313.6974,138.0778,118.6053
388.7613,313.5257,138.4775,118.9486
388.5464,313.3411,138.9072,119.3177
388.3291,313.1545,139.3418,119.6910
388.0687,312.9308,139.8627,120.1385
387.9442,312.8239,140.1115,120.3522
387.6742,313.5919,140.6516,120.8161
387.7482,313.6555,140.5036,120.6890
387.5500,313.4853,140.8999,121.0294
386.2625,313.2383,141.4749,121.5233
386.7229,313.7748,142.5542,122.4504
385.7603,313.8069,142.4793,122.3861
385.3436,313.4490,143.3127,123.1020
384.8730,314.0448,144.2540,123.9105
384.4855,313.7119,145.0290,124.5762
384.0424,314.3313,145.9152,125.3374
383.8019,314.1247,146.3962,125.7506
383.3869,314.7682,147.2262,126.4635
383.3608,314.7458,147.2784,126.5084
383.1870,315.5965,147.6261,126.8070
383.2650,315.6636,147.4699,126.6729
383.2876,315.6829,147.4249,126.6342
383.2299,316.6334,147.5401,126.7332
383.4458,316.8188,147.1085,126.3624
383.3453,316.7325,147.3093,126.5349
382.2238,317.6281,147.5524,126.7437
382.1755,317.5867,147.6489,126.8266
381.8579,318.3139,148.2841,127.3722
381.8083,318.2712,148.3834,127.4575
381.5060,319.0115,148.9881,127.9770
381.6309,319.1188,148.7382,127.7623
381.3039,319.8379,149.3923,128.3241
381.3862,319.9087,149.2276,128.1827
381.0666,320.6341,149.8669,128.7318
381.0669,320.6344,149.8662,128.7312
380.9220,321.5099,150.1559,128.9801
379.9936,321.5714,150.0127,128.8571
380.6121,322.2437,150.7758,129.5126
379.5605,322.1993,150.8791,129.6013
379.1588,322.8543,151.6824,130.2913
379.0296,322.7433,151.9409,130.5133
378.6883,322.4502,152.6234,131.0996
378.2559,323.0788,153.4883,131.8425
378.1373,323.9769,153.7254,132.0462
378.1660,324.0016,153.6679,131.9968
378.0008,323.8596,153.9985,132.2807
377.6989,324.6003,154.6022,132.7993
376.4403,324.3782,155.1195,133.2437
375.9322,324.9417,156.1357,134.1166
375.7811,324.8120,156.4379,134.3761
375.4311,324.5113,157.1378,134.9774
375.1806,325.2961,157.6388,135.4077
374.8285,324.9937,158.3430,136.0126
374.6364,325.8287,158.7272,136.3426
374.4234,326.6458,159.1531,136.7085
374.2740,326.5174,159.4520,136.9651
374.0671,327.3397,159.8658,137.3206
373.9302,327.2221,160.1396,137.5558
373.7429,328.0612,160.5142,137.8776
372.6982,328.0229,160.6035,137.9543
372.4341,328.7960,161.1318,138.4081
372.2704,329.6554,161.4591,138.6892
372.0399,329.4573,161.9202,139.0853
371.6290,330.1044,162.7421,139.7913
371.5079,330.0004,162.9841,139.9992
371.1302,330.6759,163.7397,140.6482
370.9725,330.5405,164.0549,140.9190
369.6253,331.2423,164.7493,141.5155
369.5049,332.1388,164.9902,141.7223
369.4268,332.0717,165.1464,141.8565
370.2456,331.9161,165.5089,142.1679
370.0329,332.7334,165.9342,142.5332
368.9008,333.6199,166.1984,142.7602
368.7117,333.4575,166.5765,143.0850
369.3547,333.1508,167.2906,143.6983
369.1623,333.9855,167.6755,144.0289
369.0583,333.8963,167.8833,144.2075
368.9115,334.7701,168.1770,144.4598
368.9162,334.7741,168.1677,144.4517
368.7474,334.6292,168.5052,144.7417
369.6827,334.5736,168.6346,144.8528
369.6306,334.5289,168.7387,144.9422
369.5117,334.4268,168.9765,145.1465
369.3590,335.2956,169.2819,145.4088
369.4182,335.3464,169.1637,145.3072
370.3751,334.3094,169.2498,145.3812
370.4156,334.3442,169.1688,145.3117
371.2840,334.2311,169.4319,145.5377
371.2878,334.2344,169.4243,145.5312
372.2041,334.1625,169.5918,145.6750
372.2695,334.2187,169.4609,145.5626
373.2478,334.2001,169.5043,145.5999
373.4039,333.3342,169.1921,145.3317
373.3246,333.2660,169.3507,145.4679
374.1677,333.1313,169.6645,145.7375
374.1662,333.1299,169.6676,145.7401
375.0420,333.0233,169.9160,145.9535
375.9712,332.9625,170.0576,146.0751
376.1622,332.1265,169.6756,145.7470
376.9874,331.9763,170.0253,146.0473
377.0150,332.0001,169.9699,145.9998
377.8827,331.8864,170.2346,146.2271
378.9486,331.9430,170.1028,146.1140
379.0791,332.0551,169.8418,145.8897
380.1068,331.0789,169.7865,145.8422
380.1655,331.1293,169.6690,145.7413
381.2650,331.2148,169.4701,145.5704
382.3451,331.2836,169.3098,145.4328
383.5797,331.4851,168.8407,145.0298
383.6939,330.5833,168.6121,144.8335
383.5539,330.4630,168.8921,145.0740
384.3401,330.2793,169.3198,145.4414
385.3365,330.2763,169.3269,145.4475
386.4906,330.4086,169.0188,145.1828
386.6388,329.5359,168.7225,144.9283
387.6249,329.5240,168.7502,144.9521
387.7809,329.6579,168.4382,144.6841
388.8430,329.7113,168.3141,144.5775
389.9536,328.8062,168.0929,144.3875
390.0646,328.9016,167.8708,144.1967
390.9689,328.8194,168.0622,144.3611
391.9957,328.8425,168.0086,144.3150
393.1514,327.9762,167.6973,144.0476
393.1407,327.9670,167.7187,144.0661
394.1128,327.9430,167.7745,144.1140
395.0891,326.9226,167.8219,144.1547
395.1012,326.9331,167.7976,144.1338
395.9195,326.7770,168.1609,144.4459
396.8210,326.6924,168.3580,144.6152
397.8603,326.7261,168.2795,144.5477
399.0410,325.8813,167.9181,144.2373
399.0785,325.9136,167.8430,144.1728
399.9839,325.8323,168.0322,144.3353
401.1153,324.9452,167.7694,144.1096
401.2076,325.0245,167.5848,143.9510
402.2243,325.0388,167.5513,143.9223
403.3651,324.1598,167.2697,143.6804
404.3548,324.1509,167.2905,143.6982
405.5117,324.2856,166.9767,143.4287
406.8358,323.5641,166.3284,142.8718
406.8007,323.5339,166.3986,142.9321
406.6689,323.4207,166.6621,143.1585
407.4256,323.2117,167.1488,143.5766
408.3681,323.1623,167.2638,143.6753
409.3793,323.1719,167.2415,143.6561
409.4682,323.2483,167.0637,143.5034
410.3819,323.1742,167.2362,143.6516
411.2872,323.0929,167.4256,143.8143
411.1896,323.0090,167.6208,143.9820
411.9861,323.8342,168.0278,144.3316
411.9870,323.8350,168.0261,144.3301
412.7584,323.6386,168.4831,144.7227
413.5785,324.4841,168.8430,145.0318
413.3860,324.3188,169.2279,145.3624
414.2345,324.1886,169.5310,145.6228
415.0564,325.0356,169.8873,145.9288
414.9142,324.9135,170.1716,146.1731
415.8422,324.8517,170.3156,146.2967
415.7572,325.7786,170.4857,146.4428
416.5070,325.5637,170.9859,146.8725
417.2802,325.3689,171.4396,147.2623
417.2119,326.3102,171.5762,147.3795
418.1054,326.2187,171.7892,147.5626
418.9142,327.0545,172.1716,147.8910
418.6453,326.8235,172.7094,148.3529
419.4722,327.6748,173.0556,148.6503
419.2594,327.4920,173.4812,149.0159
420.1072,328.3614,173.7855,149.2773
420.9574,328.2326,174.0853,149.5348
420.5690,328.8990,174.8620,150.2020
421.4362,329.7850,175.1275,150.4300
421.1614,329.5489,175.6773,150.9023
422.0844,330.4828,175.8312,151.0345
423.0347,331.4401,175.9305,151.1198
422.8026,331.2406,176.3949,151.5187
422.5229,332.0004,176.9542,151.9991
423.2679,332.7815,177.4641,152.4371
423.9077,333.4720,178.1845,153.0559
423.6939,333.2884,178.6121,153.4232
424.3264,333.9727,179.3472,154.0546
424.0627,333.7462,179.8747,154.5077
423.7023,334.4366,180.5954,155.1268
424.4435,335.2143,181.1130,155.5714
425.1247,335.9404,181.7506,156.1191
424.7577,335.6252,182.4847,156.7497
425.3804,336.3011,183.2392,157.3978
425.1958,337.1425,183.6084,157.7149
425.9772,337.9548,184.0456,158.0905
425.6879,338.7063,184.6242,158.5874
426.3287,339.3977,185.3426,159.2045
426.1263,340.2239,185.7473,159.5522
425.8268,340.9666,186.3463,160.0667
426.2575,341.4776,187.4850,161.0448
426.8797,342.1531,188.2406,161.6938
426.5975,343.9106,188.8051,162.1787
426.0849,344.4703,189.8302,163.0593
426.6830,345.1252,190.6339,163.7497
426.0416,345.5742,191.9168,164.8516
426.6341,346.2242,192.7318,165.5516
426.2368,345.8829,193.5264,166.2343
426.7487,346.4637,194.5025,167.0726
426.4861,347.2381,195.0277,167.5238
427.3550,348.1255,195.2900,167.7491
428.0682,348.8791,195.8637,168.2419
427.6602,349.5286,196.6796,168.9427
428.2085,350.1406,197.5831,169.7188
427.9102,349.8845,198.1795,170.2311
428.5447,350.5705,198.9106,170.8591
428.2696,351.3342,199.4607,171.3316
428.8448,351.9692,200.3104,172.0615
428.0785,351.3111,201.8429,173.3779
428.8264,352.0945,202.3472,173.8111
428.2695,352.6161,203.4609,174.7677
428.8973,353.2964,204.2055,175.4073
429.5526,353.0003,204.8949,175.9995
429.1234,353.6316,205.7533,176.7368
429.9215,353.4583,206.1569,177.0835
430.4655,354.0665,207.0690,177.8670
429.9706,354.6414,208.0588,178.7172
430.6206,355.3408,208.7587,179.3184
431.2905,355.0572,209.4191,179.8856
430.9878,355.7972,210.0244,180.4055
431.5639,355.4331,210.8721,181.1337
432.3008,356.2071,211.3983,181.5857
432.9681,355.9213,212.0638,182.1574
432.8206,356.7946,212.3587,182.4107
433.5946,357.6005,212.8109,182.7991
434.2830,357.3328,213.4341,183.3344
433.9515,358.0481,214.0970,183.9038
434.7073,357.8383,214.5854,184.3234
435.6029,358.7487,214.7941,184.5026
435.3696,358.5483,215.2607,184.9035
435.8597,359.1103,216.2806,185.7795
435.6509,358.9309,216.6981,186.1381
436.4031,359.7180,217.1939,186.5640
436.4216,360.7339,217.1569,186.5322
437.0896,360.4488,217.8207,187.1024
436.7743,361.1779,218.4513,187.6441
437.2406,361.7195,219.5189,188.5611
436.8308,362.3675,220.3384,189.2651
437.4800,363.0661,221.0401,189.8678
437.1785,363.8072,221.6431,190.3857
437.6305,364.3365,222.7390,191.3271
437.2847,364.0394,223.4307,191.9212
437.2502,365.0098,223.4995,191.9803
438.0213,365.8131,223.9574,192.3737
437.7612,366.5897,224.4776,192.8205
437.3372,367.2256,225.3255,193.5488
437.9832,367.9215,226.0336,194.1570
437.6557,368.6401,226.6887,194.7197
437.2383,369.2816,227.5235,195.4368
437.7472,369.8597,228.5056,196.2805
437.4451,370.6003,229.1099,196.7995
438.0669,370.2754,229.8662,197.4492
437.6712,370.9355,230.6577,198.1290
437.3063,371.6220,231.3875,198.7559
437.9503,372.3163,232.0994,199.3674
437.4360,372.8745,233.1281,200.2510
438.0403,373.5346,233.9195,200.9309
437.6136,374.1681,234.7729,201.6639
438.1125,374.7377,235.7749,202.5246
437.9256,374.5771,236.1487,202.8457
438.4922,375.2049,237.0155,203.5902
438.3684,376.0985,237.2632,203.8031
438.9221,376.7152,238.1557,204.5697
438.5856,377.4261,238.8288,205.1478
439.3502,377.2238,239.2997,205.5523
439.1213,378.0273,239.7574,205.9454
439.7114,377.6752,240.5772,206.6496
439.3517,378.3662,241.2965,207.2675
438.8527,377.9375,242.2947,208.1249
439.3593,378.5137,243.2814,208.9725
440.2450,379.4156,243.5100,209.1688
440.9458,379.1585,244.1085,209.6829
440.8330,380.0617,244.3340,209.8766
441.4832,379.7612,245.0335,210.4775
441.3681,380.6624,245.2638,210.6753
442.0359,380.3770,245.9281,211.2459
441.8689,380.2336,246.2622,211.5329
442.7053,381.0930,246.5894,211.8140
442.5490,380.9588,246.9020,212.0825
443.1113,380.5828,247.7774,212.8344
443.7774,381.2960,248.4452,213.4080
443.7241,381.2502,248.5518,213.4996
444.1707,380.7749,249.6585,214.4503
445.1567,381.7628,249.6866,214.4744
444.9624,381.5959,250.0753,214.8083
445.6154,381.2978,250.7692,215.4043
446.3737,381.0902,251.2526,215.8195
446.2891,382.0176,251.4217,215.9648
447.2636,381.9957,251.4728,216.0087
448.2603,381.9929,251.4793,216.0143
449.2416,381.9768,251.5168,216.0464
450.3242,382.0477,251.3515,215.9045
450.3563,381.0753,251.2875,215.8495
451.3274,381.0504,251.3453,215.8991
452.3453,380.0658,251.3094,215.8683
453.3649,379.0826,251.2703,215.8347
454.5002,378.1989,250.9997,215.6023
454.7872,377.4454,250.4255,215.1091
455.8966,376.5394,250.2068,214.9212
456.8442,376.4944,250.3115,215.0112
456.9205,375.5599,250.1590,214.8801
457.9272,374.5657,250.1456,214.8686
458.8997,374.5421,250.2006,214.9159
458.8594,374.5074,250.2812,214.9852
458.8087,373.4639,250.3826,215.0722
459.8718,373.5181,250.2563,214.9638
459.9420,373.5784,250.1160,214.8433
460.0252,373.6499,249.9495,214.7002
461.1206,373.7318,249.7588,214.5364
461.1628,373.7680,249.6745,214.4640
462.2036,373.8031,249.5928,214.3938
462.3206,373.9036,249.3588,214.1928
462.5887,374.1339,248.8226,213.7323
462.6308,374.1701,248.7383,213.6599
462.6877,374.2189,248.6247,213.5622
462.5212,374.0759,248.9576,213.8482
463.4911,374.0501,249.0177,213.8998
463.4510,374.0156,249.0981,213.9689
463.4221,373.9908,249.1558,214.0184
463.3573,373.9351,249.2854,214.1298
464.1122,374.7246,249.7756,214.5508
463.8772,374.5227,250.2456,214.9545
463.6998,374.3704,250.6004,215.2593
463.6715,374.3460,250.6570,215.3079
463.2767,374.0070,251.4465,215.9861
463.2547,374.9880,251.4906,216.0239
463.1024,374.8572,251.7951,216.2855
462.9850,374.7563,252.0300,216.4873
462.6332,375.4542,252.7336,217.0917
462.5354,375.3701,252.9292,217.2597
461.4133,375.2652,253.1735,217.4695
460.3399,376.2022,253.3202,217.5955
460.0793,376.9784,253.8414,218.0433
459.9128,376.8353,254.1745,218.3293
458.5255,377.5027,254.9491,218.9947
457.2510,377.2669,255.4980,219.4663
455.9308,377.9918,256.1385,220.0164
454.7067,378.7993,256.5867,220.4014
453.2260,378.3864,257.5481,221.2272
452.1531,379.3238,257.6938,221.3524
449.9984,380.1909,258.0032,221.6181
448.4908,379.7549,259.0185,222.4903
446.1323,380.4469,259.7355,223.1061
443.6571,381.0388,260.6859,223.9225
442.2137,381.6580,261.5725,224.6841
438.5623,382.0984,262.8754,225.8032
436.0587,382.6658,263.8825,226.6683
433.7620,383.4109,264.4760,227.1781
431.1400,383.8767,265.7199,228.2466
429.6670,384.4704,266.6660,229.0592
426.5413,385.3624,266.9173,229.2751
424.2550,387.1165,267.4900,229.7671
421.8252,387.7473,268.3497,230.5055
419.3728,388.3587,269.2544,231.2826
417.1037,389.1275,269.7926,231.7449
413.8971,390.9501,270.2058,232.0999
411.4037,391.5263,271.1925,232.9474
408.8954,392.0896,272.2093,233.8208
405.3004,392.5786,273.3991,234.8428
402.6084,393.9842,274.7832,236.0317
398.2926,395.7129,275.4148,236.5742
396.6774,397.1844,276.6452,237.6311
393.2655,397.8307,277.4689,238.3387
389.8089,399.4384,278.3822,239.1231
387.1658,400.8860,279.6683,240.2279
