1
625.0050,317.0144,21.9899,62.9712
621.9620,316.8911,22.0761,63.2178
620.0005,317.0016,21.9989,62.9967
616.9993,316.9979,22.0014,63.0041
613.8911,316.6881,22.2178,63.6238
610.9091,316.7396,22.1819,63.5208
608.8641,316.6109,22.2717,63.7782
606.8704,316.6287,22.2593,63.7425
604.8536,316.5808,22.2928,63.8384
601.9641,316.8972,22.0718,63.2056
599.9863,316.9608,22.0273,63.0783
596.9937,317.9820,22.0125,63.0359
594.0384,318.1099,21.9233,62.7803
591.0873,318.2499,21.8254,62.5001
585.2168,318.6209,21.5664,61.7582
582.1850,318.5298,21.6300,61.9403
580.1330,319.3809,21.7340,62.2381
578.1912,319.5475,21.6176,61.9049
574.1874,318.5366,21.6252,61.9268
571.1525,317.4366,21.6951,62.1268
569.0583,317.1668,21.8835,62.6663
565.0391,316.1118,21.9219,62.7763
562.0277,316.0793,21.9446,62.8414
559.0381,316.1093,21.9237,62.7815
553.9547,314.8701,22.0907,63.2599
550.8965,315.7036,22.2071,63.5929
546.8189,316.4814,22.3622,64.0373
542.8459,317.5587,22.3082,63.8826
539.8884,317.6805,22.2231,63.6389
534.9071,319.7340,22.1858,63.5320
531.9517,319.8616,22.0967,63.2769
528.9538,319.8676,22.0924,63.2647
524.9748,318.9278,22.0505,63.1445
520.9843,317.9550,22.0314,63.0900
516.0237,317.0678,21.9527,62.8644
512.0826,317.2366,21.8347,62.5267
509.1837,318.5259,21.6327,61.9482
505.1856,318.5316,21.6287,61.9368
501.2215,319.6343,21.5570,61.7313
496.2262,320.6478,21.5476,61.7045
493.2590,320.7418,21.4819,61.5164
489.2263,320.6482,21.5473,61.7036
485.2015,319.5771,21.5969,61.8458
482.1997,318.5720,21.6005,61.8560
477.1928,317.5521,21.6144,61.8959
472.2129,316.6095,21.5743,61.7810
468.2589,316.7414,21.4822,61.5171
464.2536,315.7262,21.4928,61.5477
460.3280,316.9393,21.3440,61.1214
455.3455,317.9895,21.3090,61.0211
452.3827,319.0958,21.2347,60.8084
449.3902,320.1174,21.2196,60.7652
446.3899,320.1165,21.2202,60.7671
444.3718,320.0647,21.2564,60.8706
441.3471,317.9939,21.3059,61.0123
440.2750,315.7874,21.4501,61.4252
439.2479,314.7099,21.5042,61.5803
438.2657,314.7608,21.4686,61.4783
438.2379,313.6814,21.5241,61.6372
438.2698,313.7727,21.4603,61.4546
439.2838,314.8125,21.4325,61.3750
441.2799,314.8017,21.4401,61.3967
442.2719,314.7786,21.4562,61.4428
444.3402,312.9742,21.3196,61.0517
447.3991,311.1429,21.2017,60.7141
450.4101,309.1744,21.1798,60.6512
453.4225,307.2100,21.1549,60.5800
455.4540,306.3002,21.0919,60.3996
458.4823,305.3810,21.0355,60.2379
462.4955,304.4188,21.0091,60.1625
464.5349,304.5317,20.9302,59.9365
467.4880,304.3976,21.0239,60.2049
469.5094,304.4587,20.9812,60.0826
472.5355,303.5335,20.9290,59.9331
475.5879,302.6834,20.8243,59.6332
477.5927,300.6972,20.8147,59.6056
479.5863,298.6790,20.8273,59.6419
481.5707,297.6344,20.8585,59.7313
483.5866,296.6798,20.8268,59.6404
485.6091,295.7443,20.7818,59.5115
487.5952,294.7044,20.8096,59.5911
489.6021,294.7242,20.7958,59.5517
491.5909,294.6920,20.8183,59.6160
492.6129,293.7550,20.7743,59.4899
495.6392,291.8305,20.7215,59.3390
497.6395,289.8312,20.7211,59.3377
499.6016,287.7227,20.7969,59.5546
501.5552,285.5900,20.8895,59.8201
503.5653,284.6188,20.8694,59.7623
506.5577,283.5970,20.8846,59.8059
508.5982,282.7130,20.8036,59.5739
510.6211,282.7786,20.7578,59.4427
513.6625,282.8973,20.6749,59.2053
515.6755,282.9345,20.6489,59.1310
519.6204,281.7766,20.7592,59.4467
521.5665,280.6223,20.8670,59.7554
2
0
0
0
0
0
2
0
0
0
0
0
2
0
0
0
0
0
2
0
0
0
0
0
2
0
0
0
0
0
2
0
0
0
0
0
2
0
0
0
0
0
2
0
0
0
0
0
2
0
0
0
0
0
2
0
0
0
0
0
2
0
0
0
0
0
2
0
0
0
0
0
2
0
0
0
0
0
2
0
0
0
0
0
2
0
0
0
0
0
2
0
0
0
0
0
2
0
0
0
0
0
2
0
0
0
0
0
2
0
0
0
0
0
2
0
0
0
0
0
2
0
0
0
0
0
2
0
0
0
0
0
2
0
0
0
0
0
2
0
0
0
0
0
2
0
0
0
0
0
2
0
0
0
0
0
2
0
0
0
0
0
2
0
0
0
0
0
2
0
0
0
0
0
2
0
0
0
0
0
2
0
0
0
0
0
2
0
0
0
0
0
2
0
0
0
0
0
2
0
0
0
0
0
2
0
0
0
0
0
2
0
0
0
0
0
2
0
0
0
0
0
2
0
0
0
0
0
2
0
0
0
0
0
2
0
0
0
0
0
2
0
0
0
0
0
2
0
0
0
0
0
2
0
0
0
0
0
2
0
0
0
0
0
2
0
0
0
0
0
2
0
0
0
0
0
2
0
0
0
0
0
2
0
0
0
0
0
2
0
0
0
0
0
2
0
0
0
0
0
2
0
0
0
0
0
2
0
0
0
0
0
2
0
0
0
0
0
2
0
0
0
0
0
2
0
0
0
0
0
2
0
0
0
0
0
2
0
0
0
0
0
2
0
0
0
0
0
2
0
0
0
0
0
2
0
0
0
0
0
2
0
0
0
0
0
2
0
0
0
0
0
2
0
0
0
0
0
2
0
0
0
0
0
2
0
0
0
0
0
2
0
0
0
0
0
2
0
0
0
0
0
2
0
0
0
0
0
2
0
0
0
0
0
2
0
0
0
0
0
2
0
0
0
0
0
2
0
0
0
0
0
2
0
0
0
0
0
2
0
0
0
0
0
2
0
0
0
0
0
2
0
0
0
0
0
2
0
0
0
0
0
2
0
0
0
0
0
2
0
0
0
0
0
2
0
0
0
0
0
2
0
0
0
0
0
2
0
0
0
0
0
2
0
0
0
0
0
2
0
0
0
0
0
2
0
0
0
0
0
2
0
0
0
0
0
2
0
0
0
0
0
2
0
0
0
0
0
2
0
0
0
0
0
2
0
0
0
0
0
2
0
0
0
0
0
2
0
0
0
0
0
2
0
0
0
0
0
2
0
0
0
0
0
2
0
0
0
0
0
2
0
0
0
0
0
2
0
0
0
0
0
2
0
0
0
0
0
2
0
0
0
0
0
2
0
0
0
0
0
2
0
0
0
0
0
2
0
0
0
0
0
2
0
0
0
0
0
2
0
0
0
0
0
2
0
0
0
0
0
2
0
0
0
0
0
2
0
0
0
0
0
2
0
0
0
0
0
2
0
0
0
0
0
2
0
0
0
0
0
2
0
0
0
0
0
2
0
0
0
0
0
2
0
0
0
0
0
2
0
0
0
0
0
2
0
0
0
0
0
2
0
0
0
0
0
2
0
0
0
0
0
2
0
0
0
0
0
2
0
0
0
0
0
2
0
0
0
0
0
2
0
0
0
0
0
2
0
0
0
0
0
2
0
0
0
0
0
2
0
0
0
0
0
2
0
0
0
0
0
2
0
0
0
0
0
2
0
0
0
0
0
2
0
0
0
0
0
2
0
0
0
0
0
2
0
0
0
0
0
2
0
0
0
0
0
2
0
0
0
0
0
2
0
0
0
0
0
2
0
0
0
0
0
2
0
0
0
0
0
