1
812.0524,168.0381,10.8952,7.9238
813.0314,169.0228,10.9373,7.9544
813.0393,169.0286,10.9214,7.9429
813.0469,169.0341,10.9062,7.9318
813.0418,169.0304,10.9164,7.9392
813.0805,169.0586,10.8389,7.8829
813.0438,170.0318,10.9125,7.9364
813.0359,170.0261,10.9281,7.9477
813.0377,170.0274,10.9246,7.9452
813.0869,171.0632,10.8261,7.8736
813.0990,171.0720,10.8020,7.8560
813.1339,171.0973,10.7323,7.8053
813.1494,171.1086,10.7012,7.7827
813.1547,171.1125,10.6907,7.7751
814.1735,172.1262,10.6530,7.7477
813.1396,172.1016,10.7207,7.7969
813.1538,172.1119,10.6924,7.7763
813.1953,172.1420,10.6094,7.7159
813.2535,172.1844,10.4930,7.6313
812.2153,172.1566,10.5693,7.6868
813.2152,173.1565,10.5696,7.6870
812.2698,173.1962,10.4604,7.6076
813.2917,173.2122,10.4165,7.5756
813.3030,173.2204,10.3939,7.5592
813.3179,174.2312,10.3641,7.5375
813.3423,174.2490,10.3153,7.5020
813.3470,174.2523,10.3061,7.4953
814.3549,174.2581,10.2901,7.4837
814.2997,170.2180,10.4005,7.5640
813.3010,171.2189,10.3980,7.5622
814.2722,171.1980,10.4556,7.6041
813.2730,171.1986,10.4539,7.6029
813.2535,171.1843,10.4930,7.6313
813.2667,171.1939,10.4667,7.6121
813.2443,172.1777,10.5114,7.6446
813.1782,172.1296,10.6437,7.7408
813.1244,172.0905,10.7512,7.8191
813.1424,172.1036,10.7152,7.7929
813.1548,172.1126,10.6903,7.7747
813.1439,172.1047,10.7122,7.7907
813.1337,172.0972,10.7327,7.8056
813.1173,173.0853,10.7654,7.8294
812.0958,173.0697,10.8084,7.8606
812.0890,173.0647,10.8220,7.8706
812.0878,173.0638,10.8245,7.8723
812.0873,173.0635,10.8253,7.8730
812.0692,173.0503,10.8616,7.8993
812.0869,173.0632,10.8262,7.8736
812.1127,174.0820,10.7746,7.8361
812.0938,174.0682,10.8124,7.8636
812.0739,174.0537,10.8523,7.8926
812.0654,174.0476,10.8692,7.9049
811.0699,175.0508,10.8602,7.8984
812.0274,175.0199,10.9452,7.9602
812.0475,175.0345,10.9051,7.9310
812.0661,175.0481,10.8678,7.9038
812.0806,175.0586,10.8388,7.8827
811.0909,175.0661,10.8183,7.8678
811.1215,176.0884,10.7570,7.8233
810.1190,176.0865,10.7620,7.8269
810.0861,176.0626,10.8279,7.8748
811.0774,176.0563,10.8453,7.8875
810.0704,176.0512,10.8591,7.8975
810.0836,176.0608,10.8329,7.8785
810.0903,177.0657,10.8193,7.8686
810.0593,177.0432,10.8813,7.9137
810.0545,177.0396,10.8910,7.9207
809.0309,177.0225,10.9382,7.9551
809.0504,177.0367,10.8992,7.9267
809.0474,177.0345,10.9052,7.9310
809.0448,177.0326,10.9104,7.9348
809.0696,178.0506,10.8607,7.8987
808.0710,178.0517,10.8579,7.8966
808.0530,178.0385,10.8941,7.9230
808.0399,178.0290,10.9201,7.9419
808.0275,178.0200,10.9451,7.9600
808.0284,178.0206,10.9433,7.9587
807.0473,178.0344,10.9054,7.9312
807.0621,179.0452,10.8757,7.9096
807.0385,179.0280,10.9229,7.9440
807.0162,179.0118,10.9676,7.9765
807.0155,179.0113,10.9690,7.9774
807.0340,179.0247,10.9320,7.9506
806.0577,179.0419,10.8847,7.9161
806.0646,180.0470,10.8707,7.9060
806.0466,180.0339,10.9069,7.9323
806.0273,180.0199,10.9454,7.9603
805.0372,180.0271,10.9256,7.9459
805.0532,180.0387,10.8935,7.9226
804.0630,180.0459,10.8739,7.9083
804.0417,180.0304,10.9165,7.9393
804.0687,181.0499,10.8627,7.9001
803.0817,181.0594,10.8367,7.8812
803.0850,181.0618,10.8301,7.8764
2
0
0
0
0
0
799.1149,182.0835,10.7703,7.8329
798.1255,182.0912,10.7491,7.8175
798.1472,183.1071,10.7056,7.7859
797.1390,183.1011,10.7220,7.7978
2
0
0
0
0
0
2
0
0
0
0
0
2
0
0
0
0
0
2
0
0
0
0
0
2
0
0
0
0
0
2
0
0
0
0
0
2
0
0
0
0
0
2
0
0
0
0
0
2
0
0
0
0
0
2
0
0
0
0
0
2
0
0
0
0
0
2
0
0
0
0
0
2
0
0
0
0
0
2
0
0
0
0
0
2
0
0
0
0
0
2
0
0
0
0
0
2
0
0
0
0
0
2
0
0
0
0
0
2
0
0
0
0
0
2
0
0
0
0
0
2
0
0
0
0
0
2
0
0
0
0
0
2
0
0
0
0
0
2
0
0
0
0
0
2
0
0
0
0
0
2
0
0
0
0
0
2
0
0
0
0
0
2
0
0
0
0
0
2
0
0
0
0
0
2
0
0
0
0
0
2
0
0
0
0
0
2
0
0
0
0
0
2
0
0
0
0
0
2
0
0
0
0
0
2
0
0
0
0
0
2
0
0
0
0
0
2
0
0
0
0
0
2
0
0
0
0
0
2
0
0
0
0
0
2
0
0
0
0
0
2
0
0
0
0
0
2
0
0
0
0
0
2
0
0
0
0
0
2
0
0
0
0
0
2
0
0
0
0
0
2
0
0
0
0
0
2
0
0
0
0
0
2
0
0
0
0
0
2
0
0
0
0
0
2
0
0
0
0
0
2
0
0
0
0
0
2
0
0
0
0
0
2
0
0
0
0
0
2
0
0
0
0
0
2
0
0
0
0
0
2
0
0
0
0
0
2
0
0
0
0
0
2
0
0
0
0
0
2
0
0
0
0
0
2
0
0
0
0
0
2
0
0
0
0
0
2
0
0
0
0
0
2
0
0
0
0
0
2
0
0
0
0
0
2
0
0
0
0
0
2
0
0
0
0
0
2
0
0
0
0
0
2
0
0
0
0
0
2
0
0
0
0
0
2
0
0
0
0
0
2
0
0
0
0
0
2
0
0
0
0
0
2
0
0
0
0
0
2
0
0
0
0
0
2
0
0
0
0
0
2
0
0
0
0
0
2
0
0
0
0
0
2
0
0
0
0
0
2
0
0
0
