1
842.2281,440.0918,81.5438,32.8164
826.9353,423.9740,82.1294,33.0521
811.9606,407.9841,82.0788,33.0317
793.8754,391.9498,82.2493,33.1003
792.7946,384.9173,82.4109,33.1654
771.0460,374.8112,87.9079,35.3776
753.6991,368.6716,88.6018,35.6568
735.0649,360.8188,87.8703,35.3624
751.1442,362.8507,87.7117,35.2986
753.5363,367.0085,86.9273,34.9829
2
0
0
0
0
0
2
0
0
0
0
0
2
0
0
0
0
0
2
0
0
0
0
0
2
0
0
0
0
0
2
0
0
0
0
0
2
0
0
0
0
0
2
0
0
0
0
0
2
0
0
0
0
0
2
0
0
0
0
0
2
0
0
0
0
0
2
0
0
0
0
0
2
0
0
0
0
0
2
0
0
0
0
0
2
0
0
0
0
0
2
0
0
0
0
0
2
0
0
0
0
0
2
0
0
0
0
0
2
0
0
0
0
0
2
0
0
0
0
0
2
0
0
0
0
0
2
0
0
0
0
0
2
0
0
0
0
0
2
0
0
0
0
0
2
0
0
0
0
0
2
0
0
0
0
0
2
0
0
0
0
0
2
0
0
0
0
0
2
0
0
0
0
0
2
0
0
0
0
0
2
0
0
0
0
0
2
0
0
0
0
0
2
0
0
0
0
0
2
0
0
0
0
0
2
0
0
0
0
0
2
0
0
0
0
0
782.5689,384.4241,84.8621,34.1518
767.7339,385.4904,84.5323,34.0191
763.5320,371.4092,84.9359,34.1815
762.5712,382.4250,84.8576,34.1500
770.5455,382.4146,84.9090,34.1707
781.1225,383.6469,83.7550,33.7063
791.2990,387.7179,83.4021,33.5643
787.1169,386.6446,83.7661,33.7107
2
0
0
0
0
0
2
0
0
0
0
0
2
0
0
0
0
0
