1
950.2051,245.4449,129.5898,281.1102
947.2673,246.5797,129.4655,280.8405
945.7605,249.6497,128.4790,278.7006
943.8923,249.9357,128.2153,278.1287
939.5294,247.9792,130.9411,284.0415
936.6927,248.1641,132.6147,287.6718
933.8779,250.5658,132.2443,286.8683
932.2103,252.2869,131.5795,285.4262
927.7790,250.3514,132.4420,287.2972
925.0500,250.7700,133.9000,290.4600
926.2997,255.4810,131.4005,285.0379
923.8777,253.5656,132.2444,286.8687
922.5221,253.7941,132.9558,288.4119
921.9482,255.7185,132.1035,286.5629
920.5556,253.8667,132.8888,288.2665
920.8578,253.5223,132.2844,286.9554
920.7154,252.2134,132.5692,287.5732
920.3594,252.6104,131.2812,284.7791
922.2336,253.5067,129.5328,280.9865
922.1785,253.3872,129.6430,281.2256
921.6738,252.2923,130.6525,283.4153
920.3699,252.6332,131.2602,284.7337
918.9561,252.7355,132.0878,286.5289
917.3384,252.3956,133.3232,289.2089
915.5749,254.9087,132.8502,288.1827
915.4735,255.8580,131.0529,284.2841
914.2296,256.3288,131.5409,285.3425
913.3785,257.6519,131.2429,284.6961
912.0623,258.9659,131.8754,286.0682
909.7471,260.2822,132.5058,287.4356
907.6130,259.9913,132.7740,288.0174
905.1719,260.0346,133.6561,289.9309
904.3378,261.3942,133.3245,289.2116
904.1240,262.0997,131.7521,285.8007
902.0950,261.0368,131.8101,285.9265
901.3141,261.5123,131.3717,284.9755
900.7068,261.3640,130.5864,283.2721
899.7891,262.5425,130.4218,282.9150
898.3274,262.5409,131.3452,284.9181
897.6167,264.1686,130.7666,283.6629
896.6327,264.2032,130.7346,283.5936
894.4638,263.8369,131.0724,284.3262
893.8813,265.7426,130.2373,282.5148
893.1658,266.3596,129.6684,281.2808
891.0241,270.2215,127.9518,277.5569
890.7679,269.6659,128.4641,278.6682
889.9340,271.0261,128.1319,277.9477
889.6639,272.4402,128.6722,279.1197
889.5240,274.1368,128.9519,279.7264
890.2142,274.4646,129.5716,281.0707
890.0691,276.1499,129.8618,281.7001
890.4098,274.7197,131.1804,284.5606
891.4012,276.7010,131.1976,284.5979
890.3143,277.5125,131.3715,284.9750
892.0994,278.0464,131.8012,285.9072
892.7162,277.2153,132.5675,287.5694
894.7303,279.2457,132.5394,287.5086
896.2489,277.2015,133.5022,289.5970
897.4660,280.8416,131.0680,284.3168
899.2472,279.3669,131.5057,285.2661
900.6915,281.3307,130.6171,283.3387
900.7551,282.4687,130.4898,283.0626
901.1260,285.2732,129.7481,281.4536
901.6186,288.3418,128.7629,279.3164
902.3203,287.6948,129.3595,280.6105
902.3391,289.7356,129.3218,280.5288
904.2291,290.4969,129.5419,281.0062
904.6733,294.4606,128.6533,279.0788
905.6492,294.4084,128.7015,279.1833
905.2786,295.6044,129.4427,280.7911
904.2855,297.6193,129.4290,280.7613
904.0293,297.0635,129.9415,281.8730
903.0410,297.0890,129.9179,281.8220
902.9199,296.8262,130.1602,282.3476
901.9867,296.9711,130.0267,282.0579
902.4520,297.9805,129.0960,280.0390
902.4541,296.9851,129.0918,280.0299
903.2163,298.4692,129.5674,281.0615
903.8296,299.7996,128.3408,278.4008
903.2584,299.5605,129.4833,280.8791
903.9665,299.9273,130.0670,282.1453
903.8610,300.6985,130.2780,282.6030
904.1121,304.2430,129.7759,281.5139
902.4844,304.8815,131.0313,284.2371
904.3682,306.6295,131.2636,284.7410
903.6008,309.1340,130.7985,283.7320
904.3536,310.5977,131.2928,284.8045
905.9733,312.7728,132.0534,286.4543
905.9391,314.6986,132.1218,286.6027
908.7913,315.3781,132.4174,287.2438
909.8741,315.3885,134.2518,291.2231
911.0773,317.8292,133.8454,290.3417
912.4956,316.5674,135.0088,292.8652
915.5408,319.8346,132.9185,288.3309
919.7861,318.3667,132.4279,287.2666
922.9249,319.6678,132.1502,286.6643
924.7907,320.3767,132.4186,287.2465
927.5768,322.0820,130.8464,283.8360
930.7499,323.4574,130.5003,283.0852
932.4854,324.8838,131.0292,284.2325
934.1870,326.2364,131.6260,285.5272
936.4029,327.7047,131.1942,284.5905
937.5926,330.1162,130.8148,283.7676
938.7253,331.4040,130.5495,283.1919
940.4138,332.7285,131.1723,284.5431
940.5298,334.9801,130.9404,284.0399
940.0967,336.0405,131.8066,285.9190
940.1871,337.2367,131.6257,285.5266
939.9722,336.7706,132.0555,286.4588
938.9479,336.7177,132.1042,286.5645
937.9943,335.8185,132.0113,286.3630
937.8809,333.5724,132.2382,286.8551
937.0522,333.9439,131.8956,286.1121
937.0201,332.8744,131.9597,286.2511
934.9615,332.7473,132.0769,286.5053
933.7061,332.1931,132.5879,287.6138
932.7776,332.3485,132.4447,287.3030
931.5025,332.7516,132.9949,288.4967
929.8068,333.4117,132.3864,287.1767
928.8186,333.4373,132.3628,287.1255
927.5658,333.8889,132.8684,288.2223
926.5265,334.8036,132.9471,288.3929
925.4884,335.7210,133.0232,288.5580
923.9855,334.6301,134.0290,290.7397
923.3689,337.4618,133.2622,289.0764
921.7415,337.1007,134.5171,291.7986
921.6933,336.9963,134.6134,292.0075
921.3627,336.2792,135.2745,293.4417
920.4435,337.4543,135.1130,293.0913
920.2122,335.9526,135.5756,294.0948
920.3487,334.2487,135.3026,293.5027
919.1212,332.7553,135.7575,294.4894
920.1074,330.7253,135.7852,294.5495
919.8575,328.1833,136.2849,295.6335
918.6201,326.6683,136.7597,296.6634
918.4952,325.3972,137.0097,297.2056
917.1655,323.6822,137.6689,298.6356
917.3189,324.0148,137.3622,297.9704
915.2777,322.9255,137.4445,298.1490
914.0832,321.5036,137.8336,298.9929
911.9255,321.1614,138.1491,299.6772
909.3675,318.9510,139.2651,302.0981
908.3342,318.8788,139.3316,302.2423
906.3166,318.8406,139.3668,302.3187
903.5209,319.2838,138.9582,301.4324
900.8289,316.7827,140.3422,304.4347
898.0947,317.3592,139.8107,303.2816
895.4607,315.1531,139.0787,301.6937
893.3245,311.8577,139.3511,302.2846
891.0372,309.4038,137.9256,299.1924
888.2897,305.9514,137.4207,298.0972
886.4467,305.2921,137.1066,297.4159
883.7202,302.8853,136.5597,296.2295
882.9202,301.3192,136.1596,295.3615
880.6279,299.8544,134.7442,292.2913
878.7822,299.1890,134.4357,291.6220
876.1639,299.0171,133.6722,289.9659
874.2901,297.2908,133.4198,289.4183
872.0621,296.7963,133.8757,290.4073
868.2827,296.2748,133.4345,289.4503
866.9813,295.6208,134.0375,290.7583
865.1365,294.9576,133.7270,290.0847
864.5046,295.7561,132.9908,288.4877
863.6234,295.0138,132.7533,287.9725
862.0870,294.0194,131.8261,285.9612
862.5885,294.1073,130.8231,283.7854
862.5796,292.0880,130.8409,283.8240
862.6380,290.2147,130.7240,283.5706
861.8393,287.6513,130.3215,282.6973
861.6218,285.1796,130.7564,283.6409
859.8697,280.5481,132.2606,286.9038
859.0645,277.8015,133.8709,290.3970
858.8406,276.3158,134.3188,291.3685
857.7749,273.1733,134.4502,291.6535
856.5187,270.6175,134.9626,292.7650
855.1813,268.8857,135.6374,294.2287
854.3679,268.2905,135.2641,293.4191
853.3470,266.2450,135.3060,293.5100
851.3248,265.1969,135.3504,293.6063
849.5650,263.7179,134.8700,292.5641
848.2914,261.1244,135.4172,293.7513
846.6675,261.9402,134.6650,292.1195
845.1233,259.9289,133.7535,290.1422
844.5485,258.8514,132.9029,288.2971
841.2097,256.2857,131.5806,285.4286
840.4261,253.7552,131.1477,284.4897
838.8800,250.7397,130.2400,282.5206
837.2400,247.5206,129.5201,280.9589
836.6136,243.3310,128.7728,279.3379
835.1146,238.4177,127.7709,277.1646
834.1862,235.5732,127.6275,276.8536
833.5833,232.4346,126.8334,275.1309
833.1990,229.7702,125.6020,272.4596
831.7697,227.0081,124.4606,269.9838
830.7564,223.9792,124.4872,270.0415
828.8468,222.1754,124.3064,269.6493
828.2785,220.1119,123.4430,267.7762
827.6553,217.9291,122.6894,266.1417
827.1539,217.0108,121.6922,263.9784
826.5034,214.7690,120.9932,262.4621
825.3128,213.3554,121.3744,263.2892
824.5150,211.7940,120.9701,262.4121
824.6706,210.1316,120.6588,261.7368
823.8452,208.5103,120.3097,260.9795
823.9948,206.8349,120.0103,260.3301
824.0637,205.9842,119.8727,260.0316
824.9457,203.7285,120.1085,260.5431
824.9775,200.7974,120.0449,260.4052
824.9919,197.8285,120.0163,260.3429
825.5721,193.9180,120.8557,262.1640
825.5068,191.7762,120.9864,262.4475
826.2687,189.2599,121.4625,263.4802
825.5269,186.6505,122.9464,266.6990
825.3707,184.3119,123.2586,267.3763
824.3187,183.1991,123.3625,267.6018
824.0031,181.5143,123.9939,268.9715
823.2635,181.0794,123.4729,267.8411
823.3519,180.2710,123.2962,267.4579
822.3632,180.2955,123.2736,267.4089
821.3679,178.3056,123.2643,267.3888
820.5579,178.7178,122.8843,266.5645
820.1253,177.9488,121.7494,264.1024
819.0605,177.9774,119.8790,260.0451
819.4295,176.7778,119.1410,258.4444
818.1237,174.2837,117.7526,255.4326
817.6393,171.4023,116.7213,253.1955
817.3370,169.9156,115.3261,250.1689
816.6967,167.6960,114.6065,248.6080
816.0675,167.5003,113.8650,246.9994
815.6466,166.7565,112.7068,244.4871
813.6709,164.8092,112.6582,244.3816
812.8949,164.2951,112.2102,243.4099
812.0690,163.6728,111.8619,242.6544
810.8237,162.1407,112.3526,243.7186
809.6990,160.8702,112.6020,244.2597
809.7305,159.9385,112.5389,244.1229
808.9945,159.5112,112.0110,242.9776
809.2731,159.1155,111.4538,241.7690
808.5410,158.6967,110.9179,240.6066
808.9916,158.6742,110.0167,238.6516
809.4420,156.6510,109.1161,236.6979
810.7957,156.4182,108.4087,235.1635
811.0351,153.9376,107.9298,234.1247
811.0556,151.9821,107.8888,234.0358
811.8469,148.5294,108.3062,234.9411
811.6454,146.0924,108.7091,235.8152
811.1349,142.9851,109.7301,238.0299
811.0847,140.8760,109.8306,238.2480
811.8757,138.4226,110.2487,239.1548
810.6545,135.9429,110.6910,240.1143
810.4382,134.4737,111.1236,241.0526
809.1976,132.9517,111.6048,242.0966
809.2014,131.9599,111.5973,242.0803
808.2559,130.0782,111.4882,241.8437
807.1430,127.8333,111.7140,242.3334
806.1306,126.8064,111.7388,242.3873
805.3608,126.3058,111.2784,241.3885
804.9408,125.5639,110.1184,238.8722
803.4743,124.7212,109.0514,236.5577
801.8716,122.5831,108.2567,234.8338
801.3262,120.5691,107.3476,232.8617
799.6793,118.3350,106.6415,231.3300
798.9155,115.8476,106.1689,230.3049
798.5771,114.2827,104.8457,227.4346
797.1694,111.5674,103.6613,224.8652
795.5890,109.4777,102.8220,223.0446
794.7501,107.8272,102.4998,222.3456
793.9293,106.2160,102.1413,221.5681
792.3240,105.0722,101.3519,219.8557
791.4007,103.2384,101.1987,219.5232
789.3874,102.2095,101.2253,219.5809
787.9775,102.3206,102.0449,221.3589
786.2609,105.9351,101.4782,220.1297
785.1937,108.7895,101.6125,220.4210
782.9478,114.2559,102.1045,221.4882
781.5654,119.4265,102.8692,223.1469
779.6490,127.6078,102.7020,222.7844
778.3146,133.8824,103.3708,224.2352
778.2267,140.6917,103.5467,224.6167
777.4551,149.1874,103.0897,223.6253
776.2778,155.8026,103.4444,224.3948
776.0400,160.2867,103.9201,225.4266
774.5797,164.2882,104.8406,227.4235
773.2576,169.5895,105.4848,228.8209
771.7734,175.5392,106.4532,230.9216
771.3166,180.5483,107.3668,232.9033
770.3751,186.6753,107.2497,232.6494
769.0067,192.8761,107.9866,234.2478
769.0433,197.9556,107.9133,234.0889
768.3296,205.5766,107.3408,232.8469
767.6213,210.2093,106.7573,231.5813
766.9769,214.9807,106.0462,230.0386
767.2200,219.5080,105.5600,228.9840
766.7175,224.5871,104.5651,226.8258
765.0504,230.3093,103.8992,225.3814
764.3187,234.8914,103.3626,224.2173
763.6240,239.5535,102.7521,222.8930
762.9469,244.2540,102.1062,221.4919
762.2919,248.0023,101.4163,219.9953
761.5596,252.5831,100.8808,218.8338
761.2302,257.0379,99.5396,215.9243
760.6956,260.0472,98.6089,213.9055
760.2573,265.2659,97.4854,211.4682
759.6347,270.0845,96.7306,209.8311
759.8030,275.4496,96.3940,209.1008
759.0277,280.9370,95.9446,208.1259
759.1890,285.2868,95.6221,207.4264
759.1491,289.2003,95.7018,207.5993
758.5354,295.0384,94.9292,205.9233
758.8535,301.7285,94.2929,204.5431
759.1885,307.4549,93.6231,203.0901
758.6956,312.5550,92.6089,200.8900
758.8176,317.8196,92.3649,200.3607
758.7352,321.6409,92.5296,200.7181
758.3896,326.8913,93.2208,202.2173
759.7172,332.6020,92.5656,200.7961
759.7721,336.7209,92.4559,200.5581
759.6401,340.4347,92.7197,201.1305
760.5673,344.2769,92.8653,201.4463
761.0128,348.0739,93.9745,203.8523
760.8417,352.7028,94.3166,204.5944
760.2045,355.3205,95.5910,207.3591
760.3398,358.4449,97.3203,211.1102
760.5454,363.8908,96.9092,210.2184
759.7236,369.1082,98.5527,213.7836
760.8135,374.3032,98.3730,213.3937
760.8762,379.4391,98.2477,213.1219
760.7745,384.2186,98.4510,213.5629
760.7379,389.1392,98.5241,213.7216
761.5239,395.6748,98.9523,214.6503
761.7040,402.0655,98.5921,213.8690
761.8073,407.2896,98.3855,213.4209
762.2332,414.2134,97.5337,211.5731
761.5854,419.9777,96.8291,210.0446
761.7560,426.3477,96.4880,209.3046
761.9732,431.8188,96.0536,208.3625
762.2980,436.5234,95.4040,206.9532
762.4891,441.9379,95.0218,206.1241
762.7788,445.5663,94.4424,204.8674
763.8559,451.7336,94.2882,204.5329
764.1680,456.4105,93.6641,203.1791
764.4402,462.0012,93.1195,201.9977
764.6447,466.4446,92.7107,201.1109
764.6322,470.4175,92.7356,201.1650
764.7061,473.5778,92.5879,200.8445
765.9828,476.1782,92.0342,199.6435
766.6854,477.7022,90.6291,196.5955
767.3716,479.1906,89.2569,193.6187
768.0441,480.6494,87.9119,190.7012
768.3414,479.2943,87.3173,189.4113
768.4007,480.4230,87.1986,189.1539
769.5862,479.8255,86.8275,188.3490
769.9612,479.6389,86.0776,186.7222
771.0708,477.8766,85.8585,186.2468
771.2105,477.1797,85.5789,185.6405
770.9969,474.7165,86.0061,186.5670
771.4197,472.4643,87.1605,189.0713
770.8190,470.1612,88.3620,191.6776
770.9243,468.2205,90.1513,195.5590
770.5572,466.4241,90.8856,197.1519
770.4181,466.1224,91.1638,197.7552
770.3670,465.0115,91.2660,197.9770
770.6193,465.5587,90.7615,196.8827
770.4890,464.2760,91.0221,197.4480
770.4651,464.2243,91.0698,197.5513
770.7412,463.8232,90.5176,196.3535
770.7349,463.8097,90.5301,196.3807
770.9793,463.3397,90.0414,195.3205
771.5392,464.5542,88.9216,192.8915
771.1841,464.9532,87.6319,190.0937
771.6886,464.0475,86.6228,187.9049
772.1656,464.0825,85.6687,185.8351
772.5318,462.8767,84.9364,184.2466
771.7529,461.3562,84.4942,183.2875
772.0138,459.9223,83.9724,182.1555
772.0317,458.9612,83.9365,182.0777
772.1329,458.1806,83.7342,181.6387
773.1418,457.1999,83.7165,181.6003
773.0911,456.0898,83.8179,181.8204
773.3862,455.7299,83.2277,180.5401
774.5632,456.1141,82.8735,179.7718
774.8719,456.7838,82.2561,178.4324
776.2188,456.5360,81.5625,176.9280
776.7139,457.6101,80.5722,174.7797
777.8334,456.8695,80.3331,174.2610
778.3475,457.9846,79.3050,172.0309
779.3008,456.8834,79.3983,172.2333
780.5784,458.4855,78.8432,171.0290
782.0436,458.4946,77.9128,169.0108
783.1821,458.7950,77.6358,168.4100
784.1396,458.7029,77.7208,168.5943
785.2603,456.9647,77.4793,168.0706
784.7609,455.8812,78.4783,170.2375
786.0488,453.3365,79.9025,173.3269
786.6993,452.5785,80.6013,174.8429
787.0995,450.2775,81.8009,177.4451
787.5790,449.1482,82.8421,179.7036
788.3464,448.6438,83.3071,180.7124
788.8464,446.5591,84.3072,182.8817
789.2765,445.3228,85.4471,185.3544
790.0075,445.7393,85.9850,186.5213
791.0508,445.8333,85.8984,186.3335
792.2325,446.2273,85.5351,185.5453
792.2040,445.1656,85.5920,185.6687
793.2245,445.2102,85.5509,185.5797
794.5684,446.9560,84.8633,184.0880
794.8016,446.4619,84.3968,183.0761
795.8094,446.4788,84.3813,183.0424
795.6748,446.1869,84.6504,183.6263
796.9102,445.6974,84.1797,182.6053
796.7239,444.2933,84.5523,183.4134
797.8074,443.4745,84.3852,183.0509
798.1646,444.2493,83.6709,181.5015
799.3983,442.7562,83.2035,180.4877
799.4165,442.7957,83.1670,180.4085
800.7623,442.5460,82.4753,178.9080
800.7787,441.5815,82.4426,178.8370
801.6356,441.2712,82.7287,179.4577
801.6318,442.2628,82.7364,179.4743
802.8762,442.7928,82.2477,178.4143
804.1597,443.4080,81.6805,177.1839
804.4911,443.1270,81.0177,175.7460
805.5860,444.3327,80.8280,175.3346
805.9015,445.0170,80.1971,173.9660
806.7914,444.7783,80.4171,174.4433
808.1156,445.4816,79.7688,173.0369
808.3048,445.8920,79.3904,172.2160
809.0579,445.3563,79.8843,173.2874
810.0680,445.3783,79.8640,173.2435
811.7722,444.7365,80.4557,174.5269
812.8601,444.9273,80.2798,174.1454
813.7959,443.7880,80.4083,174.4241
814.5729,443.3043,80.8542,175.3914
815.2845,442.6786,81.4310,176.6427
816.0026,441.0671,81.9949,177.8658
816.4368,440.8399,83.1263,180.3202
817.1566,440.2320,83.6869,181.5361
817.8743,439.6195,84.2515,182.7610
818.7458,439.3408,84.5085,183.3184
819.6483,439.1293,84.7034,183.7413
820.8281,440.5193,84.3439,182.9613
821.0508,441.0025,83.8984,181.9949
822.3696,442.6940,83.2609,180.6120
823.4594,441.8887,83.0813,180.2226
823.6505,442.3033,82.6991,179.3933
823.7858,442.5969,82.4284,178.8062
824.9625,442.9803,82.0749,178.0394
825.3161,443.7472,81.3678,176.5056
825.3794,442.8845,81.2412,176.2310
825.4010,441.9314,81.1980,176.1372
825.4750,441.0919,81.0500,175.8161
825.4753,441.0927,81.0493,175.8147
825.3813,439.8887,81.2374,176.2226
826.3041,438.7212,81.3918,176.5576
826.5526,440.2601,80.8949,175.4798
827.6309,440.4300,80.7383,175.1401
827.8231,439.8470,80.3538,174.3060
827.8902,440.9926,80.2196,174.0148
829.0869,441.4191,79.8263,173.1617
829.1819,441.6254,79.6362,172.7493
829.2949,442.8704,79.4103,172.2592
830.3466,442.9825,79.3069,172.0351
830.4208,443.1436,79.1583,171.7127
831.2636,443.8026,79.4728,172.3949
832.3881,444.0728,79.2237,171.8545
833.5576,445.4403,78.8848,171.1194
833.8199,445.0094,78.3602,169.9813
834.5156,444.3492,78.9688,171.3016
835.3838,444.0633,79.2325,171.8735
836.1450,443.5453,79.7100,172.9095
836.9714,443.1689,80.0571,173.6623
836.7001,442.5803,80.5998,174.8395
837.4525,442.0432,81.0949,175.9136
838.2354,441.5722,81.5292,176.8557
838.7927,440.6118,82.4146,178.7764
839.5276,440.0368,82.9448,179.9264
839.4421,440.8512,83.1159,180.2975
840.3131,440.5715,83.3738,180.8571
841.2975,441.5377,83.4049,180.9246
841.3561,442.6649,83.2877,180.6703
842.3315,442.6115,83.3370,180.7771
843.1817,443.2865,83.6366,181.4270
843.2756,443.4901,83.4489,181.0199
843.2542,443.4436,83.4917,181.1129
843.3430,443.6363,83.3140,180.7274
843.5280,443.0375,82.9441,179.9250
843.6730,442.3521,82.6541,179.2957
843.0023,442.0666,81.9953,177.8668
843.1647,441.4189,81.6705,177.1622
842.1586,441.4056,81.6828,177.1888
842.2910,441.6927,81.4180,176.6145
842.2647,441.6358,81.4706,176.7285
842.3977,441.9243,81.2046,176.1515
841.6921,443.5630,80.6157,174.8740
841.8318,443.8659,80.3364,174.2682
842.0058,445.2433,79.9884,173.5134
842.2121,445.6909,79.5758,172.6182
842.3196,446.9241,79.3607,172.1518
842.7672,447.8949,78.4657,170.2102
842.8341,448.0402,78.3318,169.9197
842.9861,449.3698,78.0278,169.2603
843.1877,449.8072,77.6245,168.3855
843.2922,451.0339,77.4155,167.9322
843.3744,451.2121,77.2513,167.5758
844.2396,450.9196,77.5209,168.1607
843.9197,450.2257,78.1607,169.5486
843.7102,449.7713,78.5796,170.4574
844.5110,449.3393,78.9779,171.3214
844.2505,448.7742,79.4989,172.4516
844.0889,448.4235,79.8223,173.1530
844.8337,448.8700,80.3326,174.2599
843.6781,448.5325,80.6438,174.9350
844.3383,447.7954,81.3234,176.4093
843.9794,447.0169,82.0411,177.9661
843.4995,446.9758,83.0011,180.0484
843.3137,447.5728,83.3726,180.8543
843.4456,448.8590,83.1087,180.2820
843.5539,448.0938,82.8923,179.8125
843.3608,449.6750,83.2784,180.6500
842.2704,449.4789,83.4592,181.0422
842.3338,449.6164,83.3324,180.7672
842.4395,449.8456,83.1210,180.3087
841.5877,450.1672,82.8245,179.6655
840.8906,449.8241,82.2189,178.3518
840.8682,448.7756,82.2637,178.4489
839.8610,448.7601,82.2779,178.4798
839.7830,448.5908,82.4340,178.8183
839.8355,448.7047,82.3290,178.5906
839.8276,448.6877,82.3447,178.6247
838.7518,449.5230,82.4965,178.9539
838.8024,450.6329,82.3952,178.7343
838.9944,451.0494,82.0112,177.9011
839.0296,451.1258,81.9408,177.7485
838.8698,450.7790,82.2605,178.4420
838.9630,452.9813,82.0740,178.0374
839.1558,454.3994,81.6885,177.2012
839.5287,455.2086,80.9425,175.5829
839.8311,456.8643,80.3379,174.2714
839.9800,457.1875,80.0399,173.6250
840.0190,457.2720,79.9620,173.4561
840.8221,457.8448,80.3559,174.3105
840.6078,457.3800,80.7844,175.2400
841.1578,456.4040,81.6843,177.1921
840.8018,455.6316,82.3964,178.7368
841.1710,453.2633,83.6579,181.4733
840.7954,453.4485,84.4092,183.1030
840.3571,452.4977,85.2858,185.0045
840.0572,452.8472,85.8856,186.3056
839.7521,452.1854,86.4957,187.6292
839.7288,452.1347,86.5425,187.7306
839.5351,452.7146,86.9298,188.5708
839.4277,452.4817,87.1445,189.0366
839.4321,453.4912,87.1358,189.0176
839.3317,454.2734,87.3366,189.4532
839.4910,454.6190,87.0179,188.7619
839.4496,455.5291,87.1008,188.9417
838.2053,455.9991,87.5895,190.0019
838.1982,455.9839,87.6035,190.0323
837.1268,455.8288,87.7465,190.3423
836.8376,454.2016,88.3248,191.5968
835.9379,453.4192,88.1241,191.1616
836.0771,453.7212,87.8457,190.5577
835.4944,454.6263,87.0112,188.7475
835.0397,455.8092,85.9206,186.3816
835.1761,456.1052,85.6477,185.7896
834.3933,456.5762,85.2134,184.8476
834.4111,456.6149,85.1778,184.7703
834.6566,457.1474,84.6868,183.7052
833.9019,458.6795,84.1962,182.6410
834.1671,459.2548,83.6658,181.4904
834.2159,460.3606,83.5682,181.2788
834.3849,461.7274,83.2301,180.5453
833.4155,462.7937,83.1689,180.4126
833.2092,462.3461,83.5816,181.3078
834.0962,462.1010,83.8076,181.7981
834.0029,462.8987,83.9941,182.2026
833.9856,462.8610,84.0288,182.2780
834.9661,462.8186,84.0679,182.3627
834.7209,462.2869,84.5581,183.4261
834.4177,460.6291,85.1647,184.7419
833.9453,459.6044,86.1094,186.7912
832.3693,459.3550,87.2613,189.2899
831.2341,459.0618,87.5317,189.8765
830.1224,459.8193,87.7553,190.3614
828.0237,459.6053,87.9526,190.7894
826.9020,459.3412,88.1960,191.3176
824.9224,460.3856,88.1551,191.2287
823.8229,461.1696,88.3543,191.6608
821.6629,460.8226,88.6742,192.3548
819.3830,462.2154,89.2341,193.5693
818.1004,462.6024,89.7992,194.7953
816.2637,462.9565,89.4727,194.0869
814.4858,463.4385,89.0283,193.1230
813.0998,464.7704,87.8004,190.4593
810.6423,465.9471,86.7154,188.1058
808.9691,465.6560,86.0619,186.6880
807.1883,465.1315,85.6234,185.7370
804.5100,464.8294,84.9800,184.3412
801.7688,464.3907,84.4624,183.2185
796.6145,464.0561,84.7710,183.8878
793.5021,464.8123,84.9957,184.3754
789.3674,464.5200,85.2653,184.9601
786.4703,465.7433,85.0593,184.5133
783.4047,465.6009,85.1907,184.7982
778.6443,466.1208,84.7113,183.7583
774.5826,465.9868,84.8348,184.0263
770.3473,466.4765,85.3054,185.0470
765.3064,466.3877,85.3872,185.2245
760.2344,467.2314,85.5313,185.5371
753.3632,468.5109,85.2737,184.9783
748.1619,468.0743,85.6761,185.8513
743.2729,468.3151,85.4542,185.3698
739.4817,467.7680,85.0366,184.4639
735.4785,467.7610,85.0431,184.4780
730.3655,467.5159,85.2690,184.9682
727.2272,466.2158,85.5457,185.5684
724.1344,465.0146,85.7312,185.9707
720.1979,466.1523,85.6043,185.6955
717.2797,465.3297,85.4407,185.3406
712.4815,465.7676,85.0369,184.4647
709.6235,465.0756,84.7530,183.8488
706.7688,465.3907,84.4624,183.2185
702.6117,465.0500,84.7766,183.9001
699.5167,465.8438,84.9667,184.3125
694.5704,465.9605,84.8591,184.0790
691.5704,466.9604,84.8592,184.0792
688.7795,467.4140,84.4410,183.1721
685.0316,467.9609,83.9368,182.0782
682.0702,468.0445,83.8596,181.9109
678.3257,467.5988,83.3486,180.8024
675.3361,467.6214,83.3278,180.7573
672.4225,466.8088,83.1550,180.3824
668.4804,466.9344,83.0392,180.1311
665.4330,465.8315,83.1341,180.3370
662.5633,465.1142,82.8734,179.7715
659.7215,464.4574,82.5570,179.0852
657.8701,464.7798,82.2597,178.4403
656.1793,466.4504,81.6415,177.0992
654.3552,466.8321,81.2895,176.3358
650.7595,466.7090,80.4811,174.5821
647.1088,468.4668,79.7824,173.0663
643.1401,468.5346,79.7198,172.9307
639.3456,468.9804,79.3088,172.0391
634.8066,469.9804,78.3869,170.0393
628.9603,470.3139,78.0794,169.3722
626.0462,470.5002,77.9076,168.9996
622.9717,470.3387,78.0566,169.3227
619.6096,469.5530,78.7809,170.8940
617.4308,469.1654,79.1383,171.6693
614.3148,469.9136,79.3704,172.1727
612.3017,468.8853,79.3966,172.2295
610.1016,468.4512,79.7968,173.0976
608.0509,468.3412,79.8982,173.3177
604.9875,468.2036,80.0250,173.5928
600.9377,468.0956,80.1246,173.8088
597.9333,468.0860,80.1335,173.8280
594.9213,467.0601,80.1574,173.8798
591.7826,466.7592,80.4348,174.4817
588.4922,466.1292,81.0156,175.7415
585.7128,466.6077,80.5745,174.7847
582.5012,466.1487,80.9977,175.7027
580.3062,465.7257,81.3876,176.5486
577.0862,466.2486,81.8275,177.5027
574.9632,465.9816,82.0737,178.0367
572.1470,467.3803,81.7061,177.2394
570.0291,467.1246,81.9419,177.7508
567.9882,468.0360,82.0235,177.9280
566.7366,466.4902,82.5268,179.0196
565.5144,466.0081,82.9712,179.9837
564.4778,465.9287,83.0445,180.1426
563.2528,464.4407,83.4944,181.1187
563.3123,464.5697,83.3754,180.8605
562.3102,463.5652,83.3796,180.8696
562.3412,464.6324,83.3177,180.7353
561.2646,463.4664,83.4707,181.0671
561.1176,463.1473,83.7649,181.7054
560.1834,464.2902,83.6331,181.4196
559.3498,464.6510,83.3005,180.6979
559.3303,465.6088,83.3394,180.7824
558.3662,464.6867,83.2676,180.6266
558.3343,465.6175,83.3314,180.7650
557.2118,465.3517,83.5765,181.2966
557.3283,466.6045,83.3434,180.7910
557.2204,467.3704,83.5592,181.2592
556.2852,468.5110,83.4296,180.9781
556.5496,469.0844,82.9009,179.8312
556.7614,468.5440,82.4772,178.9120
556.6685,468.3425,82.6629,179.3149
556.8053,468.6392,82.3894,178.7216
555.6155,467.2274,82.7691,179.5452
555.2855,466.5117,83.4290,180.9767
554.8624,465.5938,84.2753,182.8125
554.6126,466.0520,84.7747,183.8960
554.4227,465.6401,85.1545,184.7198
554.2733,465.3158,85.4535,185.3684
553.0630,464.8598,85.8739,186.2804
552.7634,464.2099,86.4732,187.5803
552.6141,463.8860,86.7718,188.2280
551.4889,464.6143,87.0222,188.7713
551.2870,465.1765,87.4259,189.6469
550.4290,465.4845,87.1419,189.0310
550.2388,466.0720,87.5223,189.8561
549.2976,467.1994,87.4048,189.6013
548.1893,466.9644,87.6214,190.0711
547.1465,466.8717,87.7069,190.2566
546.1279,466.8313,87.7442,190.3375
545.2746,467.1495,87.4509,189.7011
544.3860,467.3911,87.2281,189.2178
543.6319,466.9245,86.7363,188.1510
542.8508,466.3994,86.2984,187.2011
542.0090,466.7425,85.9821,186.5150
539.9683,466.6544,86.0633,186.6912
539.8839,465.4712,86.2322,187.0576
539.1523,467.0533,85.6955,185.8933
538.0339,466.7965,85.9323,186.4069
537.0493,466.8300,85.9014,186.3400
537.0572,466.8471,85.8856,186.3058
536.3722,468.5305,85.2556,184.9391
535.5994,469.0234,84.8011,183.9532
534.8117,470.4838,84.3766,183.0324
533.9898,470.8702,84.0204,182.2596
533.0886,472.0844,83.8229,181.8311
533.0071,471.9078,83.9857,182.1844
532.8764,471.6242,84.2472,182.7515
532.8069,472.4734,84.3863,183.0533
531.9540,472.7926,84.0919,182.4148
531.9108,471.6988,84.1784,182.6024
531.8250,471.5126,84.3501,182.9748
531.6532,471.1401,84.6935,183.7198
530.4678,470.7378,85.0645,184.5244
530.4653,470.7324,85.0695,184.5353
530.2000,470.1568,85.6001,185.6864
530.1116,469.9652,85.7767,186.0696
530.0067,469.7376,85.9866,186.5248
529.7661,469.2155,86.4679,187.5689
528.4408,468.5100,87.1184,188.9800
528.3015,468.2079,87.3970,189.5842
528.0257,468.6096,87.9486,190.7809
526.9313,469.4048,88.1374,191.1904
526.7701,469.0552,88.4597,191.8895
526.7606,470.0345,88.4788,191.9310
526.7518,471.0154,88.4964,191.9691
525.7629,471.0396,88.4742,191.9209
524.3757,470.1996,89.2486,193.6008
524.5230,470.5191,88.9540,192.9618
523.5424,471.5613,88.9151,192.8775
522.6837,471.8677,88.6326,192.2645
522.5629,470.6057,88.8742,192.7885
521.6010,470.6882,88.7981,192.6235
521.7742,471.0641,88.4515,191.8717
520.8198,470.1630,88.3604,191.6741
520.6285,469.7480,88.7430,192.5040
520.5286,469.5314,88.9427,192.9372
519.6063,469.6998,88.7874,192.6004
519.4882,469.4437,89.0236,193.1127
519.5382,470.5522,88.9235,192.8956
519.6467,470.7876,88.7065,192.4248
519.7932,471.1052,88.4137,191.7896
518.9238,472.3886,88.1523,191.2227
518.7277,471.9630,88.5447,192.0739
518.5846,472.6528,88.8308,192.6945
518.7345,472.9780,88.5310,192.0441
519.7300,472.9683,88.5399,192.0635
519.8380,473.2024,88.3240,191.5951
519.5431,471.5627,88.9138,192.8746
519.4308,471.3191,89.1384,193.3618
519.9008,470.1695,90.1984,195.6611
519.2510,468.7599,91.4980,198.4802
519.8854,467.9669,92.2291,200.0661
519.6221,468.3955,92.7559,201.2090
519.4873,468.1032,93.0254,201.7936
519.4666,469.0583,93.0668,201.8834
519.3238,468.7485,93.3524,202.5030
519.3272,468.7559,93.3456,202.4881
520.0078,469.0630,93.9844,203.8739
520.9835,470.0103,94.0330,203.9793
520.9036,470.8371,94.1927,204.3258
520.9678,471.9764,94.0643,204.0473
520.9435,471.9237,94.1129,204.1525
521.1519,472.3756,93.6962,203.2487
521.2938,472.6835,93.4124,202.6329
521.0590,472.1741,93.8820,203.6517
520.8528,471.7268,94.2944,204.5463
520.4924,469.9451,95.0152,206.1098
520.5383,469.0447,94.9233,205.9106
520.2806,467.4857,95.4387,207.0286
520.0581,467.0029,95.8838,207.9941
519.8529,465.5579,96.2942,208.8843
520.8367,465.5226,96.3267,208.9548
520.7864,465.4135,96.4272,209.1730
520.6556,465.1298,96.6889,209.7405
520.5182,464.8318,96.9636,210.3365
521.4932,465.7776,97.0135,210.4447
521.8035,466.4506,96.3931,209.0989
522.9880,466.8510,96.0239,208.2980
523.3383,468.6107,95.3235,206.7787
524.3350,469.6036,95.3300,206.7928
525.5831,470.1419,94.8337,205.7162
526.6688,470.3277,94.6624,205.3445
527.7859,470.5818,94.4281,204.8363
529.0726,471.2038,93.8547,203.5925
530.0843,470.2290,93.8314,203.5420
530.0103,469.0685,93.9794,203.8630
530.5081,467.9791,94.9838,206.0418
531.1534,467.2098,95.6931,207.5805
532.0507,467.9870,95.8985,208.0261
532.9464,467.7606,96.1073,208.4789
533.7922,467.4261,96.4156,209.1478
534.5558,466.9133,96.8884,210.1733
534.2902,467.3373,97.4195,211.3255
535.1271,466.9834,97.7458,212.0332
536.1960,468.1328,97.6081,211.7345
537.2969,469.3518,97.4061,211.2964
537.2987,470.3556,97.4026,211.2888
538.2122,470.1680,97.5756,211.6640
538.5063,471.8060,96.9874,210.3879
539.5200,471.8357,96.9600,210.3285
539.8019,472.4472,96.3962,209.1055
540.1166,472.1298,95.7669,207.7405
540.0420,471.9680,95.9160,208.0640
541.0076,470.8933,95.9849,208.2134
541.1114,470.1186,95.7772,207.7629
540.9011,468.6623,96.1979,208.6754
541.5198,467.8352,96.9604,210.3295
542.5558,467.9135,96.8883,210.1730
542.4725,467.7327,97.0549,210.5345
542.3356,467.4356,97.3289,211.1289
543.2349,468.2172,97.5303,211.5657
543.2171,468.1787,97.5658,211.6427
544.4875,468.7651,97.0251,210.4698
545.8130,470.4714,96.3739,209.0572
547.1288,472.1563,95.7424,207.6874
547.4105,472.7674,95.1790,206.4653
548.7593,473.5240,94.4815,204.9521
549.9271,473.8881,94.1457,204.2238
551.0225,474.0948,93.9551,203.8103
551.9311,473.8966,94.1379,204.2067
552.9853,474.0143,94.0294,203.9715
553.8256,472.6678,94.3488,204.6644
555.6191,472.2200,94.7617,205.5599
556.3757,470.6919,95.2486,206.6163
557.2216,471.3575,95.5569,207.2850
558.0175,469.9148,95.9650,208.1703
558.8525,469.5570,96.2950,208.8861
560.5321,469.8620,96.9357,210.2760
560.0524,468.8214,97.8952,212.3572
560.7759,468.2217,98.4481,213.5566
561.4091,467.4258,99.1819,215.1484
562.2715,468.1274,99.4570,215.7452
563.5648,469.7637,98.8703,214.4725
564.9388,470.5750,98.1223,212.8499
566.1077,471.9414,97.7845,212.1172
567.1784,473.0946,97.6432,211.8107
567.2670,473.2867,97.4661,211.4265
568.2742,472.3025,97.4516,211.3950
568.2114,471.1662,97.5772,211.6675
568.1099,470.9460,97.7803,212.1081
568.7833,469.2376,98.4334,213.5248
568.5863,468.8103,98.8274,214.3793
569.3848,468.3733,99.2303,215.2535
570.1445,468.8519,99.7110,216.2962
571.0042,468.5474,99.9917,216.9052
571.1609,469.8875,99.6781,216.2249
572.1770,469.9224,99.6460,216.1552
573.0098,471.5596,99.9805,216.8808
573.9563,471.4436,100.0875,217.1128
573.9424,473.4135,100.1152,217.1730
574.8399,474.1912,100.3201,217.6175
575.6171,474.7078,100.7659,218.5845
576.5002,476.4543,100.9996,219.0914
577.1329,476.6577,101.7341,220.6847
579.1475,478.6893,101.7049,220.6214
580.1160,479.6209,101.7680,220.7582
582.3785,480.1904,101.2429,219.6192
584.1696,480.7370,101.6609,220.5259
585.1753,481.7495,101.6494,220.5011
586.4876,482.4270,101.0247,219.1460
587.4470,482.3387,101.1061,219.3225
589.5256,483.5093,100.9488,218.9813
591.4036,484.2448,101.1927,219.5104
592.0840,484.5515,101.8319,220.8969
592.8524,485.0490,102.2953,221.9020
593.7593,485.8470,102.4815,222.3060
593.6465,486.6025,102.7069,222.7950
595.5697,488.4358,102.8606,223.1283
596.4243,489.1203,103.1515,223.7594
597.5118,491.3102,102.9765,223.3797
597.4461,493.1677,103.1078,223.6646
598.3582,494.9771,103.2836,224.0459
599.1417,496.5073,103.7167,224.9854
600.2282,497.6951,103.5435,224.6098
600.5669,499.4298,102.8662,223.1404
601.6336,500.5744,102.7328,222.8512
601.7633,500.8558,102.4734,222.2884
601.7667,501.8631,102.4667,222.2738
602.5281,501.3457,102.9437,223.3086
602.2621,501.7686,103.4758,224.4628
602.2189,502.6749,103.5621,224.6501
603.0361,503.2782,103.9279,225.4436
603.1478,505.5208,103.7043,224.9585
604.0560,506.3215,103.8880,225.3570
604.1473,507.5196,103.7054,224.9609
604.8052,507.7775,104.3896,226.4450
605.5414,508.2052,104.9172,227.5896
606.4597,511.0278,105.0807,227.9443
606.7332,511.6212,104.5337,226.7577
607.7121,513.5754,104.5758,226.8491
608.8345,515.8411,104.3309,226.3179
608.9790,517.1545,104.0420,225.6910
610.0231,519.2502,103.9537,225.4996
610.9455,520.0817,104.1090,225.8365
612.5178,521.1541,104.9644,227.6919
613.5685,522.2640,104.8629,227.4719
615.5423,522.2071,104.9154,227.5858
616.3861,522.8683,105.2278,228.2635
618.0662,523.1744,105.8675,229.6511
618.8379,523.6791,106.3242,230.6417
620.7366,525.4594,106.5268,231.0812
621.8455,526.6957,106.3090,230.6087
623.7370,526.4603,106.5259,231.0793
624.6885,527.3551,106.6230,231.2898
625.4015,528.7324,107.1971,232.5352
626.3267,528.5701,107.3467,232.8597
626.9992,529.8597,108.0016,234.2805
628.9788,531.8156,108.0424,234.3689
629.9609,531.7766,108.0783,234.4468
631.0959,534.0696,107.8082,233.8609
632.1173,536.1160,107.7654,233.7680
633.1115,537.1033,107.7771,233.7934
634.2371,538.3759,107.5258,233.2482
634.2095,538.3160,107.5810,233.3681
634.8394,537.5132,108.3211,234.9735
635.7665,538.3550,108.4670,235.2900
636.8833,538.6085,108.2334,234.7831
638.0162,539.8966,107.9677,234.2068
639.3458,540.6116,107.3084,232.7767
640.3904,541.7084,107.2191,232.5831
641.4070,542.7444,107.1860,232.5112
642.5863,545.1334,106.8274,231.7332
643.8221,546.6450,106.3557,230.7101
645.0914,548.2291,105.8171,229.5418
646.4152,549.9315,105.1695,228.1370
647.2109,550.4882,105.5783,229.0236
648.3488,552.7875,105.3024,228.4251
650.0835,554.2119,105.8330,229.5762
651.2525,556.5784,105.4950,228.8431
653.2337,558.5378,105.5326,228.9245
654.3564,560.8040,105.2871,228.3920
656.7468,561.6508,104.5064,226.6984
658.7286,562.6113,104.5428,226.7775
660.8478,563.8698,104.3045,226.2605
661.7943,563.7538,104.4114,226.4924
663.3552,563.8014,105.2895,228.3972
664.9652,563.9553,106.0696,230.0894
666.4876,563.9193,107.0248,232.1615
667.6833,564.1746,108.6334,235.6509
668.4351,565.6361,109.1298,236.7278
670.3577,566.4683,109.2846,237.0634
671.0991,566.9073,109.8017,238.1853
672.8936,568.4616,110.2127,239.0768
673.8979,570.4709,110.2041,239.0581
674.5792,570.7794,110.8417,240.4412
676.7128,573.0693,110.5744,239.8614
678.7631,575.1783,110.4739,239.6433
679.7699,578.1932,110.4602,239.6136
681.0216,579.7391,109.9568,238.5217
683.3942,581.5473,109.2117,236.9054
684.5390,581.8616,108.9220,236.2769
684.5908,581.9739,108.8184,236.0523
685.3157,581.3771,109.3686,237.2457
685.1931,582.1112,109.6138,237.7776
686.4139,582.5901,109.1722,236.8197
687.5292,583.8402,108.9417,236.3196
687.4223,583.6085,109.1553,236.7831
688.2643,585.2657,109.4713,237.4686
689.3467,587.4443,109.3066,237.1113
690.2990,588.3409,109.4020,237.3181
691.2692,589.2762,109.4617,237.4477
693.0281,590.7532,109.9438,238.4936
693.0670,593.8375,109.8661,238.3249
694.9863,595.6625,110.0275,238.6750
696.2183,597.1660,109.5633,237.6681
697.2194,599.1682,109.5613,237.6638
697.8868,599.4469,110.2263,239.1062
699.7112,602.0658,110.5777,239.8685
701.0494,604.7995,109.9012,238.4010
701.8211,603.3042,110.3578,239.3915
704.2568,604.0802,111.4864,241.8396
706.1509,604.8504,111.6982,242.2992
708.9748,605.4684,112.0504,243.0632
711.1290,607.8030,111.7420,242.3941
712.2451,609.0547,111.5098,241.8905
713.3636,609.3118,111.2729,241.3765
714.9167,609.3424,112.1666,243.3152
715.6932,611.8576,112.6135,244.2847
717.1418,613.8307,111.7163,242.3385
718.0588,613.6508,111.8823,242.6985
718.6995,614.8712,112.6011,244.2577
718.2460,615.8875,113.5080,246.2251
718.7969,616.9133,114.4062,248.1734
718.9626,620.2728,114.0747,247.4544
720.0288,621.4163,113.9424,247.1674
719.5470,622.3712,114.9060,249.2576
719.3476,623.9386,115.3048,250.1227
720.1844,625.5847,115.6312,250.8307
720.0460,626.2844,115.9080,251.4313
721.2803,627.7927,115.4393,250.4145
721.3224,627.8840,115.3552,250.2321
721.4840,629.2345,115.0320,249.5310
722.2487,629.7241,115.5026,250.5518
722.4384,632.1355,115.1233,249.7290
722.6518,632.5986,114.6964,248.8029
723.6641,633.6253,114.6717,248.7494
723.8259,635.9762,114.3482,248.0476
724.8536,638.0364,114.2927,247.9272
725.7327,638.7740,114.5346,248.4520
726.5424,640.3611,114.9152,249.2777
727.5351,642.3454,114.9298,249.3092
726.8408,642.8392,116.3185,252.3217
728.6936,646.5200,116.6128,252.9601
729.6287,648.3793,116.7425,253.2414
730.4461,649.9830,117.1078,254.0339
732.1414,652.3222,117.7171,255.3556
733.4487,654.9887,117.1026,254.0226
734.0566,655.1381,117.8868,255.7237
735.0787,657.1860,117.8427,255.6280
736.2269,658.5075,117.5463,254.9850
737.0895,659.2095,117.8210,255.5810
738.0771,660.1828,117.8457,255.6344
738.7606,661.4961,118.4788,257.0078
739.5691,662.0807,118.8618,257.8387
740.8719,663.7375,118.2562,256.5249
741.9422,664.8901,118.1156,256.2199
741.7404,664.4521,118.5193,257.0957
743.4008,665.7155,119.1985,258.5690
742.5516,666.0426,118.8969,257.9147
744.7183,667.4042,118.5635,257.1916
742.1612,669.3651,117.6776,255.2699
742.2305,668.5154,117.5390,254.9692
737.2283,666.5106,117.5434,254.9788
2
0
0
0
0
0
2
0
0
0
0
0
2
0
0
0
0
0
2
0
0
0
0
0
2
0
0
0
0
0
2
0
0
0
0
0
2
0
0
0
0
0
2
0
0
0
0
0
2
0
0
0
0
0
2
0
0
0
0
0
2
0
0
0
0
0
2
0
0
0
0
0
2
0
0
0
0
0
2
0
0
0
0
0
2
0
0
0
0
0
2
0
0
0
0
0
2
0
0
0
0
0
2
0
0
0
0
0
2
0
0
0
0
0
2
0
0
0
0
0
2
0
0
0
0
0
2
0
0
0
0
0
2
0
0
0
0
0
2
0
0
0
0
0
2
0
0
0
0
0
2
0
0
0
0
0
2
0
0
0
0
0
2
0
0
0
0
0
2
0
0
0
0
0
2
0
0
0
0
0
2
0
0
0
0
0
2
0
0
0
0
0
2
0
0
0
0
0
2
0
0
0
