1
533.5000,383.5000,17.0000,11.0000
533.0000,384.0000,17.0000,11.0000
533.5000,383.5000,17.0000,11.0000
534.0000,384.0000,17.0000,11.0000
534.5000,383.5000,17.0000,11.0000
534.0000,384.0000,17.0000,11.0000
533.5000,384.5000,17.0000,11.0000
533.0000,384.0000,17.0000,11.0000
531.5000,384.5000,17.0000,11.0000
531.0000,385.0000,17.0000,11.0000
530.5000,385.5000,17.0000,11.0000
530.0000,385.0000,17.0000,11.0000
529.5000,385.5000,17.0000,11.0000
529.0000,386.0000,17.0000,11.0000
528.5000,385.5000,17.0000,11.0000
528.0000,386.0000,17.0000,11.0000
527.5000,386.5000,17.0000,11.0000
528.0000,387.0000,17.0000,11.0000
528.5000,386.5000,17.0000,11.0000
529.0000,387.0000,17.0000,11.0000
529.5000,387.5000,17.0000,11.0000
530.0000,388.0000,17.0000,11.0000
530.5000,387.5000,17.0000,11.0000
2
0
0
0
0
0
2
0
0
0
0
0
2
0
0
0
0
0
2
0
0
0
0
0
2
0
0
0
0
0
2
0
0
0
0
0
2
0
0
0
0
0
2
0
0
0
0
0
2
0
0
0
0
0
2
0
0
0
0
0
2
0
0
0
0
0
2
0
0
0
0
0
2
0
0
0
0
0
2
0
0
0
0
0
2
0
0
0
0
0
2
0
0
0
0
0
2
0
0
0
0
0
2
0
0
0
0
0
2
0
0
0
0
0
2
0
0
0
0
0
2
0
0
0
0
0
2
0
0
0
0
0
2
0
0
0
0
0
2
0
0
0
0
0
2
0
0
0
0
0
2
0
0
0
0
0
2
0
0
0
0
0
2
0
0
0
0
0
2
0
0
0
0
0
2
0
0
0
0
0
2
0
0
0
0
0
2
0
0
0
0
0
2
0
0
0
0
0
2
0
0
0
0
0
2
0
0
0
0
0
2
0
0
0
0
0
2
0
0
0
0
0
2
0
0
0
0
0
2
0
0
0
0
0
2
0
0
0
0
0
2
0
0
0
0
0
2
0
0
0
0
0
2
0
0
0
0
0
2
0
0
0
0
0
2
0
0
0
0
0
2
0
0
0
0
0
2
0
0
0
0
0
2
0
0
0
0
0
2
0
0
0
0
0
2
0
0
0
0
0
2
0
0
0
0
0
2
0
0
0
0
0
2
