1
636.0000,278.0000,46.0000,38.0000
636.0000,278.0000,46.0000,38.0000
636.0000,278.0000,46.0000,38.0000
636.0000,278.0000,46.0000,38.0000
636.0000,278.0000,46.0000,38.0000
636.0000,282.0000,46.0000,38.0000
636.0000,282.0000,46.0000,38.0000
636.0000,282.0000,46.0000,38.0000
636.0000,282.0000,46.0000,38.0000
636.0000,282.0000,46.0000,38.0000
636.0000,282.0000,46.0000,38.0000
636.0000,282.0000,46.0000,38.0000
636.0000,282.0000,46.0000,38.0000
636.0000,282.0000,46.0000,38.0000
636.0000,282.0000,46.0000,38.0000
636.0000,282.0000,46.0000,38.0000
636.0000,282.0000,46.0000,38.0000
636.0000,282.0000,46.0000,38.0000
636.0000,282.0000,46.0000,38.0000
636.0000,282.0000,46.0000,38.0000
636.0000,282.0000,46.0000,38.0000
636.0000,286.0000,46.0000,38.0000
636.0000,286.0000,46.0000,38.0000
636.0000,286.0000,46.0000,38.0000
636.0000,286.0000,46.0000,38.0000
636.0000,286.0000,46.0000,38.0000
636.0000,286.0000,46.0000,38.0000
636.0000,286.0000,46.0000,38.0000
636.0000,286.0000,46.0000,38.0000
636.0000,286.0000,46.0000,38.0000
636.0000,286.0000,46.0000,38.0000
636.0000,286.0000,46.0000,38.0000
636.0000,286.0000,46.0000,38.0000
636.0000,286.0000,46.0000,38.0000
636.0000,286.0000,46.0000,38.0000
636.0000,286.0000,46.0000,38.0000
636.0000,286.0000,46.0000,38.0000
636.0000,286.0000,46.0000,38.0000
636.0000,286.0000,46.0000,38.0000
636.0000,286.0000,46.0000,38.0000
636.0000,286.0000,46.0000,38.0000
636.0000,286.0000,46.0000,38.0000
636.0000,286.0000,46.0000,38.0000
636.0000,286.0000,46.0000,38.0000
636.0000,286.0000,46.0000,38.0000
636.0000,286.0000,46.0000,38.0000
636.0000,286.0000,46.0000,38.0000
636.0000,286.0000,46.0000,38.0000
636.0000,286.0000,46.0000,38.0000
636.0000,286.0000,46.0000,38.0000
636.0000,286.0000,46.0000,38.0000
636.0000,286.0000,46.0000,38.0000
636.0000,286.0000,46.0000,38.0000
636.0000,286.0000,46.0000,38.0000
636.0000,286.0000,46.0000,38.0000
636.0000,286.0000,46.0000,38.0000
636.0000,286.0000,46.0000,38.0000
636.0000,286.0000,46.0000,38.0000
636.0000,286.0000,46.0000,38.0000
636.0000,286.0000,46.0000,38.0000
636.0000,286.0000,46.0000,38.0000
636.0000,286.0000,46.0000,38.0000
636.0000,286.0000,46.0000,38.0000
636.0000,286.0000,46.0000,38.0000
636.0000,286.0000,46.0000,38.0000
636.0000,286.0000,46.0000,38.0000
636.0000,286.0000,46.0000,38.0000
636.0000,286.0000,46.0000,38.0000
636.0000,286.0000,46.0000,38.0000
636.0000,286.0000,46.0000,38.0000
636.0000,286.0000,46.0000,38.0000
636.0000,286.0000,46.0000,38.0000
636.0000,286.0000,46.0000,38.0000
636.0000,286.0000,46.0000,38.0000
636.0000,286.0000,46.0000,38.0000
636.0000,286.0000,46.0000,38.0000
636.0000,286.0000,46.0000,38.0000
636.0000,286.0000,46.0000,38.0000
636.0000,286.0000,46.0000,38.0000
636.0000,286.0000,46.0000,38.0000
636.0000,286.0000,46.0000,38.0000
636.0000,286.0000,46.0000,38.0000
636.0000,286.0000,46.0000,38.0000
636.0000,286.0000,46.0000,38.0000
636.0000,286.0000,46.0000,38.0000
636.0000,286.0000,46.0000,38.0000
636.0000,286.0000,46.0000,38.0000
636.0000,286.0000,46.0000,38.0000
636.0000,286.0000,46.0000,38.0000
636.0000,286.0000,46.0000,38.0000
636.0000,286.0000,46.0000,38.0000
636.0000,286.0000,46.0000,38.0000
636.0000,286.0000,46.0000,38.0000
636.0000,286.0000,46.0000,38.0000
632.0000,286.0000,46.0000,38.0000
632.0000,286.0000,46.0000,38.0000
632.0000,286.0000,46.0000,38.0000
632.0000,286.0000,46.0000,38.0000
632.0000,286.0000,46.0000,38.0000
632.0000,286.0000,46.0000,38.0000
632.0000,286.0000,46.0000,38.0000
632.0000,286.0000,46.0000,38.0000
632.0000,286.0000,46.0000,38.0000
632.0000,286.0000,46.0000,38.0000
632.0000,286.0000,46.0000,38.0000
628.0000,286.0000,46.0000,38.0000
628.0000,286.0000,46.0000,38.0000
628.0000,286.0000,46.0000,38.0000
628.0000,286.0000,46.0000,38.0000
628.0000,286.0000,46.0000,38.0000
628.0000,286.0000,46.0000,38.0000
628.0000,286.0000,46.0000,38.0000
628.0000,286.0000,46.0000,38.0000
628.0000,286.0000,46.0000,38.0000
628.0000,286.0000,46.0000,38.0000
628.0000,286.0000,46.0000,38.0000
628.0000,286.0000,46.0000,38.0000
628.0000,286.0000,46.0000,38.0000
628.0000,286.0000,46.0000,38.0000
628.0000,286.0000,46.0000,38.0000
628.0000,286.0000,46.0000,38.0000
628.0000,286.0000,46.0000,38.0000
628.0000,286.0000,46.0000,38.0000
628.0000,286.0000,46.0000,38.0000
628.0000,286.0000,46.0000,38.0000
628.0000,286.0000,46.0000,38.0000
628.0000,286.0000,46.0000,38.0000
628.0000,286.0000,46.0000,38.0000
628.0000,286.0000,46.0000,38.0000
628.0000,290.0000,46.0000,38.0000
628.0000,290.0000,46.0000,38.0000
628.0000,290.0000,46.0000,38.0000
628.0000,290.0000,46.0000,38.0000
628.0000,290.0000,46.0000,38.0000
628.0000,290.0000,46.0000,38.0000
628.0000,290.0000,46.0000,38.0000
628.0000,290.0000,46.0000,38.0000
628.0000,290.0000,46.0000,38.0000
628.0000,290.0000,46.0000,38.0000
628.0000,290.0000,46.0000,38.0000
628.0000,290.0000,46.0000,38.0000
628.0000,290.0000,46.0000,38.0000
628.0000,290.0000,46.0000,38.0000
628.0000,290.0000,46.0000,38.0000
628.0000,290.0000,46.0000,38.0000
628.0000,290.0000,46.0000,38.0000
628.0000,290.0000,46.0000,38.0000
628.0000,290.0000,46.0000,38.0000
628.0000,290.0000,46.0000,38.0000
628.0000,290.0000,46.0000,38.0000
628.0000,290.0000,46.0000,38.0000
628.0000,290.0000,46.0000,38.0000
628.0000,290.0000,46.0000,38.0000
628.0000,290.0000,46.0000,38.0000
628.0000,290.0000,46.0000,38.0000
628.0000,290.0000,46.0000,38.0000
628.0000,290.0000,46.0000,38.0000
628.0000,290.0000,46.0000,38.0000
628.0000,290.0000,46.0000,38.0000
628.0000,286.0000,46.0000,38.0000
628.0000,286.0000,46.0000,38.0000
628.0000,286.0000,46.0000,38.0000
628.0000,286.0000,46.0000,38.0000
628.0000,286.0000,46.0000,38.0000
628.0000,286.0000,46.0000,38.0000
628.0000,286.0000,46.0000,38.0000
628.0000,286.0000,46.0000,38.0000
628.0000,286.0000,46.0000,38.0000
628.0000,286.0000,46.0000,38.0000
628.0000,286.0000,46.0000,38.0000
628.0000,286.0000,46.0000,38.0000
628.0000,286.0000,46.0000,38.0000
628.0000,286.0000,46.0000,38.0000
628.0000,286.0000,46.0000,38.0000
628.0000,286.0000,46.0000,38.0000
628.0000,286.0000,46.0000,38.0000
628.0000,286.0000,46.0000,38.0000
628.0000,286.0000,46.0000,38.0000
628.0000,286.0000,46.0000,38.0000
628.0000,286.0000,46.0000,38.0000
628.0000,286.0000,46.0000,38.0000
628.0000,286.0000,46.0000,38.0000
628.0000,286.0000,46.0000,38.0000
628.0000,286.0000,46.0000,38.0000
628.0000,286.0000,46.0000,38.0000
628.0000,286.0000,46.0000,38.0000
628.0000,286.0000,46.0000,38.0000
628.0000,286.0000,46.0000,38.0000
628.0000,286.0000,46.0000,38.0000
628.0000,286.0000,46.0000,38.0000
624.0000,282.0000,46.0000,38.0000
624.0000,282.0000,46.0000,38.0000
624.0000,282.0000,46.0000,38.0000
624.0000,282.0000,46.0000,38.0000
624.0000,282.0000,46.0000,38.0000
624.0000,282.0000,46.0000,38.0000
624.0000,282.0000,46.0000,38.0000
624.0000,282.0000,46.0000,38.0000
624.0000,282.0000,46.0000,38.0000
624.0000,282.0000,46.0000,38.0000
624.0000,282.0000,46.0000,38.0000
624.0000,282.0000,46.0000,38.0000
624.0000,282.0000,46.0000,38.0000
624.0000,282.0000,46.0000,38.0000
624.0000,282.0000,46.0000,38.0000
624.0000,282.0000,46.0000,38.0000
624.0000,282.0000,46.0000,38.0000
624.0000,282.0000,46.0000,38.0000
624.0000,282.0000,46.0000,38.0000
624.0000,278.0000,46.0000,38.0000
624.0000,278.0000,46.0000,38.0000
624.0000,278.0000,46.0000,38.0000
624.0000,278.0000,46.0000,38.0000
624.0000,278.0000,46.0000,38.0000
624.0000,278.0000,46.0000,38.0000
624.0000,278.0000,46.0000,38.0000
624.0000,278.0000,46.0000,38.0000
624.0000,278.0000,46.0000,38.0000
624.0000,278.0000,46.0000,38.0000
624.0000,278.0000,46.0000,38.0000
624.0000,278.0000,46.0000,38.0000
624.0000,278.0000,46.0000,38.0000
620.0000,274.0000,46.0000,38.0000
620.0000,274.0000,46.0000,38.0000
620.0000,274.0000,46.0000,38.0000
620.0000,274.0000,46.0000,38.0000
620.0000,274.0000,46.0000,38.0000
620.0000,274.0000,46.0000,38.0000
620.0000,274.0000,46.0000,38.0000
620.0000,274.0000,46.0000,38.0000
620.0000,274.0000,46.0000,38.0000
620.0000,274.0000,46.0000,38.0000
620.0000,274.0000,46.0000,38.0000
624.0000,274.0000,46.0000,38.0000
624.0000,270.0000,46.0000,38.0000
624.0000,270.0000,46.0000,38.0000
624.0000,270.0000,46.0000,38.0000
624.0000,270.0000,46.0000,38.0000
624.0000,270.0000,46.0000,38.0000
624.0000,270.0000,46.0000,38.0000
624.0000,270.0000,46.0000,38.0000
624.0000,270.0000,46.0000,38.0000
624.0000,270.0000,46.0000,38.0000
624.0000,270.0000,46.0000,38.0000
624.0000,270.0000,46.0000,38.0000
624.0000,270.0000,46.0000,38.0000
624.0000,270.0000,46.0000,38.0000
624.0000,270.0000,46.0000,38.0000
624.0000,270.0000,46.0000,38.0000
624.0000,270.0000,46.0000,38.0000
624.0000,270.0000,46.0000,38.0000
624.0000,270.0000,46.0000,38.0000
624.0000,266.0000,46.0000,38.0000
624.0000,266.0000,46.0000,38.0000
624.0000,266.0000,46.0000,38.0000
624.0000,266.0000,46.0000,38.0000
624.0000,266.0000,46.0000,38.0000
624.0000,266.0000,46.0000,38.0000
624.0000,266.0000,46.0000,38.0000
624.0000,266.0000,46.0000,38.0000
624.0000,266.0000,46.0000,38.0000
624.0000,266.0000,46.0000,38.0000
624.0000,266.0000,46.0000,38.0000
624.0000,266.0000,46.0000,38.0000
624.0000,266.0000,46.0000,38.0000
624.0000,266.0000,46.0000,38.0000
624.0000,266.0000,46.0000,38.0000
624.0000,266.0000,46.0000,38.0000
624.0000,266.0000,46.0000,38.0000
624.0000,266.0000,46.0000,38.0000
624.0000,266.0000,46.0000,38.0000
624.0000,266.0000,46.0000,38.0000
624.0000,266.0000,46.0000,38.0000
624.0000,262.0000,46.0000,38.0000
624.0000,262.0000,46.0000,38.0000
624.0000,262.0000,46.0000,38.0000
624.0000,262.0000,46.0000,38.0000
624.0000,262.0000,46.0000,38.0000
624.0000,262.0000,46.0000,38.0000
624.0000,262.0000,46.0000,38.0000
624.0000,262.0000,46.0000,38.0000
624.0000,262.0000,46.0000,38.0000
624.0000,262.0000,46.0000,38.0000
624.0000,262.0000,46.0000,38.0000
624.0000,262.0000,46.0000,38.0000
624.0000,262.0000,46.0000,38.0000
624.0000,262.0000,46.0000,38.0000
624.0000,258.0000,46.0000,38.0000
624.0000,258.0000,46.0000,38.0000
624.0000,258.0000,46.0000,38.0000
624.0000,258.0000,46.0000,38.0000
624.0000,258.0000,46.0000,38.0000
624.0000,258.0000,46.0000,38.0000
624.0000,258.0000,46.0000,38.0000
624.0000,258.0000,46.0000,38.0000
624.0000,258.0000,46.0000,38.0000
624.0000,258.0000,46.0000,38.0000
624.0000,258.0000,46.0000,38.0000
624.0000,258.0000,46.0000,38.0000
624.0000,258.0000,46.0000,38.0000
624.0000,258.0000,46.0000,38.0000
624.0000,258.0000,46.0000,38.0000
620.0000,254.0000,46.0000,38.0000
620.0000,254.0000,46.0000,38.0000
620.0000,254.0000,46.0000,38.0000
620.0000,254.0000,46.0000,38.0000
620.0000,254.0000,46.0000,38.0000
620.0000,254.0000,46.0000,38.0000
620.0000,254.0000,46.0000,38.0000
620.0000,254.0000,46.0000,38.0000
620.0000,254.0000,46.0000,38.0000
620.0000,254.0000,46.0000,38.0000
620.0000,254.0000,46.0000,38.0000
620.0000,254.0000,46.0000,38.0000
620.0000,254.0000,46.0000,38.0000
620.0000,254.0000,46.0000,38.0000
620.0000,254.0000,46.0000,38.0000
620.0000,254.0000,46.0000,38.0000
620.0000,254.0000,46.0000,38.0000
620.0000,254.0000,46.0000,38.0000
620.0000,254.0000,46.0000,38.0000
620.0000,254.0000,46.0000,38.0000
620.0000,254.0000,46.0000,38.0000
620.0000,254.0000,46.0000,38.0000
620.0000,254.0000,46.0000,38.0000
620.0000,254.0000,46.0000,38.0000
620.0000,254.0000,46.0000,38.0000
620.0000,254.0000,46.0000,38.0000
620.0000,254.0000,46.0000,38.0000
616.0000,254.0000,46.0000,38.0000
616.0000,254.0000,46.0000,38.0000
616.0000,254.0000,46.0000,38.0000
616.0000,254.0000,46.0000,38.0000
616.0000,250.0000,46.0000,38.0000
616.0000,250.0000,46.0000,38.0000
616.0000,250.0000,46.0000,38.0000
616.0000,250.0000,46.0000,38.0000
616.0000,250.0000,46.0000,38.0000
616.0000,250.0000,46.0000,38.0000
616.0000,250.0000,46.0000,38.0000
616.0000,250.0000,46.0000,38.0000
616.0000,250.0000,46.0000,38.0000
616.0000,250.0000,46.0000,38.0000
616.0000,250.0000,46.0000,38.0000
616.0000,250.0000,46.0000,38.0000
616.0000,250.0000,46.0000,38.0000
616.0000,250.0000,46.0000,38.0000
616.0000,250.0000,46.0000,38.0000
616.0000,250.0000,46.0000,38.0000
616.0000,250.0000,46.0000,38.0000
616.0000,250.0000,46.0000,38.0000
616.0000,250.0000,46.0000,38.0000
616.0000,250.0000,46.0000,38.0000
616.0000,250.0000,46.0000,38.0000
616.0000,250.0000,46.0000,38.0000
616.0000,250.0000,46.0000,38.0000
616.0000,250.0000,46.0000,38.0000
616.0000,246.0000,46.0000,38.0000
616.0000,246.0000,46.0000,38.0000
616.0000,246.0000,46.0000,38.0000
616.0000,246.0000,46.0000,38.0000
616.0000,246.0000,46.0000,38.0000
616.0000,246.0000,46.0000,38.0000
616.0000,246.0000,46.0000,38.0000
616.0000,246.0000,46.0000,38.0000
616.0000,246.0000,46.0000,38.0000
616.0000,246.0000,46.0000,38.0000
616.0000,246.0000,46.0000,38.0000
616.0000,246.0000,46.0000,38.0000
616.0000,246.0000,46.0000,38.0000
616.0000,246.0000,46.0000,38.0000
616.0000,242.0000,46.0000,38.0000
616.0000,242.0000,46.0000,38.0000
616.0000,242.0000,46.0000,38.0000
616.0000,242.0000,46.0000,38.0000
616.0000,242.0000,46.0000,38.0000
616.0000,242.0000,46.0000,38.0000
616.0000,242.0000,46.0000,38.0000
616.0000,242.0000,46.0000,38.0000
616.0000,242.0000,46.0000,38.0000
616.0000,242.0000,46.0000,38.0000
616.0000,242.0000,46.0000,38.0000
616.0000,242.0000,46.0000,38.0000
616.0000,242.0000,46.0000,38.0000
616.0000,242.0000,46.0000,38.0000
616.0000,242.0000,46.0000,38.0000
616.0000,242.0000,46.0000,38.0000
616.0000,242.0000,46.0000,38.0000
616.0000,242.0000,46.0000,38.0000
616.0000,242.0000,46.0000,38.0000
616.0000,242.0000,46.0000,38.0000
616.0000,242.0000,46.0000,38.0000
616.0000,242.0000,46.0000,38.0000
616.0000,242.0000,46.0000,38.0000
616.0000,242.0000,46.0000,38.0000
616.0000,238.0000,46.0000,38.0000
616.0000,238.0000,46.0000,38.0000
616.0000,238.0000,46.0000,38.0000
620.0000,238.0000,46.0000,38.0000
620.0000,238.0000,46.0000,38.0000
620.0000,238.0000,46.0000,38.0000
620.0000,238.0000,46.0000,38.0000
620.0000,238.0000,46.0000,38.0000
620.0000,238.0000,46.0000,38.0000
620.0000,238.0000,46.0000,38.0000
620.0000,238.0000,46.0000,38.0000
620.0000,238.0000,46.0000,38.0000
620.0000,238.0000,46.0000,38.0000
620.0000,238.0000,46.0000,38.0000
620.0000,238.0000,46.0000,38.0000
620.0000,238.0000,46.0000,38.0000
620.0000,238.0000,46.0000,38.0000
620.0000,238.0000,46.0000,38.0000
620.0000,238.0000,46.0000,38.0000
620.0000,238.0000,46.0000,38.0000
620.0000,238.0000,46.0000,38.0000
620.0000,234.0000,46.0000,38.0000
620.0000,234.0000,46.0000,38.0000
620.0000,234.0000,46.0000,38.0000
620.0000,234.0000,46.0000,38.0000
624.0000,234.0000,46.0000,38.0000
624.0000,234.0000,46.0000,38.0000
624.0000,234.0000,46.0000,38.0000
624.0000,234.0000,46.0000,38.0000
624.0000,234.0000,46.0000,38.0000
624.0000,234.0000,46.0000,38.0000
624.0000,230.0000,46.0000,38.0000
624.0000,230.0000,46.0000,38.0000
624.0000,230.0000,46.0000,38.0000
624.0000,230.0000,46.0000,38.0000
624.0000,230.0000,46.0000,38.0000
624.0000,230.0000,46.0000,38.0000
624.0000,230.0000,46.0000,38.0000
624.0000,230.0000,46.0000,38.0000
624.0000,230.0000,46.0000,38.0000
624.0000,230.0000,46.0000,38.0000
624.0000,230.0000,46.0000,38.0000
624.0000,230.0000,46.0000,38.0000
624.0000,230.0000,46.0000,38.0000
624.0000,230.0000,46.0000,38.0000
624.0000,226.0000,46.0000,38.0000
624.0000,226.0000,46.0000,38.0000
624.0000,226.0000,46.0000,38.0000
624.0000,226.0000,46.0000,38.0000
624.0000,226.0000,46.0000,38.0000
624.0000,226.0000,46.0000,38.0000
624.0000,226.0000,46.0000,38.0000
624.0000,226.0000,46.0000,38.0000
624.0000,226.0000,46.0000,38.0000
624.0000,226.0000,46.0000,38.0000
624.0000,226.0000,46.0000,38.0000
624.0000,226.0000,46.0000,38.0000
624.0000,226.0000,46.0000,38.0000
624.0000,226.0000,46.0000,38.0000
624.0000,226.0000,46.0000,38.0000
624.0000,226.0000,46.0000,38.0000
624.0000,226.0000,46.0000,38.0000
624.0000,226.0000,46.0000,38.0000
624.0000,226.0000,46.0000,38.0000
624.0000,226.0000,46.0000,38.0000
624.0000,222.0000,46.0000,38.0000
624.0000,222.0000,46.0000,38.0000
624.0000,222.0000,46.0000,38.0000
624.0000,222.0000,46.0000,38.0000
624.0000,222.0000,46.0000,38.0000
624.0000,222.0000,46.0000,38.0000
624.0000,222.0000,46.0000,38.0000
624.0000,222.0000,46.0000,38.0000
624.0000,222.0000,46.0000,38.0000
624.0000,222.0000,46.0000,38.0000
624.0000,222.0000,46.0000,38.0000
624.0000,222.0000,46.0000,38.0000
624.0000,222.0000,46.0000,38.0000
624.0000,222.0000,46.0000,38.0000
624.0000,222.0000,46.0000,38.0000
624.0000,222.0000,46.0000,38.0000
624.0000,222.0000,46.0000,38.0000
624.0000,222.0000,46.0000,38.0000
624.0000,222.0000,46.0000,38.0000
624.0000,222.0000,46.0000,38.0000
624.0000,222.0000,46.0000,38.0000
624.0000,222.0000,46.0000,38.0000
624.0000,222.0000,46.0000,38.0000
624.0000,222.0000,46.0000,38.0000
624.0000,222.0000,46.0000,38.0000
624.0000,222.0000,46.0000,38.0000
624.0000,222.0000,46.0000,38.0000
624.0000,222.0000,46.0000,38.0000
624.0000,222.0000,46.0000,38.0000
624.0000,222.0000,46.0000,38.0000
624.0000,222.0000,46.0000,38.0000
624.0000,222.0000,46.0000,38.0000
624.0000,222.0000,46.0000,38.0000
624.0000,222.0000,46.0000,38.0000
624.0000,222.0000,46.0000,38.0000
624.0000,222.0000,46.0000,38.0000
624.0000,222.0000,46.0000,38.0000
624.0000,222.0000,46.0000,38.0000
624.0000,222.0000,46.0000,38.0000
624.0000,222.0000,46.0000,38.0000
624.0000,222.0000,46.0000,38.0000
624.0000,222.0000,46.0000,38.0000
624.0000,222.0000,46.0000,38.0000
624.0000,222.0000,46.0000,38.0000
624.0000,222.0000,46.0000,38.0000
624.0000,222.0000,46.0000,38.0000
624.0000,222.0000,46.0000,38.0000
624.0000,222.0000,46.0000,38.0000
624.0000,222.0000,46.0000,38.0000
624.0000,222.0000,46.0000,38.0000
624.0000,222.0000,46.0000,38.0000
624.0000,222.0000,46.0000,38.0000
624.0000,222.0000,46.0000,38.0000
624.0000,222.0000,46.0000,38.0000
624.0000,222.0000,46.0000,38.0000
624.0000,222.0000,46.0000,38.0000
624.0000,222.0000,46.0000,38.0000
624.0000,222.0000,46.0000,38.0000
624.0000,222.0000,46.0000,38.0000
624.0000,222.0000,46.0000,38.0000
624.0000,222.0000,46.0000,38.0000
624.0000,222.0000,46.0000,38.0000
624.0000,222.0000,46.0000,38.0000
624.0000,222.0000,46.0000,38.0000
624.0000,222.0000,46.0000,38.0000
624.0000,222.0000,46.0000,38.0000
624.0000,222.0000,46.0000,38.0000
624.0000,222.0000,46.0000,38.0000
624.0000,222.0000,46.0000,38.0000
624.0000,222.0000,46.0000,38.0000
624.0000,222.0000,46.0000,38.0000
624.0000,222.0000,46.0000,38.0000
624.0000,222.0000,46.0000,38.0000
624.0000,222.0000,46.0000,38.0000
624.0000,222.0000,46.0000,38.0000
624.0000,222.0000,46.0000,38.0000
624.0000,222.0000,46.0000,38.0000
624.0000,222.0000,46.0000,38.0000
624.0000,222.0000,46.0000,38.0000
624.0000,222.0000,46.0000,38.0000
624.0000,222.0000,46.0000,38.0000
624.0000,222.0000,46.0000,38.0000
624.0000,222.0000,46.0000,38.0000
624.0000,222.0000,46.0000,38.0000
620.0000,222.0000,46.0000,38.0000
620.0000,222.0000,46.0000,38.0000
620.0000,222.0000,46.0000,38.0000
620.0000,222.0000,46.0000,38.0000
620.0000,222.0000,46.0000,38.0000
620.0000,222.0000,46.0000,38.0000
620.0000,222.0000,46.0000,38.0000
620.0000,222.0000,46.0000,38.0000
620.0000,222.0000,46.0000,38.0000
620.0000,222.0000,46.0000,38.0000
620.0000,222.0000,46.0000,38.0000
620.0000,222.0000,46.0000,38.0000
620.0000,222.0000,46.0000,38.0000
620.0000,222.0000,46.0000,38.0000
620.0000,222.0000,46.0000,38.0000
620.0000,222.0000,46.0000,38.0000
620.0000,222.0000,46.0000,38.0000
620.0000,222.0000,46.0000,38.0000
620.0000,222.0000,46.0000,38.0000
620.0000,222.0000,46.0000,38.0000
620.0000,222.0000,46.0000,38.0000
620.0000,222.0000,46.0000,38.0000
620.0000,222.0000,46.0000,38.0000
620.0000,222.0000,46.0000,38.0000
620.0000,222.0000,46.0000,38.0000
620.0000,222.0000,46.0000,38.0000
620.0000,222.0000,46.0000,38.0000
620.0000,222.0000,46.0000,38.0000
620.0000,222.0000,46.0000,38.0000
620.0000,222.0000,46.0000,38.0000
620.0000,222.0000,46.0000,38.0000
620.0000,222.0000,46.0000,38.0000
620.0000,222.0000,46.0000,38.0000
620.0000,222.0000,46.0000,38.0000
620.0000,222.0000,46.0000,38.0000
620.0000,222.0000,46.0000,38.0000
620.0000,222.0000,46.0000,38.0000
620.0000,222.0000,46.0000,38.0000
620.0000,222.0000,46.0000,38.0000
620.0000,222.0000,46.0000,38.0000
620.0000,222.0000,46.0000,38.0000
620.0000,222.0000,46.0000,38.0000
620.0000,222.0000,46.0000,38.0000
620.0000,222.0000,46.0000,38.0000
620.0000,222.0000,46.0000,38.0000
620.0000,222.0000,46.0000,38.0000
620.0000,222.0000,46.0000,38.0000
620.0000,222.0000,46.0000,38.0000
620.0000,222.0000,46.0000,38.0000
620.0000,222.0000,46.0000,38.0000
620.0000,222.0000,46.0000,38.0000
620.0000,222.0000,46.0000,38.0000
620.0000,222.0000,46.0000,38.0000
620.0000,218.0000,46.0000,38.0000
620.0000,218.0000,46.0000,38.0000
620.0000,218.0000,46.0000,38.0000
620.0000,218.0000,46.0000,38.0000
620.0000,218.0000,46.0000,38.0000
620.0000,218.0000,46.0000,38.0000
620.0000,218.0000,46.0000,38.0000
620.0000,218.0000,46.0000,38.0000
620.0000,218.0000,46.0000,38.0000
620.0000,218.0000,46.0000,38.0000
620.0000,218.0000,46.0000,38.0000
620.0000,218.0000,46.0000,38.0000
620.0000,218.0000,46.0000,38.0000
620.0000,218.0000,46.0000,38.0000
620.0000,218.0000,46.0000,38.0000
620.0000,218.0000,46.0000,38.0000
620.0000,218.0000,46.0000,38.0000
620.0000,218.0000,46.0000,38.0000
620.0000,218.0000,46.0000,38.0000
620.0000,218.0000,46.0000,38.0000
620.0000,218.0000,46.0000,38.0000
620.0000,218.0000,46.0000,38.0000
620.0000,218.0000,46.0000,38.0000
620.0000,218.0000,46.0000,38.0000
620.0000,218.0000,46.0000,38.0000
620.0000,218.0000,46.0000,38.0000
620.0000,218.0000,46.0000,38.0000
620.0000,218.0000,46.0000,38.0000
620.0000,214.0000,46.0000,38.0000
620.0000,214.0000,46.0000,38.0000
620.0000,214.0000,46.0000,38.0000
624.0000,214.0000,46.0000,38.0000
624.0000,214.0000,46.0000,38.0000
624.0000,214.0000,46.0000,38.0000
624.0000,214.0000,46.0000,38.0000
624.0000,214.0000,46.0000,38.0000
624.0000,214.0000,46.0000,38.0000
624.0000,214.0000,46.0000,38.0000
624.0000,214.0000,46.0000,38.0000
624.0000,214.0000,46.0000,38.0000
624.0000,214.0000,46.0000,38.0000
624.0000,214.0000,46.0000,38.0000
624.0000,214.0000,46.0000,38.0000
624.0000,214.0000,46.0000,38.0000
624.0000,214.0000,46.0000,38.0000
624.0000,214.0000,46.0000,38.0000
624.0000,214.0000,46.0000,38.0000
624.0000,214.0000,46.0000,38.0000
624.0000,214.0000,46.0000,38.0000
624.0000,214.0000,46.0000,38.0000
624.0000,214.0000,46.0000,38.0000
624.0000,214.0000,46.0000,38.0000
624.0000,214.0000,46.0000,38.0000
624.0000,214.0000,46.0000,38.0000
620.0000,214.0000,46.0000,38.0000
620.0000,214.0000,46.0000,38.0000
620.0000,214.0000,46.0000,38.0000
620.0000,214.0000,46.0000,38.0000
620.0000,214.0000,46.0000,38.0000
620.0000,214.0000,46.0000,38.0000
620.0000,214.0000,46.0000,38.0000
620.0000,214.0000,46.0000,38.0000
620.0000,214.0000,46.0000,38.0000
620.0000,218.0000,46.0000,38.0000
620.0000,218.0000,46.0000,38.0000
620.0000,218.0000,46.0000,38.0000
620.0000,218.0000,46.0000,38.0000
620.0000,218.0000,46.0000,38.0000
620.0000,218.0000,46.0000,38.0000
620.0000,218.0000,46.0000,38.0000
620.0000,222.0000,46.0000,38.0000
620.0000,222.0000,46.0000,38.0000
620.0000,222.0000,46.0000,38.0000
620.0000,222.0000,46.0000,38.0000
620.0000,222.0000,46.0000,38.0000
620.0000,222.0000,46.0000,38.0000
620.0000,226.0000,46.0000,38.0000
620.0000,226.0000,46.0000,38.0000
620.0000,226.0000,46.0000,38.0000
620.0000,226.0000,46.0000,38.0000
620.0000,226.0000,46.0000,38.0000
620.0000,230.0000,46.0000,38.0000
620.0000,230.0000,46.0000,38.0000
620.0000,230.0000,46.0000,38.0000
620.0000,230.0000,46.0000,38.0000
620.0000,234.0000,46.0000,38.0000
620.0000,234.0000,46.0000,38.0000
620.0000,234.0000,46.0000,38.0000
620.0000,234.0000,46.0000,38.0000
620.0000,234.0000,46.0000,38.0000
620.0000,238.0000,46.0000,38.0000
620.0000,238.0000,46.0000,38.0000
616.0000,238.0000,46.0000,38.0000
616.0000,238.0000,46.0000,38.0000
616.0000,242.0000,46.0000,38.0000
616.0000,242.0000,46.0000,38.0000
616.0000,242.0000,46.0000,38.0000
616.0000,242.0000,46.0000,38.0000
616.0000,246.0000,46.0000,38.0000
616.0000,246.0000,46.0000,38.0000
616.0000,246.0000,46.0000,38.0000
616.0000,246.0000,46.0000,38.0000
616.0000,246.0000,46.0000,38.0000
616.0000,246.0000,46.0000,38.0000
616.0000,250.0000,46.0000,38.0000
616.0000,250.0000,46.0000,38.0000
616.0000,250.0000,46.0000,38.0000
616.0000,250.0000,46.0000,38.0000
616.0000,250.0000,46.0000,38.0000
616.0000,250.0000,46.0000,38.0000
616.0000,254.0000,46.0000,38.0000
616.0000,254.0000,46.0000,38.0000
616.0000,254.0000,46.0000,38.0000
616.0000,254.0000,46.0000,38.0000
616.0000,254.0000,46.0000,38.0000
616.0000,254.0000,46.0000,38.0000
616.0000,254.0000,46.0000,38.0000
616.0000,254.0000,46.0000,38.0000
616.0000,254.0000,46.0000,38.0000
616.0000,258.0000,46.0000,38.0000
616.0000,258.0000,46.0000,38.0000
616.0000,258.0000,46.0000,38.0000
616.0000,258.0000,46.0000,38.0000
616.0000,258.0000,46.0000,38.0000
616.0000,258.0000,46.0000,38.0000
616.0000,258.0000,46.0000,38.0000
616.0000,258.0000,46.0000,38.0000
616.0000,258.0000,46.0000,38.0000
616.0000,258.0000,46.0000,38.0000
616.0000,262.0000,46.0000,38.0000
616.0000,262.0000,46.0000,38.0000
616.0000,262.0000,46.0000,38.0000
616.0000,262.0000,46.0000,38.0000
616.0000,262.0000,46.0000,38.0000
616.0000,262.0000,46.0000,38.0000
616.0000,262.0000,46.0000,38.0000
616.0000,262.0000,46.0000,38.0000
616.0000,266.0000,46.0000,38.0000
616.0000,266.0000,46.0000,38.0000
616.0000,266.0000,46.0000,38.0000
616.0000,266.0000,46.0000,38.0000
616.0000,266.0000,46.0000,38.0000
616.0000,266.0000,46.0000,38.0000
616.0000,266.0000,46.0000,38.0000
616.0000,266.0000,46.0000,38.0000
616.0000,266.0000,46.0000,38.0000
616.0000,266.0000,46.0000,38.0000
616.0000,266.0000,46.0000,38.0000
616.0000,270.0000,46.0000,38.0000
616.0000,270.0000,46.0000,38.0000
616.0000,270.0000,46.0000,38.0000
616.0000,270.0000,46.0000,38.0000
616.0000,270.0000,46.0000,38.0000
616.0000,270.0000,46.0000,38.0000
616.0000,270.0000,46.0000,38.0000
616.0000,270.0000,46.0000,38.0000
616.0000,270.0000,46.0000,38.0000
620.0000,274.0000,46.0000,38.0000
620.0000,274.0000,46.0000,38.0000
620.0000,274.0000,46.0000,38.0000
620.0000,274.0000,46.0000,38.0000
620.0000,274.0000,46.0000,38.0000
620.0000,274.0000,46.0000,38.0000
620.0000,278.0000,46.0000,38.0000
620.0000,278.0000,46.0000,38.0000
620.0000,278.0000,46.0000,38.0000
620.0000,278.0000,46.0000,38.0000
620.0000,278.0000,46.0000,38.0000
620.0000,278.0000,46.0000,38.0000
624.0000,278.0000,46.0000,38.0000
624.0000,282.0000,46.0000,38.0000
624.0000,282.0000,46.0000,38.0000
624.0000,282.0000,46.0000,38.0000
624.0000,282.0000,46.0000,38.0000
624.0000,282.0000,46.0000,38.0000
624.0000,282.0000,46.0000,38.0000
624.0000,286.0000,46.0000,38.0000
624.0000,286.0000,46.0000,38.0000
624.0000,286.0000,46.0000,38.0000
624.0000,286.0000,46.0000,38.0000
624.0000,286.0000,46.0000,38.0000
624.0000,286.0000,46.0000,38.0000
624.0000,290.0000,46.0000,38.0000
624.0000,290.0000,46.0000,38.0000
624.0000,290.0000,46.0000,38.0000
624.0000,290.0000,46.0000,38.0000
628.0000,290.0000,46.0000,38.0000
628.0000,294.0000,46.0000,38.0000
628.0000,294.0000,46.0000,38.0000
628.0000,294.0000,46.0000,38.0000
628.0000,294.0000,46.0000,38.0000
628.0000,294.0000,46.0000,38.0000
628.0000,294.0000,46.0000,38.0000
628.0000,298.0000,46.0000,38.0000
628.0000,298.0000,46.0000,38.0000
628.0000,298.0000,46.0000,38.0000
628.0000,298.0000,46.0000,38.0000
628.0000,298.0000,46.0000,38.0000
628.0000,298.0000,46.0000,38.0000
628.0000,302.0000,46.0000,38.0000
628.0000,302.0000,46.0000,38.0000
628.0000,302.0000,46.0000,38.0000
628.0000,302.0000,46.0000,38.0000
628.0000,302.0000,46.0000,38.0000
628.0000,306.0000,46.0000,38.0000
628.0000,306.0000,46.0000,38.0000
628.0000,306.0000,46.0000,38.0000
628.0000,306.0000,46.0000,38.0000
628.0000,306.0000,46.0000,38.0000
628.0000,306.0000,46.0000,38.0000
628.0000,306.0000,46.0000,38.0000
628.0000,306.0000,46.0000,38.0000
632.0000,310.0000,46.0000,38.0000
632.0000,310.0000,46.0000,38.0000
632.0000,310.0000,46.0000,38.0000
632.0000,310.0000,46.0000,38.0000
632.0000,310.0000,46.0000,38.0000
632.0000,310.0000,46.0000,38.0000
632.0000,310.0000,46.0000,38.0000
632.0000,310.0000,46.0000,38.0000
632.0000,310.0000,46.0000,38.0000
632.0000,310.0000,46.0000,38.0000
632.0000,310.0000,46.0000,38.0000
632.0000,314.0000,46.0000,38.0000
632.0000,314.0000,46.0000,38.0000
632.0000,314.0000,46.0000,38.0000
632.0000,314.0000,46.0000,38.0000
632.0000,314.0000,46.0000,38.0000
632.0000,314.0000,46.0000,38.0000
632.0000,314.0000,46.0000,38.0000
632.0000,314.0000,46.0000,38.0000
632.0000,314.0000,46.0000,38.0000
632.0000,314.0000,46.0000,38.0000
628.0000,314.0000,46.0000,38.0000
628.0000,314.0000,46.0000,38.0000
628.0000,314.0000,46.0000,38.0000
628.0000,318.0000,46.0000,38.0000
628.0000,318.0000,46.0000,38.0000
628.0000,318.0000,46.0000,38.0000
628.0000,318.0000,46.0000,38.0000
628.0000,318.0000,46.0000,38.0000
628.0000,318.0000,46.0000,38.0000
628.0000,318.0000,46.0000,38.0000
628.0000,318.0000,46.0000,38.0000
628.0000,318.0000,46.0000,38.0000
628.0000,318.0000,46.0000,38.0000
628.0000,318.0000,46.0000,38.0000
628.0000,318.0000,46.0000,38.0000
628.0000,318.0000,46.0000,38.0000
628.0000,318.0000,46.0000,38.0000
628.0000,318.0000,46.0000,38.0000
628.0000,322.0000,46.0000,38.0000
628.0000,322.0000,46.0000,38.0000
628.0000,322.0000,46.0000,38.0000
628.0000,322.0000,46.0000,38.0000
628.0000,322.0000,46.0000,38.0000
628.0000,322.0000,46.0000,38.0000
628.0000,322.0000,46.0000,38.0000
628.0000,322.0000,46.0000,38.0000
628.0000,322.0000,46.0000,38.0000
628.0000,322.0000,46.0000,38.0000
628.0000,322.0000,46.0000,38.0000
628.0000,322.0000,46.0000,38.0000
628.0000,322.0000,46.0000,38.0000
628.0000,322.0000,46.0000,38.0000
628.0000,326.0000,46.0000,38.0000
628.0000,326.0000,46.0000,38.0000
628.0000,326.0000,46.0000,38.0000
628.0000,326.0000,46.0000,38.0000
628.0000,326.0000,46.0000,38.0000
628.0000,326.0000,46.0000,38.0000
628.0000,326.0000,46.0000,38.0000
628.0000,326.0000,46.0000,38.0000
628.0000,326.0000,46.0000,38.0000
628.0000,326.0000,46.0000,38.0000
628.0000,326.0000,46.0000,38.0000
628.0000,330.0000,46.0000,38.0000
628.0000,330.0000,46.0000,38.0000
628.0000,330.0000,46.0000,38.0000
628.0000,330.0000,46.0000,38.0000
628.0000,330.0000,46.0000,38.0000
628.0000,330.0000,46.0000,38.0000
628.0000,330.0000,46.0000,38.0000
628.0000,330.0000,46.0000,38.0000
628.0000,330.0000,46.0000,38.0000
628.0000,330.0000,46.0000,38.0000
628.0000,330.0000,46.0000,38.0000
628.0000,330.0000,46.0000,38.0000
628.0000,330.0000,46.0000,38.0000
628.0000,330.0000,46.0000,38.0000
628.0000,330.0000,46.0000,38.0000
628.0000,330.0000,46.0000,38.0000
628.0000,330.0000,46.0000,38.0000
628.0000,330.0000,46.0000,38.0000
628.0000,330.0000,46.0000,38.0000
628.0000,330.0000,46.0000,38.0000
628.0000,330.0000,46.0000,38.0000
628.0000,330.0000,46.0000,38.0000
628.0000,334.0000,46.0000,38.0000
628.0000,334.0000,46.0000,38.0000
628.0000,334.0000,46.0000,38.0000
628.0000,334.0000,46.0000,38.0000
628.0000,334.0000,46.0000,38.0000
628.0000,334.0000,46.0000,38.0000
628.0000,334.0000,46.0000,38.0000
628.0000,334.0000,46.0000,38.0000
628.0000,334.0000,46.0000,38.0000
628.0000,334.0000,46.0000,38.0000
628.0000,334.0000,46.0000,38.0000
628.0000,334.0000,46.0000,38.0000
628.0000,334.0000,46.0000,38.0000
628.0000,334.0000,46.0000,38.0000
628.0000,334.0000,46.0000,38.0000
628.0000,334.0000,46.0000,38.0000
628.0000,334.0000,46.0000,38.0000
628.0000,338.0000,46.0000,38.0000
628.0000,338.0000,46.0000,38.0000
628.0000,338.0000,46.0000,38.0000
628.0000,338.0000,46.0000,38.0000
628.0000,338.0000,46.0000,38.0000
628.0000,338.0000,46.0000,38.0000
628.0000,338.0000,46.0000,38.0000
628.0000,338.0000,46.0000,38.0000
628.0000,338.0000,46.0000,38.0000
628.0000,338.0000,46.0000,38.0000
628.0000,338.0000,46.0000,38.0000
628.0000,342.0000,46.0000,38.0000
628.0000,342.0000,46.0000,38.0000
628.0000,342.0000,46.0000,38.0000
628.0000,342.0000,46.0000,38.0000
628.0000,342.0000,46.0000,38.0000
628.0000,342.0000,46.0000,38.0000
628.0000,342.0000,46.0000,38.0000
628.0000,342.0000,46.0000,38.0000
628.0000,342.0000,46.0000,38.0000
628.0000,342.0000,46.0000,38.0000
628.0000,346.0000,46.0000,38.0000
628.0000,346.0000,46.0000,38.0000
628.0000,346.0000,46.0000,38.0000
632.0000,346.0000,46.0000,38.0000
632.0000,346.0000,46.0000,38.0000
632.0000,346.0000,46.0000,38.0000
632.0000,346.0000,46.0000,38.0000
632.0000,346.0000,46.0000,38.0000
632.0000,346.0000,46.0000,38.0000
632.0000,346.0000,46.0000,38.0000
632.0000,346.0000,46.0000,38.0000
632.0000,346.0000,46.0000,38.0000
632.0000,346.0000,46.0000,38.0000
632.0000,350.0000,46.0000,38.0000
632.0000,350.0000,46.0000,38.0000
632.0000,350.0000,46.0000,38.0000
632.0000,350.0000,46.0000,38.0000
632.0000,350.0000,46.0000,38.0000
632.0000,350.0000,46.0000,38.0000
632.0000,350.0000,46.0000,38.0000
632.0000,350.0000,46.0000,38.0000
632.0000,350.0000,46.0000,38.0000
632.0000,350.0000,46.0000,38.0000
632.0000,350.0000,46.0000,38.0000
636.0000,350.0000,46.0000,38.0000
636.0000,350.0000,46.0000,38.0000
636.0000,350.0000,46.0000,38.0000
636.0000,350.0000,46.0000,38.0000
636.0000,350.0000,46.0000,38.0000
636.0000,350.0000,46.0000,38.0000
636.0000,350.0000,46.0000,38.0000
636.0000,350.0000,46.0000,38.0000
636.0000,350.0000,46.0000,38.0000
636.0000,350.0000,46.0000,38.0000
636.0000,354.0000,46.0000,38.0000
636.0000,354.0000,46.0000,38.0000
636.0000,354.0000,46.0000,38.0000
636.0000,354.0000,46.0000,38.0000
636.0000,354.0000,46.0000,38.0000
636.0000,354.0000,46.0000,38.0000
636.0000,354.0000,46.0000,38.0000
636.0000,354.0000,46.0000,38.0000
636.0000,354.0000,46.0000,38.0000
636.0000,354.0000,46.0000,38.0000
636.0000,354.0000,46.0000,38.0000
636.0000,354.0000,46.0000,38.0000
636.0000,354.0000,46.0000,38.0000
636.0000,354.0000,46.0000,38.0000
640.0000,354.0000,46.0000,38.0000
640.0000,354.0000,46.0000,38.0000
640.0000,354.0000,46.0000,38.0000
640.0000,354.0000,46.0000,38.0000
640.0000,354.0000,46.0000,38.0000
640.0000,354.0000,46.0000,38.0000
640.0000,354.0000,46.0000,38.0000
640.0000,354.0000,46.0000,38.0000
640.0000,354.0000,46.0000,38.0000
640.0000,354.0000,46.0000,38.0000
640.0000,354.0000,46.0000,38.0000
640.0000,354.0000,46.0000,38.0000
640.0000,354.0000,46.0000,38.0000
640.0000,354.0000,46.0000,38.0000
640.0000,354.0000,46.0000,38.0000
640.0000,354.0000,46.0000,38.0000
640.0000,354.0000,46.0000,38.0000
640.0000,354.0000,46.0000,38.0000
640.0000,358.0000,46.0000,38.0000
640.0000,358.0000,46.0000,38.0000
640.0000,358.0000,46.0000,38.0000
640.0000,358.0000,46.0000,38.0000
640.0000,358.0000,46.0000,38.0000
640.0000,358.0000,46.0000,38.0000
636.0000,358.0000,46.0000,38.0000
636.0000,358.0000,46.0000,38.0000
636.0000,358.0000,46.0000,38.0000
636.0000,358.0000,46.0000,38.0000
636.0000,358.0000,46.0000,38.0000
636.0000,358.0000,46.0000,38.0000
636.0000,358.0000,46.0000,38.0000
636.0000,358.0000,46.0000,38.0000
636.0000,358.0000,46.0000,38.0000
636.0000,358.0000,46.0000,38.0000
636.0000,358.0000,46.0000,38.0000
636.0000,358.0000,46.0000,38.0000
636.0000,358.0000,46.0000,38.0000
636.0000,358.0000,46.0000,38.0000
636.0000,358.0000,46.0000,38.0000
636.0000,358.0000,46.0000,38.0000
636.0000,358.0000,46.0000,38.0000
636.0000,358.0000,46.0000,38.0000
636.0000,358.0000,46.0000,38.0000
636.0000,362.0000,46.0000,38.0000
636.0000,362.0000,46.0000,38.0000
636.0000,362.0000,46.0000,38.0000
636.0000,362.0000,46.0000,38.0000
636.0000,362.0000,46.0000,38.0000
632.0000,362.0000,46.0000,38.0000
632.0000,362.0000,46.0000,38.0000
632.0000,362.0000,46.0000,38.0000
632.0000,362.0000,46.0000,38.0000
632.0000,362.0000,46.0000,38.0000
632.0000,362.0000,46.0000,38.0000
632.0000,362.0000,46.0000,38.0000
632.0000,362.0000,46.0000,38.0000
632.0000,362.0000,46.0000,38.0000
632.0000,362.0000,46.0000,38.0000
632.0000,362.0000,46.0000,38.0000
632.0000,362.0000,46.0000,38.0000
632.0000,362.0000,46.0000,38.0000
632.0000,362.0000,46.0000,38.0000
632.0000,362.0000,46.0000,38.0000
632.0000,362.0000,46.0000,38.0000
632.0000,362.0000,46.0000,38.0000
632.0000,362.0000,46.0000,38.0000
632.0000,362.0000,46.0000,38.0000
632.0000,362.0000,46.0000,38.0000
628.0000,362.0000,46.0000,38.0000
628.0000,362.0000,46.0000,38.0000
628.0000,362.0000,46.0000,38.0000
628.0000,362.0000,46.0000,38.0000
628.0000,362.0000,46.0000,38.0000
628.0000,362.0000,46.0000,38.0000
628.0000,362.0000,46.0000,38.0000
628.0000,362.0000,46.0000,38.0000
628.0000,362.0000,46.0000,38.0000
628.0000,362.0000,46.0000,38.0000
628.0000,362.0000,46.0000,38.0000
628.0000,362.0000,46.0000,38.0000
628.0000,362.0000,46.0000,38.0000
628.0000,362.0000,46.0000,38.0000
628.0000,362.0000,46.0000,38.0000
624.0000,362.0000,46.0000,38.0000
624.0000,362.0000,46.0000,38.0000
624.0000,362.0000,46.0000,38.0000
624.0000,362.0000,46.0000,38.0000
624.0000,362.0000,46.0000,38.0000
624.0000,362.0000,46.0000,38.0000
624.0000,362.0000,46.0000,38.0000
624.0000,362.0000,46.0000,38.0000
624.0000,362.0000,46.0000,38.0000
624.0000,362.0000,46.0000,38.0000
624.0000,362.0000,46.0000,38.0000
624.0000,358.0000,46.0000,38.0000
624.0000,358.0000,46.0000,38.0000
624.0000,358.0000,46.0000,38.0000
624.0000,358.0000,46.0000,38.0000
624.0000,358.0000,46.0000,38.0000
624.0000,358.0000,46.0000,38.0000
620.0000,354.0000,46.0000,38.0000
620.0000,354.0000,46.0000,38.0000
620.0000,354.0000,46.0000,38.0000
620.0000,354.0000,46.0000,38.0000
620.0000,354.0000,46.0000,38.0000
620.0000,354.0000,46.0000,38.0000
620.0000,354.0000,46.0000,38.0000
620.0000,354.0000,46.0000,38.0000
620.0000,354.0000,46.0000,38.0000
620.0000,354.0000,46.0000,38.0000
620.0000,354.0000,46.0000,38.0000
620.0000,354.0000,46.0000,38.0000
620.0000,354.0000,46.0000,38.0000
620.0000,354.0000,46.0000,38.0000
620.0000,354.0000,46.0000,38.0000
620.0000,354.0000,46.0000,38.0000
620.0000,354.0000,46.0000,38.0000
620.0000,354.0000,46.0000,38.0000
620.0000,354.0000,46.0000,38.0000
620.0000,354.0000,46.0000,38.0000
616.0000,354.0000,46.0000,38.0000
616.0000,354.0000,46.0000,38.0000
616.0000,354.0000,46.0000,38.0000
616.0000,354.0000,46.0000,38.0000
616.0000,354.0000,46.0000,38.0000
616.0000,354.0000,46.0000,38.0000
616.0000,354.0000,46.0000,38.0000
616.0000,354.0000,46.0000,38.0000
616.0000,354.0000,46.0000,38.0000
616.0000,354.0000,46.0000,38.0000
616.0000,354.0000,46.0000,38.0000
616.0000,358.0000,46.0000,38.0000
616.0000,358.0000,46.0000,38.0000
616.0000,358.0000,46.0000,38.0000
616.0000,358.0000,46.0000,38.0000
616.0000,358.0000,46.0000,38.0000
616.0000,358.0000,46.0000,38.0000
616.0000,358.0000,46.0000,38.0000
616.0000,358.0000,46.0000,38.0000
616.0000,358.0000,46.0000,38.0000
616.0000,358.0000,46.0000,38.0000
616.0000,358.0000,46.0000,38.0000
616.0000,358.0000,46.0000,38.0000
616.0000,358.0000,46.0000,38.0000
616.0000,358.0000,46.0000,38.0000
616.0000,358.0000,46.0000,38.0000
616.0000,358.0000,46.0000,38.0000
616.0000,358.0000,46.0000,38.0000
616.0000,358.0000,46.0000,38.0000
616.0000,358.0000,46.0000,38.0000
616.0000,358.0000,46.0000,38.0000
616.0000,358.0000,46.0000,38.0000
616.0000,358.0000,46.0000,38.0000
616.0000,358.0000,46.0000,38.0000
616.0000,362.0000,46.0000,38.0000
616.0000,362.0000,46.0000,38.0000
616.0000,362.0000,46.0000,38.0000
616.0000,362.0000,46.0000,38.0000
616.0000,362.0000,46.0000,38.0000
616.0000,362.0000,46.0000,38.0000
616.0000,362.0000,46.0000,38.0000
616.0000,362.0000,46.0000,38.0000
616.0000,362.0000,46.0000,38.0000
616.0000,362.0000,46.0000,38.0000
620.0000,362.0000,46.0000,38.0000
620.0000,362.0000,46.0000,38.0000
624.0000,362.0000,46.0000,38.0000
624.0000,362.0000,46.0000,38.0000
628.0000,362.0000,46.0000,38.0000
628.0000,362.0000,46.0000,38.0000
632.0000,362.0000,46.0000,38.0000
632.0000,362.0000,46.0000,38.0000
636.0000,362.0000,46.0000,38.0000
636.0000,362.0000,46.0000,38.0000
636.0000,362.0000,46.0000,38.0000
640.0000,362.0000,46.0000,38.0000
640.0000,362.0000,46.0000,38.0000
640.0000,362.0000,46.0000,38.0000
644.0000,362.0000,46.0000,38.0000
644.0000,362.0000,46.0000,38.0000
644.0000,362.0000,46.0000,38.0000
644.0000,362.0000,46.0000,38.0000
644.0000,362.0000,46.0000,38.0000
644.0000,362.0000,46.0000,38.0000
644.0000,362.0000,46.0000,38.0000
644.0000,362.0000,46.0000,38.0000
644.0000,362.0000,46.0000,38.0000
644.0000,362.0000,46.0000,38.0000
644.0000,362.0000,46.0000,38.0000
644.0000,362.0000,46.0000,38.0000
644.0000,362.0000,46.0000,38.0000
644.0000,362.0000,46.0000,38.0000
644.0000,362.0000,46.0000,38.0000
644.0000,362.0000,46.0000,38.0000
644.0000,362.0000,46.0000,38.0000
644.0000,362.0000,46.0000,38.0000
644.0000,362.0000,46.0000,38.0000
644.0000,362.0000,46.0000,38.0000
644.0000,362.0000,46.0000,38.0000
644.0000,362.0000,46.0000,38.0000
644.0000,366.0000,46.0000,38.0000
644.0000,366.0000,46.0000,38.0000
644.0000,366.0000,46.0000,38.0000
644.0000,366.0000,46.0000,38.0000
644.0000,366.0000,46.0000,38.0000
644.0000,366.0000,46.0000,38.0000
644.0000,366.0000,46.0000,38.0000
644.0000,366.0000,46.0000,38.0000
644.0000,366.0000,46.0000,38.0000
644.0000,366.0000,46.0000,38.0000
644.0000,366.0000,46.0000,38.0000
644.0000,366.0000,46.0000,38.0000
644.0000,366.0000,46.0000,38.0000
648.0000,366.0000,46.0000,38.0000
648.0000,366.0000,46.0000,38.0000
648.0000,366.0000,46.0000,38.0000
648.0000,366.0000,46.0000,38.0000
648.0000,366.0000,46.0000,38.0000
648.0000,366.0000,46.0000,38.0000
648.0000,366.0000,46.0000,38.0000
648.0000,366.0000,46.0000,38.0000
648.0000,366.0000,46.0000,38.0000
648.0000,366.0000,46.0000,38.0000
648.0000,366.0000,46.0000,38.0000
648.0000,366.0000,46.0000,38.0000
648.0000,366.0000,46.0000,38.0000
648.0000,366.0000,46.0000,38.0000
648.0000,366.0000,46.0000,38.0000
648.0000,366.0000,46.0000,38.0000
648.0000,366.0000,46.0000,38.0000
648.0000,366.0000,46.0000,38.0000
648.0000,366.0000,46.0000,38.0000
648.0000,366.0000,46.0000,38.0000
648.0000,366.0000,46.0000,38.0000
648.0000,366.0000,46.0000,38.0000
648.0000,366.0000,46.0000,38.0000
648.0000,366.0000,46.0000,38.0000
648.0000,366.0000,46.0000,38.0000
648.0000,366.0000,46.0000,38.0000
648.0000,366.0000,46.0000,38.0000
648.0000,366.0000,46.0000,38.0000
648.0000,366.0000,46.0000,38.0000
648.0000,366.0000,46.0000,38.0000
648.0000,366.0000,46.0000,38.0000
648.0000,366.0000,46.0000,38.0000
648.0000,366.0000,46.0000,38.0000
648.0000,366.0000,46.0000,38.0000
648.0000,366.0000,46.0000,38.0000
648.0000,366.0000,46.0000,38.0000
648.0000,366.0000,46.0000,38.0000
648.0000,366.0000,46.0000,38.0000
648.0000,366.0000,46.0000,38.0000
648.0000,366.0000,46.0000,38.0000
648.0000,366.0000,46.0000,38.0000
648.0000,366.0000,46.0000,38.0000
648.0000,366.0000,46.0000,38.0000
648.0000,366.0000,46.0000,38.0000
648.0000,366.0000,46.0000,38.0000
648.0000,366.0000,46.0000,38.0000
648.0000,366.0000,46.0000,38.0000
648.0000,366.0000,46.0000,38.0000
648.0000,366.0000,46.0000,38.0000
648.0000,366.0000,46.0000,38.0000
648.0000,366.0000,46.0000,38.0000
648.0000,366.0000,46.0000,38.0000
648.0000,366.0000,46.0000,38.0000
648.0000,366.0000,46.0000,38.0000
648.0000,366.0000,46.0000,38.0000
648.0000,366.0000,46.0000,38.0000
648.0000,366.0000,46.0000,38.0000
648.0000,366.0000,46.0000,38.0000
648.0000,366.0000,46.0000,38.0000
648.0000,366.0000,46.0000,38.0000
648.0000,366.0000,46.0000,38.0000
648.0000,366.0000,46.0000,38.0000
644.0000,366.0000,46.0000,38.0000
644.0000,366.0000,46.0000,38.0000
644.0000,366.0000,46.0000,38.0000
644.0000,366.0000,46.0000,38.0000
644.0000,366.0000,46.0000,38.0000
644.0000,366.0000,46.0000,38.0000
644.0000,366.0000,46.0000,38.0000
644.0000,366.0000,46.0000,38.0000
644.0000,366.0000,46.0000,38.0000
644.0000,366.0000,46.0000,38.0000
644.0000,366.0000,46.0000,38.0000
644.0000,366.0000,46.0000,38.0000
644.0000,366.0000,46.0000,38.0000
644.0000,366.0000,46.0000,38.0000
644.0000,366.0000,46.0000,38.0000
644.0000,366.0000,46.0000,38.0000
644.0000,366.0000,46.0000,38.0000
644.0000,366.0000,46.0000,38.0000
644.0000,366.0000,46.0000,38.0000
644.0000,366.0000,46.0000,38.0000
644.0000,366.0000,46.0000,38.0000
644.0000,366.0000,46.0000,38.0000
644.0000,366.0000,46.0000,38.0000
644.0000,366.0000,46.0000,38.0000
644.0000,366.0000,46.0000,38.0000
644.0000,366.0000,46.0000,38.0000
644.0000,366.0000,46.0000,38.0000
644.0000,366.0000,46.0000,38.0000
644.0000,366.0000,46.0000,38.0000
644.0000,366.0000,46.0000,38.0000
644.0000,366.0000,46.0000,38.0000
644.0000,366.0000,46.0000,38.0000
644.0000,366.0000,46.0000,38.0000
644.0000,366.0000,46.0000,38.0000
644.0000,366.0000,46.0000,38.0000
644.0000,366.0000,46.0000,38.0000
644.0000,366.0000,46.0000,38.0000
644.0000,366.0000,46.0000,38.0000
644.0000,366.0000,46.0000,38.0000
644.0000,366.0000,46.0000,38.0000
644.0000,366.0000,46.0000,38.0000
644.0000,366.0000,46.0000,38.0000
644.0000,366.0000,46.0000,38.0000
644.0000,366.0000,46.0000,38.0000
644.0000,366.0000,46.0000,38.0000
644.0000,366.0000,46.0000,38.0000
644.0000,366.0000,46.0000,38.0000
644.0000,366.0000,46.0000,38.0000
644.0000,366.0000,46.0000,38.0000
644.0000,366.0000,46.0000,38.0000
644.0000,366.0000,46.0000,38.0000
644.0000,366.0000,46.0000,38.0000
644.0000,366.0000,46.0000,38.0000
644.0000,366.0000,46.0000,38.0000
644.0000,366.0000,46.0000,38.0000
644.0000,366.0000,46.0000,38.0000
644.0000,366.0000,46.0000,38.0000
644.0000,366.0000,46.0000,38.0000
644.0000,366.0000,46.0000,38.0000
644.0000,366.0000,46.0000,38.0000
644.0000,366.0000,46.0000,38.0000
644.0000,366.0000,46.0000,38.0000
644.0000,366.0000,46.0000,38.0000
644.0000,366.0000,46.0000,38.0000
644.0000,370.0000,46.0000,38.0000
644.0000,370.0000,46.0000,38.0000
644.0000,370.0000,46.0000,38.0000
644.0000,370.0000,46.0000,38.0000
644.0000,370.0000,46.0000,38.0000
644.0000,370.0000,46.0000,38.0000
644.0000,370.0000,46.0000,38.0000
644.0000,370.0000,46.0000,38.0000
644.0000,370.0000,46.0000,38.0000
644.0000,370.0000,46.0000,38.0000
644.0000,370.0000,46.0000,38.0000
644.0000,370.0000,46.0000,38.0000
644.0000,370.0000,46.0000,38.0000
644.0000,370.0000,46.0000,38.0000
644.0000,370.0000,46.0000,38.0000
644.0000,370.0000,46.0000,38.0000
644.0000,370.0000,46.0000,38.0000
644.0000,370.0000,46.0000,38.0000
644.0000,370.0000,46.0000,38.0000
644.0000,370.0000,46.0000,38.0000
644.0000,370.0000,46.0000,38.0000
644.0000,370.0000,46.0000,38.0000
644.0000,370.0000,46.0000,38.0000
644.0000,370.0000,46.0000,38.0000
644.0000,370.0000,46.0000,38.0000
644.0000,370.0000,46.0000,38.0000
644.0000,370.0000,46.0000,38.0000
644.0000,370.0000,46.0000,38.0000
644.0000,370.0000,46.0000,38.0000
644.0000,370.0000,46.0000,38.0000
644.0000,370.0000,46.0000,38.0000
644.0000,370.0000,46.0000,38.0000
644.0000,370.0000,46.0000,38.0000
644.0000,370.0000,46.0000,38.0000
644.0000,370.0000,46.0000,38.0000
644.0000,370.0000,46.0000,38.0000
644.0000,370.0000,46.0000,38.0000
644.0000,370.0000,46.0000,38.0000
644.0000,370.0000,46.0000,38.0000
644.0000,370.0000,46.0000,38.0000
644.0000,374.0000,46.0000,38.0000
644.0000,374.0000,46.0000,38.0000
644.0000,374.0000,46.0000,38.0000
644.0000,374.0000,46.0000,38.0000
644.0000,374.0000,46.0000,38.0000
644.0000,374.0000,46.0000,38.0000
644.0000,374.0000,46.0000,38.0000
644.0000,374.0000,46.0000,38.0000
644.0000,374.0000,46.0000,38.0000
644.0000,374.0000,46.0000,38.0000
644.0000,374.0000,46.0000,38.0000
644.0000,374.0000,46.0000,38.0000
644.0000,374.0000,46.0000,38.0000
644.0000,374.0000,46.0000,38.0000
644.0000,374.0000,46.0000,38.0000
644.0000,374.0000,46.0000,38.0000
644.0000,374.0000,46.0000,38.0000
644.0000,378.0000,46.0000,38.0000
644.0000,378.0000,46.0000,38.0000
644.0000,378.0000,46.0000,38.0000
644.0000,378.0000,46.0000,38.0000
644.0000,378.0000,46.0000,38.0000
644.0000,378.0000,46.0000,38.0000
644.0000,378.0000,46.0000,38.0000
644.0000,378.0000,46.0000,38.0000
644.0000,378.0000,46.0000,38.0000
644.0000,378.0000,46.0000,38.0000
644.0000,378.0000,46.0000,38.0000
644.0000,378.0000,46.0000,38.0000
644.0000,378.0000,46.0000,38.0000
644.0000,378.0000,46.0000,38.0000
644.0000,378.0000,46.0000,38.0000
644.0000,378.0000,46.0000,38.0000
644.0000,382.0000,46.0000,38.0000
644.0000,382.0000,46.0000,38.0000
644.0000,382.0000,46.0000,38.0000
644.0000,382.0000,46.0000,38.0000
644.0000,382.0000,46.0000,38.0000
644.0000,382.0000,46.0000,38.0000
644.0000,382.0000,46.0000,38.0000
644.0000,382.0000,46.0000,38.0000
644.0000,382.0000,46.0000,38.0000
644.0000,382.0000,46.0000,38.0000
644.0000,382.0000,46.0000,38.0000
