1
642.0126,293.0540,14.9747,63.8921
640.9822,292.9240,15.0356,64.1519
640.9315,292.7079,15.1369,64.5842
639.9373,292.7327,15.1253,64.5347
638.9305,292.7036,15.1390,64.5929
638.9375,291.7334,15.1250,64.5332
637.9406,291.7463,15.1189,64.5074
637.9021,292.5823,15.1958,64.8353
636.9044,292.5922,15.1911,64.8155
635.9180,292.6500,15.1641,64.7000
635.9183,292.6516,15.1633,64.6968
634.9175,292.6481,15.1649,64.7037
634.9148,292.6364,15.1704,64.7271
633.9193,292.6555,15.1615,64.6890
633.9152,292.6381,15.1696,64.7238
632.9141,292.6333,15.1719,64.7334
632.9037,292.5893,15.1925,64.8214
631.9183,292.6515,15.1634,64.6970
631.8938,291.5468,15.2124,64.9063
630.8898,291.5300,15.2203,64.9400
630.8958,291.5553,15.2084,64.8894
629.8929,291.5430,15.2142,64.9141
629.8635,291.4176,15.2730,65.1649
628.8690,291.4408,15.2621,65.1184
628.8591,291.3989,15.2818,65.2022
627.8507,291.3629,15.2986,65.2741
627.8372,291.3054,15.3256,65.3892
627.8234,291.2465,15.3532,65.5070
627.8306,292.2769,15.3389,65.4461
627.8387,292.3119,15.3226,65.3763
626.8591,292.3987,15.2818,65.2025
626.8411,291.3220,15.3178,65.3561
626.8308,291.2782,15.3384,65.4437
626.8347,291.2948,15.3305,65.4103
626.8431,291.3308,15.3137,65.3385
625.8706,291.4480,15.2588,65.1041
625.8506,291.3628,15.2987,65.2744
625.8400,290.3173,15.3200,65.3655
624.8226,290.2430,15.3548,65.5140
624.8022,290.1563,15.3955,65.6874
624.8165,290.2171,15.3670,65.5658
624.8228,290.2441,15.3543,65.5118
623.8391,291.3135,15.3218,65.3729
623.8254,291.2552,15.3491,65.4896
623.8345,291.2937,15.3311,65.4127
623.8309,291.2783,15.3383,65.4435
623.8372,291.3051,15.3257,65.3898
623.8541,291.3773,15.2919,65.2455
623.8615,291.4090,15.2771,65.1821
623.8635,291.4177,15.2730,65.1646
623.8528,291.3719,15.2944,65.2561
623.8426,291.3284,15.3148,65.3431
623.8527,291.3716,15.2946,65.2569
623.8551,290.3818,15.2898,65.2364
623.8757,290.4699,15.2485,65.0602
623.8871,290.5185,15.2257,64.9631
623.8855,290.5116,15.2290,64.9769
623.8761,291.4714,15.2478,65.0572
623.8691,291.4415,15.2618,65.1170
624.8481,292.3517,15.3039,65.2966
624.8607,292.4059,15.2785,65.1883
624.8667,292.4312,15.2666,65.1377
624.8633,293.4168,15.2734,65.1664
625.8619,293.4109,15.2761,65.1781
625.8863,293.5147,15.2275,64.9706
626.8987,293.5677,15.2026,64.8645
626.9464,293.7715,15.1071,64.4570
627.9807,293.9178,15.0386,64.1645
627.9913,294.9629,15.0174,64.0743
628.9969,294.9866,15.0063,64.0268
628.9994,294.9975,15.0012,64.0051
628.9977,294.9902,15.0046,64.0196
628.9890,294.9532,15.0219,64.0936
629.9610,294.8336,15.0780,64.3329
629.9456,295.7678,15.1089,64.4645
629.9417,295.7513,15.1166,64.4975
630.9279,295.6924,15.1442,64.6152
630.9097,296.6146,15.1807,64.7709
630.8907,296.5335,15.2187,64.9331
630.8696,296.4436,15.2608,65.1127
631.8456,297.3412,15.3088,65.3175
631.8540,297.3771,15.2920,65.2458
631.8619,297.4106,15.2763,65.1789
631.8603,297.4039,15.2794,65.1923
632.8489,297.3554,15.3022,65.2892
632.8378,297.3079,15.3244,65.3842
632.8259,297.2570,15.3483,65.4860
632.8103,297.1907,15.3794,65.6186
632.8101,297.1895,15.3799,65.6209
632.8036,297.1619,15.3929,65.6762
632.8196,297.2303,15.3608,65.5395
632.8003,298.1479,15.3994,65.7041
632.7851,298.0831,15.4298,65.8338
632.7906,299.1066,15.4188,65.7868
633.8077,299.1796,15.3846,65.6408
633.8204,300.2335,15.3593,65.5329
633.8281,300.2664,15.3439,65.4672
633.8309,300.2784,15.3383,65.4432
634.8471,300.3476,15.3058,65.3048
634.8811,300.4926,15.2378,65.0148
635.8915,300.5371,15.2170,64.9258
635.9053,300.5960,15.1894,64.8079
635.9035,301.5883,15.1930,64.8235
636.8698,301.4446,15.2603,65.1107
636.8618,301.4105,15.2763,65.1791
636.8608,301.4060,15.2784,65.1880
636.8732,301.4590,15.2536,65.0820
636.8951,301.5526,15.2097,64.8948
636.8989,301.5686,15.2022,64.8628
636.8884,302.5240,15.2231,64.9519
636.8636,302.4182,15.2727,65.1635
636.8436,302.3327,15.3128,65.3346
636.8320,303.2834,15.3359,65.4332
636.8003,303.1479,15.3994,65.7042
636.7856,303.0852,15.4288,65.8297
637.7770,303.0485,15.4460,65.9031
637.7776,304.0513,15.4447,65.8974
637.7454,303.9139,15.5091,66.1722
637.7197,303.8040,15.5606,66.3920
637.7195,303.8032,15.5610,66.3936
637.7176,303.7952,15.5648,66.4097
637.7044,302.7388,15.5912,66.5223
637.6967,302.7058,15.6067,66.5884
637.7030,302.7327,15.5940,66.5346
637.7022,302.7293,15.5956,66.5413
637.6989,302.7154,15.6022,66.5693
637.6874,302.6664,15.6251,66.6673
637.6818,303.6421,15.6365,66.7158
638.6675,303.5815,15.6649,66.8371
638.6658,304.5742,15.6683,66.8515
638.7001,304.7206,15.5997,66.5589
638.7160,304.7884,15.5679,66.4232
639.7341,304.8653,15.5319,66.2695
639.7601,304.9764,15.4798,66.0472
640.7834,306.0759,15.4332,65.8482
640.7920,306.1126,15.4160,65.7748
641.7684,306.0118,15.4632,65.9765
641.7712,306.0238,15.4576,65.9523
642.7590,305.9720,15.4819,66.0560
642.7563,305.9601,15.4874,66.0798
642.7526,305.9442,15.4949,66.1116
643.7180,305.7966,15.5641,66.4068
643.7429,306.9031,15.5142,66.1937
643.7286,306.8421,15.5428,66.3158
643.7281,306.8400,15.5437,66.3200
644.7172,306.7933,15.5656,66.4134
644.7420,307.8992,15.5160,66.2016
644.7042,307.7381,15.5915,66.5238
644.6895,307.6749,15.6211,66.6502
645.6824,308.6450,15.6352,66.7101
645.6680,308.5835,15.6640,66.8331
646.6244,308.3974,15.7512,67.2052
646.5928,308.2627,15.8144,67.4746
647.5703,308.1667,15.8594,67.6667
647.5848,308.2286,15.8304,67.5428
647.5907,308.2537,15.8186,67.4925
648.5998,308.2925,15.8004,67.4149
648.6306,308.4236,15.7389,67.1528
648.6709,309.5959,15.6582,66.8081
648.6777,309.6249,15.6446,66.7501
649.6804,309.6364,15.6392,66.7273
649.7069,310.7496,15.5861,66.5008
650.7290,310.8438,15.5420,66.3123
650.7597,311.9747,15.4806,66.0505
651.7741,313.0363,15.4518,65.9275
651.7685,313.0124,15.4630,65.9753
652.7853,314.0842,15.4293,65.8316
652.7855,314.0848,15.4290,65.8304
653.8072,314.1774,15.3856,65.6452
654.8309,315.2785,15.3382,65.4430
654.8365,315.3026,15.3269,65.3948
655.8524,316.3700,15.2953,65.2601
655.8718,316.4532,15.2563,65.0937
656.9080,317.6076,15.1839,64.7849
656.9082,317.6084,15.1835,64.7831
656.8959,317.5558,15.2082,64.8883
657.8748,318.4658,15.2504,65.0684
657.8695,318.4433,15.2610,65.1134
658.8668,319.4319,15.2663,65.1362
658.8902,319.5314,15.2197,64.9372
658.9045,320.5926,15.1910,64.8148
659.8929,320.5432,15.2141,64.9136
659.9070,320.6035,15.1859,64.7931
660.9418,321.7517,15.1164,64.4966
660.9670,321.8593,15.0659,64.2813
661.9838,322.9307,15.0325,64.1386
662.0052,323.0222,14.9896,63.9556
663.0184,324.0785,14.9632,63.8430
663.0203,324.0867,14.9594,63.8266
664.0109,324.0467,14.9781,63.9066
664.0248,325.1057,14.9505,63.7887
664.0212,325.0906,14.9575,63.8189
664.0000,325.9999,15.0000,64.0001
664.9916,325.9641,15.0168,64.0719
665.0134,327.0571,14.9732,63.8858
665.0161,327.0688,14.9678,63.8624
666.0179,328.0765,14.9642,63.8471
666.0035,328.0149,14.9930,63.9702
665.9968,328.9861,15.0065,64.0278
665.9982,329.9921,15.0037,64.0158
666.9804,330.9164,15.0392,64.1672
666.9734,331.8865,15.0532,64.2270
667.9598,331.8283,15.0805,64.3434
668.9644,332.8481,15.0712,64.3039
668.9731,333.8852,15.0538,64.2296
669.9737,333.8877,15.0526,64.2246
668.9926,334.9686,15.0147,64.0629
667.0095,335.0404,14.9810,63.9191
665.0325,336.1389,14.9349,63.7222
662.0238,336.1016,14.9524,63.7968
658.0497,336.2121,14.9006,63.5758
654.0585,337.2496,14.8830,63.5007
650.0633,337.2699,14.8735,63.4601
643.0498,338.2126,14.9004,63.5749
637.0394,338.1682,14.9211,63.6635
631.0554,338.2362,14.8893,63.5275
624.0361,339.1539,14.9279,63.6923
616.9976,339.9896,15.0049,64.0209
607.9567,339.8153,15.0866,64.3694
599.9454,340.7672,15.1091,64.4655
591.9239,341.6752,15.1522,64.6496
584.9287,342.6960,15.1425,64.6081
576.9257,343.6829,15.1486,64.6342
567.9178,344.6493,15.1644,64.7015
559.8803,345.4893,15.2394,65.0214
552.8666,345.4310,15.2667,65.1381
545.8376,346.3070,15.3248,65.3859
538.7988,347.1414,15.4024,65.7171
529.7956,348.1279,15.4088,65.7442
523.7906,349.1066,15.4188,65.7869
517.8029,350.1590,15.3942,65.6820
511.8456,351.3414,15.3087,65.3172
506.8918,351.5382,15.2165,64.9236
500.8997,352.5723,15.2005,64.8555
496.8985,353.5671,15.2029,64.8658
492.9299,354.7008,15.1403,64.5984
489.9670,355.8592,15.0660,64.2816
487.9954,355.9804,15.0092,64.0392
484.0025,357.0108,14.9949,63.9784
483.0188,358.0802,14.9624,63.8396
481.0571,359.2435,14.8859,63.5131
480.0758,360.3235,14.8484,63.3530
479.0906,361.3866,14.8188,63.2269
478.1156,362.4932,14.7688,63.0136
477.1422,363.6068,14.7156,62.7864
477.1355,363.5780,14.7291,62.8440
476.0983,364.4192,14.8035,63.1616
476.0633,364.2699,14.8735,63.4601
475.0339,365.1445,14.9323,63.7111
473.9757,365.8963,15.0486,64.2074
472.8996,366.5718,15.2007,64.8564
472.8304,366.2764,15.3392,65.4473
472.8059,367.1719,15.3882,65.6563
471.8013,368.1520,15.3975,65.6959
470.7913,368.1093,15.4175,65.7813
469.7560,368.9589,15.4880,66.0823
469.7387,369.8851,15.5226,66.2298
468.7584,369.9692,15.4832,66.0616
466.7749,371.0397,15.4502,65.9206
465.8032,372.1604,15.3935,65.6791
464.7906,372.1066,15.4188,65.7868
463.7675,373.0082,15.4649,65.9835
461.7627,372.9874,15.4747,66.0252
459.7754,374.0417,15.4492,65.9167
456.7722,375.0279,15.4557,65.9443
454.7443,374.9089,15.5115,66.1822
453.7211,374.8101,15.5578,66.3798
2
0
0
0
0
0
2
0
0
0
0
0
2
0
0
0
0
0
2
0
0
0
0
0
2
0
0
0
0
0
2
0
0
0
0
0
2
0
0
0
0
0
2
0
0
0
0
0
2
0
0
0
0
0
2
0
0
0
0
0
2
0
0
0
0
0
2
0
0
0
0
0
2
0
0
0
0
0
2
0
0
0
0
0
2
0
0
0
0
0
2
0
0
0
0
0
2
0
0
0
0
0
2
0
0
0
0
0
2
0
0
0
0
0
2
0
0
0
0
0
2
0
0
0
0
0
2
0
0
0
0
0
2
0
0
0
0
0
2
0
0
0
0
0
2
0
0
0
0
0
2
0
0
0
0
0
2
0
0
0
0
0
2
0
0
0
0
0
2
0
0
0
0
0
2
0
0
0
0
0
2
0
0
0
0
0
2
0
0
0
0
0
2
0
0
0
0
0
2
0
0
0
0
0
2
0
0
0
0
0
2
0
0
0
0
0
2
0
0
0
0
0
2
0
0
0
0
0
2
0
0
0
0
0
2
0
0
0
0
0
2
0
0
0
0
0
2
0
0
0
0
0
2
0
0
0
0
0
2
0
0
0
0
0
2
0
0
0
0
0
2
0
0
0
0
0
2
0
0
0
0
0
2
0
0
0
0
0
2
0
0
0
0
0
2
0
0
0
0
0
2
0
0
0
0
0
2
0
0
0
0
0
2
0
0
0
0
0
2
0
0
0
0
0
2
0
0
0
0
0
2
0
0
0
0
0
2
0
0
0
0
0
2
0
0
0
0
0
2
0
0
0
0
0
2
0
0
0
0
0
2
0
0
0
0
0
2
0
0
0
0
0
2
0
0
0
0
0
2
0
0
0
0
0
2
0
0
0
0
0
2
0
0
0
0
0
2
0
0
0
0
0
2
0
0
0
0
0
2
0
0
0
0
0
2
0
0
0
0
0
2
0
0
0
0
0
2
0
0
0
0
0
2
0
0
0
0
0
2
0
0
0
0
0
2
0
0
0
0
0
2
0
0
0
0
0
2
0
0
0
0
0
2
0
0
0
0
0
2
0
0
0
0
0
2
0
0
0
0
0
2
0
0
0
0
0
2
0
0
0
0
0
2
0
0
0
0
0
2
0
0
0
0
0
2
0
0
0
0
0
2
0
0
0
0
0
2
0
0
0
0
0
2
0
0
0
0
0
2
0
0
0
0
0
2
0
0
0
0
0
2
0
0
0
0
0
2
0
0
0
0
0
2
0
0
0
0
0
2
0
0
0
0
0
2
0
0
0
0
0
2
0
0
0
0
0
2
0
0
0
0
0
2
0
0
0
0
0
2
0
0
0
0
0
2
0
0
0
0
0
2
0
0
0
0
0
2
0
0
0
0
0
2
0
0
0
0
0
2
0
0
0
0
0
2
0
0
0
0
0
2
0
0
0
0
0
2
0
0
0
0
0
2
0
0
0
0
0
2
0
0
0
0
0
2
0
0
0
0
0
2
0
0
0
0
0
2
0
0
0
0
0
2
0
0
0
0
0
2
0
0
0
0
0
2
0
0
0
0
0
2
0
0
0
0
0
2
0
0
0
0
0
2
0
0
0
0
0
2
0
0
0
0
0
2
0
0
0
0
0
2
0
0
0
0
0
2
0
0
0
0
0
2
0
0
0
0
0
2
0
0
0
0
0
2
0
0
0
0
0
2
0
0
0
0
0
2
0
0
0
0
0
2
0
0
0
0
0
2
0
0
0
0
0
2
0
0
0
0
0
2
0
0
0
0
0
2
0
0
0
0
0
2
0
0
0
0
0
2
0
0
0
0
0
2
0
0
0
0
0
2
0
0
0
0
0
2
0
0
0
0
0
2
0
0
0
0
0
2
0
0
0
0
0
2
0
0
0
0
0
2
0
0
0
0
0
2
0
0
0
0
0
2
0
0
0
0
0
2
0
0
0
0
0
2
0
0
0
0
0
2
0
0
0
0
0
2
0
0
0
0
0
2
0
0
0
0
0
2
0
0
0
0
0
2
0
0
0
0
0
2
0
0
0
0
0
2
0
0
0
0
0
2
0
0
0
0
0
2
0
0
0
0
0
2
0
0
0
0
0
2
0
0
0
0
0
2
0
0
0
0
0
2
0
0
0
0
0
2
0
0
0
0
0
2
0
0
0
0
0
2
0
0
0
0
0
2
0
0
0
0
0
2
0
0
0
0
0
2
0
0
0
0
0
2
0
0
0
0
0
2
0
0
