1
806.9921,241.9794,38.0158,99.0412
808.0685,243.1785,37.8630,98.6430
808.1926,243.5018,37.6148,97.9964
808.3577,243.9320,37.2845,97.1360
809.4260,244.1098,37.1480,96.7803
809.5142,244.3397,36.9715,96.3206
809.5336,245.3902,36.9327,96.2195
810.5040,245.3129,36.9921,96.3742
810.3997,245.0412,37.2007,96.9177
810.3482,244.9072,37.3036,97.1857
811.3485,244.9079,37.3030,97.1842
811.3221,244.8393,37.3557,97.3214
811.2947,243.7677,37.4107,97.4646
811.2817,243.7339,37.4366,97.5322
811.3758,243.9790,37.2484,97.0419
811.4896,245.2756,37.0208,96.4488
812.4913,244.2800,37.0174,96.4400
812.4733,244.2331,37.0534,96.5338
812.5179,243.3492,36.9642,96.3015
812.5089,243.3257,36.9823,96.3486
813.4994,242.3010,37.0012,96.3979
813.4547,242.1847,37.0906,96.6307
813.4193,242.0922,37.1615,96.8155
813.3417,241.8902,37.3166,97.2197
814.2504,239.6522,37.4993,97.6955
813.1465,240.3817,37.7069,98.2365
813.0802,238.2090,37.8396,98.5821
813.0526,238.1369,37.8949,98.7263
813.0430,237.1119,37.9141,98.7763
812.9110,236.7682,38.1779,99.4636
812.8303,235.5577,38.3395,99.8845
811.7739,234.4111,38.4521,100.1779
811.7416,232.3269,38.5167,100.3463
811.6804,232.1673,38.6393,100.6654
811.7102,231.2450,38.5796,100.5100
811.7601,231.3751,38.4797,100.2498
810.8590,230.6327,38.2820,99.7346
810.7465,229.3396,38.5069,100.3207
809.7056,229.2330,38.5888,100.5339
809.6878,228.1866,38.6245,100.6269
808.7090,228.2420,38.5819,100.5160
808.6799,228.1660,38.6402,100.6680
808.6959,228.2077,38.6082,100.5846
807.6388,228.0589,38.7224,100.8821
808.6837,227.1759,38.6326,100.6482
808.7192,227.2686,38.5615,100.4629
808.7787,226.4236,38.4425,100.1529
808.8252,226.5446,38.3496,99.9109
808.8497,226.6086,38.3005,99.7828
808.8141,226.5156,38.3718,99.9688
808.8162,225.5213,38.3675,99.9575
808.8060,225.4946,38.3880,100.0108
808.8095,224.5037,38.3810,99.9925
808.7768,224.4185,38.4464,100.1631
809.7142,224.2556,38.5715,100.4889
809.6779,223.1608,38.6443,100.6785
810.6476,223.0818,38.7049,100.8363
810.6255,222.0245,38.7488,100.9510
810.5715,220.8838,38.8569,101.2325
810.4868,220.6628,39.0265,101.6743
811.4877,219.6653,39.0246,101.6695
811.4404,218.5422,39.1191,101.9157
811.4064,217.4534,39.1873,102.0932
811.3447,216.2928,39.3106,102.4145
812.3430,215.2884,39.3140,102.4233
812.2667,214.0896,39.4665,102.8207
812.1996,212.9149,39.6007,103.1702
813.2216,211.9721,39.5568,103.0559
813.1650,210.8247,39.6699,103.3505
813.1735,210.8466,39.6531,103.3067
814.2020,208.9209,39.5961,103.1583
814.2256,208.9826,39.5487,103.0347
814.2719,208.1032,39.4561,102.7936
815.3094,207.2009,39.3811,102.5981
815.4212,207.4922,39.1575,102.0157
815.5004,206.6983,38.9993,101.6033
815.5240,205.7599,38.9520,101.4802
815.5703,204.8806,38.8593,101.2388
815.5908,204.9339,38.8184,101.1322
816.5276,204.7692,38.9448,101.4616
816.5270,203.7677,38.9460,101.4647
815.5264,203.7662,38.9472,101.4677
815.5594,202.8521,38.8812,101.2958
815.5718,201.8843,38.8565,101.2313
814.5704,200.8809,38.8591,101.2383
813.5566,199.8450,38.8867,101.3100
813.5593,198.8518,38.8814,101.2964
812.5792,196.9038,38.8415,101.1924
812.5836,194.9153,38.8327,101.1694
812.5580,192.8487,38.8839,101.3027
811.5757,191.8947,38.8485,101.2105
811.6334,190.0449,38.7332,100.9102
811.6821,189.1716,38.6359,100.6567
810.7507,188.3506,38.4985,100.2987
810.7574,186.3681,38.4851,100.2639
810.8205,185.5324,38.3590,99.9352
809.8466,184.6003,38.3068,99.7993
809.9384,184.8394,38.1233,99.3212
809.9774,182.9411,38.0452,99.1178
810.0255,183.0665,37.9489,98.8669
810.0722,182.1881,37.8556,98.6237
810.0916,181.2386,37.8168,98.5227
809.1381,181.3599,37.7237,98.2802
809.1483,180.3862,37.7035,98.2276
809.1503,179.3915,37.6995,98.2170
809.1462,179.3809,37.7076,98.2382
810.1522,178.3966,37.6956,98.2069
810.1666,176.4342,37.6667,98.1317
811.1718,175.4474,37.6565,98.1051
811.1893,173.4933,37.6213,98.0135
812.2167,171.5646,37.5666,97.8708
812.2139,168.5571,37.5723,97.8857
813.2173,166.5660,37.5655,97.8679
812.1453,164.3785,37.7094,98.2429
811.0155,162.0404,37.9690,98.9192
808.9551,159.8830,38.0898,99.2340
806.8962,158.7297,38.2075,99.5405
803.8940,156.7239,38.2120,99.5522
800.8900,154.7133,38.2201,99.5735
795.8972,152.7323,38.2055,99.5354
790.9875,150.9674,38.0250,99.0652
785.0117,149.0305,37.9766,98.9390
779.0318,148.0828,37.9364,98.8344
771.1935,146.5043,37.6129,97.9914
764.1505,144.3920,37.6990,98.2159
755.1514,142.3945,37.6971,98.2109
745.1543,141.4019,37.6915,98.1962
736.1211,139.3155,37.7578,98.3689
726.0497,138.1294,37.9006,98.7411
714.9868,135.9657,38.0263,99.0686
703.8799,133.6871,38.2402,99.6258
692.7901,131.4531,38.4198,100.0938
682.8651,129.6486,38.2697,99.7028
672.0474,127.1233,37.9053,98.7533
662.1880,125.4900,37.6238,98.0200
652.3240,123.8440,37.3520,97.3119
643.3449,120.8985,37.3102,97.2029
634.3257,119.8484,37.3487,97.3032
626.2748,117.7161,37.4503,97.5678
618.2531,116.6594,37.4938,97.6813
612.2953,114.7692,37.4095,97.4615
605.3380,113.8804,37.3241,97.2391
600.3537,112.9214,37.2927,97.1572
595.3829,111.9976,37.2341,97.0047
591.4027,111.0492,37.1945,96.9016
587.4280,111.1151,37.1440,96.7698
583.4248,110.1067,37.1504,96.7867
581.4272,109.1131,37.1455,96.7737
578.4331,109.1283,37.1338,96.7434
576.4207,108.0960,37.1587,96.8081
574.3824,107.9965,37.2350,97.0071
572.3729,106.9715,37.2542,97.0570
571.3760,105.9796,37.2480,97.0408
570.3522,104.9177,37.2955,97.1646
569.3957,104.0309,37.2086,96.9381
568.4017,102.0465,37.1967,96.9071
567.5010,101.3052,36.9980,96.3896
566.5385,99.4030,36.9229,96.1940
565.5475,97.4263,36.9051,96.1474
564.5798,95.5106,36.8404,95.9788
563.6021,94.5686,36.7958,95.8628
563.5902,93.5377,36.8195,95.9246
562.6444,91.6788,36.7112,95.6424
561.6639,91.7295,36.6723,95.5409
561.6593,90.7176,36.6814,95.5648
560.6738,89.7553,36.6525,95.4894
560.6550,88.7065,36.6899,95.5869
559.6613,88.7229,36.6774,95.5542
558.6707,87.7473,36.6587,95.5055
557.7372,86.9206,36.5256,95.1588
557.8079,87.1049,36.3841,94.7902
556.8698,87.2659,36.2605,94.4681
555.9594,86.4993,36.0813,94.0014
554.9924,86.5854,36.0153,93.8292
554.0356,85.6981,35.9287,93.6037
553.0769,85.8055,35.8463,93.3889
552.1698,85.0476,35.6604,92.9048
551.2278,84.1989,35.5443,92.6022
550.2130,83.1601,35.5740,92.6797
550.2040,81.1368,35.5919,92.7264
549.2330,80.2123,35.5340,92.5754
548.2443,79.2417,35.5114,92.5165
547.2640,79.2932,35.4719,92.4136
546.3095,78.4116,35.3810,92.1768
545.4094,77.6720,35.1811,91.6560
544.4568,77.7953,35.0864,91.4093
543.5004,77.9090,34.9992,91.1821
542.5378,78.0064,34.9244,90.9872
542.5812,77.1194,34.8376,90.7611
541.6552,77.3123,34.6896,90.3755
540.7384,77.5290,34.5232,89.9421
540.7598,78.5846,34.4805,89.8308
539.8415,78.7976,34.3170,89.4049
539.8290,78.7650,34.3420,89.4700
538.8671,79.8642,34.2659,89.2716
538.9509,80.0826,34.0982,88.8348
537.9908,80.1867,34.0183,88.6266
537.9480,80.0750,34.1040,88.8500
536.9506,80.0817,34.0989,88.8365
536.9014,79.9536,34.1972,89.0927
535.8790,79.8952,34.2420,89.2095
535.8684,78.8677,34.2632,89.2645
534.8771,78.8902,34.2459,89.2196
534.8544,79.8313,34.2911,89.3374
533.8064,79.7061,34.3872,89.5877
533.7788,79.6343,34.4424,89.7314
533.7548,80.5716,34.4905,89.8568
532.7191,80.4788,34.5617,90.0424
532.7402,81.5338,34.5195,89.9324
532.7224,82.4871,34.5553,90.0257
531.7534,83.5681,34.4932,89.8638
531.7472,84.5518,34.5057,89.8963
531.7831,85.6454,34.4339,89.7093
530.7269,86.4989,34.5463,90.0022
530.7483,88.5547,34.5035,89.8906
530.7117,89.4594,34.5766,90.0813
529.6803,90.3777,34.6394,90.2446
529.6946,92.4148,34.6109,90.1704
528.7070,93.4471,34.5860,90.1057
528.7324,94.5133,34.5352,89.9734
528.7324,96.5132,34.5353,89.9735
527.7444,97.5447,34.5111,89.9106
527.7413,97.5365,34.5174,89.9270
526.7782,98.6327,34.4436,89.7346
526.7142,99.4660,34.5716,90.0681
525.7104,100.4561,34.5792,90.0878
525.7015,101.4329,34.5970,90.1342
524.6913,102.4064,34.6173,90.1871
524.6854,103.3909,34.6292,90.2181
523.7129,104.4625,34.5743,90.0751
523.7196,106.4800,34.5608,90.0400
523.7378,108.5274,34.5244,89.9451
523.7263,109.4973,34.5475,90.0054
523.7472,111.5518,34.5056,89.8963
523.7698,113.6107,34.4605,89.7786
522.7610,115.5878,34.4781,89.8245
522.7595,117.5840,34.4809,89.8319
522.7725,119.6179,34.4550,89.7643
522.8045,121.7011,34.3910,89.5977
522.7988,123.6865,34.4023,89.6270
522.7980,126.6842,34.4040,89.6315
522.7994,128.6879,34.4012,89.6242
522.7719,130.6161,34.4563,89.7679
522.7612,133.5885,34.4775,89.8230
522.7892,135.6614,34.4216,89.6772
522.7598,137.5849,34.4803,89.8302
521.7750,139.6242,34.4501,89.7516
521.7834,140.6463,34.4332,89.7075
521.8010,141.6920,34.3981,89.6160
520.7608,143.5874,34.4784,89.8253
520.7443,144.5444,34.5113,89.9111
520.6987,146.4256,34.6026,90.1488
520.6624,147.3309,34.6752,90.3381
519.5927,149.1494,34.8146,90.7012
519.5140,150.9443,34.9720,91.1114
519.4257,152.7142,35.1487,91.5715
519.3616,154.5473,35.2768,91.9053
519.3161,156.4288,35.3678,92.1425
519.2393,158.2286,35.5214,92.5427
518.1671,160.0405,35.6659,92.9191
519.1005,162.8670,35.7990,93.2659
519.0437,164.7191,35.9126,93.5618
519.0227,167.6644,35.9546,93.6712
518.0368,169.7011,35.9264,93.5978
517.9767,171.5445,36.0467,93.9111
517.9854,174.5672,36.0292,93.8656
517.9769,176.5450,36.0463,93.9101
517.9778,178.5474,36.0444,93.9052
516.9467,180.4664,36.1066,94.0671
516.9369,182.4408,36.1262,94.1184
516.9196,183.3957,36.1609,94.2086
516.9180,183.3917,36.1640,94.2166
516.8651,185.2536,36.2699,94.4927
516.8172,186.1289,36.3657,94.7421
516.7968,187.0757,36.4065,94.8486
515.7816,188.0363,36.4368,94.9274
515.7294,188.9004,36.5411,95.1992
515.7089,190.8468,36.5823,95.3064
515.6451,192.6807,36.7098,95.6386
515.6370,194.6595,36.7260,95.6810
515.6779,196.7662,36.6441,95.4676
516.7395,198.9266,36.5210,95.1468
516.7740,201.0166,36.4519,94.9669
516.7790,204.0295,36.4420,94.9411
517.8433,206.1970,36.3134,94.6061
517.8122,208.1160,36.3756,94.7681
517.7957,211.0729,36.4087,94.8542
518.8227,213.1434,36.3546,94.7132
519.7659,213.9953,36.4682,95.0094
519.7217,215.8802,36.5566,95.2397
520.6512,216.6967,36.6975,95.6067
520.6265,217.6321,36.7470,95.7357
521.6057,217.5779,36.7887,95.8442
522.5831,218.5192,36.8337,95.9616
523.5165,219.3455,36.9671,96.3089
524.4623,221.2043,37.0755,96.5914
524.3829,221.9976,37.2341,97.0047
525.3608,223.9399,37.2784,97.1201
526.3395,224.8844,37.3211,97.2312
527.3156,226.8222,37.3688,97.3555
528.3193,228.8318,37.3615,97.3364
529.3293,230.8581,37.3413,97.2838
529.3203,231.8345,37.3593,97.3309
530.3373,233.8788,37.3253,97.2423
531.3420,236.8910,37.3160,97.2181
532.3677,238.9580,37.2646,97.0841
533.3525,240.9184,37.2949,97.1632
534.3433,242.8943,37.3135,97.2115
534.3135,244.8167,37.3731,97.3667
535.2523,245.6573,37.4954,97.6854
536.1316,247.3429,37.7368,98.3142
537.0490,248.1275,37.9021,98.7450
538.0273,248.0710,37.9455,98.8580
537.9321,248.8230,38.1359,99.3540
538.8821,249.6929,38.2358,99.6143
539.8452,250.5965,38.3097,99.8069
539.8171,251.5235,38.3658,99.9531
540.7722,252.4065,38.4556,100.1870
541.7905,253.4543,38.4189,100.0915
543.8181,254.5260,38.3639,99.9481
544.8839,255.6974,38.2323,99.6052
545.9488,257.8666,38.1024,99.2669
547.0038,259.0099,37.9924,98.9802
549.1019,261.2655,37.7962,98.4690
550.1335,262.3480,37.7328,98.3040
551.1971,264.5135,37.6058,97.9730
552.2103,266.5478,37.5794,97.9044
554.2369,267.6171,37.5263,97.7658
556.2645,269.6890,37.4711,97.6220
557.2034,270.5299,37.5932,97.9401
559.1758,271.4581,37.6483,98.0838
561.0994,271.2589,37.8012,98.4821
562.0226,271.0588,37.9548,98.8824
563.9922,270.9797,38.0156,99.0405
564.9481,271.8647,38.1038,99.2705
566.9014,271.7432,38.1972,99.5137
567.8282,271.5526,38.3435,99.8949
569.7920,272.4580,38.4161,100.0840
571.7462,273.3387,38.5077,100.3226
573.7318,273.3012,38.5365,100.3976
575.7151,274.2579,38.5697,100.4841
577.7277,275.2906,38.5446,100.4187
579.7191,276.2682,38.5618,100.4637
580.7573,277.3677,38.4854,100.2646
582.8339,278.5672,38.3323,99.8657
584.8858,279.7025,38.2283,99.5949
586.8841,280.6980,38.2318,99.6040
587.8489,281.6064,38.3022,99.7872
589.8298,283.5566,38.3404,99.8868
591.8132,284.5134,38.3736,99.9733
593.7597,285.3740,38.4805,100.2519
595.7151,286.2578,38.5698,100.4844
596.6316,286.0402,38.7368,100.9197
598.5048,285.7097,38.9905,101.5805
600.3754,285.3729,39.2491,102.2543
602.2676,285.0919,39.4648,102.8161
604.1964,284.9064,39.6072,103.1871
606.0984,284.6512,39.8031,103.6975
609.0318,285.4775,39.9364,104.0449
610.9926,285.3753,40.0149,104.2494
612.9643,285.3018,40.0714,104.3964
615.0278,286.4671,39.9445,104.0658
618.0382,287.4943,39.9236,104.0114
620.0707,287.5788,39.8587,103.8424
623.1414,289.7630,39.7173,103.4740
625.1548,289.7980,39.6905,103.4041
628.1844,291.8752,39.6312,103.2497
630.2191,292.9654,39.5619,103.0691
633.2435,294.0293,39.5129,102.9415
636.2156,295.9563,39.5689,103.0874
639.1716,296.8418,39.6568,103.3164
642.0885,297.6252,39.8230,103.7495
645.0095,297.4196,39.9810,104.1609
647.9567,298.2818,40.0867,104.4364
650.9214,297.1899,40.1573,104.6202
654.8145,296.9116,40.3709,105.1769
657.7605,296.7707,40.4790,105.4585
661.7635,295.7788,40.4729,105.4425
664.6754,295.5490,40.6493,105.9020
668.6533,295.4915,40.6934,106.0170
671.5788,295.2974,40.8424,106.4052
674.5191,295.1418,40.9618,106.7163
677.5593,295.2466,40.8814,106.5068
680.5483,295.2180,40.9034,106.5641
683.5594,296.2470,40.8811,106.5060
686.5356,296.1849,40.9288,106.6302
689.5944,297.3380,40.8112,106.3240
692.6151,297.3921,40.7697,106.2159
696.6453,298.4707,40.7094,106.0587
699.6328,298.4381,40.7344,106.1238
702.6351,299.4442,40.7297,106.1116
705.6351,299.4441,40.7298,106.1118
708.6328,299.4380,40.7345,106.1240
710.5999,299.3523,40.8002,106.2953
713.5048,299.1047,40.9903,106.7905
716.4246,297.8955,41.1509,107.2090
719.3770,296.7716,41.2460,107.4568
722.3209,295.6254,41.3583,107.7492
725.3276,294.6431,41.3447,107.7138
727.3331,293.6571,41.3339,107.6857
730.4023,293.8376,41.1954,107.3248
731.4498,292.9614,41.1003,107.0771
733.4872,293.0587,41.0256,106.8826
735.5074,293.1114,40.9852,106.7773
737.5350,293.1833,40.9300,106.6334
739.5409,293.1987,40.9182,106.6026
741.5772,293.2932,40.8456,106.4136
743.5944,293.3381,40.8111,106.3238
745.5895,293.3254,40.8209,106.3492
747.5924,293.3328,40.8152,106.3344
748.5970,294.3449,40.8059,106.3102
750.5451,294.2096,40.9098,106.5808
752.4176,293.8775,41.1648,107.2450
753.3092,293.5950,41.3816,107.8101
755.2443,293.4259,41.5114,108.1482
756.1323,291.1340,41.7355,108.7320
758.0536,289.9293,41.8927,109.1414
759.0190,288.8390,41.9620,109.3220
759.9448,287.6456,42.1105,109.7089
760.9769,286.7293,42.0462,109.5414
758.9751,285.7245,42.0499,109.5509
755.0030,284.7972,41.9941,109.4056
750.0618,283.9504,41.8765,109.0992
743.1528,282.1876,41.6944,108.6248
734.2643,281.4780,41.4715,108.0441
724.2926,280.5518,41.4148,107.8964
712.2736,279.5024,41.4527,107.9952
700.3395,278.6740,41.3210,107.6520
687.2910,277.5476,41.4180,107.9048
674.3357,277.6641,41.3286,107.6719
661.3043,276.5822,41.3915,107.8357
647.2413,276.4180,41.5175,108.1639
633.0339,275.8777,41.9323,109.2446
619.9210,274.5838,42.1579,109.8325
604.7822,274.2220,42.4356,110.5559
590.7922,273.2482,42.4155,110.5036
576.7656,272.1789,42.4687,110.6422
563.8173,272.3136,42.3653,110.3728
550.8660,272.4405,42.2679,110.1191
538.9161,271.5711,42.1677,109.8579
528.0244,271.8530,41.9513,109.2941
517.0772,272.9907,41.8455,109.0186
507.1221,273.1075,41.7559,108.7850
498.2233,273.3713,41.5533,108.2574
490.3614,274.7309,41.2773,107.5382
482.4050,275.8445,41.1901,107.3109
474.4721,276.0194,41.0558,106.9612
468.5300,277.1703,40.9399,106.6593
462.5934,277.3354,40.8132,106.3292
457.6040,278.3631,40.7919,106.2737
453.5157,278.1330,40.9686,106.7340
450.4462,278.9520,41.1076,107.0960
447.3321,278.6547,41.3358,107.6906
445.2547,278.4529,41.4907,108.0941
443.2318,278.3935,41.5363,108.2130
442.2421,277.4203,41.5158,108.1595
442.1754,275.2464,41.6492,108.5071
441.1091,273.0737,41.7818,108.8526
440.0936,272.0333,41.8128,108.9333
439.0513,269.9232,41.8973,109.1535
438.0651,268.9591,41.8698,109.0818
438.0873,268.0169,41.8254,108.9662
437.0921,267.0294,41.8158,108.9411
436.0922,265.0297,41.8156,108.9407
436.1766,264.2495,41.6468,108.5009
435.2264,263.3794,41.5471,108.2411
434.2689,262.4900,41.4622,108.0201
434.2827,261.5261,41.4345,107.9477
433.3146,260.6092,41.3708,107.7817
433.3057,259.5858,41.3886,107.8283
433.2955,258.5593,41.4090,107.8814
432.2268,257.3804,41.5463,108.2392
432.1859,255.2737,41.6283,108.4527
432.1647,254.2185,41.6707,108.5631
432.1316,252.1322,41.7369,108.7356
432.0453,250.9073,41.9095,109.1853
431.8577,248.4188,42.2846,110.1624
430.7623,245.1702,42.4754,110.6597
430.7334,243.0950,42.5332,110.8101
429.6758,239.9447,42.6485,111.1106
429.5159,237.5283,42.9682,111.9434
428.4894,235.4592,43.0212,112.0816
428.4247,233.2906,43.1507,112.4189
427.2699,230.8873,43.4603,113.2254
427.2646,229.8737,43.4707,113.2527
427.2473,227.8284,43.5055,113.3433
426.2432,225.8178,43.5136,113.3644
426.1893,224.6773,43.6214,113.6453
426.1492,222.5730,43.7016,113.8541
426.1190,221.4942,43.7621,114.0117
426.1161,219.4867,43.7678,114.0266
426.1260,218.5126,43.7479,113.9748
426.1195,217.4956,43.7610,114.0088
426.0981,216.4398,43.8038,114.1205
426.0255,214.2507,43.9490,114.4986
427.0070,213.2023,43.9861,114.5954
427.0138,212.2202,43.9724,114.5596
427.0351,210.2757,43.9298,114.4486
427.0426,209.2953,43.9147,114.4094
427.0451,207.3018,43.9097,114.3964
428.0396,204.2875,43.9207,114.4251
428.0984,202.4407,43.8031,114.1185
428.1136,200.4803,43.7727,114.0394
428.0809,197.3950,43.8382,114.2099
428.0819,195.3977,43.8361,114.2046
428.0913,193.4221,43.8174,114.1558
428.1415,191.5528,43.7170,113.8943
428.1946,190.6913,43.6107,113.6174
428.1738,188.6369,43.6525,113.7262
428.1796,186.6521,43.6408,113.6958
428.2457,185.8244,43.5086,113.3513
429.3249,185.0306,43.3502,112.9387
429.3869,183.1921,43.2263,112.6158
429.4397,182.3296,43.1207,112.3407
429.4719,181.4137,43.0561,112.1725
429.5375,180.5846,42.9250,111.8309
429.6126,179.7803,42.7747,111.4394
429.7115,179.0379,42.5770,110.9242
430.7803,178.2171,42.4394,110.5659
430.9236,177.5903,42.1529,109.8194
431.0001,176.7897,41.9999,109.4207
431.0064,174.8060,41.9873,109.3879
430.9946,172.7755,42.0107,109.4490
430.9521,170.6646,42.0959,109.6709
430.9435,167.6423,42.1130,109.7154
430.9817,166.7418,42.0366,109.5164
430.9860,164.7531,42.0279,109.4938
431.0285,162.8637,41.9430,109.2726
431.0872,162.0167,41.8255,108.9665
431.0787,160.9944,41.8427,109.0112
431.0722,159.9775,41.8557,109.0450
430.9883,157.7590,42.0234,109.4819
430.9543,157.6705,42.0913,109.6589
431.9553,156.6729,42.0895,109.6542
431.9490,155.6565,42.1020,109.6869
432.9113,154.5583,42.1774,109.8834
432.9391,154.6309,42.1217,109.7382
433.9362,154.6232,42.1276,109.7536
434.9143,153.5663,42.1713,109.8673
434.9091,153.5527,42.1818,109.8947
435.9127,153.5619,42.1747,109.8762
436.8759,152.4661,42.2482,110.0678
437.8701,151.4509,42.2599,110.0982
437.8209,150.3228,42.3583,110.3545
438.8146,148.3066,42.3707,110.3869
439.8213,147.3240,42.3574,110.3521
439.7504,145.1393,42.4992,110.7215
440.8006,144.2700,42.3988,110.4600
440.7987,143.2651,42.4025,110.4697
439.8342,142.3575,42.3316,110.2850
439.8733,142.4593,42.2535,110.0814
438.9583,141.6809,42.0833,109.6381
438.0623,141.9519,41.8753,109.0962
436.1727,142.2395,41.6545,108.5211
435.2400,142.4147,41.5200,108.1706
433.3012,142.5742,41.3975,107.8515
431.3910,142.8082,41.2179,107.3835
429.4422,143.9415,41.1156,107.1171
426.5570,144.2407,40.8859,106.5186
424.6495,145.4816,40.7010,106.0368
421.7132,145.6476,40.5735,105.7047
418.7610,146.7721,40.4780,105.4559
416.7920,146.8528,40.4161,105.2944
414.7783,146.8172,40.4434,105.3656
411.7521,146.7490,40.4957,105.5020
409.7378,146.7116,40.5244,105.5767
408.6978,146.6075,40.6044,105.7851
407.6010,145.3551,40.7981,106.2897
406.5793,145.2986,40.8415,106.4028
404.4949,144.0789,41.0101,106.8422
404.4100,143.8576,41.1800,107.2847
402.3211,142.6260,41.3578,107.7480
401.2614,142.4706,41.4771,108.0587
401.1683,142.2279,41.6635,108.5443
400.0959,142.0393,41.8082,108.9214
399.0226,141.8483,41.9548,109.3034
398.9219,142.5861,42.1561,109.8278
397.8358,142.3617,42.3284,110.2766
397.7706,142.1919,42.4587,110.6161
397.7491,143.1359,42.5017,110.7281
396.6971,143.0003,42.6058,110.9994
395.6513,143.8810,42.6975,111.2381
395.6476,143.8715,42.7047,111.2570
394.6284,143.8215,42.7431,111.3570
393.6357,144.8403,42.7286,111.3194
393.6169,144.7914,42.7662,111.4173
392.5665,144.6601,42.8670,111.6798
391.5553,143.6309,42.8894,111.7383
390.5496,142.6160,42.9008,111.7680
389.4998,141.4863,43.0004,112.0274
388.4890,140.4580,43.0221,112.0839
387.5412,140.5942,42.9176,111.8116
386.5222,140.5447,42.9556,111.9105
385.4849,139.4476,43.0301,112.1048
384.5247,139.5513,42.9505,111.8974
383.6008,139.7495,42.7984,111.5011
382.6743,139.9409,42.6514,111.1182
381.7567,140.1556,42.4866,110.6888
379.8161,140.3103,42.3679,110.3794
378.8474,141.3918,42.3053,110.2163
376.8844,142.4884,42.2311,110.0232
375.9176,143.5749,42.1647,109.8502
373.9644,144.6969,42.0711,109.6063
371.9861,145.7532,42.0278,109.4936
370.9881,146.7585,42.0238,109.4830
368.9792,147.7354,42.0415,109.5293
365.8870,147.4951,42.2260,110.0099
363.9176,148.5747,42.1649,109.8505
361.9315,148.6110,42.1370,109.7780
358.9211,149.5840,42.1577,109.8319
355.9557,149.6741,42.0885,109.6517
353.8957,149.5177,42.2086,109.9646
351.9046,149.5410,42.1908,109.9181
348.8820,149.4822,42.2359,110.0356
347.9012,150.5322,42.1975,109.9356
344.8829,151.4843,42.2342,110.0313
343.8528,151.4061,42.2943,110.1878
341.7966,152.2596,42.4068,110.4808
339.8088,153.2914,42.3824,110.4173
338.8082,154.2899,42.3835,110.4203
336.8423,155.3786,42.3154,110.2427
334.8708,156.4530,42.2583,110.0940
333.9416,157.6373,42.1168,109.7254
332.0453,158.9076,41.9093,109.1847
331.1531,160.1882,41.6939,108.6235
329.2577,161.4608,41.4846,108.0784
327.3887,163.8021,41.2226,107.3958
326.4431,164.9439,41.1138,107.1122
325.5370,166.1885,40.9260,106.6229
325.5916,166.3307,40.8168,106.3385
327.5733,166.2832,40.8533,106.4336
330.5922,166.3322,40.8157,106.3356
333.5852,165.3140,40.8296,106.3720
338.4905,164.0674,41.0189,106.8652
343.4306,163.9114,41.1388,107.1773
350.3346,162.6613,41.3307,107.6774
356.2754,162.5069,41.4492,107.9862
364.2591,161.4645,41.4818,108.0711
372.1940,161.2950,41.6119,108.4101
379.1093,160.0741,41.7815,108.8518
387.0695,159.9706,41.8609,109.0587
394.1104,160.0771,41.7792,108.8458
401.1064,160.0666,41.7872,108.8667
409.1305,160.1295,41.7389,108.7409
415.1693,161.2306,41.6613,108.5388
422.2015,161.3145,41.5970,108.3711
429.2082,162.3320,41.5835,108.3360
435.2193,163.3607,41.5615,108.2785
441.2766,164.5102,41.4467,107.9796
446.3678,165.7478,41.2643,107.5045
450.4238,166.8936,41.1524,107.2129
453.4405,167.9370,41.1190,107.1259
456.4649,169.0007,41.0702,106.9986
458.4583,169.9833,41.0835,107.0333
460.4707,170.0157,41.0586,106.9685
460.4923,171.0721,41.0153,106.8557
461.4424,171.9421,41.1152,107.1159
461.4421,172.9412,41.1159,107.1177
460.4329,173.9173,41.1342,107.1653
460.4746,175.0260,41.0507,106.9480
459.5251,177.1574,40.9499,106.6853
457.5536,179.2318,40.8928,106.5364
455.5373,180.1892,40.9255,106.6216
454.6393,182.4550,40.7214,106.0900
452.7185,184.6613,40.5630,105.6773
451.7244,186.6767,40.5513,105.6467
450.7599,188.7693,40.4801,105.4614
448.7152,190.6528,40.5696,105.6944
447.7480,192.7382,40.5040,105.5236
446.7572,195.7623,40.4855,105.4755
445.7838,197.8313,40.4325,105.3373
443.7741,199.8062,40.4518,105.3876
441.7668,201.7872,40.4664,105.4255
440.7916,203.8517,40.4168,105.2965
438.8523,205.0100,40.2954,104.9800
436.8884,206.1040,40.2232,104.7921
434.9421,207.2439,40.1158,104.5122
432.9230,209.1942,40.1539,104.6115
430.9277,210.2065,40.1445,104.5870
429.9217,212.1906,40.1567,104.6187
427.9272,213.2052,40.1455,104.5896
426.8817,215.0865,40.2366,104.8270
424.8616,217.0343,40.2767,104.9314
423.8605,219.0314,40.2789,104.9373
421.9068,221.1518,40.1865,104.6964
420.9014,223.1379,40.1972,104.7242
418.8911,225.1109,40.2179,104.7781
416.8831,227.0901,40.2339,104.8198
415.9221,230.1918,40.1558,104.6165
413.8221,231.9314,40.3557,105.1372
411.7844,233.8331,40.4312,105.3339
409.7823,236.8276,40.4354,105.3448
408.7699,239.7954,40.4601,105.4092
405.7233,241.6739,40.5534,105.6522
403.6900,243.5870,40.6201,105.8260
401.6710,245.5377,40.6580,105.9247
399.5603,247.2492,40.8794,106.5016
396.3806,247.7811,41.2387,107.4377
394.3206,249.6246,41.3589,107.7507
392.1989,250.3076,41.6022,108.3847
390.1186,252.0985,41.7628,108.8030
388.0736,253.9812,41.8529,109.0377
387.0045,255.8012,41.9910,109.3976
384.9165,257.5720,42.1670,109.8560
382.8484,259.3947,42.3031,110.2106
381.8262,262.3367,42.3475,110.3265
379.7896,264.2413,42.4208,110.5174
378.6844,265.9671,42.6313,111.0658
376.5977,268.7413,42.8047,111.5175
375.5410,270.5938,42.9179,111.8124
374.4920,273.4659,43.0160,112.0681
373.4040,275.2368,43.1919,112.5264
371.3607,278.1240,43.2785,112.7520
370.3326,280.0507,43.3348,112.8986
369.3387,283.0666,43.3226,112.8668
367.2938,284.9495,43.4125,113.1010
366.2471,286.8279,43.5059,113.3442
364.1837,288.6628,43.6326,113.6745
362.1753,289.6409,43.6494,113.7183
360.1326,290.5296,43.7349,113.9408
358.0902,291.4192,43.8196,114.1616
357.0536,292.3239,43.8928,114.3522
355.0162,294.2265,43.9676,114.5471
354.0181,296.2313,43.9639,114.5375
352.9500,297.0540,44.0999,114.8919
350.9539,298.0642,44.0921,114.8715
350.0626,300.3474,43.8747,114.3052
349.1436,301.5584,43.7127,113.8832
348.2173,303.7505,43.5653,113.4990
346.2548,305.8479,43.4905,113.3041
345.3722,308.1539,43.2556,112.6923
344.4059,309.2416,43.1883,112.5168
343.4542,311.3676,43.0916,112.2649
342.4865,313.4516,43.0271,112.0969
341.5096,315.5119,42.9808,111.9762
341.5059,316.5022,42.9882,111.9956
340.4870,317.4530,43.0260,112.0940
339.4355,318.3188,43.1290,112.3624
338.3491,319.0937,43.3018,112.8127
337.1812,318.6563,43.6376,113.6874
337.0883,319.4142,43.8234,114.1716
336.9543,319.0651,44.0915,114.8699
337.8997,318.9229,44.2006,115.1543
338.8435,318.7766,44.3130,115.4469
340.8387,318.7640,44.3226,115.4720
342.8289,318.7385,44.3422,115.5230
344.8698,318.8452,44.2603,115.3097
346.9448,318.0404,44.1104,114.9193
350.0839,318.4028,43.8322,114.1944
353.2435,317.8185,43.5131,113.3630
355.3175,318.0114,43.3650,112.9773
358.3919,317.2053,43.2162,112.5895
361.4405,317.3318,43.1190,112.3364
364.4652,316.3962,43.0696,112.2075
367.4389,315.3276,43.1223,112.3449
369.4638,315.3926,43.0723,112.2148
372.4732,314.4170,43.0536,112.1660
374.4416,313.3347,43.1168,112.3307
377.3498,311.0955,43.3005,112.8091
378.2222,309.7631,43.5556,113.4737
380.1339,306.5331,43.7322,113.9339
381.0449,304.3011,43.9102,114.3977
382.0352,302.2759,43.9296,114.4483
384.0291,301.2601,43.9418,114.4799
384.9165,298.9666,44.1670,115.0668
385.8272,297.7341,44.3455,115.5318
385.7530,296.5406,44.4941,115.9188
385.6614,295.3022,44.6771,116.3956
386.6614,293.3021,44.6772,116.3958
386.7137,292.4383,44.5726,116.1235
387.7884,291.6328,44.4233,115.7344
387.8596,291.8185,44.2808,115.3631
387.8882,290.8931,44.2235,115.2138
387.9306,290.0034,44.1388,114.9933
387.9709,289.1086,44.0581,114.7829
388.0521,289.3200,43.8958,114.3600
389.0811,288.3954,43.8378,114.2091
389.0958,287.4337,43.8085,114.1327
390.1137,286.4804,43.7726,114.0392
391.1073,284.4637,43.7854,114.0726
392.0759,282.3820,43.8482,114.2360
392.9769,279.1240,44.0462,114.7520
394.8880,276.8925,44.2239,115.2150
396.8496,274.7924,44.3007,115.4151
399.8222,272.7210,44.3556,115.5580
403.8148,270.7017,44.3704,115.5966
406.8404,268.7684,44.3192,115.4633
410.8214,266.7189,44.3572,115.5623
414.8488,264.7903,44.3024,115.4194
419.9501,263.0542,44.0998,114.8916
424.0285,262.2585,43.9430,114.4830
429.0559,260.3298,43.8883,114.3405
434.0889,259.4159,43.8221,114.1682
439.0673,258.3595,43.8654,114.2810
444.0560,257.3302,43.8879,114.3396
449.0120,256.2154,43.9761,114.5693
453.9801,255.1323,44.0398,114.7354
458.9083,253.9453,44.1834,115.1095
