1
818.5000,394.5000,123.0000,235.0000
815.0000,380.0000,123.0000,235.0000
813.5000,369.5000,123.0000,235.0000
812.0000,356.0000,123.0000,235.0000
810.5000,342.5000,123.0000,235.0000
808.0000,330.0000,123.0000,235.0000
805.5000,318.5000,123.0000,235.0000
802.0000,309.0000,123.0000,235.0000
798.5000,302.5000,123.0000,235.0000
795.0000,297.0000,123.0000,235.0000
791.5000,292.5000,123.0000,235.0000
787.0000,286.0000,123.0000,235.0000
783.5000,278.5000,123.0000,235.0000
782.0000,270.0000,123.0000,235.0000
780.5000,261.5000,123.0000,235.0000
779.0000,253.0000,123.0000,235.0000
777.5000,244.5000,123.0000,235.0000
776.0000,236.0000,123.0000,235.0000
775.5000,228.5000,123.0000,235.0000
774.0000,222.0000,123.0000,235.0000
772.5000,216.5000,123.0000,235.0000
771.0000,210.0000,123.0000,235.0000
769.5000,204.5000,123.0000,235.0000
769.0000,198.0000,123.0000,235.0000
767.5000,191.5000,123.0000,235.0000
768.0000,184.0000,123.0000,235.0000
768.5000,176.5000,123.0000,235.0000
769.0000,168.0000,123.0000,235.0000
768.5000,159.5000,123.0000,235.0000
768.0000,152.0000,123.0000,235.0000
767.5000,145.5000,123.0000,235.0000
766.0000,140.0000,123.0000,235.0000
764.5000,136.5000,123.0000,235.0000
763.0000,133.0000,123.0000,235.0000
761.5000,130.5000,123.0000,235.0000
760.0000,128.0000,123.0000,235.0000
757.5000,124.5000,123.0000,235.0000
755.0000,121.0000,123.0000,235.0000
752.5000,117.5000,123.0000,235.0000
750.0000,115.0000,123.0000,235.0000
747.5000,112.5000,123.0000,235.0000
746.0000,109.0000,123.0000,235.0000
743.5000,103.5000,123.0000,235.0000
742.0000,99.0000,123.0000,235.0000
740.5000,94.5000,123.0000,235.0000
739.0000,90.0000,123.0000,235.0000
738.5000,86.5000,123.0000,235.0000
738.0000,84.0000,123.0000,235.0000
736.5000,82.5000,123.0000,235.0000
735.0000,83.0000,123.0000,235.0000
733.5000,83.5000,123.0000,235.0000
732.0000,84.0000,123.0000,235.0000
730.5000,84.5000,123.0000,235.0000
729.0000,84.0000,123.0000,235.0000
728.5000,83.5000,123.0000,235.0000
728.0000,83.0000,123.0000,235.0000
727.5000,80.5000,123.0000,235.0000
727.0000,78.0000,123.0000,235.0000
727.5000,74.5000,123.0000,235.0000
728.0000,71.0000,123.0000,235.0000
727.5000,68.5000,123.0000,235.0000
728.0000,67.0000,123.0000,235.0000
727.5000,65.5000,123.0000,235.0000
727.0000,66.0000,123.0000,235.0000
726.5000,66.5000,123.0000,235.0000
726.0000,67.0000,123.0000,235.0000
725.5000,67.5000,123.0000,235.0000
725.0000,67.0000,123.0000,235.0000
724.5000,67.5000,123.0000,235.0000
725.0000,69.0000,123.0000,235.0000
724.5000,70.5000,123.0000,235.0000
725.0000,73.0000,123.0000,235.0000
724.5000,74.5000,123.0000,235.0000
724.0000,74.0000,123.0000,235.0000
723.5000,72.5000,123.0000,235.0000
723.0000,70.0000,123.0000,235.0000
722.5000,67.5000,123.0000,235.0000
721.0000,65.0000,123.0000,235.0000
719.5000,64.5000,123.0000,235.0000
718.0000,65.0000,123.0000,235.0000
717.5000,66.5000,123.0000,235.0000
716.0000,69.0000,123.0000,235.0000
714.5000,71.5000,123.0000,235.0000
713.0000,74.0000,123.0000,235.0000
709.5000,75.5000,123.0000,235.0000
706.0000,76.0000,123.0000,235.0000
702.5000,77.5000,123.0000,235.0000
699.0000,79.0000,123.0000,235.0000
695.5000,80.5000,123.0000,235.0000
692.0000,82.0000,123.0000,235.0000
689.5000,82.5000,123.0000,235.0000
687.0000,82.0000,123.0000,235.0000
685.5000,80.5000,123.0000,235.0000
684.0000,79.0000,123.0000,235.0000
682.5000,77.5000,123.0000,235.0000
682.0000,78.0000,123.0000,235.0000
680.5000,78.5000,123.0000,235.0000
679.0000,81.0000,123.0000,235.0000
677.5000,83.5000,123.0000,235.0000
676.0000,86.0000,123.0000,235.0000
674.5000,89.5000,123.0000,235.0000
673.0000,92.0000,123.0000,235.0000
671.5000,94.5000,123.0000,235.0000
670.0000,96.0000,123.0000,235.0000
668.5000,98.5000,123.0000,235.0000
667.0000,100.0000,123.0000,235.0000
665.5000,102.5000,123.0000,235.0000
665.0000,104.0000,123.0000,235.0000
663.5000,105.5000,123.0000,235.0000
663.0000,105.0000,123.0000,235.0000
661.5000,104.5000,123.0000,235.0000
660.0000,104.0000,123.0000,235.0000
658.5000,103.5000,123.0000,235.0000
658.0000,105.0000,123.0000,235.0000
656.5000,106.5000,123.0000,235.0000
655.0000,109.0000,123.0000,235.0000
653.5000,112.5000,123.0000,235.0000
652.0000,115.0000,123.0000,235.0000
650.5000,117.5000,123.0000,235.0000
648.0000,119.0000,123.0000,235.0000
645.5000,121.5000,123.0000,235.0000
643.0000,123.0000,123.0000,235.0000
639.5000,124.5000,123.0000,235.0000
635.0000,126.0000,123.0000,235.0000
631.5000,127.5000,123.0000,235.0000
629.0000,129.0000,123.0000,235.0000
626.5000,128.5000,123.0000,235.0000
625.0000,128.0000,123.0000,235.0000
623.5000,126.5000,123.0000,235.0000
622.0000,127.0000,123.0000,235.0000
620.5000,127.5000,123.0000,235.0000
620.0000,129.0000,123.0000,235.0000
618.5000,131.5000,123.0000,235.0000
618.0000,134.0000,123.0000,235.0000
616.5000,137.5000,123.0000,235.0000
616.0000,140.0000,123.0000,235.0000
614.5000,141.5000,123.0000,235.0000
614.0000,144.0000,123.0000,235.0000
613.5000,145.5000,123.0000,235.0000
613.0000,147.0000,123.0000,235.0000
612.5000,148.5000,123.0000,235.0000
612.0000,150.0000,123.0000,235.0000
612.5000,151.5000,123.0000,235.0000
612.0000,153.0000,123.0000,235.0000
611.5000,153.5000,123.0000,235.0000
611.0000,152.0000,123.0000,235.0000
610.5000,151.5000,123.0000,235.0000
609.0000,151.0000,123.0000,235.0000
608.5000,150.5000,123.0000,235.0000
608.0000,152.0000,123.0000,235.0000
606.5000,154.5000,123.0000,235.0000
606.0000,157.0000,123.0000,235.0000
604.5000,160.5000,123.0000,235.0000
603.0000,163.0000,123.0000,235.0000
602.5000,165.5000,123.0000,235.0000
601.0000,167.0000,123.0000,235.0000
598.5000,167.5000,123.0000,235.0000
595.0000,169.0000,123.0000,235.0000
591.5000,171.5000,123.0000,235.0000
589.0000,173.0000,123.0000,235.0000
586.5000,173.5000,123.0000,235.0000
584.0000,173.0000,123.0000,235.0000
582.5000,172.5000,123.0000,235.0000
581.0000,171.0000,123.0000,235.0000
580.5000,170.5000,123.0000,235.0000
580.0000,171.0000,123.0000,235.0000
578.5000,172.5000,123.0000,235.0000
578.0000,174.0000,123.0000,235.0000
577.5000,176.5000,123.0000,235.0000
576.0000,179.0000,123.0000,235.0000
575.5000,181.5000,123.0000,235.0000
575.0000,184.0000,123.0000,235.0000
574.5000,185.5000,123.0000,235.0000
574.0000,187.0000,123.0000,235.0000
574.5000,188.5000,123.0000,235.0000
575.0000,189.0000,123.0000,235.0000
575.5000,190.5000,123.0000,235.0000
576.0000,191.0000,123.0000,235.0000
576.5000,191.5000,123.0000,235.0000
577.0000,191.0000,123.0000,235.0000
576.5000,190.5000,123.0000,235.0000
577.0000,190.0000,123.0000,235.0000
576.5000,188.5000,123.0000,235.0000
577.0000,189.0000,123.0000,235.0000
576.5000,189.5000,123.0000,235.0000
577.0000,191.0000,123.0000,235.0000
576.5000,193.5000,123.0000,235.0000
577.0000,196.0000,123.0000,235.0000
576.5000,197.5000,123.0000,235.0000
576.0000,199.0000,123.0000,235.0000
575.5000,200.5000,123.0000,235.0000
576.0000,202.0000,123.0000,235.0000
575.5000,203.5000,123.0000,235.0000
576.0000,206.0000,123.0000,235.0000
575.5000,207.5000,123.0000,235.0000
576.0000,210.0000,123.0000,235.0000
576.5000,211.5000,123.0000,235.0000
577.0000,212.0000,123.0000,235.0000
578.5000,212.5000,123.0000,235.0000
580.0000,212.0000,123.0000,235.0000
581.5000,211.5000,123.0000,235.0000
584.0000,212.0000,123.0000,235.0000
586.5000,213.5000,123.0000,235.0000
589.0000,216.0000,123.0000,235.0000
592.5000,218.5000,123.0000,235.0000
596.0000,221.0000,123.0000,235.0000
599.5000,222.5000,123.0000,235.0000
603.0000,224.0000,123.0000,235.0000
607.5000,225.5000,123.0000,235.0000
611.0000,227.0000,123.0000,235.0000
615.5000,228.5000,123.0000,235.0000
620.0000,231.0000,123.0000,235.0000
625.5000,232.5000,123.0000,235.0000
631.0000,234.0000,123.0000,235.0000
636.5000,235.5000,123.0000,235.0000
642.0000,237.0000,123.0000,235.0000
647.5000,237.5000,123.0000,235.0000
653.0000,237.0000,123.0000,235.0000
657.5000,236.5000,123.0000,235.0000
663.0000,236.0000,123.0000,235.0000
667.5000,236.5000,123.0000,235.0000
672.0000,237.0000,123.0000,235.0000
675.5000,238.5000,123.0000,235.0000
679.0000,240.0000,123.0000,235.0000
682.5000,242.5000,123.0000,235.0000
686.0000,245.0000,123.0000,235.0000
689.5000,246.5000,123.0000,235.0000
693.0000,248.0000,123.0000,235.0000
695.5000,248.5000,123.0000,235.0000
699.0000,249.0000,123.0000,235.0000
702.5000,249.5000,123.0000,235.0000
706.0000,251.0000,123.0000,235.0000
708.5000,251.5000,123.0000,235.0000
711.0000,252.0000,123.0000,235.0000
713.5000,252.5000,123.0000,235.0000
717.0000,253.0000,123.0000,235.0000
719.5000,253.5000,123.0000,235.0000
722.0000,255.0000,123.0000,235.0000
724.5000,256.5000,123.0000,235.0000
727.0000,261.0000,123.0000,235.0000
730.5000,264.5000,123.0000,235.0000
734.0000,268.0000,123.0000,235.0000
738.5000,269.5000,123.0000,235.0000
742.0000,270.0000,123.0000,235.0000
750.5000,264.5000,123.0000,235.0000
754.0000,266.0000,123.0000,235.0000
757.5000,268.5000,123.0000,235.0000
762.0000,271.0000,123.0000,235.0000
768.5000,275.5000,123.0000,235.0000
772.0000,279.0000,123.0000,235.0000
776.5000,281.5000,123.0000,235.0000
782.0000,284.0000,123.0000,235.0000
787.5000,286.5000,123.0000,235.0000
793.0000,289.0000,123.0000,235.0000
796.5000,291.5000,123.0000,235.0000
801.0000,293.0000,123.0000,235.0000
803.5000,294.5000,123.0000,235.0000
806.0000,295.0000,123.0000,235.0000
807.5000,295.5000,123.0000,235.0000
809.0000,296.0000,123.0000,235.0000
810.5000,297.5000,123.0000,235.0000
811.0000,300.0000,123.0000,235.0000
810.5000,302.5000,123.0000,235.0000
811.0000,305.0000,123.0000,235.0000
810.5000,308.5000,123.0000,235.0000
811.0000,304.0000,123.0000,235.0000
810.5000,308.5000,123.0000,235.0000
809.0000,312.0000,123.0000,235.0000
807.5000,314.5000,123.0000,235.0000
806.0000,315.0000,123.0000,235.0000
806.5000,317.5000,123.0000,235.0000
805.0000,320.0000,123.0000,235.0000
803.5000,322.5000,123.0000,235.0000
802.0000,325.0000,123.0000,235.0000
800.5000,328.5000,123.0000,235.0000
799.0000,333.0000,123.0000,235.0000
798.5000,337.5000,123.0000,235.0000
797.0000,341.0000,123.0000,235.0000
794.5000,353.5000,123.0000,235.0000
796.0000,348.0000,123.0000,235.0000
795.5000,352.5000,123.0000,235.0000
795.0000,356.0000,123.0000,235.0000
794.5000,359.5000,123.0000,235.0000
795.0000,364.0000,123.0000,235.0000
794.5000,367.5000,123.0000,235.0000
795.0000,371.0000,123.0000,235.0000
794.5000,375.5000,123.0000,235.0000
794.0000,379.0000,123.0000,235.0000
794.5000,382.5000,123.0000,235.0000
794.0000,386.0000,123.0000,235.0000
794.5000,389.5000,123.0000,235.0000
795.0000,393.0000,123.0000,235.0000
794.5000,396.5000,123.0000,235.0000
795.0000,400.0000,123.0000,235.0000
795.5000,403.5000,123.0000,235.0000
795.0000,407.0000,123.0000,235.0000
795.5000,409.5000,123.0000,235.0000
796.0000,413.0000,123.0000,235.0000
795.5000,415.5000,123.0000,235.0000
796.0000,419.0000,123.0000,235.0000
795.5000,421.5000,123.0000,235.0000
796.0000,424.0000,123.0000,235.0000
795.5000,426.5000,123.0000,235.0000
796.0000,429.0000,123.0000,235.0000
795.5000,431.5000,123.0000,235.0000
795.0000,433.0000,123.0000,235.0000
794.5000,435.5000,123.0000,235.0000
793.0000,437.0000,123.0000,235.0000
792.5000,438.5000,123.0000,235.0000
791.0000,440.0000,123.0000,235.0000
789.5000,441.5000,123.0000,235.0000
788.0000,442.0000,123.0000,235.0000
786.5000,443.5000,123.0000,235.0000
785.0000,444.0000,123.0000,235.0000
782.5000,444.5000,123.0000,235.0000
781.0000,445.0000,123.0000,235.0000
778.5000,445.5000,123.0000,235.0000
777.0000,446.0000,123.0000,235.0000
774.5000,446.5000,123.0000,235.0000
772.0000,446.0000,123.0000,235.0000
769.5000,446.5000,123.0000,235.0000
767.0000,446.0000,123.0000,235.0000
765.5000,446.5000,123.0000,235.0000
763.0000,446.0000,123.0000,235.0000
760.5000,445.5000,123.0000,235.0000
758.0000,445.0000,123.0000,235.0000
755.5000,444.5000,123.0000,235.0000
753.0000,444.0000,123.0000,235.0000
750.5000,443.5000,123.0000,235.0000
748.0000,443.0000,123.0000,235.0000
745.5000,441.5000,123.0000,235.0000
743.0000,441.0000,123.0000,235.0000
740.5000,439.5000,123.0000,235.0000
738.0000,439.0000,123.0000,235.0000
735.5000,437.5000,123.0000,235.0000
2
0
0
0
0
0
2
0
0
0
0
0
2
0
0
0
0
0
2
0
0
0
0
0
2
0
0
0
0
0
2
0
0
0
0
0
2
0
0
0
0
0
2
0
0
0
0
0
2
0
0
0
0
0
2
0
0
0
0
0
2
0
0
0
0
0
2
0
0
0
0
0
2
0
0
0
0
0
2
0
0
0
0
0
2
0
0
0
0
0
2
0
0
0
0
0
2
0
0
0
0
0
2
0
0
0
0
0
2
0
0
0
0
0
2
0
0
0
0
0
2
0
0
0
0
0
2
0
0
0
0
0
2
0
0
0
0
0
2
0
0
0
0
0
2
0
0
0
0
0
2
0
0
0
0
0
2
0
0
0
0
0
2
0
0
0
0
0
2
0
0
0
0
0
2
0
0
0
0
0
2
0
0
0
0
0
2
0
0
0
0
0
2
0
0
0
0
0
2
0
0
0
0
0
2
0
0
0
0
0
2
0
0
0
0
0
2
0
0
0
0
0
2
0
0
0
0
0
2
0
0
0
0
0
2
0
0
0
0
0
2
0
0
0
0
0
2
0
0
0
0
0
2
0
0
0
0
0
2
0
0
0
0
0
2
0
0
0
0
0
2
0
0
0
0
0
2
0
0
0
0
0
2
0
0
0
0
0
2
0
0
0
0
0
2
0
0
0
0
0
2
0
0
0
0
0
2
0
0
0
0
0
2
0
0
0
0
0
2
0
0
0
0
0
2
0
0
0
0
0
2
0
0
0
0
0
2
0
0
0
0
0
2
0
0
0
0
0
2
0
0
0
0
0
2
0
0
0
0
0
2
0
0
0
0
0
2
0
0
0
0
0
2
0
0
0
0
0
2
0
0
0
0
0
2
0
0
0
0
0
2
0
0
0
0
0
2
0
0
0
0
0
2
0
0
0
0
0
2
0
0
0
0
0
2
0
0
0
0
0
2
0
0
0
0
0
2
0
0
0
0
0
2
0
0
0
0
0
2
0
0
0
0
0
2
0
0
0
0
0
2
0
0
0
0
0
2
0
0
0
0
0
2
0
0
0
0
0
2
0
0
0
0
0
2
0
0
0
0
0
2
0
0
0
0
0
2
0
0
0
0
0
2
0
0
0
0
0
2
0
0
0
0
0
2
0
0
0
0
0
2
0
0
0
0
0
2
0
0
0
0
0
2
0
0
0
0
0
2
0
0
0
0
0
2
0
0
0
0
0
2
0
0
0
0
0
2
0
0
0
0
0
2
0
0
0
0
0
2
0
0
0
0
0
2
0
0
0
0
0
2
0
0
0
0
0
2
0
0
0
0
0
2
0
0
0
0
0
2
0
0
0
0
0
2
0
0
0
0
0
2
0
0
0
0
0
2
0
0
0
0
0
2
0
0
0
0
0
2
0
0
0
0
0
2
0
0
0
0
0
2
0
0
0
0
0
2
0
0
0
0
0
2
0
0
0
0
0
2
0
0
0
0
0
2
0
0
0
0
0
2
0
0
0
0
0
2
0
0
0
0
0
2
0
0
0
0
0
2
0
0
0
0
0
2
0
0
0
0
0
2
0
0
0
0
0
2
0
0
0
0
0
2
0
0
0
0
0
2
0
0
0
0
0
2
0
0
0
0
0
2
0
0
0
0
0
2
0
0
0
0
0
2
0
0
0
0
0
2
