1
489.0563,235.1407,33.8875,84.7187
489.0960,235.2400,33.8080,84.5200
488.1036,234.2590,33.7928,84.4819
487.2095,234.5238,33.5810,83.9524
487.2841,234.7102,33.4318,83.5796
486.3354,235.8386,33.3291,83.3228
484.3532,235.8830,33.2936,83.2340
483.3992,235.9980,33.2016,83.0041
483.4337,237.0844,33.1325,82.8313
481.4648,237.1621,33.0703,82.6758
480.5293,238.3232,32.9414,82.3536
479.5736,239.4340,32.8528,82.1321
477.5829,240.4572,32.8342,82.0855
476.5979,241.4948,32.8041,82.0103
474.6193,242.5483,32.7614,81.9034
473.6404,243.6011,32.7191,81.7977
471.6679,244.6698,32.6641,81.6603
470.6614,245.6536,32.6771,81.6928
468.6382,245.5956,32.7235,81.8088
467.6694,246.6735,32.6612,81.6529
465.6768,246.6919,32.6465,81.6163
464.7109,246.7772,32.5783,81.4457
462.7012,246.7530,32.5976,81.4940
460.6734,246.6836,32.6532,81.6329
458.5906,246.4764,32.8188,82.0471
455.4963,245.2408,33.0074,82.5184
451.4366,245.0916,33.1267,82.8167
452.4213,245.0532,33.1574,82.8935
450.3391,244.8479,33.3217,83.3043
447.3491,242.8727,33.3019,83.2546
445.3431,243.8578,33.3137,83.2843
441.3240,242.8101,33.3519,83.3798
439.5039,243.2599,32.9921,82.4803
436.5626,243.4065,32.8748,82.1871
433.5857,243.4642,32.8287,82.0716
429.4644,242.1609,33.0713,82.6782
427.3752,240.9381,33.2495,83.1237
424.3023,240.7557,33.3954,83.4886
423.2297,240.5744,33.5405,83.8512
421.0841,240.2103,33.8317,84.5793
417.9519,238.8797,34.0962,85.2405
414.8830,237.7075,34.2340,85.5851
411.8293,236.5731,34.3415,85.8538
408.8297,235.5742,34.3406,85.8515
406.8289,235.5722,34.3422,85.8556
403.8504,236.6260,34.2992,85.7479
401.8720,237.6801,34.2559,85.6398
399.9044,238.7609,34.1912,85.4781
396.9070,238.7675,34.1860,85.4650
393.8792,238.6978,34.2417,85.6043
390.8400,238.6000,34.3200,85.8001
387.8008,239.5020,34.3984,85.9961
384.7868,240.4669,34.4265,86.0662
381.8009,240.5022,34.3982,85.9956
378.7712,240.4279,34.4577,86.1442
375.7281,240.3202,34.5438,86.3596
372.6952,240.2379,34.6097,86.5242
370.6356,240.0890,34.7288,86.8220
367.5869,239.9674,34.8261,87.0652
365.5377,238.8442,34.9247,87.3117
363.5684,238.9209,34.8632,87.1581
360.6109,238.0272,34.7782,86.9455
358.7809,238.4521,34.4383,86.0957
355.9119,238.7798,34.1762,85.4405
353.0596,238.1489,33.8809,84.7021
350.1903,238.4758,33.6193,84.0483
348.2732,238.6830,33.4536,83.6340
345.3593,238.8982,33.2814,83.2036
343.4143,240.0358,33.1713,82.9284
340.4422,240.1054,33.1156,82.7891
337.4019,240.0049,33.1961,82.9903
335.3633,239.9082,33.2734,83.1835
331.2824,238.7061,33.4351,83.5877
329.1718,238.4294,33.6565,84.1413
326.1311,238.3277,33.7378,84.3446
323.0521,238.1303,33.8957,84.7393
320.9613,236.9033,34.0773,85.1934
317.9256,236.8141,34.1487,85.3718
315.8661,236.6652,34.2678,85.6696
312.8529,236.6323,34.2941,85.7353
310.8145,237.5363,34.3710,85.9274
308.7749,238.4372,34.4503,86.1257
306.6657,239.1643,34.6685,86.6714
303.5889,239.9723,34.8222,87.0554
301.5357,240.8392,34.9287,87.3217
299.4986,241.7464,35.0029,87.5072
296.4871,242.7176,35.0259,87.5648
293.3935,243.4838,35.2129,88.0323
290.3195,243.2986,35.3611,88.4027
287.2944,244.2361,35.4111,88.5279
284.2034,245.0086,35.5931,88.9829
281.1030,244.7575,35.7940,89.4850
278.0136,244.5341,35.9727,89.9318
274.9630,244.4076,36.0739,90.1847
271.9670,243.4175,36.0660,90.1650
270.0128,243.5320,35.9744,89.9360
267.0776,243.6940,35.8448,89.6120
264.1535,243.8838,35.6930,89.2324
261.1786,243.9466,35.6427,89.1068
259.2213,244.0531,35.5575,88.8938
256.2319,244.0798,35.5361,88.8403
254.3226,244.3065,35.3548,88.3871
253.4004,244.5009,35.1993,87.9982
253.5328,243.8320,34.9344,87.3360
254.7923,243.4806,34.4155,86.0388
256.9211,242.8026,34.1579,85.3947
260.9832,240.9580,34.0336,85.0840
265.0022,238.0056,33.9955,84.9888
270.0307,235.0768,33.9386,84.8464
275.9956,231.9889,34.0088,85.0221
282.8625,227.6564,34.2749,85.6872
289.9118,223.7795,34.1764,85.4411
298.1455,220.3637,33.7090,84.2725
307.1956,217.4889,33.6089,84.0221
316.1107,213.2768,33.7785,84.4463
325.0914,210.2286,33.8171,84.5428
335.0662,207.1656,33.8675,84.6688
345.0339,204.0849,33.9321,84.8303
355.0681,202.1703,33.8638,84.6595
365.0219,199.0546,33.9563,84.8907
375.0377,197.0943,33.9246,84.8115
385.1064,194.2659,33.7873,84.4682
394.3510,192.8774,33.2981,83.2452
403.3785,190.9463,33.2430,83.1075
412.4938,189.2345,33.0124,82.5310
420.6818,186.7044,32.6365,81.5912
427.8759,185.1897,32.2482,80.6205
434.9004,183.2510,32.1992,80.4979
440.9137,181.2843,32.1725,80.4313
445.9033,178.2582,32.1934,80.4836
449.9619,176.4047,32.0763,80.1906
454.9792,173.4480,32.0416,80.1040
458.0356,171.5891,31.9287,79.8217
461.1338,170.8344,31.7325,79.3313
463.1558,169.8895,31.6884,79.2210
465.1964,168.9910,31.6072,79.0180
466.3055,168.2638,31.3889,78.4723
467.4681,167.6702,31.0638,77.6595
468.5115,166.7789,30.9769,77.4423
468.4779,165.6948,31.0442,77.6104
468.5359,164.8399,30.9281,77.3202
468.4941,163.7352,31.0118,77.5296
467.3628,162.4070,31.2744,78.1859
467.3066,161.2665,31.3868,78.4671
467.3063,159.2657,31.3874,78.4685
466.2287,157.0717,31.5426,78.8565
465.1219,155.8046,31.7563,79.3907
464.0356,153.5889,31.9289,79.8221
463.9962,152.4906,32.0075,80.0187
462.9544,152.3859,32.0912,80.2281
461.9376,152.3439,32.1249,80.3122
460.8776,152.1939,32.2449,80.6122
460.8061,152.0153,32.3878,80.9694
459.8083,151.0207,32.3835,80.9587
458.8441,151.1102,32.3119,80.7797
457.8898,151.2246,32.2203,80.5508
455.9155,151.2888,32.1689,80.4223
454.9014,151.2535,32.1972,80.4930
453.8472,150.1180,32.3056,80.7640
452.8087,149.0217,32.3827,80.9567
451.8039,149.0098,32.3922,80.9804
450.6887,147.7217,32.6227,81.5566
449.6075,145.5187,32.7850,81.9626
449.6501,144.6254,32.6997,81.7493
448.7269,144.8173,32.5462,81.3654
448.7786,144.9465,32.4428,81.1071
447.7889,143.9722,32.4222,81.0555
447.8157,144.0392,32.3686,80.9216
446.8219,144.0549,32.3561,80.8903
444.8734,144.1836,32.2531,80.6327
443.9762,144.4406,32.0476,80.1189
443.0275,145.5688,31.9449,79.8623
440.9745,145.4361,32.0511,80.1278
438.9272,145.3181,32.1455,80.3639
436.8434,145.1084,32.3133,80.7832
434.7202,144.8004,32.5597,81.3991
432.6485,144.6213,32.7029,81.7573
430.6205,144.5511,32.7591,81.8977
428.5915,143.4787,32.8170,82.0426
426.6698,143.6744,32.6605,81.6512
424.7393,144.8482,32.5215,81.3036
421.7959,145.9897,32.4082,81.0205
420.8783,147.1958,32.2433,80.6083
418.8787,147.1968,32.2425,80.6064
416.9519,149.3798,32.0961,80.2404
415.9950,150.4875,32.0100,80.0249
414.0325,151.5814,31.9349,79.8373
412.1295,153.8238,31.7410,79.3525
410.2209,155.0523,31.5582,78.8954
408.2331,156.0826,31.5339,78.8347
407.2200,157.0500,31.5600,78.9000
406.2463,158.1158,31.5074,78.7685
405.2361,158.0904,31.5277,78.8192
405.2546,158.1366,31.4907,78.7269
405.2922,159.2305,31.4156,78.5391
404.2984,159.2460,31.4032,78.5080
404.3112,159.2779,31.3777,78.4443
405.3745,159.4361,31.2511,78.1278
405.4183,160.5458,31.1634,77.9084
406.4766,161.6914,31.0469,77.6172
407.5249,162.8123,30.9501,77.3754
409.5377,163.8442,30.9246,77.3115
410.5304,163.8260,30.9392,77.3480
412.5899,164.9748,30.8201,77.0503
413.6223,166.0557,30.7554,76.8885
415.5701,165.9252,30.8598,77.1495
417.5414,165.8534,30.9173,77.2932
419.5248,165.8119,30.9505,77.3762
421.4433,165.6083,31.1134,77.7834
423.3456,165.3641,31.3087,78.2718
426.2482,165.1205,31.5036,78.7589
429.1721,164.9302,31.6558,79.1396
431.1235,164.8087,31.7530,79.3825
433.1156,164.7889,31.7689,79.4222
435.1505,164.8762,31.6991,79.2477
437.3177,167.2944,31.3645,78.4113
438.4299,168.5746,31.1403,77.8507
439.5162,169.7905,30.9676,77.4190
440.5895,170.9737,30.8210,77.0526
440.6682,172.1704,30.6636,76.6591
440.7289,174.3221,30.5423,76.3558
439.7080,175.2700,30.5840,76.4600
438.7441,176.3603,30.5118,76.2794
437.7780,177.4451,30.4440,76.1099
436.7279,178.3198,30.5442,76.3604
434.6702,178.1754,30.6597,76.6492
432.6133,179.0333,30.7734,76.9335
430.5665,178.9162,30.8671,77.1677
428.5823,180.9557,30.8354,77.0885
426.5266,180.8164,30.9469,77.3671
423.5917,182.9793,30.8166,77.0415
421.6131,185.0327,30.7739,76.9347
419.5774,185.9436,30.8452,77.1129
416.6020,188.0049,30.7961,76.9902
413.5829,189.9572,30.8342,77.0856
410.5505,190.8762,30.8990,77.2475
407.5403,191.8509,30.9193,77.2983
404.5453,192.8634,30.9093,77.2732
400.5292,193.8231,30.9415,77.3538
397.5396,193.8489,30.9209,77.3022
394.5608,193.9020,30.8784,77.1960
391.6024,194.0060,30.7952,76.9880
388.6086,195.0215,30.7828,76.9569
387.5883,195.9707,30.8235,77.0586
386.5615,195.9037,30.8770,77.1925
385.5495,196.8737,30.9011,77.2527
384.5136,196.7840,30.9728,77.4320
384.5243,197.8107,30.9514,77.3786
384.5509,197.8772,30.8982,77.2455
384.5976,198.9941,30.8047,77.0118
385.6649,200.1622,30.6702,76.6756
386.6880,201.2199,30.6241,76.5603
387.7196,201.2991,30.5607,76.4019
389.7796,202.4490,30.4408,76.1019
391.8064,202.5161,30.3871,75.9679
393.7924,202.4811,30.4151,76.0377
395.8215,202.5538,30.3570,75.8924
399.8269,202.5672,30.3463,75.8657
402.8485,202.6213,30.3029,75.7573
405.8238,201.5596,30.3523,75.8808
409.7930,201.4826,30.4139,76.0349
412.7147,200.2867,30.5707,76.4267
416.7450,200.3625,30.5100,76.2750
420.7262,200.3156,30.5475,76.3689
424.7702,200.4255,30.4596,76.1491
428.8239,200.5599,30.3521,75.8803
432.8475,201.6187,30.3050,75.7625
436.8113,201.5282,30.3774,75.9436
439.8125,201.5313,30.3750,75.9375
442.7802,201.4504,30.4397,76.0992
444.7073,201.2682,30.5854,76.4636
446.6489,200.1221,30.7023,76.7557
448.6534,200.1334,30.6933,76.7332
450.6215,200.0537,30.7570,76.8926
451.5972,198.9930,30.8056,77.0139
452.6000,199.0001,30.7999,76.9998
453.6307,199.0767,30.7386,76.8466
454.6316,198.0791,30.7368,76.8419
455.6903,198.2258,30.6194,76.5485
455.7469,199.3674,30.5061,76.2653
456.8057,200.5143,30.3886,75.9715
456.8560,201.6400,30.2880,75.7200
457.9010,202.7525,30.1980,75.4951
457.9152,203.7880,30.1696,75.4239
458.9085,204.7714,30.1829,75.4572
459.9037,204.7591,30.1927,75.4817
459.9119,205.7797,30.1763,75.4406
460.9042,205.7605,30.1916,75.4790
460.9009,205.7523,30.1981,75.4953
461.9218,205.8045,30.1564,75.3910
462.9367,205.8418,30.1266,75.3164
463.9251,205.8127,30.1498,75.3745
465.9218,205.8046,30.1563,75.3907
466.9006,205.7516,30.1987,75.4969
469.8936,205.7341,30.2127,75.5318
472.9034,205.7584,30.1933,75.4832
475.9261,205.8153,30.1477,75.3693
478.9552,206.8880,30.0896,75.2240
481.9708,206.9269,30.0585,75.1462
484.9974,207.9935,30.0052,75.0129
487.9719,207.9297,30.0562,75.1406
490.9402,207.8505,30.1196,75.2990
493.8734,206.6835,30.2532,75.6329
495.8262,205.5654,30.3477,75.8692
498.8014,205.5035,30.3972,75.9929
500.7453,204.3632,30.5094,76.2735
503.7254,203.3136,30.5491,76.3728
505.7119,203.2797,30.5762,76.4406
507.6638,202.1595,30.6724,76.6810
509.6653,202.1632,30.6694,76.6735
510.6201,201.0502,30.7599,76.8996
512.6880,201.2201,30.6239,76.5598
513.7744,202.4360,30.4512,76.1279
514.8210,202.5525,30.3580,75.8950
515.9395,203.8486,30.1212,75.3029
516.9342,204.8354,30.1316,75.3291
517.8980,204.7450,30.2040,75.5100
517.8622,204.6554,30.2757,75.6891
517.8196,204.5491,30.3607,75.9018
516.7982,204.4955,30.4036,76.0090
516.8039,204.5098,30.3922,75.9804
515.7694,204.4236,30.4612,76.1529
515.7219,204.3047,30.5562,76.3906
514.6304,203.0759,30.7393,76.8482
514.6030,203.0075,30.7940,76.9849
513.6185,203.0462,30.7630,76.9075
512.6740,204.1850,30.6520,76.6299
511.7079,204.2697,30.5843,76.4607
511.7997,205.4992,30.4007,76.0016
510.8377,206.5943,30.3246,75.8114
509.8471,207.6177,30.3058,75.7645
508.8264,207.5660,30.3472,75.8681
506.8528,207.6320,30.2944,75.7360
505.8612,207.6530,30.2776,75.6939
503.8535,207.6337,30.2930,75.7325
502.8489,207.6222,30.3022,75.7556
500.8607,207.6517,30.2786,75.6965
498.8801,207.7002,30.2398,75.5995
496.8792,206.6979,30.2417,75.6042
495.9061,206.7652,30.1879,75.4696
493.9360,206.8401,30.1280,75.3199
491.9660,207.9150,30.0680,75.1700
490.9503,207.8756,30.0995,75.2487
488.9721,208.9303,30.0558,75.1395
489.0226,210.0566,29.9547,74.8867
487.0207,211.0517,29.9587,74.8967
486.0561,212.1402,29.8879,74.7197
485.0388,212.0971,29.9224,74.8059
484.0425,213.1063,29.9149,74.7873
483.0280,213.0701,29.9439,74.8597
482.0063,213.0159,29.9873,74.9682
481.0079,212.0198,29.9841,74.9604
481.0257,212.0642,29.9486,74.8715
482.0033,211.0083,29.9934,74.9834
482.0235,211.0587,29.9531,74.8827
483.0070,211.0175,29.9860,74.9649
483.9914,209.9785,30.0172,75.0430
485.0300,210.0750,29.9400,74.8500
487.0586,210.1465,29.8828,74.7070
488.1103,210.2757,29.7795,74.4486
491.1803,210.4508,29.6394,74.0984
493.2663,210.6658,29.4673,73.6683
495.3318,210.8294,29.3365,73.3412
498.4403,211.1007,29.1194,72.7985
500.5139,210.2846,28.9723,72.4307
503.6164,210.5410,28.7672,71.9181
506.6684,211.6709,28.6633,71.6582
509.7251,211.8128,28.5497,71.3743
511.7183,210.7957,28.5634,71.4086
514.7218,209.8045,28.5564,71.3910
517.6650,207.6626,28.6699,71.6747
519.5746,205.4366,28.8507,72.1269
521.4117,203.0294,29.1765,72.9411
523.1897,200.4743,29.6206,74.0514
525.0853,198.2133,29.8293,74.5733
527.0974,197.2435,29.8052,74.5130
529.1880,196.4702,29.6238,74.0596
531.3210,196.8026,29.3579,73.3947
533.4695,197.1738,29.0610,72.6525
535.6133,197.5332,28.7734,71.9336
537.7364,197.8410,28.5272,71.3179
539.7486,196.8715,28.5028,71.2570
541.6741,194.6853,28.6518,71.6294
543.6675,193.6687,28.6650,71.6626
544.6058,191.5144,28.7885,71.9712
546.6151,190.5377,28.7698,71.9246
548.5679,188.4198,28.8642,72.1605
549.6124,188.5310,28.7752,71.9380
551.6057,187.5141,28.7887,71.9718
552.6337,186.5842,28.7327,71.8316
554.7202,186.8004,28.5597,71.3991
555.6957,185.7393,28.6085,71.5214
557.7241,184.8102,28.5519,71.3797
558.6401,183.6002,28.7198,71.7996
559.5969,182.4922,28.8062,72.0155
561.4386,180.0965,29.1228,72.8070
562.3904,177.9759,29.2193,73.0482
564.4011,177.0027,29.1979,72.9946
566.3846,175.9615,29.2308,73.0769
567.3907,174.9768,29.2186,73.0465
569.4938,174.2345,29.0124,72.5309
571.6086,174.5214,28.7829,71.9572
573.7017,174.7543,28.5966,71.4915
575.7413,174.8534,28.5173,71.2932
576.7286,173.8215,28.5428,71.3569
578.7249,172.8122,28.5502,71.3755
580.6597,171.6492,28.6806,71.7016
582.6100,169.5251,28.7799,71.9497
584.6230,168.5576,28.7540,71.8849
586.5897,166.4742,28.8206,72.0515
589.6043,165.5108,28.7914,71.9785
591.5504,163.3759,28.8993,72.2482
594.5502,162.3754,28.8997,72.2491
597.5321,161.3302,28.9358,72.3396
599.5560,160.3899,28.8881,72.2202
602.6305,160.5762,28.7391,71.8476
605.6858,159.7144,28.6285,71.5712
607.8215,160.0537,28.3571,70.8927
610.9214,160.3037,28.1571,70.3926
613.8931,159.2327,28.2138,70.5346
615.8746,158.1864,28.2509,70.6271
618.8683,157.1709,28.2633,70.6582
620.8415,156.1037,28.3170,70.7925
623.8190,155.0473,28.3621,70.9053
626.7358,152.8395,28.5284,71.3209
629.6737,151.6843,28.6526,71.6315
631.6224,149.5560,28.7552,71.8881
634.6466,148.6166,28.7067,71.7669
636.6712,147.6780,28.6576,71.6439
638.7109,146.7773,28.5781,71.4453
641.8099,146.0247,28.3802,70.9506
643.9615,146.4037,28.0770,70.1925
646.0681,146.6701,27.8639,69.6598
648.1652,146.9130,27.6696,69.1740
650.2372,147.0931,27.5256,68.8139
651.2532,147.1331,27.4935,68.7338
652.2214,146.0536,27.5571,68.8928
653.2043,146.0107,27.5915,68.9787
654.1472,144.8679,27.7057,69.2642
655.0941,143.7351,27.8119,69.5298
656.0279,142.5697,27.9443,69.8606
656.9877,141.4693,28.0246,70.0614
657.9537,140.3844,28.0925,70.2312
659.9671,139.4178,28.0658,70.1644
661.0040,139.5100,27.9920,69.9800
663.0396,139.5991,27.9207,69.8018
664.0932,139.7329,27.8136,69.5341
665.1727,139.9318,27.6545,69.1364
665.2672,140.1679,27.4657,68.6643
666.3368,140.3420,27.3264,68.3160
666.3367,140.3418,27.3266,68.3165
666.2998,139.2495,27.4004,68.5011
665.2674,139.1684,27.4653,68.6631
664.0943,137.7357,27.8114,69.5285
663.0281,136.5702,27.9438,69.8596
662.0023,135.5056,27.9955,69.9887
660.9420,134.3549,28.1161,70.2901
658.8698,133.1746,28.2603,70.6508
657.8835,132.2087,28.2330,70.5826
656.9341,131.3353,28.1317,70.3293
656.0521,131.6302,27.8958,69.7396
655.0989,131.7474,27.8021,69.5052
654.1564,131.8909,27.6873,69.2181
653.2244,132.0611,27.5512,68.8779
653.3071,132.2677,27.3858,68.4646
653.3767,132.4418,27.2465,68.1164
653.4336,132.5840,27.1328,67.8319
653.4462,132.6153,27.1077,67.7693
654.4255,131.5639,27.1489,67.8723
655.4585,131.6462,27.0830,67.7076
657.4419,130.6048,27.1162,67.7904
659.4483,130.6208,27.1034,67.7584
661.3953,129.4882,27.2095,68.0237
664.3909,129.4772,27.2182,68.0456
667.3525,128.3812,27.2951,68.2377
670.3885,128.4713,27.2229,68.0573
673.3930,128.4825,27.2140,68.0350
677.4214,128.5536,27.1571,67.8928
680.4685,128.6712,27.0630,67.6575
684.4154,129.5385,27.1692,67.9230
687.4286,129.5714,27.1429,67.8571
691.4428,129.6071,27.1143,67.7859
694.4480,129.6200,27.1040,67.7601
698.4206,129.5514,27.1588,67.8971
701.3690,128.4226,27.2619,68.1548
704.3672,128.4181,27.2655,68.1638
707.3462,128.3654,27.3076,68.2691
710.3077,127.2692,27.3847,68.4617
713.3076,127.2689,27.3849,68.4622
716.2854,126.2135,27.4292,68.5730
719.3145,125.2862,27.3710,68.4276
721.3763,125.4409,27.2473,68.1183
723.4478,125.6196,27.1043,67.7608
725.5288,125.8221,26.9423,67.3558
727.6510,127.1275,26.6980,66.7449
728.6729,127.1822,26.6543,66.6357
730.7449,128.3623,26.5102,66.2754
730.7043,128.2609,26.5913,66.4782
730.6733,128.1833,26.6534,66.6334
731.6174,127.0436,26.7651,66.9128
731.6089,127.0224,26.7821,66.9553
731.5815,126.9538,26.8370,67.0925
731.5105,125.7762,26.9791,67.4476
731.5092,125.7730,26.9816,67.4541
731.4708,125.6771,27.0583,67.6458
731.4116,124.5290,27.1768,67.9420
731.4185,124.5462,27.1631,67.9076
731.4393,124.5981,27.1215,67.8037
730.4878,124.7195,27.0244,67.5610
730.5707,125.9269,26.8585,67.1463
728.5945,125.9862,26.8110,67.0276
727.6156,126.0390,26.7688,66.9219
726.6607,126.1518,26.6786,66.6964
724.6947,126.2367,26.6107,66.5266
723.7097,126.2742,26.5807,66.4516
721.6821,126.2052,26.6359,66.5896
718.6003,125.0008,26.7993,66.9983
716.5901,124.9752,26.8199,67.0496
715.5326,123.8315,26.9348,67.3371
712.5305,122.8263,26.9389,67.3473
710.5546,122.8865,26.8908,67.2270
708.5422,121.8554,26.9157,67.2892
706.5621,121.9052,26.8758,67.1896
703.5704,121.9259,26.8593,67.1482
701.6046,122.0115,26.7908,66.9770
699.6639,122.1598,26.6722,66.6804
697.7874,123.4685,26.4252,66.0629
695.8334,123.5835,26.3332,65.8331
694.9517,124.8791,26.0967,65.2418
693.9404,124.8511,26.1192,65.2979
692.9323,124.8306,26.1355,65.3388
692.8994,124.7484,26.2012,65.5031
692.8915,124.7287,26.2170,65.5426
693.8680,124.6700,26.2640,65.6599
694.8391,124.5975,26.3220,65.8049
696.7916,124.4789,26.4169,66.0423
698.7620,124.4050,26.4760,66.1900
700.7345,124.3363,26.5310,66.3274
702.7358,124.3395,26.5284,66.3210
704.7654,125.4135,26.4692,66.1729
706.7979,126.4947,26.4043,66.0107
709.8063,127.5157,26.3875,65.9686
711.8253,127.5634,26.3493,65.8733
713.8329,128.5824,26.3341,65.8352
715.8651,129.6626,26.2699,65.6747
717.8546,129.6364,26.2909,65.7271
718.8392,130.5979,26.3217,65.8042
720.7712,130.4281,26.4576,66.1439
721.7349,130.3374,26.5301,66.3253
722.7071,130.2677,26.5859,66.4647
723.7045,130.2613,26.5910,66.4775
724.6981,129.2452,26.6038,66.5096
725.7510,129.3775,26.4980,66.2450
725.7823,129.4556,26.4355,66.0887
726.8262,129.5655,26.3476,65.8689
726.9139,129.7848,26.1722,65.4305
727.0638,131.1595,25.8724,64.6811
727.1806,131.4516,25.6387,64.0968
727.2997,132.7494,25.4005,63.5011
727.3660,132.9149,25.2681,63.1701
727.4615,134.1537,25.0770,62.6926
726.4404,134.1010,25.1192,62.7980
726.3751,133.9378,25.2498,63.1244
725.3687,133.9218,25.2626,63.1564
724.3261,133.8152,25.3478,63.3695
724.2114,133.5285,25.5772,63.9431
723.1553,133.3883,25.6893,64.2233
722.1093,132.2731,25.7815,64.4538
721.1071,132.2677,25.7859,64.4647
719.1234,132.3084,25.7533,64.3832
718.0869,132.2172,25.8262,64.5656
716.1039,132.2598,25.7921,64.4803
714.1188,133.2970,25.7624,64.4059
713.1087,133.2717,25.7826,64.4565
711.1926,134.4815,25.6148,64.0369
709.1848,134.4620,25.6304,64.0759
707.2169,134.5423,25.5662,63.9154
705.2479,135.6198,25.5042,63.7604
703.1983,134.4958,25.6033,64.0084
702.1863,134.4657,25.6275,64.0687
700.2029,134.5074,25.5941,63.9852
698.2040,134.5099,25.5921,63.9802
696.1617,134.4044,25.6765,64.1912
694.0932,133.2330,25.8136,64.5340
692.0755,133.1887,25.8490,64.6225
691.0822,133.2055,25.8356,64.5890
689.0872,133.2181,25.8255,64.5638
687.1302,134.3254,25.7397,64.3492
685.1581,134.3953,25.6837,64.2093
683.2569,135.6422,25.4862,63.7156
681.3425,136.8563,25.3150,63.2875
680.3998,136.9994,25.2005,63.0012
678.4794,138.1985,25.0412,62.6030
676.4680,138.1698,25.0641,62.6603
675.4743,139.1858,25.0514,62.6284
673.3933,138.9833,25.2134,63.0334
672.3497,138.8744,25.3005,63.2512
670.3452,138.8631,25.3095,63.2738
669.3349,138.8372,25.3303,63.3256
668.3468,139.8670,25.3064,63.2661
