1
333.0000,260.0000,39.0000,77.0000
338.0000,260.0000,39.0000,77.0000
342.0000,260.0000,39.0000,77.0000
347.0000,260.0000,39.0000,77.0000
351.0000,260.0000,39.0000,77.0000
356.0000,260.0000,39.0000,77.0000
360.0000,260.0000,39.0000,77.0000
365.0000,259.0000,39.0000,77.0000
369.0000,259.0000,39.0000,77.0000
373.0000,260.0000,39.0000,77.0000
377.0000,260.0000,39.0000,77.0000
381.0000,259.0000,39.0000,77.0000
386.0000,260.0000,39.0000,77.0000
390.0000,262.0000,39.0000,77.0000
393.0000,263.0000,39.0000,77.0000
397.0000,264.0000,39.0000,77.0000
399.0000,265.0000,39.0000,77.0000
402.0000,266.0000,39.0000,77.0000
404.0000,266.0000,39.0000,77.0000
407.0000,267.0000,39.0000,77.0000
409.0000,267.0000,39.0000,77.0000
411.0000,267.0000,39.0000,77.0000
413.0000,268.0000,39.0000,77.0000
415.0000,268.0000,39.0000,77.0000
417.0000,268.0000,39.0000,77.0000
420.0000,269.0000,39.0000,77.0000
423.0000,269.0000,39.0000,77.0000
425.0000,269.0000,39.0000,77.0000
428.0000,270.0000,39.0000,77.0000
431.0000,271.0000,39.0000,77.0000
433.0000,272.0000,39.0000,77.0000
436.0000,273.0000,39.0000,77.0000
438.0000,274.0000,39.0000,77.0000
441.0000,275.0000,39.0000,77.0000
443.0000,277.0000,39.0000,77.0000
446.0000,279.0000,39.0000,77.0000
449.0000,280.0000,39.0000,77.0000
451.0000,281.0000,39.0000,77.0000
454.0000,282.0000,39.0000,77.0000
457.0000,283.0000,39.0000,77.0000
460.0000,284.0000,39.0000,77.0000
463.0000,285.0000,39.0000,77.0000
466.0000,286.0000,39.0000,77.0000
468.0000,287.0000,39.0000,77.0000
471.0000,287.0000,39.0000,77.0000
474.0000,288.0000,39.0000,77.0000
477.0000,290.0000,39.0000,77.0000
479.0000,291.0000,39.0000,77.0000
481.0000,292.0000,39.0000,77.0000
484.0000,293.0000,39.0000,77.0000
486.0000,295.0000,39.0000,77.0000
488.0000,296.0000,39.0000,77.0000
490.0000,297.0000,39.0000,77.0000
491.0000,298.0000,39.0000,77.0000
493.0000,299.0000,39.0000,77.0000
494.0000,300.0000,39.0000,77.0000
496.0000,301.0000,39.0000,77.0000
498.0000,302.0000,39.0000,77.0000
500.0000,302.0000,39.0000,77.0000
502.0000,303.0000,39.0000,77.0000
505.0000,304.0000,39.0000,77.0000
507.0000,305.0000,39.0000,77.0000
509.0000,307.0000,39.0000,77.0000
511.0000,308.0000,39.0000,77.0000
513.0000,310.0000,39.0000,77.0000
515.0000,311.0000,39.0000,77.0000
517.0000,313.0000,39.0000,77.0000
519.0000,315.0000,39.0000,77.0000
521.0000,316.0000,39.0000,77.0000
523.0000,318.0000,39.0000,77.0000
524.0000,320.0000,39.0000,77.0000
526.0000,321.0000,39.0000,77.0000
528.0000,323.0000,39.0000,77.0000
530.0000,324.0000,39.0000,77.0000
532.0000,326.0000,39.0000,77.0000
533.0000,327.0000,39.0000,77.0000
535.0000,328.0000,39.0000,77.0000
537.0000,329.0000,39.0000,77.0000
538.0000,330.0000,39.0000,77.0000
540.0000,330.0000,39.0000,77.0000
541.0000,331.0000,39.0000,77.0000
541.0000,332.0000,39.0000,77.0000
542.0000,333.0000,39.0000,77.0000
543.0000,334.0000,39.0000,77.0000
544.0000,335.0000,39.0000,77.0000
545.0000,336.0000,39.0000,77.0000
545.0000,338.0000,39.0000,77.0000
545.0000,339.0000,39.0000,77.0000
545.0000,340.0000,39.0000,77.0000
545.0000,342.0000,39.0000,77.0000
545.0000,344.0000,39.0000,77.0000
545.0000,346.0000,39.0000,77.0000
544.0000,347.0000,39.0000,77.0000
544.0000,348.0000,39.0000,77.0000
544.0000,349.0000,39.0000,77.0000
544.0000,349.0000,39.0000,77.0000
545.0000,348.0000,39.0000,77.0000
545.0000,348.0000,39.0000,77.0000
545.0000,348.0000,39.0000,77.0000
544.0000,348.0000,39.0000,77.0000
543.0000,347.0000,39.0000,77.0000
543.0000,347.0000,39.0000,77.0000
543.0000,347.0000,39.0000,77.0000
542.0000,348.0000,39.0000,77.0000
541.0000,348.0000,39.0000,77.0000
540.0000,349.0000,39.0000,77.0000
540.0000,349.0000,39.0000,77.0000
540.0000,349.0000,39.0000,77.0000
539.0000,350.0000,39.0000,77.0000
539.0000,350.0000,39.0000,77.0000
538.0000,350.0000,39.0000,77.0000
538.0000,350.0000,39.0000,77.0000
537.0000,350.0000,39.0000,77.0000
536.0000,349.0000,39.0000,77.0000
535.0000,348.0000,39.0000,77.0000
534.0000,347.0000,39.0000,77.0000
533.0000,346.0000,39.0000,77.0000
532.0000,346.0000,39.0000,77.0000
532.0000,346.0000,39.0000,77.0000
531.0000,345.0000,39.0000,77.0000
530.0000,345.0000,39.0000,77.0000
529.0000,344.0000,39.0000,77.0000
528.0000,343.0000,39.0000,77.0000
527.0000,342.0000,39.0000,77.0000
525.0000,342.0000,39.0000,77.0000
525.0000,341.0000,39.0000,77.0000
525.0000,339.0000,39.0000,77.0000
525.0000,337.0000,39.0000,77.0000
525.0000,335.0000,39.0000,77.0000
525.0000,333.0000,39.0000,77.0000
526.0000,332.0000,39.0000,77.0000
526.0000,331.0000,39.0000,77.0000
527.0000,329.0000,39.0000,77.0000
528.0000,328.0000,39.0000,77.0000
529.0000,326.0000,39.0000,77.0000
530.0000,325.0000,39.0000,77.0000
531.0000,324.0000,39.0000,77.0000
532.0000,322.0000,39.0000,77.0000
533.0000,321.0000,39.0000,77.0000
534.0000,319.0000,39.0000,77.0000
534.0000,318.0000,39.0000,77.0000
535.0000,317.0000,39.0000,77.0000
536.0000,315.0000,39.0000,77.0000
537.0000,314.0000,39.0000,77.0000
538.0000,312.0000,39.0000,77.0000
538.0000,310.0000,39.0000,77.0000
538.0000,308.0000,39.0000,77.0000
539.0000,306.0000,39.0000,77.0000
540.0000,304.0000,39.0000,77.0000
540.0000,303.0000,39.0000,77.0000
540.0000,301.0000,39.0000,77.0000
541.0000,300.0000,39.0000,77.0000
541.0000,299.0000,39.0000,77.0000
541.0000,297.0000,39.0000,77.0000
541.0000,296.0000,39.0000,77.0000
541.0000,295.0000,39.0000,77.0000
540.0000,293.0000,39.0000,77.0000
540.0000,292.0000,39.0000,77.0000
539.0000,291.0000,39.0000,77.0000
540.0000,289.0000,39.0000,77.0000
540.0000,287.0000,39.0000,77.0000
540.0000,285.0000,39.0000,77.0000
541.0000,283.0000,39.0000,77.0000
541.0000,282.0000,39.0000,77.0000
542.0000,282.0000,39.0000,77.0000
542.0000,281.0000,39.0000,77.0000
542.0000,279.0000,39.0000,77.0000
543.0000,278.0000,39.0000,77.0000
543.0000,277.0000,39.0000,77.0000
544.0000,276.0000,39.0000,77.0000
544.0000,276.0000,39.0000,77.0000
544.0000,275.0000,39.0000,77.0000
544.0000,274.0000,39.0000,77.0000
544.0000,274.0000,39.0000,77.0000
544.0000,274.0000,39.0000,77.0000
544.0000,273.0000,39.0000,77.0000
545.0000,273.0000,39.0000,77.0000
545.0000,272.0000,39.0000,77.0000
543.0000,270.0000,39.0000,77.0000
543.0000,269.0000,39.0000,77.0000
544.0000,267.0000,39.0000,77.0000
545.0000,266.0000,39.0000,77.0000
545.0000,265.0000,39.0000,77.0000
546.0000,264.0000,39.0000,77.0000
547.0000,263.0000,39.0000,77.0000
548.0000,263.0000,39.0000,77.0000
548.0000,262.0000,39.0000,77.0000
548.0000,261.0000,39.0000,77.0000
549.0000,260.0000,39.0000,77.0000
549.0000,259.0000,39.0000,77.0000
549.0000,258.0000,39.0000,77.0000
551.0000,257.0000,39.0000,77.0000
552.0000,255.0000,39.0000,77.0000
553.0000,254.0000,39.0000,77.0000
554.0000,253.0000,39.0000,77.0000
555.0000,252.0000,39.0000,77.0000
555.0000,251.0000,39.0000,77.0000
555.0000,250.0000,39.0000,77.0000
556.0000,249.0000,39.0000,77.0000
557.0000,248.0000,39.0000,77.0000
558.0000,248.0000,39.0000,77.0000
559.0000,247.0000,39.0000,77.0000
559.0000,247.0000,39.0000,77.0000
559.0000,246.0000,39.0000,77.0000
559.0000,245.0000,39.0000,77.0000
559.0000,245.0000,39.0000,77.0000
559.0000,244.0000,39.0000,77.0000
559.0000,243.0000,39.0000,77.0000
559.0000,242.0000,39.0000,77.0000
559.0000,241.0000,39.0000,77.0000
560.0000,240.0000,39.0000,77.0000
561.0000,238.0000,39.0000,77.0000
562.0000,236.0000,39.0000,77.0000
563.0000,234.0000,39.0000,77.0000
564.0000,233.0000,39.0000,77.0000
564.0000,232.0000,39.0000,77.0000
565.0000,231.0000,39.0000,77.0000
566.0000,230.0000,39.0000,77.0000
567.0000,229.0000,39.0000,77.0000
568.0000,227.0000,39.0000,77.0000
569.0000,226.0000,39.0000,77.0000
570.0000,224.0000,39.0000,77.0000
571.0000,223.0000,39.0000,77.0000
573.0000,221.0000,39.0000,77.0000
575.0000,219.0000,39.0000,77.0000
577.0000,218.0000,39.0000,77.0000
580.0000,217.0000,39.0000,77.0000
583.0000,215.0000,39.0000,77.0000
586.0000,214.0000,39.0000,77.0000
589.0000,213.0000,39.0000,77.0000
592.0000,212.0000,39.0000,77.0000
596.0000,211.0000,39.0000,77.0000
599.0000,210.0000,39.0000,77.0000
603.0000,209.0000,39.0000,77.0000
607.0000,208.0000,39.0000,77.0000
611.0000,207.0000,39.0000,77.0000
616.0000,206.0000,39.0000,77.0000
620.0000,205.0000,39.0000,77.0000
625.0000,204.0000,39.0000,77.0000
630.0000,203.0000,39.0000,77.0000
635.0000,202.0000,39.0000,77.0000
640.0000,200.0000,39.0000,77.0000
645.0000,199.0000,39.0000,77.0000
651.0000,198.0000,39.0000,77.0000
656.0000,197.0000,39.0000,77.0000
662.0000,196.0000,39.0000,77.0000
668.0000,195.0000,39.0000,77.0000
674.0000,194.0000,39.0000,77.0000
679.0000,194.0000,39.0000,77.0000
685.0000,193.0000,39.0000,77.0000
690.0000,193.0000,39.0000,77.0000
695.0000,192.0000,39.0000,77.0000
700.0000,192.0000,39.0000,77.0000
704.0000,192.0000,39.0000,77.0000
708.0000,191.0000,39.0000,77.0000
712.0000,191.0000,39.0000,77.0000
715.0000,190.0000,39.0000,77.0000
718.0000,190.0000,39.0000,77.0000
721.0000,189.0000,39.0000,77.0000
723.0000,188.0000,39.0000,77.0000
725.0000,187.0000,39.0000,77.0000
727.0000,186.0000,39.0000,77.0000
728.0000,186.0000,39.0000,77.0000
730.0000,185.0000,39.0000,77.0000
731.0000,184.0000,39.0000,77.0000
732.0000,184.0000,39.0000,77.0000
733.0000,184.0000,39.0000,77.0000
734.0000,184.0000,39.0000,77.0000
735.0000,183.0000,39.0000,77.0000
735.0000,183.0000,39.0000,77.0000
736.0000,183.0000,39.0000,77.0000
737.0000,183.0000,39.0000,77.0000
737.0000,183.0000,39.0000,77.0000
738.0000,182.0000,39.0000,77.0000
739.0000,182.0000,39.0000,77.0000
739.0000,181.0000,39.0000,77.0000
740.0000,180.0000,39.0000,77.0000
740.0000,180.0000,39.0000,77.0000
741.0000,179.0000,39.0000,77.0000
741.0000,179.0000,39.0000,77.0000
742.0000,178.0000,39.0000,77.0000
742.0000,178.0000,39.0000,77.0000
742.0000,178.0000,39.0000,77.0000
743.0000,178.0000,39.0000,77.0000
743.0000,178.0000,39.0000,77.0000
744.0000,178.0000,39.0000,77.0000
744.0000,178.0000,39.0000,77.0000
744.0000,178.0000,39.0000,77.0000
745.0000,178.0000,39.0000,77.0000
746.0000,178.0000,39.0000,77.0000
747.0000,178.0000,39.0000,77.0000
748.0000,178.0000,39.0000,77.0000
748.0000,178.0000,39.0000,77.0000
749.0000,177.0000,39.0000,77.0000
750.0000,176.0000,39.0000,77.0000
750.0000,176.0000,39.0000,77.0000
751.0000,175.0000,39.0000,77.0000
751.0000,175.0000,39.0000,77.0000
752.0000,174.0000,39.0000,77.0000
752.0000,175.0000,39.0000,77.0000
753.0000,175.0000,39.0000,77.0000
753.0000,175.0000,39.0000,77.0000
753.0000,176.0000,39.0000,77.0000
753.0000,176.0000,39.0000,77.0000
753.0000,176.0000,39.0000,77.0000
753.0000,176.0000,39.0000,77.0000
753.0000,175.0000,39.0000,77.0000
753.0000,175.0000,39.0000,77.0000
753.0000,174.0000,39.0000,77.0000
753.0000,173.0000,39.0000,77.0000
752.0000,172.0000,39.0000,77.0000
752.0000,171.0000,39.0000,77.0000
752.0000,171.0000,39.0000,77.0000
752.0000,170.0000,39.0000,77.0000
752.0000,169.0000,39.0000,77.0000
751.0000,169.0000,39.0000,77.0000
751.0000,169.0000,39.0000,77.0000
750.0000,169.0000,39.0000,77.0000
750.0000,170.0000,39.0000,77.0000
749.0000,171.0000,39.0000,77.0000
749.0000,172.0000,39.0000,77.0000
748.0000,173.0000,39.0000,77.0000
748.0000,173.0000,39.0000,77.0000
747.0000,174.0000,39.0000,77.0000
747.0000,174.0000,39.0000,77.0000
747.0000,174.0000,39.0000,77.0000
747.0000,174.0000,39.0000,77.0000
746.0000,174.0000,39.0000,77.0000
746.0000,175.0000,39.0000,77.0000
746.0000,175.0000,39.0000,77.0000
746.0000,175.0000,39.0000,77.0000
745.0000,175.0000,39.0000,77.0000
745.0000,174.0000,39.0000,77.0000
745.0000,174.0000,39.0000,77.0000
744.0000,175.0000,39.0000,77.0000
743.0000,175.0000,39.0000,77.0000
743.0000,176.0000,39.0000,77.0000
742.0000,177.0000,39.0000,77.0000
741.0000,178.0000,39.0000,77.0000
740.0000,179.0000,39.0000,77.0000
739.0000,179.0000,39.0000,77.0000
738.0000,180.0000,39.0000,77.0000
737.0000,180.0000,39.0000,77.0000
736.0000,180.0000,39.0000,77.0000
736.0000,180.0000,39.0000,77.0000
735.0000,180.0000,39.0000,77.0000
735.0000,181.0000,39.0000,77.0000
735.0000,181.0000,39.0000,77.0000
735.0000,181.0000,39.0000,77.0000
734.0000,181.0000,39.0000,77.0000
733.0000,182.0000,39.0000,77.0000
732.0000,182.0000,39.0000,77.0000
732.0000,183.0000,39.0000,77.0000
731.0000,183.0000,39.0000,77.0000
731.0000,184.0000,39.0000,77.0000
731.0000,185.0000,39.0000,77.0000
730.0000,186.0000,39.0000,77.0000
730.0000,186.0000,39.0000,77.0000
730.0000,187.0000,39.0000,77.0000
730.0000,187.0000,39.0000,77.0000
730.0000,187.0000,39.0000,77.0000
730.0000,187.0000,39.0000,77.0000
730.0000,187.0000,39.0000,77.0000
730.0000,187.0000,39.0000,77.0000
730.0000,187.0000,39.0000,77.0000
730.0000,187.0000,39.0000,77.0000
730.0000,187.0000,39.0000,77.0000
730.0000,188.0000,39.0000,77.0000
730.0000,189.0000,39.0000,77.0000
730.0000,189.0000,39.0000,77.0000
730.0000,191.0000,39.0000,77.0000
729.0000,192.0000,39.0000,77.0000
729.0000,193.0000,39.0000,77.0000
729.0000,194.0000,39.0000,77.0000
728.0000,195.0000,39.0000,77.0000
728.0000,196.0000,39.0000,77.0000
727.0000,196.0000,39.0000,77.0000
726.0000,197.0000,39.0000,77.0000
726.0000,197.0000,39.0000,77.0000
726.0000,197.0000,39.0000,77.0000
725.0000,198.0000,39.0000,77.0000
725.0000,198.0000,39.0000,77.0000
724.0000,199.0000,39.0000,77.0000
723.0000,199.0000,39.0000,77.0000
723.0000,200.0000,39.0000,77.0000
722.0000,201.0000,39.0000,77.0000
722.0000,202.0000,39.0000,77.0000
722.0000,203.0000,39.0000,77.0000
722.0000,204.0000,39.0000,77.0000
722.0000,205.0000,39.0000,77.0000
722.0000,206.0000,39.0000,77.0000
722.0000,207.0000,39.0000,77.0000
722.0000,208.0000,39.0000,77.0000
722.0000,208.0000,39.0000,77.0000
722.0000,208.0000,39.0000,77.0000
722.0000,208.0000,39.0000,77.0000
722.0000,208.0000,39.0000,77.0000
723.0000,209.0000,39.0000,77.0000
723.0000,209.0000,39.0000,77.0000
723.0000,209.0000,39.0000,77.0000
723.0000,210.0000,39.0000,77.0000
724.0000,210.0000,39.0000,77.0000
724.0000,211.0000,39.0000,77.0000
724.0000,212.0000,39.0000,77.0000
724.0000,213.0000,39.0000,77.0000
725.0000,214.0000,39.0000,77.0000
725.0000,215.0000,39.0000,77.0000
725.0000,216.0000,39.0000,77.0000
725.0000,217.0000,39.0000,77.0000
725.0000,218.0000,39.0000,77.0000
725.0000,219.0000,39.0000,77.0000
725.0000,219.0000,39.0000,77.0000
724.0000,219.0000,39.0000,77.0000
724.0000,220.0000,39.0000,77.0000
724.0000,221.0000,39.0000,77.0000
724.0000,221.0000,39.0000,77.0000
724.0000,221.0000,39.0000,77.0000
724.0000,222.0000,39.0000,77.0000
724.0000,223.0000,39.0000,77.0000
724.0000,224.0000,39.0000,77.0000
724.0000,225.0000,39.0000,77.0000
725.0000,226.0000,39.0000,77.0000
725.0000,227.0000,39.0000,77.0000
725.0000,229.0000,39.0000,77.0000
725.0000,230.0000,39.0000,77.0000
725.0000,231.0000,39.0000,77.0000
726.0000,232.0000,39.0000,77.0000
726.0000,232.0000,39.0000,77.0000
727.0000,233.0000,39.0000,77.0000
727.0000,233.0000,39.0000,77.0000
728.0000,233.0000,39.0000,77.0000
728.0000,234.0000,39.0000,77.0000
729.0000,234.0000,39.0000,77.0000
729.0000,234.0000,39.0000,77.0000
730.0000,235.0000,39.0000,77.0000
730.0000,235.0000,39.0000,77.0000
730.0000,236.0000,39.0000,77.0000
731.0000,237.0000,39.0000,77.0000
731.0000,238.0000,39.0000,77.0000
732.0000,239.0000,39.0000,77.0000
732.0000,241.0000,39.0000,77.0000
732.0000,242.0000,39.0000,77.0000
732.0000,243.0000,39.0000,77.0000
732.0000,243.0000,39.0000,77.0000
732.0000,243.0000,39.0000,77.0000
732.0000,243.0000,39.0000,77.0000
732.0000,244.0000,39.0000,77.0000
732.0000,244.0000,39.0000,77.0000
732.0000,245.0000,39.0000,77.0000
732.0000,245.0000,39.0000,77.0000
731.0000,246.0000,39.0000,77.0000
731.0000,247.0000,39.0000,77.0000
731.0000,247.0000,39.0000,77.0000
731.0000,248.0000,39.0000,77.0000
731.0000,249.0000,39.0000,77.0000
731.0000,250.0000,39.0000,77.0000
731.0000,252.0000,39.0000,77.0000
732.0000,253.0000,39.0000,77.0000
732.0000,254.0000,39.0000,77.0000
733.0000,255.0000,39.0000,77.0000
734.0000,255.0000,39.0000,77.0000
734.0000,255.0000,39.0000,77.0000
734.0000,255.0000,39.0000,77.0000
735.0000,255.0000,39.0000,77.0000
736.0000,256.0000,39.0000,77.0000
736.0000,255.0000,39.0000,77.0000
737.0000,255.0000,39.0000,77.0000
737.0000,256.0000,39.0000,77.0000
738.0000,256.0000,39.0000,77.0000
739.0000,257.0000,39.0000,77.0000
740.0000,258.0000,39.0000,77.0000
741.0000,259.0000,39.0000,77.0000
742.0000,260.0000,39.0000,77.0000
743.0000,261.0000,39.0000,77.0000
744.0000,262.0000,39.0000,77.0000
745.0000,263.0000,39.0000,77.0000
745.0000,264.0000,39.0000,77.0000
746.0000,265.0000,39.0000,77.0000
746.0000,265.0000,39.0000,77.0000
746.0000,265.0000,39.0000,77.0000
747.0000,265.0000,39.0000,77.0000
747.0000,265.0000,39.0000,77.0000
748.0000,266.0000,39.0000,77.0000
749.0000,266.0000,39.0000,77.0000
749.0000,266.0000,39.0000,77.0000
750.0000,266.0000,39.0000,77.0000
751.0000,267.0000,39.0000,77.0000
752.0000,268.0000,39.0000,77.0000
753.0000,269.0000,39.0000,77.0000
753.0000,270.0000,39.0000,77.0000
754.0000,271.0000,39.0000,77.0000
754.0000,272.0000,39.0000,77.0000
755.0000,273.0000,39.0000,77.0000
756.0000,274.0000,39.0000,77.0000
756.0000,275.0000,39.0000,77.0000
756.0000,275.0000,39.0000,77.0000
757.0000,275.0000,39.0000,77.0000
758.0000,275.0000,39.0000,77.0000
759.0000,275.0000,39.0000,77.0000
760.0000,276.0000,39.0000,77.0000
761.0000,277.0000,39.0000,77.0000
762.0000,277.0000,39.0000,77.0000
763.0000,277.0000,39.0000,77.0000
764.0000,278.0000,39.0000,77.0000
765.0000,279.0000,39.0000,77.0000
766.0000,280.0000,39.0000,77.0000
767.0000,281.0000,39.0000,77.0000
768.0000,282.0000,39.0000,77.0000
769.0000,284.0000,39.0000,77.0000
769.0000,285.0000,39.0000,77.0000
769.0000,286.0000,39.0000,77.0000
770.0000,287.0000,39.0000,77.0000
770.0000,289.0000,39.0000,77.0000
770.0000,290.0000,39.0000,77.0000
770.0000,291.0000,39.0000,77.0000
771.0000,292.0000,39.0000,77.0000
771.0000,293.0000,39.0000,77.0000
772.0000,294.0000,39.0000,77.0000
772.0000,295.0000,39.0000,77.0000
772.0000,297.0000,39.0000,77.0000
773.0000,298.0000,39.0000,77.0000
773.0000,299.0000,39.0000,77.0000
773.0000,300.0000,39.0000,77.0000
774.0000,302.0000,39.0000,77.0000
774.0000,304.0000,39.0000,77.0000
775.0000,305.0000,39.0000,77.0000
776.0000,307.0000,39.0000,77.0000
777.0000,309.0000,39.0000,77.0000
777.0000,310.0000,39.0000,77.0000
778.0000,312.0000,39.0000,77.0000
778.0000,314.0000,39.0000,77.0000
779.0000,316.0000,39.0000,77.0000
780.0000,319.0000,39.0000,77.0000
780.0000,322.0000,39.0000,77.0000
780.0000,325.0000,39.0000,77.0000
780.0000,327.0000,39.0000,77.0000
780.0000,329.0000,39.0000,77.0000
780.0000,331.0000,39.0000,77.0000
780.0000,333.0000,39.0000,77.0000
780.0000,335.0000,39.0000,77.0000
781.0000,337.0000,39.0000,77.0000
781.0000,339.0000,39.0000,77.0000
781.0000,341.0000,39.0000,77.0000
781.0000,343.0000,39.0000,77.0000
781.0000,345.0000,39.0000,77.0000
781.0000,347.0000,39.0000,77.0000
781.0000,349.0000,39.0000,77.0000
780.0000,352.0000,39.0000,77.0000
780.0000,355.0000,39.0000,77.0000
780.0000,356.0000,39.0000,77.0000
780.0000,359.0000,39.0000,77.0000
780.0000,361.0000,39.0000,77.0000
781.0000,364.0000,39.0000,77.0000
782.0000,366.0000,39.0000,77.0000
782.0000,368.0000,39.0000,77.0000
783.0000,370.0000,39.0000,77.0000
782.0000,373.0000,39.0000,77.0000
783.0000,375.0000,39.0000,77.0000
784.0000,378.0000,39.0000,77.0000
785.0000,381.0000,39.0000,77.0000
786.0000,383.0000,39.0000,77.0000
786.0000,385.0000,39.0000,77.0000
787.0000,388.0000,39.0000,77.0000
787.0000,390.0000,39.0000,77.0000
788.0000,393.0000,39.0000,77.0000
788.0000,396.0000,39.0000,77.0000
788.0000,398.0000,39.0000,77.0000
788.0000,400.0000,39.0000,77.0000
787.0000,402.0000,39.0000,77.0000
786.0000,405.0000,39.0000,77.0000
788.0000,407.0000,39.0000,77.0000
789.0000,409.0000,39.0000,77.0000
790.0000,411.0000,39.0000,77.0000
791.0000,413.0000,39.0000,77.0000
792.0000,415.0000,39.0000,77.0000
793.0000,417.0000,39.0000,77.0000
2
0
0
0
0
0
2
0
0
0
0
0
2
0
0
0
0
0
2
0
0
0
0
0
2
0
0
0
0
0
2
0
0
0
0
0
2
0
0
0
0
0
2
0
0
0
0
0
2
0
0
0
0
0
2
0
0
0
0
0
2
0
0
0
0
0
2
0
0
0
0
0
2
0
0
0
0
0
2
0
0
0
0
0
2
0
0
0
0
0
2
0
0
0
0
0
2
0
0
0
0
0
2
0
0
0
0
0
2
0
0
0
0
0
2
0
0
0
0
0
2
0
0
0
0
0
2
0
0
0
0
0
2
0
0
0
0
0
2
0
0
0
0
0
2
0
0
0
0
0
2
0
0
0
0
0
2
0
0
0
0
0
2
0
0
0
0
0
2
0
0
0
0
0
2
0
0
0
0
0
2
0
0
0
0
0
2
0
0
0
0
0
2
0
0
0
0
0
2
0
0
0
0
0
2
0
0
0
0
0
2
0
0
0
0
0
2
0
0
0
0
0
2
0
0
0
0
0
2
0
0
0
0
0
2
0
0
0
0
0
2
0
0
0
0
0
2
0
0
0
0
0
2
0
0
0
0
0
2
0
0
0
0
0
2
0
0
0
0
0
2
0
0
0
0
0
2
0
0
0
0
0
2
0
0
0
0
0
2
0
0
0
0
0
2
0
0
0
0
0
2
0
0
0
0
0
