1
374.0000,279.5000,18.0000,11.0000
373.0000,279.0000,18.0000,11.0000
372.0000,279.5000,18.0000,11.0000
370.0000,279.0000,18.0000,11.0000
2
0
0
0
0
0
2
0
0
0
0
0
2
0
0
0
0
0
2
0
0
0
0
0
2
0
0
0
0
0
2
0
0
0
0
0
2
0
0
0
0
0
2
0
0
0
0
0
2
0
0
0
0
0
2
0
0
0
0
0
2
0
0
0
0
0
2
0
0
0
0
0
2
0
0
0
0
0
2
0
0
0
0
0
2
0
0
0
0
0
2
0
0
0
0
0
2
0
0
0
0
0
2
0
0
0
0
0
2
0
0
0
0
0
2
0
0
0
0
0
2
0
0
0
0
0
2
0
0
0
0
0
2
0
0
0
0
0
2
0
0
0
0
0
2
0
0
0
0
0
2
0
0
0
0
0
2
0
0
0
0
0
2
0
0
0
0
0
2
0
0
0
0
0
2
0
0
0
0
0
2
0
0
0
0
0
2
0
0
0
0
0
2
0
0
0
0
0
2
0
0
0
0
0
2
0
0
0
0
0
2
0
0
0
0
0
2
0
0
0
0
0
2
0
0
0
0
0
2
0
0
0
0
0
2
0
0
0
0
0
2
0
0
0
0
0
2
0
0
0
0
0
2
0
0
0
0
0
2
0
0
0
0
0
2
0
0
0
0
0
2
0
0
0
0
0
2
0
0
0
0
0
2
0
0
0
0
0
2
0
0
0
0
0
2
0
0
0
0
0
2
0
0
0
0
0
2
0
0
0
0
0
2
0
0
0
0
0
2
0
0
0
0
0
2
0
0
0
0
0
2
0
0
0
0
0
2
0
0
0
0
0
2
0
0
0
0
0
2
0
0
0
0
0
2
0
0
0
0
0
2
0
0
0
0
0
2
0
0
0
0
0
2
0
0
0
0
0
2
0
0
0
0
0
2
0
0
0
0
0
2
0
0
0
0
0
2
0
0
0
0
0
2
0
0
0
0
0
2
0
0
0
0
0
2
0
0
0
0
0
2
0
0
0
0
0
2
0
0
0
0
0
2
0
0
0
0
0
2
0
0
0
0
0
2
0
0
0
0
0
2
0
0
0
0
0
2
0
0
0
0
0
2
0
0
0
0
0
2
0
0
0
0
0
2
0
0
0
0
0
2
0
0
0
0
0
2
0
0
0
0
0
2
0
0
0
0
0
2
0
0
0
0
0
2
0
0
0
0
0
2
0
0
0
0
0
2
0
0
0
0
0
2
0
0
0
0
0
2
0
0
0
0
0
2
0
0
0
0
0
2
0
0
0
0
0
2
0
0
0
0
0
2
0
0
0
0
0
2
0
0
0
0
0
2
0
0
0
0
0
2
0
0
0
0
0
2
0
0
0
0
0
2
0
0
0
0
0
2
0
0
0
0
0
2
0
0
0
0
0
2
0
0
0
0
0
2
0
0
0
0
0
2
0
0
0
0
0
2
0
0
0
0
0
2
0
0
0
0
0
2
0
0
0
0
0
2
0
0
0
0
0
2
0
0
0
0
0
362.0000,305.5000,18.0000,11.0000
362.0000,305.0000,18.0000,11.0000
362.0000,305.5000,18.0000,11.0000
362.0000,305.0000,18.0000,11.0000
362.0000,304.5000,18.0000,11.0000
360.0000,304.0000,18.0000,11.0000
361.0000,303.5000,18.0000,11.0000
363.0000,303.0000,18.0000,11.0000
365.0000,302.5000,18.0000,11.0000
367.0000,302.0000,18.0000,11.0000
369.0000,301.5000,18.0000,11.0000
371.0000,301.0000,18.0000,11.0000
374.0000,300.5000,18.0000,11.0000
377.0000,300.0000,18.0000,11.0000
380.0000,300.5000,18.0000,11.0000
382.0000,301.0000,18.0000,11.0000
384.0000,301.5000,18.0000,11.0000
387.0000,302.0000,18.0000,11.0000
389.0000,302.5000,18.0000,11.0000
390.0000,304.0000,18.0000,11.0000
392.0000,304.5000,18.0000,11.0000
392.0000,306.0000,18.0000,11.0000
393.0000,307.5000,18.0000,11.0000
393.0000,309.0000,18.0000,11.0000
393.0000,310.5000,18.0000,11.0000
392.0000,312.0000,18.0000,11.0000
391.0000,313.5000,18.0000,11.0000
391.0000,315.0000,18.0000,11.0000
391.0000,314.5000,18.0000,11.0000
393.0000,312.0000,18.0000,11.0000
394.0000,311.5000,18.0000,11.0000
396.0000,311.0000,18.0000,11.0000
400.0000,309.5000,18.0000,11.0000
402.0000,310.0000,18.0000,11.0000
2
0
0
0
0
0
2
0
0
0
0
0
2
0
0
0
0
0
2
0
0
0
0
0
2
0
0
0
0
0
2
0
0
0
0
0
384.0000,310.5000,18.0000,11.0000
388.0000,309.0000,18.0000,11.0000
391.0000,312.5000,18.0000,11.0000
395.0000,309.0000,18.0000,11.0000
398.0000,307.5000,18.0000,11.0000
398.0000,306.0000,18.0000,11.0000
400.0000,304.5000,18.0000,11.0000
401.0000,302.0000,18.0000,11.0000
400.0000,301.5000,18.0000,11.0000
405.0000,302.0000,18.0000,11.0000
406.0000,300.5000,18.0000,11.0000
411.0000,297.0000,18.0000,11.0000
409.0000,299.5000,18.0000,11.0000
2
0
0
0
0
0
2
0
0
0
0
0
2
0
0
0
0
0
2
0
0
0
0
0
2
0
0
0
0
0
2
0
0
0
0
0
2
0
0
0
0
0
2
0
0
0
0
0
2
0
0
0
0
0
2
0
0
0
0
0
2
0
0
0
0
0
2
0
0
0
0
0
2
0
0
0
0
0
2
0
0
0
0
0
2
0
0
0
0
0
2
0
0
0
0
0
2
0
0
0
0
0
2
0
0
0
0
0
2
0
0
0
0
0
2
0
0
0
0
0
2
0
0
0
0
0
2
0
0
0
0
0
2
0
0
0
0
0
2
0
0
0
0
0
2
0
0
0
0
0
2
0
0
0
0
0
2
0
0
0
0
0
2
0
0
0
0
0
2
0
0
0
0
0
2
0
0
0
0
0
2
0
0
0
0
0
2
0
0
0
0
0
2
0
0
0
0
0
2
0
0
0
0
0
2
0
0
0
0
0
2
0
0
0
0
0
2
0
0
0
0
0
2
0
0
0
0
0
2
0
0
0
0
0
2
0
0
0
0
0
2
0
0
0
0
0
2
0
0
0
0
0
2
0
0
0
0
0
2
0
0
0
0
0
2
0
0
0
0
0
2
0
0
0
0
0
2
0
0
0
0
0
2
0
0
0
0
0
2
0
0
0
0
0
2
0
0
0
0
0
2
0
0
0
0
0
2
0
0
0
0
0
2
0
0
0
0
0
2
0
0
