1
690.3069,367.1791,35.3861,20.6419
690.2561,369.1494,35.4877,20.7012
689.2930,369.1709,35.4140,20.6581
688.1938,369.1130,35.6124,20.7739
686.2351,370.1371,35.5298,20.7257
685.3170,371.1849,35.3661,20.6302
683.4326,371.2523,35.1348,20.4953
682.5010,372.2922,34.9981,20.4156
681.5922,372.3454,34.8157,20.3092
680.6290,374.3669,34.7420,20.2662
679.6512,374.3799,34.6975,20.2402
678.6523,375.3805,34.6953,20.2389
676.7172,375.4184,34.5656,20.1633
676.7266,377.4238,34.5468,20.1523
674.8295,377.4839,34.3410,20.0322
673.8791,378.5128,34.2418,19.9744
672.9448,378.5511,34.1104,19.8977
672.0279,379.5996,33.9442,19.8008
670.0603,380.6185,33.8794,19.7630
667.9946,381.5802,34.0108,19.8396
667.0010,381.5839,33.9981,19.8322
667.0526,383.6140,33.8947,19.7719
666.0757,383.6275,33.8486,19.7450
664.0326,383.6024,33.9348,19.7953
663.1703,385.6827,33.6593,19.6346
662.1151,385.6505,33.7697,19.6990
661.1343,385.6617,33.7313,19.6766
660.0853,386.6331,33.8293,19.7338
658.1181,387.6522,33.7638,19.6956
657.1404,388.6652,33.7192,19.6696
656.0939,388.6381,33.8121,19.7237
655.0880,389.6346,33.8241,19.7307
654.0557,390.6158,33.8885,19.7683
653.0252,390.5981,33.9495,19.8039
652.0250,392.5979,33.9501,19.8042
651.0419,392.6078,33.9161,19.7844
650.0873,393.6342,33.8254,19.7315
650.0679,393.6230,33.8642,19.7541
649.1622,394.6780,33.6755,19.6441
648.1652,395.6797,33.6696,19.6406
648.1211,396.6540,33.7578,19.6920
647.0461,396.6103,33.9077,19.7795
646.0592,397.6179,33.8816,19.7643
646.0344,398.6034,33.9312,19.7932
645.0320,398.6020,33.9360,19.7960
646.0380,400.6055,33.9240,19.7890
645.0622,400.6196,33.8757,19.7608
644.0327,400.6024,33.9346,19.7952
644.0919,402.6369,33.8163,19.7262
643.0696,402.6239,33.8609,19.7522
643.0084,403.5882,33.9833,19.8236
643.0381,403.6056,33.9237,19.7888
643.0977,405.6404,33.8046,19.7193
643.0391,405.6061,33.9218,19.7877
642.0513,406.6133,33.8973,19.7734
642.0195,406.5947,33.9610,19.8106
643.0315,407.6017,33.9370,19.7966
642.0230,408.5968,33.9539,19.8065
643.0192,408.5945,33.9617,19.8110
644.0532,410.6143,33.8937,19.7713
643.9731,410.5677,34.0537,19.8646
644.0002,411.5835,33.9996,19.8331
643.9641,411.5624,34.0718,19.8752
644.9826,413.5732,34.0347,19.8536
645.9828,413.5733,34.0344,19.8534
646.9771,414.5700,34.0457,19.8600
646.9649,415.5628,34.0703,19.8743
647.9720,416.5670,34.0559,19.8659
648.9669,416.5640,34.0662,19.8720
649.9640,418.5623,34.0720,19.8754
649.9092,418.5304,34.1815,19.9392
649.8895,419.5189,34.2209,19.9622
650.8804,419.5136,34.2392,19.9728
651.8930,420.5209,34.2140,19.9582
652.9018,421.5261,34.1964,19.9479
651.8955,422.5224,34.2090,19.9552
651.8618,423.5027,34.2765,19.9946
651.8128,423.4741,34.3744,20.0517
652.8445,424.4927,34.3109,20.0147
651.8813,425.5141,34.2375,19.9718
651.8889,426.5185,34.2222,19.9629
651.9210,426.5372,34.1581,19.9256
650.9525,427.5556,34.0950,19.8887
650.9473,428.5526,34.1053,19.8948
650.9725,429.5673,34.0550,19.8654
649.9951,430.5804,34.0099,19.8391
649.9752,430.5688,34.0497,19.8623
649.0090,431.5886,33.9819,19.8228
648.0237,431.5972,33.9526,19.8057
648.0524,432.6139,33.8951,19.7721
646.9306,433.5429,34.1387,19.9143
646.9800,434.5717,34.0400,19.8567
645.0210,434.5956,33.9580,19.8089
645.0075,435.5877,33.9850,19.8246
644.0389,436.6060,33.9222,19.7879
643.0766,436.6280,33.8468,19.7440
642.0365,437.6046,33.9270,19.7908
640.0346,438.6035,33.9308,19.7929
640.0444,438.6093,33.9111,19.7815
638.0185,439.5941,33.9630,19.8117
637.0307,440.6013,33.9386,19.7975
636.0821,441.6312,33.8358,19.7376
635.1490,441.6702,33.7021,19.6595
633.1048,441.6445,33.7904,19.7111
632.0649,443.6212,33.8702,19.7576
631.1245,443.6559,33.7511,19.6882
630.1301,443.6593,33.7397,19.6815
629.1740,444.6848,33.6521,19.6304
627.0831,445.6318,33.8337,19.7363
626.0129,446.5909,33.9742,19.8183
625.0461,446.6103,33.9077,19.7795
624.0793,447.6296,33.8414,19.7408
622.0594,448.6180,33.8813,19.7641
622.1027,448.6432,33.7946,19.7135
620.1846,449.6910,33.6309,19.6180
619.2659,450.7385,33.4682,19.5231
618.3562,450.7911,33.2876,19.4178
616.3766,451.8030,33.2468,19.3940
616.3967,451.8148,33.2066,19.3705
614.4206,452.8287,33.1588,19.3426
613.4090,453.8219,33.1820,19.3562
612.4407,453.8404,33.1186,19.3192
610.4286,454.8334,33.1427,19.3332
610.4779,454.8621,33.0442,19.2758
608.4641,455.8540,33.0719,19.2919
607.4949,456.8720,33.0103,19.2560
606.5675,456.9144,32.8650,19.1713
605.5733,457.9178,32.8534,19.1645
604.6582,457.9673,32.6836,19.0654
602.6627,457.9699,32.6745,19.0601
601.5767,458.9198,32.8465,19.1605
600.6147,459.9419,32.7705,19.1161
599.6401,459.9567,32.7198,19.0865
598.6531,460.9643,32.6939,19.0714
596.6371,461.9550,32.7258,19.0900
596.6634,461.9703,32.6732,19.0594
594.6630,462.9701,32.6741,19.0599
594.7200,464.0034,32.5599,18.9933
592.7732,464.0344,32.4537,18.9313
591.7677,465.0312,32.4646,18.9377
590.8286,466.0667,32.3428,18.8666
589.8620,466.0862,32.2760,18.8277
588.8693,467.0904,32.2614,18.8191
587.9767,467.1531,32.0465,18.6938
586.9951,469.1638,32.0099,18.6725
586.1060,469.2285,31.7881,18.5431
584.1246,469.2393,31.7509,18.5213
584.1044,470.2275,31.7913,18.5449
582.1079,470.2296,31.7841,18.5407
581.0051,472.1696,31.9897,18.6607
580.0844,472.2159,31.8312,18.5682
579.1160,472.2343,31.7680,18.5313
578.0856,473.2166,31.8289,18.5669
577.1584,473.2591,31.6832,18.4819
576.0997,474.2249,31.8005,18.5503
575.1051,475.2280,31.7898,18.5440
573.1472,476.2525,31.7057,18.4950
573.1650,476.2629,31.6701,18.4742
571.1543,477.2567,31.6914,18.4867
571.1907,477.2779,31.6186,18.4442
569.2323,478.3022,31.5354,18.3957
569.2122,479.2904,31.5757,18.4192
568.2751,479.3272,31.4497,18.3456
567.2663,480.3220,31.4674,18.3560
565.2617,481.3193,31.4767,18.3614
565.2603,481.3185,31.4795,18.3630
564.2408,482.3072,31.5183,18.3857
563.2643,482.3208,31.4714,18.3583
563.2563,483.3162,31.4873,18.3676
561.3010,484.3422,31.3981,18.3155
561.3229,484.3550,31.3542,18.2899
560.3331,485.3610,31.3337,18.2780
559.4161,485.4094,31.1678,18.1812
559.4264,486.4154,31.1472,18.1692
557.4822,486.4480,31.0355,18.1040
557.4647,487.4377,31.0706,18.1245
556.5333,487.4778,30.9333,18.0445
556.5745,488.5018,30.8510,17.9964
555.6772,488.5617,30.6456,17.8766
554.6991,489.5745,30.6018,17.8510
554.7497,489.6040,30.5007,17.7920
553.8190,490.6444,30.3619,17.7111
553.9011,490.6923,30.1979,17.6154
552.9156,491.7008,30.1687,17.5984
551.9874,491.7426,30.0252,17.5147
552.0096,491.7556,29.9807,17.4887
550.9738,492.7347,30.0525,17.5306
551.0110,492.7564,29.9781,17.4872
550.0996,493.8081,29.8008,17.3838
549.1524,493.8389,29.6952,17.3222
549.1721,494.8504,29.6558,17.2992
548.2551,494.8988,29.4899,17.2024
548.2912,495.9199,29.4176,17.1603
547.3841,495.9741,29.2318,17.0519
546.4503,497.0126,29.0995,16.9747
546.5022,497.0429,28.9956,16.9141
546.6010,497.1006,28.7980,16.7988
545.6437,498.1255,28.7127,16.7491
545.7722,498.2004,28.4556,16.5991
544.7334,499.1778,28.5332,16.6444
543.8018,499.2177,28.3963,16.5645
543.8784,499.2624,28.2432,16.4752
542.8605,500.2520,28.2789,16.4960
542.9414,500.2992,28.1172,16.4017
541.9436,500.3004,28.1128,16.3991
540.9393,501.2979,28.1213,16.4041
541.0784,501.3791,27.8432,16.2419
540.1180,501.4022,27.7640,16.1957
540.1295,502.4089,27.7409,16.1822
539.1526,502.4223,27.6948,16.1553
539.1526,503.4223,27.6949,16.1553
538.1217,503.4043,27.7566,16.1913
537.1841,503.4407,27.6318,16.1185
537.2504,503.4794,27.4992,16.0412
536.2174,504.4602,27.5651,16.0797
536.2328,504.4691,27.5343,16.0617
535.2596,505.4848,27.4808,16.0305
535.2931,505.5043,27.4138,15.9914
534.3071,505.5125,27.3859,15.9751
534.3240,506.5223,27.3520,15.9553
533.3594,506.5430,27.2811,15.9140
532.4034,506.5687,27.1931,15.8626
532.4548,507.5986,27.0905,15.8028
531.4796,507.6131,27.0409,15.7739
531.4830,507.6151,27.0339,15.7698
530.4940,508.6215,27.0120,15.7570
529.5340,508.6448,26.9320,15.7103
529.5266,508.6405,26.9468,15.7190
529.5531,508.6560,26.8938,15.6881
528.4810,509.6139,27.0380,15.7722
527.5714,509.6666,26.8573,15.6668
527.5757,509.6692,26.8485,15.6616
526.5441,510.6507,26.9119,15.6986
526.6041,510.6857,26.7918,15.6285
525.5999,510.6833,26.8002,15.6335
525.5629,511.6617,26.8742,15.6766
524.5552,511.6572,26.8896,15.6856
523.5994,511.6830,26.8012,15.6340
523.6603,511.7185,26.6794,15.5630
522.6271,512.6992,26.7457,15.6017
522.6657,512.7217,26.6686,15.5567
521.6661,512.7219,26.6678,15.5562
521.6644,513.7209,26.6713,15.5583
520.6485,513.7116,26.7030,15.5767
520.6714,513.7250,26.6573,15.5501
519.6385,514.7058,26.7229,15.5884
519.6793,514.7296,26.6415,15.5409
518.6808,514.7305,26.6383,15.5390
518.7182,515.7523,26.5636,15.4955
517.7064,515.7454,26.5872,15.5092
517.7086,516.7466,26.5829,15.5067
516.7481,516.7698,26.5037,15.4605
516.8118,516.8069,26.3765,15.3863
516.8296,517.8173,26.3408,15.3654
515.8486,517.8283,26.3029,15.3433
515.8525,517.8306,26.2951,15.3388
515.8331,518.8193,26.3337,15.3613
514.7714,518.7833,26.4573,15.4334
514.8022,519.8013,26.3956,15.3974
513.8083,519.8049,26.3833,15.3902
513.8516,519.8301,26.2967,15.3397
513.8486,519.8284,26.3028,15.3433
512.8357,520.8208,26.3286,15.3584
512.8576,520.8336,26.2848,15.3328
511.8529,520.8309,26.2942,15.3383
511.8352,521.8205,26.3297,15.3590
511.8839,521.8489,26.2322,15.3021
510.8726,521.8423,26.2549,15.3153
510.8759,521.8442,26.2483,15.3115
510.8875,522.8510,26.2251,15.2980
509.8606,522.8353,26.2789,15.3293
509.8632,522.8369,26.2736,15.3263
509.8853,522.8498,26.2294,15.3005
508.8848,523.8494,26.2304,15.3011
508.9268,523.8740,26.1465,15.2521
508.9301,523.8759,26.1397,15.2481
507.9309,524.8763,26.1382,15.2473
507.9448,524.8845,26.1104,15.2311
507.9366,524.8797,26.1268,15.2407
506.9716,525.9001,26.0568,15.1998
507.0026,525.9182,25.9948,15.1636
507.0224,525.9297,25.9551,15.1405
506.0001,525.9167,25.9999,15.1666
506.0004,525.9169,25.9991,15.1662
505.9788,526.9043,26.0424,15.1914
504.9547,526.8903,26.0905,15.2195
504.9792,526.9045,26.0416,15.1909
504.0026,526.9182,25.9949,15.1637
504.0232,527.9302,25.9537,15.1396
504.0080,527.9213,25.9840,15.1573
503.0264,527.9321,25.9472,15.1359
503.0334,528.9362,25.9331,15.1276
503.0731,528.9593,25.8538,15.0814
502.0920,528.9703,25.8161,15.0594
502.0540,529.9482,25.8920,15.1037
502.0757,529.9609,25.8485,15.0783
501.1050,529.9779,25.7899,15.0441
501.0932,530.9710,25.8136,15.0580
501.0798,530.9633,25.8403,15.0735
500.0735,530.9596,25.8529,15.0809
500.0734,531.9595,25.8532,15.0811
499.1158,531.9842,25.7685,15.0316
499.1246,531.9894,25.7508,15.0213
499.1490,533.0036,25.7019,14.9928
498.1739,533.0181,25.6522,14.9638
498.1959,533.0309,25.6083,14.9382
498.2052,534.0364,25.5896,14.9273
498.2248,534.0478,25.5505,14.9044
497.2194,534.0447,25.5612,14.9107
497.1657,535.0133,25.6687,14.9734
497.1364,534.9962,25.7273,15.0076
496.0879,535.9680,25.8242,15.0641
496.1123,535.9822,25.7754,15.0356
496.1212,535.9874,25.7577,15.0253
495.0410,536.9406,25.9180,15.1188
494.0520,536.9470,25.8961,15.1060
494.0578,536.9504,25.8843,15.0992
494.0449,537.9429,25.9102,15.1143
494.0266,537.9321,25.9469,15.1357
493.0315,538.9351,25.9370,15.1299
493.0112,538.9232,25.9776,15.1536
493.0084,538.9216,25.9832,15.1569
491.9958,539.9142,26.0085,15.1716
491.9728,539.9008,26.0543,15.1984
491.9689,540.8985,26.0623,15.2030
490.9725,540.9006,26.0550,15.1988
490.9654,540.8965,26.0693,15.2071
490.9679,540.8979,26.0643,15.2042
489.9501,541.8875,26.0999,15.2249
489.9406,541.8820,26.1188,15.2360
489.9016,542.8593,26.1967,15.2814
488.8782,542.8456,26.2437,15.3088
488.8448,542.8261,26.3105,15.3478
488.8502,543.8293,26.2996,15.3414
488.8528,543.8307,26.2945,15.3385
487.8503,544.8293,26.2995,15.3414
487.8377,544.8220,26.3246,15.3560
486.8485,544.8283,26.3030,15.3434
486.8398,544.8232,26.3204,15.3536
485.8251,545.8146,26.3498,15.3707
485.8214,545.8124,26.3573,15.3751
485.8123,546.8072,26.3754,15.3857
485.7961,546.7977,26.4079,15.4046
485.7442,547.7675,26.5116,15.4651
484.7690,547.7819,26.4619,15.4361
484.7970,548.7983,26.4059,15.4035
484.7956,548.7974,26.4089,15.4052
483.8266,548.8156,26.3468,15.3689
483.8250,549.8146,26.3501,15.3709
482.8416,549.8243,26.3167,15.3514
482.8121,550.8071,26.3758,15.3859
482.8225,550.8131,26.3551,15.3738
482.7795,551.7880,26.4411,15.4239
481.8339,551.8198,26.3322,15.3604
481.8226,552.8132,26.3548,15.3736
480.8341,552.8199,26.3318,15.3602
480.8192,552.8112,26.3617,15.3777
480.7743,553.7850,26.4515,15.4300
479.8041,553.8024,26.3918,15.3952
479.7656,554.7799,26.4689,15.4402
478.7553,554.7739,26.4893,15.4521
478.7267,555.7573,26.5465,15.4855
478.7214,555.7542,26.5572,15.4917
478.7332,556.7610,26.5336,15.4779
477.7696,556.7823,26.4608,15.4354
477.7204,557.7535,26.5592,15.4929
477.7046,557.7443,26.5909,15.5114
476.6657,558.7216,26.6686,15.5567
476.6642,558.7208,26.6716,15.5584
475.6194,559.6946,26.7613,15.6108
475.6015,559.6842,26.7970,15.6316
475.5703,560.6660,26.8594,15.6680
475.5943,560.6800,26.8114,15.6400
475.5979,560.6821,26.8042,15.6358
475.5865,561.6755,26.8270,15.6491
475.5867,561.6756,26.8265,15.6488
476.5635,561.6620,26.8729,15.6759
476.5570,561.6583,26.8859,15.6835
477.5392,562.6479,26.9216,15.7043
478.5444,562.6509,26.9113,15.6982
479.5666,563.6638,26.8669,15.6724
480.5818,563.6727,26.8365,15.6546
481.6618,563.7194,26.6764,15.5612
483.5750,563.6687,26.8501,15.6626
484.5676,563.6644,26.8649,15.6712
486.5439,563.6506,26.9122,15.6988
487.5688,563.6651,26.8624,15.6697
489.5258,563.6400,26.9485,15.7200
491.6054,563.6865,26.7892,15.6271
494.6310,562.7015,26.7379,15.5971
496.5836,562.6738,26.8328,15.6524
498.5977,562.6820,26.8045,15.6359
501.5867,562.6756,26.8265,15.6488
504.6816,562.7310,26.6368,15.5381
507.4438,562.5922,27.1125,15.8156
510.3781,561.5539,27.2439,15.8923
513.3696,561.5489,27.2609,15.9022
516.3364,561.5296,27.3272,15.9409
519.3621,561.5446,27.2758,15.9109
523.3872,560.5592,27.2256,15.8816
525.4167,560.5764,27.1665,15.8471
528.4434,560.5920,27.1133,15.8161
530.4684,560.6066,27.0631,15.7868
533.4483,560.5948,27.1034,15.8103
537.3937,560.5630,27.2125,15.8739
539.4635,560.6037,27.0730,15.7926
541.5127,560.6324,26.9746,15.7352
544.5238,560.6389,26.9524,15.7222
546.5939,560.6797,26.8122,15.6404
548.6189,560.6943,26.7623,15.6113
550.7319,560.7603,26.5363,15.4795
552.8468,560.8273,26.3064,15.3454
553.8573,560.8334,26.2854,15.3331
554.8677,561.8395,26.2646,15.3210
555.9741,561.9016,26.0517,15.1968
556.9616,561.8943,26.0768,15.2115
557.9586,562.8925,26.0829,15.2150
557.9315,563.8767,26.1370,15.2466
557.9224,563.8714,26.1553,15.2573
557.9053,563.8615,26.1893,15.2771
557.9043,564.8608,26.1914,15.2783
557.8727,564.8424,26.2547,15.3152
557.8582,565.8339,26.2837,15.3321
557.8281,565.8164,26.3438,15.3672
557.8791,566.8461,26.2418,15.3077
556.8993,566.8579,26.2014,15.2842
556.9014,567.8591,26.1972,15.2817
556.8738,567.8430,26.2525,15.3140
556.8572,568.8333,26.2857,15.3333
556.8339,568.8198,26.3323,15.3605
555.8363,569.8212,26.3274,15.3577
555.8224,569.8130,26.3552,15.3739
555.8152,570.8088,26.3696,15.3823
555.7900,570.7942,26.4199,15.4116
554.7850,571.7913,26.4300,15.4175
554.8121,571.8071,26.3757,15.3858
554.8394,572.8229,26.3213,15.3541
554.8303,573.8177,26.3393,15.3646
554.8070,573.8041,26.3860,15.3918
554.8060,574.8035,26.3881,15.3931
553.8294,574.8171,26.3412,15.3657
553.8649,576.8378,26.2703,15.3244
553.8380,576.8221,26.3240,15.3557
553.8492,576.8287,26.3015,15.3425
552.8382,577.8223,26.3236,15.3554
552.7875,578.7927,26.4251,15.4146
552.7770,578.7866,26.4460,15.4268
552.7664,578.7804,26.4672,15.4392
551.7261,579.7568,26.5479,15.4863
551.7496,580.7706,26.5009,15.4588
551.7386,580.7642,26.5227,15.4716
550.7104,581.7477,26.5792,15.5045
550.7136,582.7496,26.5729,15.5009
550.7035,582.7437,26.5930,15.5126
549.7070,584.7458,26.5859,15.5085
549.6983,584.7407,26.6034,15.5187
549.6873,585.7343,26.6253,15.5314
548.6477,585.7112,26.7046,15.5777
548.6262,586.6986,26.7477,15.6028
548.6156,587.6924,26.7688,15.6151
548.6013,587.6841,26.7975,15.6319
547.4988,588.6243,27.0023,15.7513
547.4875,589.6177,27.0250,15.7646
547.4963,590.6228,27.0075,15.7544
546.5085,591.6299,26.9829,15.7401
546.4937,592.6213,27.0127,15.7574
546.5079,592.6296,26.9842,15.7408
545.5304,594.6428,26.9392,15.7145
545.5330,594.6442,26.9341,15.7115
544.4670,595.6057,27.0661,15.7885
544.4863,596.6170,27.0274,15.7660
544.4860,597.6168,27.0280,15.7663
543.5069,597.6290,26.9862,15.7420
543.5083,598.6298,26.9834,15.7403
542.4924,599.6206,27.0152,15.7588
542.4727,600.6091,27.0546,15.7818
541.4850,601.6163,27.0298,15.7674
541.5014,602.6258,26.9972,15.7484
541.4869,603.6174,27.0261,15.7652
540.5001,604.6251,26.9997,15.7498
540.4905,605.6194,27.0190,15.7611
540.5113,606.6316,26.9774,15.7368
539.4716,607.6085,27.0568,15.7831
539.4716,608.6084,27.0569,15.7832
538.4616,609.6026,27.0768,15.7948
538.4571,610.6000,27.0858,15.8000
537.4486,611.5950,27.1028,15.8100
537.4516,612.5968,27.0968,15.8064
537.4780,613.6122,27.0440,15.7757
536.4172,615.5767,27.1656,15.8466
536.4084,615.5715,27.1833,15.8569
535.3566,617.5414,27.2868,15.9173
535.3547,618.5403,27.2905,15.9195
534.3157,619.5175,27.3687,15.9651
534.3005,621.5086,27.3990,15.9828
534.2710,622.4915,27.4580,16.0172
533.2394,623.4730,27.5213,16.0541
533.2228,624.4633,27.5545,16.0734
532.1998,625.4498,27.6005,16.1003
532.1835,627.4404,27.6329,16.1192
531.1653,628.4297,27.6693,16.1404
531.1524,629.4222,27.6952,16.1556
530.1397,630.4148,27.7206,16.1704
530.1108,632.3979,27.7785,16.2041
529.1141,634.3999,27.7718,16.2002
529.0848,635.3828,27.8305,16.2345
528.0659,636.3718,27.8681,16.2564
528.0568,638.3665,27.8864,16.2670
527.0290,639.3503,27.9420,16.2995
527.0271,641.3491,27.9459,16.3018
525.9926,643.3290,28.0149,16.3420
525.9360,644.2960,28.1279,16.4079
524.8660,645.2551,28.2680,16.4897
524.8173,647.2267,28.3654,16.5465
523.8050,649.2196,28.3900,16.5608
523.7998,650.2166,28.4003,16.5669
522.8023,652.2180,28.3954,16.5640
522.8124,653.2239,28.3753,16.5523
521.8408,655.2405,28.3184,16.5191
521.8526,657.2473,28.2948,16.5053
520.8265,658.2321,28.3471,16.5358
520.8467,660.2439,28.3067,16.5122
519.7843,661.2075,28.4314,16.5850
519.8054,663.2198,28.3892,16.5604
518.7068,665.1623,28.5864,16.6754
518.7191,667.1695,28.5618,16.6610
517.6855,668.1499,28.6290,16.7002
517.7973,670.2151,28.4054,16.5698
516.7875,672.2094,28.4250,16.5813
516.7861,674.2086,28.4279,16.5829
515.7424,676.1830,28.5152,16.6339
514.6449,677.1262,28.7102,16.7476
514.6747,679.1436,28.6505,16.7128
514.6656,681.1382,28.6688,16.7235
512.5935,683.0963,28.8130,16.8076
512.5572,684.0751,28.8856,16.8499
512.5733,686.0844,28.8534,16.8311
511.5310,688.0598,28.9379,16.8805
510.5388,690.0643,28.9225,16.8714
510.5411,692.0657,28.9177,16.8687
509.5070,694.0457,28.9860,16.9085
508.4644,695.0209,29.0713,16.9582
508.4773,697.0284,29.0454,16.9432
507.5025,699.0432,28.9950,16.9137
507.5165,701.0513,28.9670,16.8974
505.3103,701.9310,29.3794,17.1380
505.3530,703.9559,29.2940,17.0882
505.3556,705.9575,29.2888,17.0851
504.3164,707.9346,29.3671,17.1308
504.3456,709.9516,29.3087,17.0968
502.3866,711.9755,29.2269,17.0490
502.4402,713.0068,29.1197,16.9865
501.3799,712.9716,29.2402,17.0568
501.3572,712.9584,29.2857,17.0833
498.4340,699.0032,29.1320,16.9937
497.4443,701.0092,29.1114,16.9816
496.3734,701.9678,29.2532,17.0644
496.4394,704.0063,29.1212,16.9874
495.3806,705.9720,29.2389,17.0560
494.3792,707.9712,29.2415,17.0576
493.2724,709.9089,29.4552,17.1822
2
0
0
0
0
0
2
0
0
0
0
0
487.2618,709.9027,29.4764,17.1946
487.2085,706.8716,29.5830,17.2568
487.2082,705.8714,29.5837,17.2571
487.2333,703.8861,29.5333,17.2278
487.2959,701.9226,29.4083,17.1548
488.3022,698.9263,29.3955,17.1474
490.2603,693.9019,29.4794,17.1963
490.2815,687.9142,29.4370,17.1716
491.4313,683.0016,29.1374,16.9968
493.5171,678.0516,28.9658,16.8967
494.4627,673.0200,29.0745,16.9601
498.4615,687.0192,29.0769,16.9615
499.4724,682.0256,29.0553,16.9489
500.5589,677.0760,28.8822,16.8480
501.6648,672.1378,28.6705,16.7244
503.7178,667.1688,28.5643,16.6625
504.6746,662.1435,28.6508,16.7130
504.6593,658.1346,28.6814,16.7308
506.7453,655.1848,28.5094,16.6305
506.7691,652.1987,28.4617,16.6027
508.9364,650.2963,28.1272,16.4075
509.1173,647.4017,27.7655,16.1965
510.1857,645.4417,27.6287,16.1167
511.2535,644.4812,27.4929,16.0376
511.2893,643.5021,27.4214,15.9958
512.3109,644.5147,27.3781,15.9706
512.3865,646.5588,27.2269,15.8824
513.4934,648.6212,27.0132,15.7577
513.5269,650.6407,26.9463,15.7187
514.5226,652.6382,26.9548,15.7237
514.4830,653.6151,27.0341,15.7699
514.4965,655.6229,27.0070,15.7541
514.5013,657.6258,26.9974,15.7485
514.4836,658.6155,27.0327,15.7691
514.4690,660.6069,27.0621,15.7862
514.4391,661.5895,27.1217,15.8210
514.4436,663.5921,27.1128,15.8158
514.4332,665.5860,27.1337,15.8280
514.3760,666.5527,27.2479,15.8946
514.3287,668.5251,27.3425,15.9498
514.2279,668.4663,27.5441,16.0674
514.1025,670.3931,27.7949,16.2137
513.0555,671.3657,27.8891,16.2686
513.0864,673.3837,27.8271,16.2325
513.0117,674.3401,27.9767,16.3197
513.0333,675.3528,27.9334,16.2945
513.0244,677.3475,27.9512,16.3049
512.9282,678.2914,28.1436,16.4171
511.8515,679.2467,28.2970,16.5066
511.8448,680.2428,28.3104,16.5144
511.7715,681.2000,28.4570,16.5999
511.7339,682.1782,28.5321,16.6437
511.6101,682.1059,28.7797,16.7882
511.5958,683.0976,28.8083,16.8049
511.6369,684.1215,28.7262,16.7569
511.6541,684.1315,28.6919,16.7369
511.6437,684.1255,28.7126,16.7490
511.6566,684.1330,28.6869,16.7340
511.6614,684.1358,28.6773,16.7284
512.6736,684.1429,28.6528,16.7141
512.6551,684.1321,28.6898,16.7357
512.6969,684.1565,28.6062,16.6870
513.6917,683.1535,28.6166,16.6930
513.6221,682.1129,28.7559,16.7743
513.5690,681.0819,28.8620,16.8362
513.6407,679.1238,28.7185,16.7525
513.5721,676.0837,28.8559,16.8326
512.5049,673.0445,28.9903,16.9110
512.5576,671.0753,28.8849,16.8495
512.5555,667.0740,28.8890,16.8519
512.4997,664.0415,29.0006,16.9170
512.4844,658.0325,29.0313,16.9349
512.5150,654.0504,28.9701,16.8992
511.3146,650.9335,29.3708,17.1330
511.3466,648.9522,29.3067,17.0956
511.3188,645.9360,29.3625,17.1281
510.2773,642.9118,29.4453,17.1764
510.3094,640.9305,29.3813,17.1391
510.2619,638.9028,29.4761,17.1944
510.2902,636.9193,29.4196,17.1614
510.3524,633.9556,29.2951,17.0888
510.3927,630.9791,29.2146,17.0418
511.3898,627.9774,29.2205,17.0453
511.3318,624.9436,29.3363,17.1128
511.3669,622.9640,29.2663,17.0720
512.4222,620.9963,29.1555,17.0074
512.4962,619.0394,29.0077,16.9212
512.5222,617.0546,28.9556,16.8907
513.5580,615.0755,28.8840,16.8490
513.5732,613.0844,28.8535,16.8312
513.5969,611.0981,28.8063,16.8037
513.6293,608.1171,28.7415,16.7658
513.6516,606.1301,28.6967,16.7398
514.6841,603.1491,28.6317,16.7018
514.7714,600.2000,28.4572,16.6001
513.7089,598.1636,28.5821,16.6729
513.6754,595.1439,28.6494,16.7121
513.7373,593.1801,28.5254,16.6398
512.7101,590.1642,28.5798,16.6715
512.7116,588.1651,28.5767,16.6698
512.6915,586.1534,28.6170,16.6932
511.6267,583.1156,28.7466,16.7688
511.6042,581.1024,28.7916,16.7951
510.5400,579.0650,28.9199,16.8700
510.5203,577.0535,28.9594,16.8930
510.4992,575.0412,29.0017,16.9176
510.4984,573.0407,29.0033,16.9186
509.5249,570.0562,28.9503,16.8877
509.5730,568.0843,28.8539,16.8314
509.6168,566.1098,28.7665,16.7804
509.6286,564.1166,28.7429,16.7667
509.6326,562.1190,28.7348,16.7620
509.6395,560.1230,28.7211,16.7540
509.6441,558.1257,28.7118,16.7485
508.6719,557.1420,28.6561,16.7161
508.6956,555.1558,28.6088,16.6885
508.6918,553.1535,28.6165,16.6929
508.7144,552.1667,28.5711,16.6665
508.6856,550.1499,28.6288,16.7002
507.6963,549.1562,28.6073,16.6876
507.7618,548.1944,28.4764,16.6112
507.7611,546.1940,28.4777,16.6120
506.7626,544.1948,28.4749,16.6103
506.7525,543.1890,28.4949,16.6220
505.7467,542.1855,28.5066,16.6289
505.7559,541.1910,28.4882,16.6181
504.7947,539.2136,28.4105,16.5728
504.7588,539.1926,28.4825,16.6148
503.7213,537.1707,28.5575,16.6585
503.6910,537.1531,28.6180,16.6938
502.6916,535.1534,28.6169,16.6932
501.7190,534.1694,28.5620,16.6612
501.7579,533.1921,28.4841,16.6157
500.8122,532.2238,28.3756,16.5524
500.8403,531.2402,28.3195,16.5197
499.8407,530.2404,28.3186,16.5192
499.8318,529.2352,28.3364,16.5296
498.8116,528.2234,28.3768,16.5531
498.8016,527.2177,28.3967,16.5647
498.8060,526.2202,28.3880,16.5597
497.8114,525.2233,28.3773,16.5534
497.8143,523.2250,28.3714,16.5500
496.8097,523.2224,28.3806,16.5553
496.8585,521.2508,28.2830,16.4984
495.8597,521.2515,28.2806,16.4970
495.8471,519.2441,28.3057,16.5117
494.8681,518.2564,28.2638,16.4872
494.9136,517.2830,28.1728,16.4341
494.9341,516.2949,28.1318,16.4102
494.9500,515.3042,28.1000,16.3916
493.9966,514.3314,28.0068,16.3373
494.0027,513.3349,27.9946,16.3302
493.9909,512.3281,28.0182,16.3439
492.9730,511.3176,28.0541,16.3649
492.9787,510.3209,28.0426,16.3582
492.0182,509.3440,27.9635,16.3121
492.0500,508.3625,27.9001,16.2750
492.0324,507.3522,27.9353,16.2956
491.0267,506.3489,27.9466,16.3022
491.0755,505.3774,27.8490,16.2452
491.0772,504.3784,27.8456,16.2433
490.1044,503.3942,27.7912,16.2115
490.0934,502.3878,27.8131,16.2243
490.1026,501.3932,27.7949,16.2137
489.1069,500.3957,27.7862,16.2086
489.1262,499.4070,27.7476,16.1861
489.1500,498.4208,27.7001,16.1584
488.1717,497.4335,27.6565,16.1330
488.1741,496.4349,27.6517,16.1302
488.1889,495.4435,27.6223,16.1130
488.2007,495.4504,27.5987,16.0992
487.1440,493.4173,27.7121,16.1654
487.1715,493.4334,27.6570,16.1333
487.1748,491.4353,27.6503,16.1294
487.1711,491.4332,27.6577,16.1337
486.2063,490.4537,27.5874,16.0926
486.2134,489.4579,27.5731,16.0843
486.2468,488.4773,27.5064,16.0454
485.2764,488.4946,27.4472,16.0109
485.2533,486.4811,27.4935,16.0379
485.3049,486.5112,27.3901,15.9776
485.3495,485.5372,27.3010,15.9256
485.4036,485.5688,27.1928,15.8625
485.4310,484.5847,27.1381,15.8305
484.4902,483.6193,27.0196,15.7614
484.5694,483.6655,26.8611,15.6690
484.6509,481.7130,26.6982,15.5739
484.6857,481.7333,26.6286,15.5333
484.6839,480.7323,26.6322,15.5355
484.6811,480.7306,26.6378,15.5387
483.6220,479.6962,26.7559,15.6076
483.6188,478.6943,26.7623,15.6114
483.5949,477.6804,26.8102,15.6393
483.6106,477.6895,26.7789,15.6210
483.6257,476.6983,26.7486,15.6034
483.6244,475.6975,26.7513,15.6049
483.6323,474.7022,26.7354,15.5957
483.6053,474.6864,26.7894,15.6271
482.5425,473.6498,26.9150,15.7004
482.5280,472.6413,26.9441,15.7174
482.5760,472.6693,26.8481,15.6614
482.5192,471.6362,26.9616,15.7276
482.5449,470.6512,26.9102,15.6976
481.4998,470.6249,27.0003,15.7502
481.5254,469.6398,26.9493,15.7204
481.5886,468.6767,26.8229,15.6467
481.5908,468.6779,26.8184,15.6441
481.5686,467.6650,26.8629,15.6700
481.5597,467.6598,26.8807,15.6804
481.4905,465.6195,27.0189,15.7610
481.4663,465.6053,27.0673,15.7893
480.4709,464.6081,27.0581,15.7839
480.5177,464.6353,26.9647,15.7294
480.5108,463.6313,26.9784,15.7374
480.5694,462.6655,26.8612,15.6690
480.5821,462.6729,26.8358,15.6542
479.5572,461.6584,26.8856,15.6832
479.5420,460.6495,26.9159,15.7010
479.5773,459.6701,26.8453,15.6598
479.6256,459.6983,26.7487,15.6034
479.6490,458.7119,26.7020,15.5762
479.6854,457.7332,26.6291,15.5337
479.6783,457.7290,26.6433,15.5419
479.6612,456.7190,26.6776,15.5620
479.6122,456.6905,26.7756,15.6191
478.5546,455.6569,26.8908,15.6863
478.5628,454.6617,26.8743,15.6767
478.5750,454.6687,26.8501,15.6625
477.5517,453.6552,26.8966,15.6897
477.6178,453.6937,26.7643,15.6125
477.5821,452.6729,26.8359,15.6543
477.5863,451.6753,26.8275,15.6494
477.5688,451.6652,26.8623,15.6697
477.5591,450.6595,26.8818,15.6811
476.5498,450.6540,26.9005,15.6919
476.5889,449.6769,26.8222,15.6463
476.5999,449.6833,26.8001,15.6334
476.5599,448.6599,26.8802,15.6801
476.5737,448.6680,26.8525,15.6640
476.6095,447.6889,26.7810,15.6223
476.6344,447.7034,26.7312,15.5932
475.5766,446.6696,26.8469,15.6607
475.6142,445.6916,26.7716,15.6168
475.6741,445.7266,26.6518,15.5469
475.6741,444.7266,26.6517,15.5468
475.6757,444.7275,26.6486,15.5450
475.6538,443.7147,26.6924,15.5706
475.6451,442.7097,26.7098,15.5807
475.6414,442.7075,26.7172,15.5850
474.6098,442.6891,26.7804,15.6219
474.6019,441.6844,26.7963,15.6312
474.5973,440.6818,26.8054,15.6365
474.5940,440.6798,26.8120,15.6403
473.6333,439.7028,26.7334,15.5945
473.6742,439.7266,26.6516,15.5467
473.7163,438.7512,26.5674,15.4977
473.7389,437.7643,26.5222,15.4713
473.7645,437.7793,26.4709,15.4414
473.8096,436.8056,26.3808,15.3888
473.8380,436.8222,26.3240,15.3556
472.7824,435.7897,26.4353,15.4206
472.8274,435.8160,26.3453,15.3681
472.8875,434.8510,26.2250,15.2979
472.9156,434.8675,26.1687,15.2651
471.9109,433.8647,26.1783,15.2707
471.9286,433.8750,26.1428,15.2499
471.9410,433.8822,26.1180,15.2355
471.9619,432.8944,26.0763,15.2112
471.9605,432.8936,26.0789,15.2127
470.9717,432.9002,26.0565,15.1996
470.9847,431.9077,26.0306,15.1845
470.9632,431.8952,26.0737,15.2097
470.9299,431.8758,26.1402,15.2485
470.9102,431.8643,26.1797,15.2715
470.9055,430.8615,26.1890,15.2769
470.8862,430.8503,26.2277,15.2995
470.8466,429.8272,26.3068,15.3456
469.8201,429.8117,26.3598,15.3765
469.8383,429.8223,26.3234,15.3553
469.8488,429.8285,26.3023,15.3430
469.8215,428.8126,26.3569,15.3749
468.7603,428.7769,26.4794,15.4463
468.8090,428.8053,26.3819,15.3895
468.8455,428.8265,26.3091,15.3470
468.8361,428.8211,26.3278,15.3579
468.8568,428.8331,26.2864,15.3338
468.8521,427.8304,26.2958,15.3392
468.8066,427.8039,26.3867,15.3923
467.8042,426.8024,26.3916,15.3951
467.8371,426.8216,26.3258,15.3567
467.8722,426.8421,26.2556,15.3158
467.9401,426.8817,26.1198,15.2365
467.9781,426.9039,26.0438,15.1922
468.0005,426.9170,25.9990,15.1661
468.0155,425.9257,25.9689,15.1485
467.0259,425.9318,25.9481,15.1364
467.0615,425.9525,25.8770,15.0949
467.0733,424.9594,25.8534,15.0811
467.0661,424.9552,25.8677,15.0895
467.0960,424.9727,25.8080,15.0547
467.1176,424.9853,25.7647,15.0294
467.0788,424.9626,25.8424,15.0747
466.0519,424.9470,25.8961,15.1061
466.0571,424.9500,25.8857,15.1000
466.0323,423.9355,25.9355,15.1290
466.0107,423.9229,25.9786,15.1542
465.9916,423.9118,26.0167,15.1764
466.0101,422.9226,25.9797,15.1548
466.0043,422.9192,25.9913,15.1616
466.0155,422.9257,25.9689,15.1485
465.0330,422.9359,25.9340,15.1282
465.0441,421.9424,25.9118,15.1152
465.0508,421.9463,25.8985,15.1074
465.0247,421.9311,25.9507,15.1379
465.0020,421.9178,25.9961,15.1644
465.0176,421.9269,25.9648,15.1462
464.9602,420.8935,26.0796,15.2131
463.9623,420.8947,26.0755,15.2107
463.9847,420.9077,26.0306,15.1845
464.0011,420.9173,25.9978,15.1654
464.0229,420.9300,25.9543,15.1400
464.0103,420.9227,25.9794,15.1546
463.9922,420.9121,26.0157,15.1758
463.9590,420.8927,26.0821,15.2145
462.8924,419.8539,26.2153,15.2922
462.9081,419.8630,26.1838,15.2739
462.9106,419.8645,26.1787,15.2709
462.9232,419.8719,26.1536,15.2562
462.9620,419.8945,26.0759,15.2109
461.9413,418.8824,26.1175,15.2352
461.9949,418.9137,26.0103,15.1727
462.0319,418.9352,25.9363,15.1295
462.0250,418.9313,25.9500,15.1375
462.0143,418.9250,25.9714,15.1500
462.0039,417.9190,25.9921,15.1621
462.0598,417.9516,25.8803,15.0968
462.0600,417.9517,25.8799,15.0966
462.1013,417.9758,25.7973,15.0484
462.1777,418.0203,25.6447,14.9594
462.1640,418.0123,25.6720,14.9754
462.1423,416.9997,25.7154,15.0007
462.1541,417.0065,25.6919,14.9869
462.1627,417.0116,25.6747,14.9769
462.0984,416.9741,25.8031,15.0518
462.0558,416.9492,25.8883,15.1015
461.0293,415.9337,25.9415,15.1325
461.0432,415.9419,25.9135,15.1162
461.0654,415.9548,25.8692,15.0904
461.0545,415.9485,25.8910,15.1031
461.0407,415.9404,25.9186,15.1192
461.0120,414.9237,25.9760,15.1526
461.0409,414.9405,25.9183,15.1190
460.0090,414.9219,25.9820,15.1562
460.0564,414.9496,25.8871,15.1008
460.0457,413.9433,25.9087,15.1134
460.0626,413.9532,25.8749,15.0937
460.0834,413.9653,25.8332,15.0694
460.0696,413.9573,25.8607,15.0854
460.0717,413.9585,25.8567,15.0831
460.0781,413.9622,25.8439,15.0756
460.0167,413.9264,25.9666,15.1472
460.0004,412.9169,25.9991,15.1662
460.0019,412.9178,25.9963,15.1645
458.9769,412.9032,26.0461,15.1936
458.9834,412.9070,26.0332,15.1860
459.0033,412.9186,25.9934,15.1628
459.0191,412.9278,25.9618,15.1444
459.0455,411.9432,25.9089,15.1136
459.0759,411.9609,25.8483,15.0782
459.0757,411.9608,25.8486,15.0784
459.1137,411.9830,25.7726,15.0340
459.1180,411.9855,25.7639,15.0289
459.1091,410.9803,25.7818,15.0394
459.1190,410.9861,25.7620,15.0278
459.1640,411.0124,25.6719,14.9753
459.1776,411.0202,25.6449,14.9595
459.1805,411.0220,25.6390,14.9561
458.1510,410.0048,25.6980,14.9905
458.1836,410.0238,25.6327,14.9524
458.1647,410.0128,25.6705,14.9745
458.1456,410.0016,25.7088,14.9968
458.1277,409.9911,25.7446,15.0177
458.0372,408.9384,25.9256,15.1232
458.0470,408.9441,25.9060,15.1118
458.0234,408.9303,25.9532,15.1394
458.0339,408.9365,25.9321,15.1271
458.0161,408.9260,25.9679,15.1479
458.0261,407.9319,25.9478,15.1362
458.0437,407.9422,25.9125,15.1157
458.0997,407.9748,25.8006,15.0504
458.1201,407.9868,25.7597,15.0265
458.1213,407.9874,25.7574,15.0251
458.1211,407.9873,25.7578,15.0254
457.0902,406.9693,25.8196,15.0614
457.1123,406.9821,25.7755,15.0357
457.1299,406.9924,25.7402,15.0151
457.1387,406.9976,25.7225,15.0048
457.1521,407.0054,25.6958,14.9892
457.1335,406.9945,25.7331,15.0110
457.1096,405.9806,25.7808,15.0388
457.0825,405.9648,25.8351,15.0704
457.0797,405.9631,25.8407,15.0737
457.0501,405.9459,25.8998,15.1082
457.0527,405.9474,25.8945,15.1051
457.0547,404.9486,25.8906,15.1029
456.0697,404.9573,25.8606,15.0853
456.1060,404.9785,25.7879,15.0429
456.1128,404.9825,25.7744,15.0350
456.0963,403.9728,25.8075,15.0544
456.0884,403.9683,25.8231,15.0635
456.0636,403.9538,25.8727,15.0924
456.0530,403.9476,25.8940,15.1048
456.0337,403.9363,25.9326,15.1273
456.0218,402.9294,25.9564,15.1412
456.0591,402.9511,25.8819,15.0978
456.0983,402.9740,25.8034,15.0520
456.1015,402.9759,25.7970,15.0483
456.0899,402.9691,25.8201,15.0617
455.0410,401.9406,25.9181,15.1189
455.0730,401.9593,25.8540,15.0815
455.0639,401.9539,25.8723,15.0922
455.0822,401.9646,25.8357,15.0708
455.0900,401.9691,25.8201,15.0617
455.0946,401.9719,25.8108,15.0563
455.0632,401.9535,25.8736,15.0930
454.9901,400.9109,26.0199,15.1783
454.9940,400.9131,26.0120,15.1737
454.9828,400.9066,26.0344,15.1867
454.9732,400.9011,26.0535,15.1979
454.8750,399.8438,26.2500,15.3125
453.8775,399.8452,26.2450,15.3096
453.8700,399.8408,26.2601,15.3184
453.8883,399.8515,26.2234,15.2970
453.8987,399.8576,26.2026,15.2849
453.8871,398.8508,26.2258,15.2984
453.9087,398.8634,26.1827,15.2732
453.9230,398.8717,26.1541,15.2565
453.9250,398.8729,26.1501,15.2542
453.9079,398.8630,26.1841,15.2741
453.8807,397.8471,26.2385,15.3058
453.8497,397.8290,26.3006,15.3420
453.8373,397.8218,26.3254,15.3565
452.8200,397.8117,26.3599,15.3766
452.8031,397.8018,26.3939,15.3964
452.7544,396.7734,26.4911,15.4532
452.7942,396.7966,26.4117,15.4068
452.7976,396.7986,26.4047,15.4027
452.7824,396.7897,26.4353,15.4206
452.7601,396.7767,26.4798,15.4465
452.6951,396.7388,26.6099,15.5224
452.6479,396.7113,26.7042,15.5774
452.6277,395.6995,26.7445,15.6010
452.6187,395.6942,26.7626,15.6115
452.5954,395.6807,26.8092,15.6387
452.5643,394.6625,26.8713,15.6749
452.5724,394.6672,26.8552,15.6655
452.5410,394.6489,26.9180,15.7022
451.5221,394.6379,26.9558,15.7242
451.5950,394.6804,26.8100,15.6392
451.5763,394.6695,26.8473,15.6609
451.5357,394.6458,26.9286,15.7084
451.5071,393.6292,26.9857,15.7417
451.5316,393.6434,26.9369,15.7132
451.6031,393.6852,26.7938,15.6297
451.5855,393.6749,26.8291,15.6503
451.5625,392.6614,26.8750,15.6771
450.5563,392.6578,26.8875,15.6843
450.5874,392.6760,26.8253,15.6481
450.5671,392.6642,26.8657,15.6717
450.5610,392.6606,26.8780,15.6788
450.5359,392.6459,26.9283,15.7082
450.4944,391.6217,27.0113,15.7566
450.5570,391.6583,26.8859,15.6835
450.5730,391.6676,26.8539,15.6648
450.5629,391.6617,26.8742,15.6766
449.5528,391.6558,26.8944,15.6884
449.5771,391.6700,26.8458,15.6600
449.5408,390.6488,26.9184,15.7024
449.5322,390.6438,26.9356,15.7125
449.5566,390.6580,26.8869,15.6840
448.5511,390.6548,26.8979,15.6904
448.5183,390.6357,26.9634,15.7287
448.5551,389.6571,26.8899,15.6858
448.5529,389.6558,26.8943,15.6883
448.5345,389.6451,26.9310,15.7097
448.5115,389.6317,26.9769,15.7365
448.5062,389.6286,26.9877,15.7428
448.5030,389.6267,26.9940,15.7465
447.4330,389.5859,27.1341,15.8282
447.4568,388.5998,27.0863,15.8003
447.5352,388.6455,26.9296,15.7089
447.5644,388.6626,26.8712,15.6749
447.5668,388.6640,26.8664,15.6721
447.5888,388.6768,26.8224,15.6464
447.5875,388.6761,26.8249,15.6479
446.5559,388.6576,26.8882,15.6848
446.6041,388.6857,26.7918,15.6286
446.6081,387.6880,26.7838,15.6239
446.6343,387.7034,26.7313,15.5933
446.6562,387.7161,26.6876,15.5678
446.6549,387.7154,26.6901,15.5692
446.6549,387.7153,26.6903,15.5693
446.6858,387.7334,26.6285,15.5333
446.6607,387.7188,26.6785,15.5625
445.6379,387.7054,26.7242,15.5891
445.6634,387.7203,26.6732,15.5594
445.6463,387.7103,26.7075,15.5794
445.6248,386.6978,26.7504,15.6044
445.6088,386.6884,26.7825,15.6231
445.6134,386.6912,26.7732,15.6177
445.6551,386.7155,26.6897,15.5690
444.6498,386.7124,26.7005,15.5753
444.6841,386.7324,26.6318,15.5352
444.6819,386.7311,26.6363,15.5378
444.6989,386.7410,26.6022,15.5180
444.6797,386.7299,26.6405,15.5403
443.6747,386.7269,26.6506,15.5462
443.7023,386.7430,26.5953,15.5139
443.7410,386.7656,26.5180,15.4688
443.7258,386.7567,26.5485,15.4866
443.7218,386.7544,26.5563,15.4912
443.7239,386.7556,26.5521,15.4887
442.7415,386.7659,26.5169,15.4682
442.7658,386.7801,26.4683,15.4398
442.7757,386.7858,26.4486,15.4284
442.8083,386.8048,26.3834,15.3903
442.7956,386.7975,26.4087,15.4051
442.8257,386.8150,26.3487,15.3701
442.8245,386.8143,26.3510,15.3714
441.7789,386.7877,26.4423,15.4247
441.7791,386.7878,26.4418,15.4244
441.7870,386.7924,26.4261,15.4152
441.8198,386.8116,26.3603,15.3769
441.8447,386.8260,26.3107,15.3479
441.8287,386.8167,26.3426,15.3665
441.8254,386.8148,26.3493,15.3704
441.8272,386.8159,26.3457,15.3683
441.8140,386.8082,26.3720,15.3837
441.7901,386.7943,26.4197,15.4115
441.7547,386.7736,26.4906,15.4528
441.7297,386.7590,26.5405,15.4820
440.6923,386.7372,26.6154,15.5256
440.6733,386.7261,26.6534,15.5478
440.6741,386.7266,26.6518,15.5469
440.6386,386.7058,26.7228,15.5883
440.6575,386.7169,26.6849,15.5662
440.6682,386.7231,26.6636,15.5538
440.6460,386.7102,26.7080,15.5797
440.6136,386.6913,26.7728,15.6175
440.5963,385.6812,26.8074,15.6377
440.6003,385.6835,26.7994,15.6330
439.5520,385.6553,26.8960,15.6893
439.5459,385.6518,26.9081,15.6964
439.5741,385.6682,26.8518,15.6635
439.6096,385.6889,26.7808,15.6222
439.5969,385.6815,26.8062,15.6370
439.6119,385.6903,26.7762,15.6195
439.6289,385.7002,26.7421,15.5996
438.6456,385.7099,26.7088,15.5801
438.6673,385.7226,26.6654,15.5548
438.6775,385.7285,26.6450,15.5429
438.6945,385.7385,26.6109,15.5230
438.7170,385.7516,26.5659,15.4968
438.7232,385.7552,26.5537,15.4896
438.7444,385.7675,26.5113,15.4649
438.7566,385.7747,26.4869,15.4507
437.7697,386.7823,26.4606,15.4354
437.7917,386.7952,26.4165,15.4096
437.8006,386.8004,26.3988,15.3993
437.7957,386.7975,26.4085,15.4050
437.8180,386.8105,26.3641,15.3790
437.8079,386.8046,26.3842,15.3908
437.8056,386.8033,26.3888,15.3935
436.8132,386.8077,26.3735,15.3845
436.8295,386.8172,26.3410,15.3656
436.8049,386.8029,26.3902,15.3943
436.8012,386.8007,26.3976,15.3986
436.8072,386.8042,26.3857,15.3916
436.8008,386.8005,26.3983,15.3990
436.7976,386.7986,26.4048,15.4028
436.8007,386.8004,26.3985,15.3992
435.8325,386.8189,26.3351,15.3621
435.8175,386.8102,26.3651,15.3796
435.8546,386.8319,26.2907,15.3362
435.8595,387.8347,26.2810,15.3306
435.8549,387.8321,26.2901,15.3359
435.8495,387.8289,26.3011,15.3423
435.8498,387.8290,26.3004,15.3419
435.8435,387.8254,26.3130,15.3492
434.7933,387.7961,26.4133,15.4078
434.8119,387.8069,26.3763,15.3862
434.8269,387.8157,26.3462,15.3686
434.8452,387.8264,26.3097,15.3473
434.8848,388.8495,26.2304,15.3011
434.8620,388.8362,26.2760,15.3277
434.8392,388.8229,26.3216,15.3543
434.8239,388.8139,26.3522,15.3721
433.8133,388.8077,26.3735,15.3845
433.8538,388.8314,26.2924,15.3373
433.8763,389.8445,26.2475,15.3110
433.9096,389.8640,26.1807,15.2721
433.9257,389.8734,26.1486,15.2533
433.9406,389.8820,26.1187,15.2359
433.9322,389.8771,26.1357,15.2458
433.0092,389.9220,25.9817,15.1560
433.0315,390.9350,25.9371,15.1299
433.0230,390.9301,25.9539,15.1398
433.0197,390.9282,25.9605,15.1437
433.0099,390.9224,25.9803,15.1552
433.0295,390.9339,25.9409,15.1322
432.0170,390.9266,25.9661,15.1469
432.0500,391.9458,25.9000,15.1083
432.0508,391.9463,25.8985,15.1074
432.0555,391.9490,25.8891,15.1019
431.0898,392.9691,25.8204,15.0619
431.0618,392.9527,25.8764,15.0946
431.0826,392.9648,25.8348,15.0703
431.1000,392.9750,25.8000,15.0500
431.1228,393.9883,25.7545,15.0234
431.1168,393.9848,25.7665,15.0305
431.0972,393.9733,25.8057,15.0533
431.0664,393.9554,25.8672,15.0892
430.0983,393.9740,25.8034,15.0520
430.1573,395.0084,25.6854,14.9831
430.1860,395.0251,25.6281,14.9497
430.1948,395.0303,25.6104,14.9394
430.1878,396.0262,25.6243,14.9475
430.1657,396.0133,25.6686,14.9734
430.1535,396.0062,25.6930,14.9876
430.1718,396.0169,25.6564,14.9662
430.1784,397.0207,25.6433,14.9586
429.1794,397.0213,25.6412,14.9574
429.2234,398.0470,25.5531,14.9060
429.2408,398.0571,25.5184,14.8857
429.2731,398.0760,25.4537,14.8480
428.2920,398.0870,25.4161,14.8260
428.3220,399.1045,25.3560,14.7910
428.3285,399.1083,25.3430,14.7834
428.3406,399.1154,25.3188,14.7693
428.3768,400.1365,25.2464,14.7271
428.3509,400.1213,25.2982,14.7573
428.3518,400.1219,25.2964,14.7562
428.3601,400.1267,25.2797,14.7465
428.3871,400.1425,25.2258,14.7151
427.4111,401.1565,25.1778,14.6871
427.4177,401.1603,25.1647,14.6794
427.3948,401.1470,25.2104,14.7061
427.3973,401.1484,25.2054,14.7032
427.4087,402.1551,25.1826,14.6899
427.3769,402.1365,25.2462,14.7269
427.3412,402.1157,25.3176,14.7686
426.3244,402.1059,25.3512,14.7882
426.3847,403.1411,25.2305,14.7178
426.3353,403.1122,25.3294,14.7755
426.3416,403.1159,25.3168,14.7681
426.3342,403.1116,25.3317,14.7768
425.4230,404.1634,25.1540,14.6732
425.4042,404.1524,25.1916,14.6951
425.4315,405.1684,25.1370,14.6632
425.4087,405.1551,25.1826,14.6899
425.3810,405.1389,25.2380,14.7222
425.4092,406.1554,25.1816,14.6892
425.3505,406.1211,25.2990,14.7578
424.3084,406.0966,25.3832,14.8069
424.3515,406.1217,25.2970,14.7566
424.3854,407.1415,25.2292,14.7170
424.3463,407.1187,25.3074,14.7627
424.3489,407.1202,25.3022,14.7596
423.3586,407.1258,25.2829,14.7484
423.4125,408.1573,25.1749,14.6854
423.3630,408.1284,25.2740,14.7432
423.3885,408.1433,25.2230,14.7134
423.4417,409.1743,25.1165,14.6513
423.4014,409.1508,25.1972,14.6984
422.4070,410.1541,25.1860,14.6919
422.3438,410.1172,25.3124,14.7656
422.3482,410.1198,25.3035,14.7604
422.3545,410.1234,25.2910,14.7531
421.4157,411.1591,25.1686,14.6817
421.3735,411.1346,25.2529,14.7309
421.3925,411.1457,25.2149,14.7087
421.4294,412.1671,25.1412,14.6657
420.3530,412.1226,25.2939,14.7548
420.3515,413.1217,25.2970,14.7566
420.3225,413.1048,25.3549,14.7904
420.3164,413.1012,25.3673,14.7976
420.3954,414.1473,25.2093,14.7054
419.3294,414.1088,25.3412,14.7823
419.3427,415.1166,25.3146,14.7669
419.2523,415.0638,25.4954,14.8723
419.2234,415.0470,25.5532,14.9060
419.2461,415.0602,25.5077,14.8795
419.3088,416.0968,25.3824,14.8064
418.2921,416.0871,25.4157,14.8259
418.3471,417.1191,25.3058,14.7617
418.3236,417.1054,25.3528,14.7891
418.3571,417.1250,25.2859,14.7501
418.3907,418.1446,25.2185,14.7108
417.3118,418.0985,25.3764,14.8029
417.3292,418.1087,25.3416,14.7826
417.4167,419.1598,25.1665,14.6805
417.3849,419.1412,25.2301,14.7176
416.4366,420.1714,25.1268,14.6573
416.3604,420.1269,25.2793,14.7462
416.3759,420.1359,25.2483,14.7282
416.3874,421.1426,25.2253,14.7148
416.3520,421.1220,25.2960,14.7560
415.3816,422.1393,25.2368,14.7215
415.3307,422.1096,25.3387,14.7809
415.3481,423.1197,25.3038,14.7606
415.3358,423.1125,25.3284,14.7749
414.3810,423.1389,25.2381,14.7222
414.4233,424.1636,25.1534,14.6728
414.3547,424.1236,25.2906,14.7528
414.3457,425.1183,25.3086,14.7634
414.2904,425.0861,25.4192,14.8279
413.3242,425.1058,25.3516,14.7884
413.3514,426.1216,25.2972,14.7567
413.3542,426.1233,25.2917,14.7535
413.3748,426.1353,25.2503,14.7293
412.3634,427.1287,25.2732,14.7427
412.3864,427.1421,25.2271,14.7158
412.4121,428.1571,25.1758,14.6859
412.3595,428.1264,25.2810,14.7473
411.3919,428.1453,25.2163,14.7095
411.4655,429.1882,25.0689,14.6235
411.4640,429.1873,25.0720,14.6253
411.4863,430.2003,25.0275,14.5994
411.4038,430.1522,25.1924,14.6956
411.3945,430.1468,25.2110,14.7064
410.4226,431.1632,25.1547,14.6736
410.3721,431.1338,25.2557,14.7325
410.4138,431.1581,25.1724,14.6839
410.4181,432.1606,25.1638,14.6789
410.3339,432.1114,25.3323,14.7772
409.3369,432.1132,25.3261,14.7736
409.4082,433.1548,25.1836,14.6905
409.3531,433.1227,25.2937,14.7547
409.3897,434.1440,25.2206,14.7120
408.2941,434.0882,25.4119,14.8236
408.2776,434.0786,25.4449,14.8429
408.3326,435.1107,25.3349,14.7787
408.3164,435.1013,25.3671,14.7975
407.3103,436.0977,25.3795,14.8047
407.2130,436.0409,25.5740,14.9182
407.1953,436.0306,25.6094,14.9388
406.2633,437.0703,25.4733,14.8594
