1
949.8600,324.7850,28.2800,51.5100
953.7485,328.4993,28.7042,52.2826
953.9638,332.9305,28.2736,51.4984
958.1544,337.2952,27.8495,50.7259
958.1544,341.2737,27.8495,50.7259
962.2820,345.5730,27.4318,49.9650
966.3478,345.9478,27.0203,49.2156
966.3478,349.8078,27.0203,49.2156
970.3526,353.9790,26.6150,48.4773
974.2023,354.1003,26.4819,48.2350
974.4009,358.1884,26.0847,47.5114
978.2670,358.5447,25.6934,46.7988
978.4597,362.5111,25.3080,46.0968
982.1655,362.7416,25.0550,45.6358
985.6106,366.0323,25.4308,46.3203
989.3798,366.3797,25.0493,45.6255
989.5677,370.2467,24.6736,44.9412
993.2247,370.5838,24.3035,44.2670
993.0424,370.2518,24.6680,44.9310
996.4342,373.4917,25.0380,45.6050
1000.0111,373.4917,25.0380,45.6050
1003.7221,373.8337,24.6625,44.9209
1003.7838,377.4516,24.5392,44.6963
1007.2455,377.3398,24.6619,44.9198
1010.7246,380.7683,24.7852,45.1444
1014.3981,381.1069,24.4134,44.4672
1017.8422,380.9957,24.5355,44.6896
1017.9648,384.6892,24.2901,44.2427
1021.5216,384.9104,24.0472,43.8003
1021.4014,388.1610,24.2877,44.2383
1025.0011,388.4928,23.9234,43.5747
1028.5469,388.8196,23.5645,42.9211
1028.4291,392.0051,23.8001,43.3503
1031.7866,391.8967,23.9192,43.5670
1035.3318,395.5892,23.5604,42.9135
1038.6555,395.4819,23.6782,43.1281
1042.1649,395.8054,23.3230,42.4812
1041.9900,398.8686,23.6728,43.1184
1045.4564,399.0842,23.4361,42.6872
1048.8881,399.2976,23.2017,42.2603
1048.7721,399.0863,23.4338,42.6829
1048.9479,399.4065,23.0823,42.0427
1048.9479,402.7039,23.0823,42.0427
1045.5762,402.5988,23.1977,42.2529
1045.6921,402.8101,22.9657,41.8304
1045.8070,403.0192,22.7360,41.4121
1042.7782,403.3298,22.3950,40.7909
1039.3630,403.0239,22.7309,41.4028
1039.4198,406.3584,22.6173,41.1957
1036.4069,406.6674,22.2780,40.5778
1033.4391,406.9717,21.9438,39.9691
1030.3749,407.0717,21.8341,39.7693
1027.4662,407.3699,21.5066,39.1727
1024.3938,410.4423,21.5066,39.1727
1021.1141,410.1485,21.8292,39.7603
1018.2061,410.4467,21.5018,39.1639
1015.1345,410.4467,21.5018,39.1639
1012.0627,410.4467,21.5018,39.1639
1009.1984,410.7404,21.1792,38.5765
1006.3770,411.0298,20.8616,37.9978
1003.5309,411.2198,20.6529,37.6179
1000.6469,411.3138,20.5497,37.4298
997.7112,414.2495,20.5497,37.4298
994.7756,414.2495,20.5497,37.4298
988.9042,414.2495,20.5497,37.4298
985.9686,411.3138,20.5497,37.4298
982.9008,411.1266,20.7552,37.8041
979.9357,408.1616,20.7552,37.8041
974.0872,405.3059,20.6514,37.6150
971.0707,402.2469,20.7547,37.8031
967.9056,398.9540,21.0660,38.3702
961.8867,395.9446,21.0660,38.3702
959.0128,393.1571,20.8553,37.9865
956.0334,387.1984,20.8553,37.9865
949.9109,383.9994,21.0639,38.3663
947.0372,381.2122,20.8532,37.9827
944.0581,381.2122,20.8532,37.9827
940.9451,378.0134,21.0618,38.3625
934.9274,375.0046,21.0618,38.3625
931.7832,374.8128,21.2724,38.7461
925.9561,372.1101,20.9533,38.1649
922.8954,372.0146,21.0581,38.3557
920.0901,372.3023,20.7422,37.7804
914.4083,372.5857,20.4311,37.2137
908.6511,372.6787,20.3289,37.0276
905.9430,372.9564,20.0240,36.4722
903.1468,373.0476,19.9238,36.2899
897.5325,373.1383,19.8242,36.1084
894.6368,375.8943,19.9233,36.2890
889.1792,376.1664,19.6245,35.7446
886.4388,379.0453,19.5264,35.5659
881.0900,382.0596,19.2335,35.0324
878.5278,382.3224,18.9450,34.5069
873.3382,382.5812,18.6608,33.9893
867.8599,387.7962,18.8474,34.3292
862.6230,390.6334,18.6589,33.9859
857.2919,393.2990,18.6589,33.9859
854.6263,387.9679,18.6589,33.9859
849.5151,390.8483,18.3791,33.4761
844.1196,393.3328,18.5628,33.8109
838.5972,398.4624,18.8413,34.3181
833.2139,401.1541,18.8413,34.3181
827.8307,403.8456,18.8413,34.3181
822.4474,403.8456,18.8413,34.3181
817.2123,406.6819,18.6529,33.9749
814.4277,406.5121,18.8394,34.3146
811.9180,412.0714,18.5568,33.7999
806.8348,409.7137,18.2785,33.2929
804.3998,409.9633,18.0043,32.7935
799.4679,410.2093,17.7342,32.3016
796.8774,410.1286,17.8229,32.4631
791.9952,407.8641,17.5555,31.9762
789.6566,408.1039,17.2922,31.4965
784.9198,408.3401,17.0328,31.0241
780.0533,408.3401,17.0328,31.0241
777.7842,406.1761,16.7773,30.5587
772.7930,405.9469,17.0290,31.0171
770.5245,406.1795,16.7736,30.5518
768.2361,406.3322,16.6058,30.2463
763.4916,403.9600,16.6058,30.2463
758.8775,404.1112,16.4398,29.9439
756.5290,401.7627,16.4398,29.9439
751.9611,399.5874,16.2754,29.6444
749.6360,399.5874,16.2754,29.6444
744.9859,399.5874,16.2754,29.6444
740.2079,399.4391,16.4381,29.9409
737.7540,396.9176,16.6025,30.2403
735.4889,397.0688,16.4365,29.9379
730.6636,394.5476,16.6008,30.2372
728.4521,392.4384,16.3518,29.7837
723.5875,392.2150,16.5971,30.2304
721.2165,392.2150,16.5971,30.2304
718.8455,392.2150,16.5971,30.2304
716.4211,389.7566,16.6801,30.3816
713.9310,387.1980,16.8469,30.6854
711.3618,384.5251,17.0996,31.1457
708.8091,384.3693,17.2706,31.4572
706.1754,381.6292,17.5297,31.9290
706.3068,381.8686,17.2667,31.4501
703.9512,382.0259,17.0940,31.1356
701.5641,379.6739,17.0086,30.9799
701.6491,379.8288,16.8385,30.6701
699.1354,379.6754,17.0069,30.9768
696.5418,379.4431,17.2620,31.4415
696.5418,379.4431,17.2620,31.4415
694.1868,379.6003,17.0894,31.1270
691.8004,377.2490,17.0039,30.9714
691.8004,377.2490,17.0039,30.9714
691.6729,377.0168,17.2590,31.4360
689.3737,377.2525,17.0001,30.9644
689.2462,374.5553,17.2551,31.4289
689.3325,374.7124,17.0825,31.1146
689.4606,374.9458,16.8263,30.6479
691.9245,372.7193,16.6580,30.3414
692.0494,370.6028,16.4082,29.8863
691.9263,367.9995,16.6543,30.3346
694.3948,365.8835,16.4045,29.8796
696.7968,363.7129,16.2404,29.5808
696.9186,361.6494,15.9968,29.1371
699.2610,359.5327,15.8368,28.8457
701.5234,357.2703,15.8368,28.8457
703.7858,355.0079,15.8368,28.8457
706.0483,355.0079,15.8368,28.8457
708.3955,352.9958,15.5993,28.4130
710.6797,350.9317,15.4433,28.1289
710.6411,350.8613,15.5205,28.2695
712.8860,348.7259,15.4429,28.1282
712.8860,348.7259,15.4429,28.1282
715.0646,348.6555,15.5201,28.2688
717.2817,346.4384,15.5201,28.2688
717.1653,346.2264,15.7529,28.6928
719.3314,346.0112,15.9892,29.1232
721.5584,345.8656,16.1491,29.4145
721.4373,343.3033,16.3914,29.8557
723.6911,340.7027,16.6372,30.3035
726.0084,340.5511,16.8036,30.6066
728.4089,340.5511,16.8036,30.6066
728.2830,337.8851,17.0557,31.0657
730.6281,335.1790,17.3115,31.5316
733.0393,335.0214,17.4846,31.8470
735.4435,334.7825,17.7469,32.3247
737.9787,332.2473,17.7469,32.3247
740.4506,332.0856,17.9243,32.6479
743.0112,332.0856,17.9243,32.6479
745.4758,331.8408,18.1932,33.1376
745.3849,329.0500,18.3751,33.4690
747.9114,328.7990,18.6508,33.9710
750.6758,329.0538,18.3710,33.4615
753.3658,329.2211,18.1873,33.1269
756.0614,329.4696,17.9145,32.6300
756.0614,326.9104,17.9145,32.6300
758.5247,326.6656,18.1832,33.1194
761.0898,326.5829,18.2741,33.2850
761.0441,323.8760,18.3655,33.4514
763.6677,323.8760,18.3655,33.4514
766.1930,323.6251,18.6410,33.9532
768.9559,323.8798,18.3614,33.4439
768.9559,323.8798,18.3614,33.4439
771.6117,323.9634,18.2695,33.2767
774.1890,323.8802,18.3609,33.4431
776.8776,324.0474,18.1773,33.1086
776.7867,323.8818,18.3591,33.4397
779.4422,321.3558,18.2673,33.2725
782.1497,321.6054,17.9933,32.7734
784.8165,321.8512,17.7234,32.2818
784.7722,321.7705,17.8120,32.4432
787.3168,319.2259,17.8120,32.4432
789.9567,319.4692,17.5448,31.9566
792.4631,319.4692,17.5448,31.9566
792.4631,316.9628,17.5448,31.9566
794.8755,316.7232,17.8080,32.4359
797.4514,316.8043,17.7189,32.2738
797.4514,316.8043,17.7189,32.2738
799.9826,316.8043,17.7189,32.2738
802.5139,314.2730,17.7189,32.2738
802.4696,314.1923,17.8075,32.4351
805.0453,314.2734,17.7185,32.2730
805.0453,314.2734,17.7185,32.2730
807.6714,312.0222,17.4527,31.7889
810.2271,312.1811,17.2782,31.4710
810.1407,312.0238,17.4510,31.7857
812.6960,309.7146,17.2765,31.4678
812.5664,309.4786,17.5356,31.9398
815.0089,309.3189,17.7110,32.2592
817.6022,306.9754,17.5338,31.9366
820.1071,306.9754,17.5338,31.9366
820.1071,306.9754,17.5338,31.9366
822.7059,307.2149,17.2708,31.4576
822.6195,307.0576,17.4435,31.7722
825.0180,306.8193,17.7052,32.2488
827.5473,306.8193,17.7052,32.2488
827.4588,306.6581,17.8822,32.5712
829.9176,306.4138,18.1505,33.0598
829.8722,306.3311,18.2412,33.2251
832.4781,306.3311,18.2412,33.2251
832.4781,308.9370,18.2412,33.2251
835.0840,308.9370,18.2412,33.2251
835.0840,308.9370,18.2412,33.2251
837.7876,309.1862,17.9676,32.7267
840.2581,308.9408,18.2371,33.2176
842.7983,308.7747,18.4195,33.5498
842.9365,309.0263,18.1432,33.0466
845.5931,309.1916,17.9618,32.7161
845.4584,308.9462,18.2312,33.2068
848.1606,309.1952,17.9577,32.7087
850.6298,308.9499,18.2271,33.1994
850.6298,311.5538,18.2271,33.1994
853.1685,311.3878,18.4094,33.5314
855.8642,308.9518,18.2253,33.1960
858.5654,309.2008,17.9519,32.6981
861.2261,309.4460,17.6826,32.2076
861.1378,311.8364,17.8594,32.5297
863.6891,309.2850,17.8594,32.5297
866.3042,309.4477,17.6809,32.2044
868.8932,309.6087,17.5040,31.8824
868.8932,309.6087,17.5040,31.8824
871.3938,309.6087,17.5040,31.8824
871.4376,309.6884,17.4165,31.7230
874.0189,307.4756,17.1553,31.2471
873.8903,307.2412,17.4126,31.7158
876.3778,307.2412,17.4126,31.7158
876.3778,307.2412,17.4126,31.7158
876.4213,307.3205,17.3255,31.5572
878.8964,304.8454,17.3255,31.5572
878.8531,304.7665,17.4122,31.7150
878.8531,304.7665,17.4122,31.7150
878.8531,302.2791,17.4122,31.7150
878.8096,302.1998,17.4992,31.8736
878.8533,302.2794,17.4117,31.7142
878.8969,299.8838,17.3247,31.5557
878.8535,299.8049,17.4113,31.7134
878.9841,297.5927,17.1501,31.2377
876.6995,297.8270,16.8929,30.7692
876.8262,298.0578,16.6395,30.3076
874.6096,298.2851,16.3899,29.8530
874.6096,298.2851,16.3899,29.8530
872.3735,296.1164,16.2260,29.5545
872.4141,296.1902,16.1449,29.4067
870.2114,296.3373,15.9834,29.1127
870.3313,294.3065,15.7437,28.6760
868.0822,294.3065,15.7437,28.6760
868.0428,294.2348,15.8224,28.8193
867.9637,291.8078,15.9806,29.1075
865.8349,292.0261,15.7409,28.6709
865.7955,289.6945,15.8196,28.8143
863.6881,289.9106,15.5823,28.3821
863.8050,287.9308,15.3486,27.9563
863.9201,288.1405,15.1183,27.5370
861.8090,288.2093,15.0428,27.3993
859.6600,288.2093,15.0428,27.3993
857.6561,288.4148,14.8171,26.9883
855.6346,288.5497,14.6689,26.7184
855.6346,288.5497,14.6689,26.7184
853.5391,288.5497,14.6689,26.7184
851.4435,290.6453,14.6689,26.7184
849.2065,290.4449,14.8890,27.1192
847.2230,290.6483,14.6656,26.7124
847.2230,290.6483,14.6656,26.7124
845.1279,290.6483,14.6656,26.7124
843.0328,290.6483,14.6656,26.7124
841.0792,290.8487,14.4457,26.3117
839.1548,291.0460,14.2290,25.9171
837.1221,291.0460,14.2290,25.9171
835.0894,291.0460,14.2290,25.9171
833.0567,291.0460,14.2290,25.9171
831.0240,291.0460,14.2290,25.9171
828.9913,289.0133,14.2290,25.9171
826.9586,291.0460,14.2290,25.9171
824.9258,289.0133,14.2290,25.9171
823.0303,289.2077,14.0155,25.5283
821.1633,289.3991,13.8053,25.1454
819.2355,289.4620,13.7363,25.0196
817.2290,287.4273,13.8050,25.1447
815.2568,287.4273,13.8050,25.1447
813.2847,287.4273,13.8050,25.1447
811.3126,287.4273,13.8050,25.1447
809.3405,287.4273,13.8050,25.1447
807.3683,287.4273,13.8050,25.1447
805.3962,287.4273,13.8050,25.1447
801.4519,287.4273,13.8050,25.1447
799.4797,287.4273,13.8050,25.1447
797.5076,285.4552,13.8050,25.1447
793.6176,285.5180,13.7359,25.0190
791.6111,285.4555,13.8046,25.1441
789.6834,283.5561,13.7356,25.0184
785.7590,283.5561,13.7356,25.0184
783.7968,283.5561,13.7356,25.0184
781.8345,281.5939,13.7356,25.0184
780.0048,281.7815,13.5296,24.6431
775.9797,281.5967,13.7325,25.0128
773.9738,279.5626,13.8012,25.1378
772.1353,279.7511,13.5941,24.7608
770.3243,279.9368,13.3902,24.3894
766.5511,279.9978,13.3233,24.2674
762.6398,279.8765,13.4565,24.5101
760.6742,279.8152,13.5238,24.6326
756.6509,281.5914,13.7267,25.0021
754.6899,281.5914,13.7267,25.0021
752.8613,281.7789,13.5208,24.6271
748.9983,281.7789,13.5208,24.6271
747.1102,279.9186,13.4532,24.5040
745.2748,280.0411,13.3186,24.2589
743.5005,280.2231,13.1188,23.8950
739.7523,280.2231,13.1188,23.8950
737.9203,280.2828,13.0532,23.7756
734.1396,280.2234,13.1185,23.8944
732.1390,280.0442,13.3153,24.2528
730.3652,280.2260,13.1156,23.8891
728.5338,280.2858,13.0500,23.7696
726.6275,280.2263,13.1152,23.8885
722.8803,280.2263,13.1152,23.8885
721.1332,280.4055,12.9185,23.5301
719.2046,278.4239,13.0477,23.7654
717.3406,278.4239,13.0477,23.7654
715.4767,278.4239,13.0477,23.7654
713.6127,278.4239,13.0477,23.7654
711.7488,278.4239,13.0477,23.7654
709.8429,278.3645,13.1129,23.8843
706.2509,278.5436,12.9162,23.5260
704.2812,278.3672,13.1100,23.8789
702.4083,278.3672,13.1100,23.8789
698.7141,278.4269,13.0444,23.7595
696.9764,278.6051,12.8488,23.4031
695.0170,276.5665,13.0415,23.7541
693.1120,276.5071,13.1067,23.8729
691.2817,276.5668,13.0412,23.7536
687.5557,276.5668,13.0412,23.7536
685.6926,276.5668,13.0412,23.7536
683.8297,276.5668,13.0412,23.7536
680.2061,276.6855,12.9108,23.5160
678.3616,276.6855,12.9108,23.5160
676.5173,276.6855,12.9108,23.5160
674.5483,276.5092,13.1044,23.8688
672.6763,276.5092,13.1044,23.8688
669.0866,274.8442,12.9078,23.5107
667.1597,274.7267,13.0369,23.7458
665.2972,274.7267,13.0369,23.7458
663.4348,274.7267,13.0369,23.7458
663.4022,274.6673,13.1021,23.8646
661.5726,274.7270,13.0366,23.7452
659.7103,274.7270,13.0366,23.7452
657.9736,274.9050,12.8411,23.3891
657.9415,274.8466,12.9053,23.5060
656.2224,275.0229,12.7117,23.1534
654.4473,275.0807,12.6481,23.0376
654.4473,275.0807,12.6481,23.0376
652.6404,275.0807,12.6481,23.0376
652.7352,273.4738,12.4584,22.6921
651.0756,273.6440,12.2715,22.3517
649.4409,273.8116,12.0875,22.0164
649.4711,273.8666,12.0270,21.9063
647.7529,273.8666,12.0270,21.9063
646.0348,273.8666,12.0270,21.9063
644.4326,274.0309,11.8466,21.5777
644.3438,273.8691,12.0243,21.9014
642.7419,274.0334,11.8439,21.5729
640.9357,273.8716,12.0216,21.8965
640.8456,273.7073,12.2019,22.2249
639.1025,271.9642,12.2019,22.2249
639.1025,271.9642,12.2019,22.2249
637.3593,271.9642,12.2019,22.2249
637.4508,272.1309,12.0189,21.8916
635.8497,272.2951,11.8386,21.5632
635.8793,272.3490,11.7794,21.4554
634.3102,272.5099,11.6027,21.1335
634.2231,272.3514,11.7768,21.4505
634.3115,272.5123,11.6001,21.1288
634.3405,272.5651,11.5421,21.0231
632.8029,272.7228,11.3690,20.7078
632.7176,272.5674,11.5395,21.0184
632.8041,272.7251,11.3664,20.7031
632.8894,272.8804,11.1959,20.3926
632.8054,272.7274,11.3639,20.6985
632.8054,272.7274,11.3639,20.6985
632.7202,272.5722,11.5343,21.0090
631.1466,272.6772,11.4190,20.7989
631.1466,272.6772,11.4190,20.7989
631.1466,272.6772,11.4190,20.7989
631.1466,272.6772,11.4190,20.7989
631.1466,272.6772,11.4190,20.7989
631.1466,272.6772,11.4190,20.7989
629.4419,272.5732,11.5332,21.0069
629.4419,272.5732,11.5332,21.0069
629.5284,271.1079,11.3602,20.6918
629.6136,271.2631,11.1898,20.3814
629.6416,271.3141,11.1338,20.2795
628.0510,271.3141,11.1338,20.2795
628.1067,271.4154,11.0225,20.0767
628.1067,271.4154,11.0225,20.0767
626.6029,271.5158,10.9123,19.8759
626.6029,271.5158,10.9123,19.8759
626.6848,270.1294,10.7486,19.5778
626.6041,269.9825,10.9098,19.8714
625.1508,270.1316,10.7462,19.5734
625.0702,269.9848,10.9074,19.8670
625.0157,268.3117,11.0164,20.0656
623.4419,268.3117,11.0164,20.0656
623.4970,268.4120,10.9063,19.8650
621.8688,268.3127,11.0153,20.0636
621.8138,268.2124,11.1255,20.2643
620.2959,268.3137,11.0142,20.0616
620.2408,268.2134,11.1244,20.2622
620.3243,266.8000,10.9575,19.9583
618.7941,266.8499,10.9027,19.8585
618.7396,266.7506,11.0117,20.0571
618.7396,266.7506,11.0117,20.0571
617.0958,266.6503,11.1219,20.2577
617.1791,265.2372,10.9550,19.9538
617.0970,265.0876,11.1194,20.2531
615.5800,265.1888,11.0082,20.0506
615.6350,265.2891,10.8981,19.8501
615.7168,265.4380,10.7346,19.5523
614.2178,265.4868,10.6809,19.4546
614.2979,265.6328,10.5207,19.1627
614.3768,265.7765,10.3629,18.8753
612.8297,265.6821,10.4665,19.0641
612.7512,265.5391,10.6235,19.3500
612.7512,265.5391,10.6235,19.3500
612.8309,264.1894,10.4642,19.0598
611.4370,264.3323,10.3072,18.7739
611.4627,264.3792,10.2557,18.6800
611.5396,264.5193,10.1018,18.3998
611.4891,264.4274,10.2029,18.5838
610.1299,264.5667,10.0498,18.3050
610.0546,264.4294,10.2006,18.5796
610.1311,264.5688,10.0476,18.3009
610.2064,264.7061,9.8969,18.0264
610.1569,264.6159,9.9958,18.2067
610.2319,264.7525,9.8459,17.9336
610.2319,263.3459,9.8459,17.9336
611.5858,263.2114,9.9936,18.2026
611.5858,263.2114,9.9936,18.2026
611.6607,261.9417,9.8437,17.9295
611.6853,261.9865,9.7944,17.8399
611.7587,262.1203,9.6475,17.5723
611.6864,261.9885,9.7922,17.8359
611.6619,261.9439,9.8412,17.9251
613.0854,260.5899,9.7920,17.8354
613.0609,260.5453,9.8410,17.9246
613.0855,260.5901,9.7918,17.8350
613.0610,260.5455,9.8407,17.9242
614.4668,260.5455,9.8407,17.9242
614.5406,260.6800,9.6931,17.6553
614.4922,260.5917,9.7900,17.8318
615.9432,259.3478,9.6432,17.5644
615.9673,259.3917,9.5950,17.4765
617.3894,259.5228,9.4510,17.2144
617.4130,259.5658,9.4038,17.1283
618.7733,258.2720,9.3568,17.0427
618.7733,258.2720,9.3568,17.0427
620.1099,258.2720,9.3568,17.0427
620.1099,258.2720,9.3568,17.0427
621.4466,258.2720,9.3568,17.0427
622.7833,258.2720,9.3568,17.0427
624.1033,258.2294,9.4036,17.1279
624.1033,258.2294,9.4036,17.1279
625.4466,258.2294,9.4036,17.1279
626.8403,258.3578,9.2625,16.8710
626.7709,256.8882,9.4014,17.1240
628.1307,256.9311,9.3544,17.0384
628.2009,257.0588,9.2141,16.7829
629.4678,256.9330,9.3523,17.0346
630.8039,256.9330,9.3523,17.0346
630.7571,255.4984,9.4458,17.2049
632.0559,255.3694,9.5875,17.4630
632.1278,255.5003,9.4437,17.2011
633.4263,255.3713,9.5854,17.4591
633.4263,255.3713,9.5854,17.4591
634.7957,255.3713,9.5854,17.4591
636.1650,256.7407,9.5854,17.4591
636.2369,256.8716,9.4416,17.1972
637.6194,256.9576,9.3472,17.0252
637.5727,256.8725,9.4407,17.1955
638.8708,256.7435,9.5823,17.4534
640.2910,258.2227,9.4385,17.1916
640.3618,258.3517,9.2970,16.9337
641.6733,259.6441,9.3434,17.0184
641.7434,259.7718,9.2033,16.7631
643.1075,261.1925,9.0652,16.5117
643.1301,262.5224,9.0199,16.4291
644.4187,262.5224,9.0199,16.4291
645.7556,263.9148,8.8846,16.1827
645.8222,264.0362,8.7513,15.9399
647.1193,264.1557,8.6201,15.7008
647.0762,265.3210,8.7063,15.8579
648.3199,266.5647,8.7063,15.8579
648.3199,266.5647,8.7063,15.8579
649.5637,267.8085,8.7063,15.8579
649.6290,267.9274,8.5757,15.6200
650.8847,269.2184,8.4899,15.4638
652.0975,269.2184,8.4899,15.4638
652.0339,270.3334,8.6173,15.6957
653.2341,270.2549,8.7034,15.8527
653.2776,271.5651,8.6164,15.6942
654.4778,271.4867,8.7026,15.8511
655.7676,272.8301,8.5720,15.6133
655.7034,272.7130,8.7006,15.8475
656.9463,273.9560,8.7006,15.8475
656.9463,273.9560,8.7006,15.8475
658.1893,275.1989,8.7006,15.8475
658.1893,276.4419,8.7006,15.8475
659.4633,276.5211,8.6136,15.6891
659.5279,277.8508,8.4844,15.4537
660.7399,277.8508,8.4844,15.4537
660.8035,279.1606,8.3571,15.2219
662.0422,279.2747,8.2318,14.9936
662.0216,280.4191,8.2729,15.0686
663.2183,280.4568,8.2316,14.9932
663.2800,280.5692,8.1081,14.7683
664.3948,281.6342,8.2297,14.9899
664.4565,281.7466,8.1063,14.7650
665.6436,282.9669,8.0252,14.6174
665.6436,282.9669,8.0252,14.6174
665.6436,284.1133,8.0252,14.6174
666.7900,284.1133,8.0252,14.6174
666.8502,285.3522,7.9048,14.3981
667.9371,285.2442,8.0234,14.6141
667.9371,286.3904,8.0234,14.6141
667.9371,286.3904,8.0234,14.6141
669.0833,286.3904,8.0234,14.6141
669.1435,287.6291,7.9031,14.3949
669.0842,288.6670,8.0216,14.6108
670.2302,288.6670,8.0216,14.6108
670.2302,288.6670,8.0216,14.6108
670.2302,289.8130,8.0216,14.6108
670.2302,290.9589,8.0216,14.6108
671.4191,291.0685,7.9013,14.3916
671.3598,292.1062,8.0198,14.6075
671.4200,292.2158,7.8995,14.3884
672.5767,293.4050,7.8205,14.2445
672.5767,293.4050,7.8205,14.2445
672.5767,293.4050,7.8205,14.2445
673.6939,294.5222,7.8205,14.2445
673.6939,294.5222,7.8205,14.2445
673.6939,295.6394,7.8205,14.2445
673.6939,296.7566,7.8205,14.2445
674.8111,296.7566,7.8205,14.2445
674.8111,297.8738,7.8205,14.2445
674.8111,297.8738,7.8205,14.2445
675.9283,298.9910,7.8205,14.2445
675.9283,298.9910,7.8205,14.2445
675.9870,300.1983,7.7032,14.0308
677.1287,301.3875,7.5877,13.8204
677.1856,301.4911,7.4738,13.6131
677.2043,302.5876,7.4365,13.5450
677.2043,303.6499,7.4365,13.5450
677.2043,303.6499,7.4365,13.5450
678.2667,304.7122,7.4365,13.5450
678.2667,304.7122,7.4365,13.5450
678.2667,305.7746,7.4365,13.5450
678.2667,305.7746,7.4365,13.5450
679.3290,305.7746,7.4365,13.5450
679.3290,306.8369,7.4365,13.5450
679.3290,306.8369,7.4365,13.5450
680.3914,307.8993,7.4365,13.5450
680.3914,307.8993,7.4365,13.5450
680.3914,307.8993,7.4365,13.5450
680.3914,307.8993,7.4365,13.5450
680.4285,309.0188,7.3621,13.4095
681.4540,308.9517,7.4357,13.5436
681.4540,308.9517,7.4357,13.5436
681.4540,308.9517,7.4357,13.5436
681.4540,308.9517,7.4357,13.5436
681.4540,308.9517,7.4357,13.5436
681.4911,310.0710,7.3614,13.4082
681.4543,310.0040,7.4350,13.5423
681.4915,310.0717,7.3606,13.4069
682.5168,310.0047,7.4342,13.5409
682.5168,311.0667,7.4342,13.5409
682.5168,311.0667,7.4342,13.5409
683.6186,311.1683,7.3227,13.3378
683.6735,311.2683,7.2129,13.1377
683.7096,311.3340,7.1408,13.0064
683.7096,311.3340,7.1408,13.0064
684.7297,311.3340,7.1408,13.0064
684.7297,312.3541,7.1408,13.0064
684.7833,312.4517,7.0336,12.8113
685.7504,312.3556,7.1391,13.0034
686.7703,312.3556,7.1391,13.0034
686.7703,312.3556,7.1391,13.0034
686.7703,313.3755,7.1391,13.0034
686.7703,313.3755,7.1391,13.0034
686.8238,314.4776,7.0321,12.8084
687.7907,314.3815,7.1375,13.0005
687.8442,314.4790,7.0305,12.8055
687.8442,314.4790,7.0305,12.8055
687.8970,315.5643,6.9250,12.6134
687.8450,315.4697,7.0289,12.8026
687.8450,315.4697,7.0289,12.8026
687.8450,315.4697,7.0289,12.8026
687.8978,316.5548,6.9235,12.6106
687.8458,316.4602,7.0273,12.7998
688.8497,316.4602,7.0273,12.7998
688.8497,317.4641,7.0273,12.7998
688.8497,318.4680,7.0273,12.7998
688.8497,318.4680,7.0273,12.7998
687.8458,319.4720,7.0273,12.7998
688.8497,320.4758,7.0273,12.7998
688.8497,320.4758,7.0273,12.7998
687.8458,321.4797,7.0273,12.7998
687.8458,321.4797,7.0273,12.7998
687.8986,321.5757,6.9219,12.6078
687.8466,322.4849,7.0257,12.7969
687.8993,322.5808,6.9203,12.6049
686.9107,323.5695,6.9203,12.6049
685.9221,323.5695,6.9203,12.6049
685.8702,323.4749,7.0242,12.7940
685.9229,323.5709,6.9188,12.6021
685.8710,324.4796,7.0226,12.7911
684.9129,324.5435,6.9523,12.6632
684.8781,325.4833,7.0219,12.7898
684.8781,325.4833,7.0219,12.7898
684.8781,326.4865,7.0219,12.7898
684.9132,327.5435,6.9517,12.6619
684.8785,328.4832,7.0212,12.7886
685.9066,328.5472,6.9510,12.6607
685.9587,328.6421,6.8467,12.4708
685.9073,329.5414,6.9494,12.6578
686.9001,329.5414,6.9494,12.6578
686.8654,329.4781,7.0189,12.7844
687.9057,329.5740,6.9136,12.5926
687.8884,330.5351,6.9482,12.6556
688.8562,330.4718,7.0177,12.7822
688.8912,331.5282,6.9475,12.6543
689.8589,331.4649,7.0170,12.7809
690.8614,331.4649,7.0170,12.7809
691.8638,331.4649,7.0170,12.7809
692.8662,332.4673,7.0170,12.7809
693.8687,332.4673,7.0170,12.7809
695.8735,332.4673,7.0170,12.7809
696.8759,332.4673,7.0170,12.7809
697.9159,333.5506,6.9117,12.5892
698.8663,333.4562,7.0154,12.7780
699.8685,333.4562,7.0154,12.7780
701.8729,334.4584,7.0154,12.7780
702.8751,334.4584,7.0154,12.7780
703.8773,334.4584,7.0154,12.7780
703.8773,334.4584,7.0154,12.7780
704.8795,334.4584,7.0154,12.7780
705.9193,335.5414,6.9101,12.5863
705.8674,335.4470,7.0138,12.7751
706.9069,335.5428,6.9086,12.5835
706.8551,335.4484,7.0122,12.7722
706.8551,335.4484,7.0122,12.7722
706.8902,335.5123,6.9421,12.6445
706.8555,336.4507,7.0115,12.7710
705.8538,335.4490,7.0115,12.7710
706.8555,335.4490,7.0115,12.7710
706.8555,335.4490,7.0115,12.7710
706.8555,335.4490,7.0115,12.7710
707.8821,335.5129,6.9414,12.6433
707.8475,335.4497,7.0108,12.7697
707.8475,335.4497,7.0108,12.7697
707.8475,335.4497,7.0108,12.7697
707.8475,335.4497,7.0108,12.7697
707.8475,335.4497,7.0108,12.7697
707.8825,335.5135,6.9407,12.6420
707.8478,335.4503,7.0101,12.7684
707.8478,336.4518,7.0101,12.7684
707.8478,336.4518,7.0101,12.7684
707.8478,336.4518,7.0101,12.7684
706.8464,337.4532,7.0101,12.7684
705.8449,337.4532,7.0101,12.7684
705.8449,338.4547,7.0101,12.7684
704.8434,338.4547,7.0101,12.7684
704.8434,338.4547,7.0101,12.7684
704.8434,338.4547,7.0101,12.7684
703.8420,338.4547,7.0101,12.7684
703.8771,338.5185,6.9400,12.6407
703.8771,338.5185,6.9400,12.6407
703.8771,338.5185,6.9400,12.6407
702.8410,339.4566,7.0094,12.7671
702.8410,339.4566,7.0094,12.7671
702.8761,339.5205,6.9393,12.6395
701.8401,339.4573,7.0087,12.7659
701.8752,340.5123,6.9386,12.6382
701.8752,340.5123,6.9386,12.6382
700.8394,340.4492,7.0080,12.7646
700.8394,341.4503,7.0080,12.7646
699.8382,341.4503,7.0080,12.7646
699.8907,341.5460,6.9029,12.5731
698.8381,341.4517,7.0064,12.7617
698.8906,341.5475,6.9013,12.5703
697.8382,342.4539,7.0049,12.7588
696.8375,342.4539,7.0049,12.7588
696.8725,343.5083,6.9348,12.6313
695.8372,344.4458,7.0042,12.7576
695.8372,344.4458,7.0042,12.7576
694.8366,345.4464,7.0042,12.7576
694.8716,345.5102,6.9341,12.6300
693.8365,346.4475,7.0035,12.7563
693.8365,346.4475,7.0035,12.7563
693.8365,346.4475,7.0035,12.7563
692.8810,346.5113,6.9334,12.6287
691.8459,347.4485,7.0028,12.7550
691.8810,347.5123,6.9327,12.6275
690.9575,348.5826,6.8287,12.4381
689.9161,349.4794,6.9312,12.6246
689.8814,350.4164,7.0005,12.7509
688.8813,351.4164,7.0005,12.7509
687.9263,352.4703,6.9305,12.6234
687.0031,352.5649,6.8265,12.4340
685.9620,352.4717,6.9289,12.6205
684.9053,352.3770,7.0328,12.8098
684.9581,352.4731,6.9274,12.6177
683.9684,353.4627,6.9274,12.6177
682.9120,353.3681,7.0313,12.8069
681.9075,354.3726,7.0313,12.8069
681.9603,354.4686,6.9258,12.6148
680.9709,355.4580,6.9258,12.6148
679.9147,355.3634,7.0297,12.8041
678.9105,356.3676,7.0297,12.8041
677.9062,356.3676,7.0297,12.8041
677.9062,357.3719,7.0297,12.8041
677.9062,357.3719,7.0297,12.8041
678.9105,358.3761,7.0297,12.8041
678.9105,358.3761,7.0297,12.8041
678.9105,359.3804,7.0297,12.8041
678.9632,360.4656,6.9242,12.6120
679.9153,361.3750,7.0281,12.8012
679.9153,362.3790,7.0281,12.8012
679.9153,362.3790,7.0281,12.8012
680.9193,363.3830,7.0281,12.8012
680.9720,363.4790,6.9227,12.6092
681.9239,363.3845,7.0265,12.7983
682.9277,363.3845,7.0265,12.7983
682.9277,363.3845,7.0265,12.7983
683.9691,363.4804,6.9211,12.6063
684.9578,363.4804,6.9211,12.6063
685.9095,362.3824,7.0249,12.7954
686.9130,362.3824,7.0249,12.7954
687.9166,362.3824,7.0249,12.7954
689.9237,361.3788,7.0249,12.7954
690.9273,361.3788,7.0249,12.7954
692.9344,361.3788,7.0249,12.7954
694.9415,361.3788,7.0249,12.7954
696.9487,361.3788,7.0249,12.7954
698.9558,362.3824,7.0249,12.7954
701.9665,362.3824,7.0249,12.7954
704.9772,362.3824,7.0249,12.7954
706.9843,362.3824,7.0249,12.7954
709.9950,362.3824,7.0249,12.7954
712.0021,362.3824,7.0249,12.7954
714.0092,362.3824,7.0249,12.7954
717.0199,363.3859,7.0249,12.7954
718.0235,359.3716,7.0249,12.7954
721.0342,359.3716,7.0249,12.7954
723.0413,360.3752,7.0249,12.7954
725.0710,361.4597,6.9196,12.6035
728.0291,362.3685,7.0234,12.7925
731.0391,363.3718,7.0234,12.7925
735.0525,364.3752,7.0234,12.7925
2
0
0
0
0
0
2
0
0
0
0
0
2
0
0
0
0
0
2
0
0
0
0
0
2
0
0
0
0
0
2
0
0
0
0
0
2
0
0
0
0
0
2
0
0
0
0
0
2
0
0
0
0
0
2
0
0
0
0
0
2
0
0
0
0
0
2
0
0
0
0
0
2
0
0
0
0
0
2
0
0
0
0
0
2
0
0
0
0
0
2
0
0
0
0
0
2
0
0
0
0
0
2
0
0
0
0
0
2
0
0
0
0
0
2
0
0
0
0
0
2
0
0
0
0
0
2
0
0
0
0
0
2
0
0
0
0
0
2
0
0
0
0
0
2
0
0
0
0
0
2
0
0
0
0
0
2
0
0
0
0
0
2
0
0
0
0
0
2
0
0
0
0
0
2
0
0
0
0
0
2
0
0
0
0
0
2
0
0
0
0
0
2
0
0
0
0
0
2
0
0
0
0
0
2
0
0
0
0
0
2
0
0
0
0
0
2
0
0
0
0
0
2
0
0
0
0
0
2
0
0
0
0
0
2
0
0
0
0
0
2
0
0
0
0
0
2
0
0
0
0
0
2
0
0
0
0
0
2
0
0
0
0
0
2
0
0
0
0
0
2
0
0
0
0
0
2
0
0
0
0
0
2
0
0
0
0
0
2
0
0
0
0
0
2
0
0
0
0
0
2
0
0
0
0
0
2
0
0
0
0
0
2
0
0
0
0
0
2
0
0
0
0
0
2
0
0
0
0
0
2
0
0
0
0
0
2
0
0
0
0
0
2
0
0
0
0
0
2
0
0
0
0
0
2
0
0
0
0
0
2
0
0
0
0
0
2
0
0
0
0
0
2
0
0
0
0
0
2
0
0
0
0
0
2
0
0
0
0
0
2
0
0
0
0
0
2
0
0
0
0
0
2
0
0
0
0
0
2
0
0
0
0
0
2
0
0
0
0
0
2
0
0
0
0
0
2
0
0
0
0
0
2
0
0
0
0
0
2
0
0
0
0
0
2
0
0
0
0
0
2
0
0
0
0
0
2
0
0
0
0
0
2
0
0
0
0
0
2
0
0
0
0
0
2
0
0
0
0
0
2
0
0
0
0
0
2
0
0
0
0
0
2
0
0
0
0
0
2
0
0
0
0
0
2
0
0
0
0
0
2
0
0
0
0
0
2
0
0
0
0
0
2
0
0
0
0
0
2
0
0
0
0
0
2
0
0
0
0
0
2
0
0
0
0
0
2
0
0
0
0
0
2
0
0
0
0
0
2
0
0
0
0
0
2
0
0
0
0
0
2
0
0
0
0
0
2
0
0
0
0
0
2
0
0
0
0
0
2
0
0
0
0
0
2
0
0
0
0
0
2
0
0
0
0
0
2
0
0
0
0
0
2
0
0
0
0
0
2
0
0
0
0
0
2
0
0
0
0
0
2
0
0
0
0
0
2
0
0
0
0
0
2
0
0
0
0
0
2
0
0
0
0
0
2
0
0
0
0
0
2
0
0
0
0
0
2
0
0
0
0
0
2
0
0
0
0
0
2
0
0
0
0
0
2
0
0
0
0
0
2
0
0
0
0
0
2
0
0
0
0
0
2
0
0
0
0
0
2
0
0
0
0
0
2
0
0
0
0
0
2
0
0
0
0
0
2
0
0
0
0
0
2
0
0
0
0
0
2
0
0
0
0
0
2
0
0
0
0
0
