1
422.8925,249.8300,43.2150,68.3400
422.7845,249.6591,43.4311,68.6817
422.8930,249.8309,43.2139,68.3383
423.0011,250.0017,42.9978,67.9966
418.9826,250.0017,42.9978,67.9966
418.9826,250.0017,42.9978,67.9966
419.0901,250.1717,42.7829,67.6566
419.3040,250.5100,42.3550,66.9800
419.5158,250.8449,41.9315,66.3102
419.4109,250.6791,42.1411,66.6418
419.0949,250.1793,42.7733,67.6414
418.7741,249.6720,43.4149,68.6561
415.1031,250.1869,42.7636,67.6262
415.4238,250.6941,42.1222,66.6118
415.2132,250.3610,42.5434,67.2779
415.5323,250.8656,41.9053,66.2688
415.4275,250.7000,42.1148,66.6001
415.5328,250.8664,41.9042,66.2671
415.3233,250.5351,42.3232,66.9298
415.5349,250.8698,41.9000,66.2605
415.5349,250.8698,41.9000,66.2605
411.7433,251.0354,41.6905,65.9292
412.0560,251.5299,41.0652,64.9402
411.8507,251.2052,41.4758,65.5896
411.6433,250.8772,41.8906,66.2455
411.6433,250.8772,41.8906,66.2455
411.9575,251.3741,41.2622,65.2519
412.0606,251.5372,41.0559,64.9256
412.0606,251.5372,41.0559,64.9256
412.0606,251.5372,41.0559,64.9256
408.1018,251.3749,41.2612,65.2502
407.9987,251.2118,41.4675,65.5765
407.7914,250.8839,41.8822,66.2322
407.5819,250.5527,42.3010,66.8946
407.7934,250.8872,41.8780,66.2256
408.1075,251.3839,41.2498,65.2322
408.2106,251.5470,41.0435,64.9061
408.4159,251.8715,40.6331,64.2570
408.2127,251.5502,41.0394,64.8996
408.1101,251.3880,41.2446,65.2241
408.0070,251.2249,41.4509,65.5502
408.0070,251.2249,41.4509,65.5502
408.2142,251.5526,41.0364,64.8947
408.2142,251.5526,41.0364,64.8947
408.2142,251.5526,41.0364,64.8947
408.2142,251.5526,41.0364,64.8947
408.5220,252.0394,40.4208,63.9213
408.7241,252.3590,40.0166,63.2821
408.7241,252.3590,40.0166,63.2821
412.4640,252.3590,40.0166,63.2821
412.2639,252.0426,40.4168,63.9149
412.1629,251.8828,40.6189,64.2345
412.3660,252.2039,40.2127,63.5921
412.3660,252.2039,40.2127,63.5921
416.1241,252.2039,40.2127,63.5921
416.2247,252.3629,40.0116,63.2742
419.8014,248.2698,40.4117,63.9069
419.7004,248.1100,40.6138,64.2264
419.7004,248.1100,40.6138,64.2264
423.7437,248.5917,40.0046,63.2630
423.9438,248.9080,39.6045,62.6304
424.0428,249.0646,39.4065,62.3173
424.2398,249.3762,39.0124,61.6941
423.9472,248.9135,39.5976,62.6195
427.8089,249.2266,39.2016,61.9933
428.1029,249.6915,38.6136,61.0634
427.9099,249.3862,38.9998,61.6740
427.9099,249.3862,38.9998,61.6740
427.9099,245.7413,38.9998,61.6740
427.8123,245.5872,39.1948,61.9824
427.8123,245.5872,39.1948,61.9824
427.6164,245.2773,39.5867,62.6022
427.8143,245.5903,39.1908,61.9762
428.1082,246.0551,38.6030,61.0466
428.1082,246.0551,38.6030,61.0466
427.8187,245.5972,39.1820,61.9623
427.8187,245.5972,39.1820,61.9623
428.1126,246.0620,38.5943,61.0328
427.8231,245.6042,39.1732,61.9483
427.9211,245.7591,38.9773,61.6386
431.8015,246.2214,38.3927,60.7140
431.7055,246.0696,38.5846,61.0176
431.4161,245.6120,39.1634,61.9328
431.7098,246.0764,38.5760,61.0038
431.9027,246.3815,38.1902,60.3938
432.1891,246.8344,37.6173,59.4879
432.0951,246.6857,37.8054,59.7853
431.8116,242.6511,38.3725,60.6821
431.8116,242.6511,38.3725,60.6821
431.8116,242.6511,38.3725,60.6821
432.0994,243.1062,37.7969,59.7719
432.1938,243.2556,37.6079,59.4730
435.7851,243.4043,37.4199,59.1757
435.8786,243.5523,37.2328,58.8798
435.9717,243.6995,37.0466,58.5854
435.8791,243.5530,37.2319,58.8783
435.8791,243.5530,37.2319,58.8783
435.8791,243.5530,37.2319,58.8783
435.9722,243.7002,37.0457,58.5839
436.1574,240.5655,36.6753,57.9981
436.3408,240.8555,36.3085,57.4181
436.5223,241.1426,35.9454,56.8439
436.3426,240.8584,36.3049,57.4124
436.6149,241.2890,35.7603,56.5512
439.7389,240.8648,36.2967,57.3994
440.0111,241.2953,35.7523,56.5384
439.7430,240.8713,36.2885,57.3865
439.8337,237.6403,36.1071,57.0996
439.6531,237.3548,36.4682,57.6706
439.3796,236.9222,37.0152,58.5356
439.6573,237.3613,36.4600,57.6576
443.2130,237.6496,36.0954,57.0810
443.1227,237.5069,36.2758,57.3664
443.1227,237.5069,36.2758,57.3664
442.8506,233.6355,36.8200,58.2269
446.2169,233.4899,37.0041,58.5181
446.0319,233.1973,37.3741,59.1032
446.3122,230.2001,36.8135,58.2167
446.1281,229.9090,37.1816,58.7989
449.3763,229.4680,37.7394,59.6809
449.6594,229.9156,37.1733,58.7856
449.7523,230.0626,36.9874,58.4917
449.4749,226.1153,37.5422,59.3691
449.7564,226.5605,36.9791,58.4785
449.7564,226.5605,36.9791,58.4785
453.4379,226.9991,36.4244,57.6014
453.6201,227.2871,36.0602,57.0254
453.8905,227.7148,35.5192,56.1700
453.8905,224.3953,35.5192,56.1700
453.8017,224.2548,35.6968,56.4508
453.5340,223.8315,36.2323,57.2976
453.7151,224.1180,35.8700,56.7246
457.1404,224.2598,35.6906,56.4410
457.4081,224.6831,35.1553,55.5944
457.4081,221.3975,35.1553,55.5944
457.4081,221.3975,35.1553,55.5944
457.2323,217.8012,35.5068,56.1503
457.0548,217.5204,35.8619,56.7118
456.7858,217.0951,36.3998,57.5625
457.0588,214.1760,35.8538,56.6991
460.4825,214.3177,35.6745,56.4156
460.7501,211.4568,35.1394,55.5693
460.4865,211.0400,35.6665,56.4029
460.2190,207.2337,36.2015,57.2489
460.1285,207.0905,36.3825,57.5352
460.4014,204.1728,35.8368,56.6721
460.2222,203.8895,36.1952,57.2389
460.4032,204.1757,35.8332,56.6665
460.4032,200.8268,35.8332,56.6665
463.6064,200.5434,36.1915,57.2331
463.5159,197.0010,36.3725,57.5193
463.7887,197.4324,35.8269,56.6565
463.5200,193.6090,36.3643,57.5064
463.6109,193.7527,36.1825,57.2188
463.8823,194.1819,35.6398,56.3605
463.8823,190.8511,35.6398,56.3605
467.2131,190.8511,35.6398,56.3605
467.1240,190.7102,35.8180,56.6423
467.3031,190.9934,35.4598,56.0759
467.5691,188.1497,34.9279,55.2348
467.5691,188.1497,34.9279,55.2348
467.4817,188.0116,35.1025,55.5110
470.9764,188.4279,34.5760,54.6783
471.0628,188.5646,34.4031,54.4049
470.9768,185.1973,34.5751,54.6769
471.0633,185.3340,34.4022,54.4035
470.8052,184.9259,34.9183,55.2196
470.5434,184.5118,35.4420,56.0479
470.7206,181.5128,35.0876,55.4874
470.5451,181.2354,35.4385,56.0423
474.0732,181.6557,34.9069,55.2016
474.1605,181.7937,34.7324,54.9256
474.2473,181.9310,34.5587,54.6510
474.0746,178.3957,34.9043,55.1975
470.8125,178.3957,34.9043,55.1975
470.8125,178.3957,34.9043,55.1975
470.8125,178.3957,34.9043,55.1975
471.0742,178.8096,34.3807,54.3696
470.8164,175.1405,34.8965,55.1851
467.7621,175.4165,34.5475,54.6332
468.0212,175.8262,34.0293,53.8138
467.8511,175.5571,34.3696,54.3519
467.7652,172.1931,34.5414,54.6236
467.7652,172.1931,34.5414,54.6236
467.5925,171.9200,34.8868,55.1699
464.5391,172.1958,34.5380,54.6182
464.2800,168.5099,35.0560,55.4375
464.5429,168.9257,34.5302,54.6059
464.5429,168.9257,34.5302,54.6059
464.5429,168.9257,34.5302,54.6059
464.5429,168.9257,34.5302,54.6059
464.6293,165.8512,34.3575,54.3329
464.6293,165.8512,34.3575,54.3329
464.3716,165.4437,34.8729,55.1479
461.4229,165.8573,34.3498,54.3206
461.4229,165.8573,34.3498,54.3206
461.2511,165.5857,34.6933,54.8638
461.4246,169.0700,34.3464,54.3152
461.5105,169.2058,34.1747,54.0436
461.6813,169.4760,33.8329,53.5032
461.5122,169.2085,34.1712,54.0382
458.5214,169.4787,33.8295,53.4978
458.3522,169.2112,34.1678,54.0328
458.5231,169.4814,33.8261,53.4925
458.3539,169.2139,34.1644,54.0274
458.3539,172.4068,34.1644,54.0274
458.3539,172.4068,34.1644,54.0274
458.3539,172.4068,34.1644,54.0274
458.2685,172.2718,34.3352,54.2976
458.5260,175.8398,33.8202,53.4831
458.7797,176.2409,33.3129,52.6808
458.8630,176.3726,33.1463,52.4174
458.8630,176.3726,33.1463,52.4174
458.7801,176.2415,33.3121,52.6795
458.8634,179.4709,33.1455,52.4161
458.7805,179.3399,33.3112,52.6782
458.7805,179.3399,33.3112,52.6782
458.7805,182.4531,33.3112,52.6782
458.5307,182.0580,33.8109,53.4684
458.5307,185.2179,33.8109,53.4684
458.7843,185.6189,33.3037,52.6664
459.0341,189.0797,32.8042,51.8764
459.2801,189.4688,32.3121,51.0982
459.2801,192.4886,32.3121,51.0982
459.2801,192.4886,32.3121,51.0982
459.2801,195.5085,32.3121,51.0982
459.2801,195.5085,32.3121,51.0982
459.2801,198.5283,32.3121,51.0982
459.2801,198.5283,32.3121,51.0982
459.2801,201.5481,32.3121,51.0982
459.3609,204.6806,32.1506,50.8427
459.5216,204.9348,31.8290,50.3343
459.2829,207.5766,32.3065,51.0893
459.5252,207.9597,31.8219,50.3230
456.2679,210.6009,32.2992,51.0778
456.3487,213.7322,32.1377,50.8224
456.2683,213.6051,32.2984,51.0765
456.5106,216.9614,31.8139,50.3104
456.2719,216.5841,32.2911,51.0651
456.2719,219.6020,32.2911,51.0651
456.1105,219.3466,32.6140,51.5757
456.2736,222.6221,32.2879,51.0599
456.0314,222.2391,32.7722,51.8258
456.2772,222.6278,32.2806,51.0485
453.2603,222.6278,32.2806,51.0485
453.2603,225.6447,32.2806,51.0485
453.2603,225.6447,32.2806,51.0485
453.0182,225.2619,32.7649,51.8142
453.1001,228.4382,32.6010,51.5551
453.3446,228.8249,32.1120,50.7818
453.2643,228.6979,32.2726,51.0357
453.2643,228.6979,32.2726,51.0357
453.1030,231.4890,32.5953,51.5461
450.3469,231.8756,32.1064,50.7729
450.1061,231.4948,32.5880,51.5345
450.0246,231.3660,32.7509,51.7921
450.1065,234.5410,32.5872,51.5332
450.1065,234.5410,32.5872,51.5332
450.0250,234.4122,32.7501,51.7908
450.1069,234.5416,32.5863,51.5319
450.3513,234.9281,32.0975,50.7589
450.5920,235.3088,31.6161,49.9975
450.8291,235.6838,31.1418,49.2476
450.7513,232.6357,31.2975,49.4938
450.5948,232.3882,31.6105,49.9887
450.5948,232.3882,31.6105,49.9887
450.5948,232.3882,31.6105,49.9887
450.8319,232.7631,31.1364,49.2389
453.5519,232.3938,31.6034,49.9775
453.5519,232.3938,31.6034,49.9775
453.7890,232.7687,31.1294,49.2278
453.5555,229.4465,31.5963,49.9662
453.5555,229.4465,31.5963,49.9662
453.3185,229.0718,32.0702,50.7157
453.2383,228.9450,32.2306,50.9693
453.2383,228.9450,32.2306,50.9693
453.3995,229.1998,31.9083,50.4596
456.3167,229.0737,32.0678,50.7119
456.0762,228.6934,32.5488,51.4726
456.0762,225.6514,32.5488,51.4726
456.1576,225.7801,32.3861,51.2152
456.0766,225.6521,32.5480,51.4713
456.2393,225.9094,32.2226,50.9566
456.0782,225.6546,32.5448,51.4662
456.3223,226.0406,32.0566,50.6942
456.5627,226.4208,31.5758,49.9338
456.6417,226.5457,31.4179,49.6841
456.7988,226.7941,31.1037,49.1872
457.0320,224.2997,30.6371,48.4494
457.0320,224.2997,30.6371,48.4494
456.8023,223.9363,31.0967,49.1762
459.5189,223.5675,31.5632,49.9138
459.5189,223.5675,31.5632,49.9138
459.5189,223.5675,31.5632,49.9138
459.7556,223.9419,31.0897,49.1651
459.7556,223.9419,31.0897,49.1651
459.5224,223.5731,31.5560,49.9026
459.7591,223.9474,31.0827,49.1541
459.5260,223.5788,31.5490,49.8914
459.7626,223.9529,31.0757,49.1430
459.7626,223.9529,31.0757,49.1430
459.9957,221.4608,30.6096,48.4058
459.7661,221.0977,31.0687,49.1319
459.5331,220.7293,31.5348,49.8689
459.7696,221.1033,31.0617,49.1209
459.6143,220.8577,31.3724,49.6121
459.8496,221.2298,30.9018,48.8679
459.9268,221.3519,30.7473,48.6236
459.9268,221.3519,30.7473,48.6236
459.9268,221.3519,30.7473,48.6236
459.9268,221.3519,30.7473,48.6236
457.1445,221.4735,30.5935,48.3805
457.0680,218.4790,30.7465,48.6224
457.0680,218.4790,30.7465,48.6224
457.0680,218.4790,30.7465,48.6224
457.0680,218.4790,30.7465,48.6224
457.1449,218.6006,30.5928,48.3792
457.0684,218.4796,30.7457,48.6211
457.0684,218.4796,30.7457,48.6211
456.9147,218.2365,31.0532,49.1073
456.9147,218.2365,31.0532,49.1073
457.0699,218.4821,30.7426,48.6163
457.0699,218.4821,30.7426,48.6163
457.0699,218.4821,30.7426,48.6163
454.1968,218.4821,30.7426,48.6163
454.1968,215.6089,30.7426,48.6163
454.1968,215.6089,30.7426,48.6163
454.1968,215.6089,30.7426,48.6163
454.1968,215.6089,30.7426,48.6163
454.1968,215.6089,30.7426,48.6163
454.1968,215.6089,30.7426,48.6163
454.1968,215.6089,30.7426,48.6163
454.1968,215.6089,30.7426,48.6163
454.1968,215.6089,30.7426,48.6163
454.1968,215.6089,30.7426,48.6163
454.1968,215.6089,30.7426,48.6163
454.4274,215.9736,30.2815,47.8870
454.2003,215.6144,30.7357,48.6053
457.0728,215.6144,30.7357,48.6053
457.0728,215.6144,30.7357,48.6053
457.3033,215.9789,30.2747,47.8763
457.5303,216.3380,29.8206,47.1581
457.5303,216.3380,29.8206,47.1581
457.5303,216.3380,29.8206,47.1581
457.7540,213.9465,29.3733,46.4507
457.5337,213.5982,29.8139,47.1475
457.3101,213.2446,30.2611,47.8547
457.5370,213.6035,29.8072,47.1369
457.3880,213.3678,30.1052,47.6083
460.2016,213.3678,30.1052,47.6083
459.9758,213.0107,30.5568,48.3224
459.8994,210.0199,30.7096,48.5640
459.8226,209.8984,30.8631,48.8068
459.8998,210.0205,30.7088,48.5628
459.8998,210.0205,30.7088,48.5628
459.7462,209.7776,31.0159,49.0484
459.9013,210.0229,30.7057,48.5579
459.8245,209.9015,30.8593,48.8007
459.9788,210.1455,30.5507,48.3127
459.7497,206.8851,31.0089,49.0374
459.7497,206.8851,31.0089,49.0374
459.9048,207.1303,30.6989,48.5470
459.9048,207.1303,30.6989,48.5470
459.9048,207.1303,30.6989,48.5470
459.8280,207.0089,30.8524,48.7898
459.9051,207.1309,30.6981,48.5458
459.9051,207.1309,30.6981,48.5458
459.9051,207.1309,30.6981,48.5458
459.9051,207.1309,30.6981,48.5458
460.1354,207.4950,30.2376,47.8176
460.2110,207.6145,30.0864,47.5785
459.9853,204.4037,30.5377,48.2922
459.9853,204.4037,30.5377,48.2922
459.9853,204.4037,30.5377,48.2922
459.9090,204.2830,30.6904,48.5337
459.9857,204.4043,30.5370,48.2910
459.9094,204.2836,30.6896,48.5325
459.9094,204.2836,30.6896,48.5325
459.9861,204.4049,30.5362,48.2898
459.9097,204.2842,30.6889,48.5312
459.9865,204.4055,30.5354,48.2886
459.9865,204.4055,30.5354,48.2886
459.9865,204.4055,30.5354,48.2886
460.1391,204.6470,30.2301,47.8057
459.9880,201.5544,30.5324,48.2838
460.2170,201.9166,30.0744,47.5595
459.9914,201.5599,30.5255,48.2729
459.9914,201.5599,30.5255,48.2729
459.9151,201.4392,30.6781,48.5143
459.9151,201.4392,30.6781,48.5143
460.0685,201.6818,30.3714,48.0291
460.2204,201.9219,30.0676,47.5488
460.1452,201.8030,30.2180,47.7866
460.1452,201.8030,30.2180,47.7866
460.2963,202.0420,29.9158,47.3087
460.2215,201.9237,30.0654,47.5453
459.9960,198.7151,30.5164,48.2584
459.8434,198.4738,30.8215,48.7410
460.0746,198.8394,30.3592,48.0099
459.9987,198.7194,30.5110,48.2500
460.2275,199.0812,30.0533,47.5262
460.0772,198.8436,30.3539,48.0015
459.8496,198.4836,30.8092,48.7215
459.9266,198.6054,30.6551,48.4779
460.0032,198.7266,30.5019,48.2355
460.2320,199.0884,30.0443,47.5120
460.3071,199.2071,29.8941,47.2744
460.3071,199.2071,29.8941,47.2744
460.5313,199.5617,29.4457,46.5653
460.3841,199.3289,29.7401,47.0309
460.3841,199.3289,29.7401,47.0309
460.2354,199.0937,30.0375,47.5012
460.3105,196.4193,29.8874,47.2637
460.0863,196.0648,30.3357,47.9727
459.8588,195.7050,30.7907,48.6923
459.8588,195.7050,30.7907,48.6923
459.9358,195.8267,30.6368,48.4488
459.8592,195.7056,30.7899,48.6911
460.0901,196.0708,30.3281,47.9607
459.8627,195.7111,30.7830,48.6801
459.6318,195.3460,31.2448,49.4103
456.7117,195.3460,31.2448,49.4103
456.6336,195.2224,31.4010,49.6574
456.8691,195.5949,30.9300,48.9125
457.1011,195.9617,30.4660,48.1788
456.9488,195.7208,30.7707,48.6606
456.9488,195.7208,30.7707,48.6606
456.9488,195.7208,30.7707,48.6606
456.9488,195.7208,30.7707,48.6606
457.1795,196.0858,30.3091,47.9307
457.4069,196.4453,29.8545,47.2117
457.4069,196.4453,29.8545,47.2117
457.4069,196.4453,29.8545,47.2117
454.3510,196.0912,30.3023,47.9199
454.1237,195.7318,30.7568,48.6387
454.1237,195.7318,30.7568,48.6387
454.2006,195.8534,30.6030,48.3955
454.4301,196.2163,30.1440,47.6696
454.5808,196.4547,29.8426,47.1929
454.5808,196.4547,29.8426,47.1929
451.7918,196.4547,29.8426,47.1929
451.5680,196.1007,30.2902,47.9008
451.7952,196.4600,29.8358,47.1823
451.5714,196.1061,30.2834,47.8900
451.7985,196.4653,29.8291,47.1717
451.7985,196.4653,29.8291,47.1717
449.0107,196.4653,29.8291,47.1717
448.7870,196.1115,30.2766,47.8792
448.7870,196.1115,30.2766,47.8792
448.7870,196.1115,30.2766,47.8792
448.7870,196.1115,30.2766,47.8792
445.9575,196.1115,30.2766,47.8792
445.9575,198.9411,30.2766,47.8792
446.1088,199.1805,29.9738,47.4004
445.9590,198.9435,30.2735,47.8744
445.9590,198.9435,30.2735,47.8744
442.9500,198.7041,30.5763,48.3532
442.7207,198.3415,31.0349,49.0785
442.5655,198.0961,31.3453,49.5693
442.8006,198.4678,30.8751,48.8257
443.0322,198.8340,30.4120,48.0933
442.8801,198.5936,30.7161,48.5743
440.2829,198.9579,30.2553,47.8457
440.5098,199.3167,29.8015,47.1280
440.5098,199.3167,29.8015,47.1280
440.5098,199.3167,29.8015,47.1280
437.9899,199.6702,29.3545,46.4211
437.9899,196.9268,29.3545,46.4211
437.9899,196.9268,29.3545,46.4211
437.9165,196.8107,29.5013,46.6532
434.9843,196.5775,29.7963,47.1197
434.9843,199.3622,29.7963,47.1197
434.7608,199.0088,30.2432,47.8265
434.7608,199.0088,30.2432,47.8265
431.9344,199.0088,30.2432,47.8265
431.9344,199.0088,30.2432,47.8265
431.9344,199.0088,30.2432,47.8265
432.1612,202.1515,29.7896,47.1091
429.2003,201.9160,30.0875,47.5802
429.1251,201.7970,30.2379,47.8181
428.8983,201.4384,30.6915,48.5354
429.1285,201.8024,30.2311,47.8073
426.1237,201.5634,30.5334,48.2854
426.3528,201.9255,30.0754,47.5611
426.4279,202.0444,29.9250,47.3233
423.5424,201.9261,30.0747,47.5599
423.3920,201.6883,30.3754,48.0355
423.2402,201.4481,30.6792,48.5159
423.0101,201.0843,31.1393,49.2436
420.3770,201.4536,30.6723,48.5050
420.5304,201.6961,30.3655,48.0199
420.3786,201.4560,30.6692,48.5001
417.6033,201.5773,30.5158,48.2576
417.5270,201.4566,30.6684,48.4989
417.6804,201.6991,30.3617,48.0139
417.6804,201.6991,30.3617,48.0139
414.8428,201.6991,30.3617,48.0139
414.7669,201.5791,30.5135,48.2540
414.9195,201.8203,30.2084,47.7714
411.9170,201.5815,30.5105,48.2492
412.1458,201.9434,30.0528,47.5254
412.0707,201.8245,30.2031,47.7630
409.0687,201.5857,30.5051,48.2407
408.9925,201.4651,30.6577,48.4819
408.9158,204.2234,30.8109,48.7243
405.7620,203.8580,31.2731,49.4552
405.9966,204.2289,30.8040,48.7133
406.0736,204.3507,30.6500,48.4698
403.1181,204.2295,30.8032,48.7121
403.1951,204.3513,30.6492,48.4685
403.4250,204.7148,30.1895,47.7415
400.3348,204.3568,30.6423,48.4576
400.3348,204.3568,30.6423,48.4576
400.4114,204.4779,30.4891,48.2154
400.3352,204.3574,30.6416,48.4564
400.3352,204.3574,30.6416,48.4564
400.4118,204.4785,30.4884,48.2141
400.3356,204.3580,30.6408,48.4552
400.2590,204.2368,30.7940,48.6975
403.2621,204.4803,30.4861,48.2105
403.1859,204.3598,30.6385,48.4516
403.1859,204.3598,30.6385,48.4516
403.1859,204.3598,30.6385,48.4516
406.2361,204.7232,30.1789,47.7248
406.3116,204.8425,30.0280,47.4862
406.1615,204.6051,30.3283,47.9610
408.8726,204.3653,30.6316,48.4407
411.5486,201.0963,31.0911,49.1673
414.3911,200.9733,31.2465,49.4131
420.2805,201.0969,31.0903,49.1660
426.2377,201.4656,30.6239,48.4285
431.8180,198.1974,31.0833,49.1550
440.5329,198.1974,31.0833,49.1550
449.3503,198.5661,30.6170,48.4176
460.7766,198.4450,30.7701,48.6597
469.3362,195.2973,31.0778,49.1463
478.1519,195.6659,30.6117,48.4091
486.8019,195.9079,30.3055,47.9250
495.1989,195.5485,30.7601,48.6439
500.8522,192.4017,31.0677,49.1304
506.5620,192.1561,31.3784,49.6217
509.4945,192.1561,31.3784,49.6217
512.2357,191.7839,31.8491,50.3660
512.4746,192.1617,31.3713,49.6105
512.7099,192.5338,30.9008,48.8663
512.9417,192.9002,30.4373,48.1333
513.0177,193.0206,30.2851,47.8927
516.0328,193.3798,29.8308,47.1743
516.0328,193.3798,29.8308,47.1743
516.0328,193.3798,29.8308,47.1743
516.2565,193.7336,29.3833,46.4667
516.0361,193.3851,29.8241,47.1637
518.8234,193.3851,29.8241,47.1637
518.5998,190.2022,30.2714,47.8711
521.4904,190.3219,30.1201,47.6318
524.2441,190.2028,30.2707,47.8699
527.2578,190.5619,29.8166,47.1519
527.4069,190.7976,29.5185,46.6804
530.1656,190.7976,29.5185,46.6804
532.9243,190.7976,29.5185,46.6804
535.6830,190.7976,29.5185,46.6804
538.5618,191.0310,29.2233,46.2136
538.6349,191.1466,29.0772,45.9825
541.5297,191.4914,28.6410,45.2928
544.1482,188.6881,28.7842,45.5192
546.8968,188.8019,28.6403,45.2916
546.9684,188.9151,28.4971,45.0652
549.5737,188.8024,28.6396,45.2905
549.7886,189.1421,28.2100,44.6111
552.3103,188.9191,28.4921,45.0572
554.9152,188.8064,28.6345,45.2825
554.7004,185.7505,29.0641,45.9618
557.4167,185.7505,29.0641,45.9618
560.3102,186.0953,28.6281,45.2723
562.9857,186.0953,28.6281,45.2723
562.9142,185.9821,28.7712,45.4987
565.6616,183.4204,28.6274,45.2712
565.5900,183.3072,28.7705,45.4976
568.3958,183.5347,28.4828,45.0426
571.1157,183.6473,28.3404,44.8174
571.3282,183.9834,27.9153,44.1451
573.7668,181.0043,28.3340,44.8073
573.9085,181.2283,28.0507,44.3592
576.3590,180.8956,28.4714,45.0246
576.4302,178.3606,28.3291,44.7995
576.2177,178.0246,28.7540,45.4715
576.3615,178.2520,28.4665,45.0168
576.2903,178.1394,28.6088,45.2418
578.7896,175.0863,29.0379,45.9205
578.6444,174.8567,29.3283,46.3797
581.3257,174.7407,29.4750,46.6116
581.5468,175.0903,29.0328,45.9124
584.0831,171.9919,29.4683,46.6011
586.7174,171.7589,29.7630,47.0671
586.6429,171.6413,29.9118,47.3024
589.6208,171.9960,29.4632,46.5929
589.6208,169.2425,29.4632,46.5929
592.5541,169.5919,29.0212,45.8940
592.5541,169.5919,29.0212,45.8940
595.4434,169.9361,28.5859,45.2056
597.9406,166.8854,29.0147,45.8837
600.8292,167.2296,28.5795,45.1954
603.5002,167.2296,28.5795,45.1954
606.2874,167.4555,28.2937,44.7435
608.9316,164.8112,28.2937,44.7435
611.7484,165.1468,27.8693,44.0723
614.3530,165.1468,27.8693,44.0723
617.1276,165.4774,27.4512,43.4112
619.5257,162.5478,27.8630,44.0624
622.2996,162.8782,27.4450,43.4015
624.8646,162.8782,27.4450,43.4015
627.2622,159.9493,27.8567,44.0525
630.0355,160.2797,27.4389,43.3917
632.4326,159.9543,27.8505,44.0426
635.0354,157.3514,27.8505,44.0426
637.8081,157.6817,27.4327,43.3819
640.3161,157.5733,27.5699,43.5988
643.0609,157.9003,27.1563,42.9449
645.6541,155.4823,27.0205,42.7301
648.0145,155.1619,27.4258,43.3711
653.1409,155.1619,27.4258,43.3711
655.6483,155.0534,27.5630,43.5879
658.2803,152.5993,27.4252,43.3700
660.8434,152.5993,27.4252,43.3700
663.5737,152.9246,27.0138,42.7195
666.2082,150.6388,26.7436,42.2923
668.7076,150.6388,26.7436,42.2923
671.2070,150.6388,26.7436,42.2923
676.2896,150.8502,26.4762,41.8693
678.7101,148.2588,26.6086,42.0787
681.1428,148.1536,26.7416,42.2891
686.0576,147.9421,27.0090,42.7120
688.5818,147.9421,27.0090,42.7120
693.6302,145.4179,27.0090,42.7120
698.8054,145.7383,26.6039,42.0713
703.7781,145.7383,26.6039,42.0713
708.6259,145.4227,27.0030,42.7024
713.7577,145.6362,26.7329,42.2753
718.8801,145.9533,26.3319,41.6412
726.3496,146.2656,25.9370,41.0166
731.1976,146.2656,25.9370,41.0166
736.0862,146.3682,25.8073,40.8115
740.9100,146.3682,25.8073,40.8115
745.7338,146.3682,25.8073,40.8115
750.6788,146.6743,25.4202,40.1993
755.3507,146.4733,25.6744,40.6013
757.7502,146.4733,25.6744,40.6013
760.3062,146.7778,25.2893,39.9923
762.7725,146.9777,25.0364,39.5924
765.2650,147.2747,24.6608,38.9985
767.5698,147.2747,24.6608,38.9985
769.8745,147.2747,24.6608,38.9985
772.3297,149.8373,24.2909,38.4135
774.6492,149.9334,24.1694,38.2215
779.2803,150.2200,23.8069,37.6481
781.5053,150.2200,23.8069,37.6481
783.7302,150.2200,23.8069,37.6481
785.9552,152.4450,23.8069,37.6481
788.3253,152.7273,23.4498,37.0834
792.7084,152.7273,23.4498,37.0834
794.9954,152.9128,23.2153,36.7126
797.2122,155.1633,23.0992,36.5290
799.3710,155.1633,23.0992,36.5290
803.7248,155.2547,22.9837,36.3464
805.8260,157.3225,23.0987,36.5281
810.1436,157.3225,23.0987,36.5281
812.3023,157.3225,23.0987,36.5281
814.3203,157.0486,23.4451,37.0760
818.7025,159.2397,23.4451,37.0760
823.1949,159.5178,23.0935,36.5199
825.4940,161.9176,22.7471,35.9721
829.7457,161.9176,22.7471,35.9721
831.8716,161.9176,22.7471,35.9721
834.0438,164.1228,22.6333,35.7922
838.3806,164.3912,22.2938,35.2553
842.5477,166.4747,22.2938,35.2553
844.6312,166.4747,22.2938,35.2553
846.7147,168.5583,22.2938,35.2553
850.9865,170.8750,21.9594,34.7265
853.0834,173.0038,21.8496,34.5529
857.1674,175.0458,21.8496,34.5529
859.2095,177.0879,21.8496,34.5529
861.2071,177.0015,21.9589,34.7256
863.3040,179.1303,21.8491,34.5520
865.3459,181.1722,21.8491,34.5520
867.5211,183.4427,21.5213,34.0337
869.5762,185.5291,21.4137,33.8636
871.5775,185.5291,21.4137,33.8636
871.5775,187.5303,21.4137,33.8636
873.7094,189.7556,21.0925,33.3556
875.6806,191.7269,21.0925,33.3556
877.6519,191.7269,21.0925,33.3556
877.6519,191.7269,21.0925,33.3556
879.6232,191.7269,21.0925,33.3556
879.6232,191.7269,21.0925,33.3556
879.6232,191.7269,21.0925,33.3556
881.5944,191.7269,21.0925,33.3556
881.5944,191.7269,21.0925,33.3556
881.5944,189.7556,21.0925,33.3556
879.5605,189.6722,21.1980,33.5224
879.6135,187.7848,21.0920,33.3548
879.6135,187.7848,21.0920,33.3548
879.6135,185.8136,21.0920,33.3548
877.6423,185.8136,21.0920,33.3548
877.6423,183.8424,21.0920,33.3548
875.6711,181.8712,21.0920,33.3548
875.6711,181.8712,21.0920,33.3548
875.6711,179.8999,21.0920,33.3548
875.6711,179.8999,21.0920,33.3548
873.6999,177.9287,21.0920,33.3548
873.6999,175.9575,21.0920,33.3548
873.6999,175.9575,21.0920,33.3548
873.6999,173.9863,21.0920,33.3548
873.6999,173.9863,21.0920,33.3548
873.6999,172.0151,21.0920,33.3548
873.8581,170.3236,20.7756,32.8545
875.8420,170.4057,20.6717,32.6902
875.9970,170.6509,20.3617,32.1998
876.0479,168.8380,20.2598,32.0388
878.0649,169.0783,19.9560,31.5582
878.2146,167.4779,19.6566,31.0849
878.3129,167.6333,19.4600,30.7740
880.1315,165.8146,19.4600,30.7740
880.0342,163.8239,19.6546,31.0818
881.9510,163.9793,19.4581,30.7709
882.0970,162.4188,19.1662,30.3094
883.9272,162.4946,19.0704,30.1578
885.7870,160.8809,18.8797,29.8563
885.8814,161.0302,18.6909,29.5577
887.7422,161.2519,18.4105,29.1143
889.3505,159.2871,18.6867,29.5510
889.2571,159.1393,18.8736,29.8466
891.1360,157.6258,18.5905,29.3989
892.9869,156.1349,18.3116,28.9579
896.3809,154.3426,18.4032,29.1027
898.1757,154.4881,18.2191,28.8116
899.8784,152.7854,18.2191,28.8116
901.6181,152.8574,18.1280,28.6676
903.2755,151.0831,18.2187,28.8109
903.4121,149.6220,17.9454,28.3788
905.1987,148.1829,17.6762,27.9531
906.7788,148.0431,17.8530,28.2326
906.9127,146.6114,17.5852,27.8091
908.4490,144.7347,17.8490,28.2262
910.2260,144.9464,17.5812,27.8029
910.3578,143.5364,17.3175,27.3858
912.0466,142.0711,17.1443,27.1120
913.5444,141.8677,17.4015,27.5186
915.2768,140.4722,17.1405,27.1059
916.9136,140.5400,17.0548,26.9703
918.6115,140.7423,16.7989,26.5658
920.0790,138.9495,17.0509,26.9643
921.7419,139.0843,16.8804,26.6946
923.2509,138.9508,17.0492,26.9616
924.8442,137.3574,17.0492,26.9616
926.4376,137.3574,17.0492,26.9616
928.0310,137.3574,17.0492,26.9616
931.1911,135.6887,17.1345,27.0964
932.6879,135.4855,17.3915,27.5028
936.0204,135.6917,17.1306,27.0903
939.3028,135.8949,16.8737,26.6839
940.7769,134.0941,17.1268,27.0842
943.8977,133.8910,17.3837,27.4904
947.1198,133.8223,17.4706,27.6279
950.3853,132.1895,17.4706,27.6279
953.5961,132.0514,17.6453,27.9042
956.9496,132.1909,17.4688,27.6251
960.1601,132.0528,17.6435,27.9014
963.4027,131.9133,17.8200,28.1804
966.7893,130.4054,17.6418,27.8986
971.7744,130.5449,17.4653,27.6196
974.9843,130.4068,17.6400,27.8958
978.2262,130.2673,17.8164,28.1748
983.2214,130.2673,17.8164,28.1748
988.2167,130.2673,17.8164,28.1748
993.2120,130.2673,17.8164,28.1748
998.1876,130.1969,17.9055,28.3156
1001.5344,130.1969,17.9055,28.3156
1003.2443,130.2677,17.8159,28.1741
1004.9093,128.6026,17.8159,28.1741
1006.5381,126.8588,17.9050,28.3149
1006.4038,126.6465,18.1736,28.7396
1006.3584,124.8677,18.2645,28.8833
1006.3584,123.1607,18.2645,28.8833
1006.3127,121.3730,18.3558,29.0278
1006.3127,119.6575,18.3558,29.0278
1006.3586,118.0232,18.2640,28.8826
1004.5975,116.2355,18.3553,29.0270
1004.7352,114.7635,18.0800,28.5916
1004.8256,111.5608,17.8992,28.3057
1006.5348,109.9671,17.8097,28.1642
1006.6683,106.8994,17.5426,27.7417
1008.3435,103.7061,17.4548,27.6030
1010.0812,100.6995,17.1930,27.1890
1011.5833,95.6028,17.4509,27.5968
1013.2142,90.7100,17.4509,27.5968
1014.9515,86.0976,17.1892,27.1829
1014.9944,81.3703,17.1032,27.0469
1016.6972,75.2753,16.8467,26.6412
1019.7670,67.0851,17.0994,27.0409
1021.3651,59.0948,17.0994,27.0409
1022.8589,52.4038,17.3559,27.4465
1024.3751,43.9661,17.6162,27.8582
1024.2429,37.0729,17.8804,28.2760
1025.9141,28.7175,17.8804,28.2760
1025.7799,21.7209,18.1486,28.7002
1025.6438,14.6194,18.4209,29.1307
1025.6438,9.4546,18.4209,29.1307
1025.7360,6.1916,18.2367,28.8394
1024.0315,-0.6259,18.2367,28.8394
1023.9404,-4.2129,18.4190,29.1278
1023.8483,-7.8358,18.6032,29.4190
1023.9413,-11.1311,18.4172,29.1249
1022.2200,-12.8524,18.4172,29.1249
1022.3582,-16.0248,18.1409,28.6880
1020.6628,-17.7202,18.1409,28.6880
2
0
0
0
0
0
2
0
0
0
0
0
2
0
0
0
0
0
2
0
0
0
0
0
2
0
0
0
0
0
2
0
0
0
0
0
2
0
0
0
0
0
2
0
0
0
0
0
2
0
0
0
0
0
2
0
0
0
0
0
2
0
0
0
0
0
2
0
0
0
0
0
2
0
0
0
0
0
2
0
0
0
0
0
2
0
0
0
0
0
2
0
0
0
0
0
2
0
0
0
0
0
2
0
0
0
0
0
2
0
0
0
0
0
2
0
0
0
0
0
2
0
0
0
0
0
2
0
0
0
0
0
2
0
0
0
0
0
2
0
0
0
0
0
2
0
0
0
0
0
2
0
0
0
0
0
2
0
0
0
0
0
2
0
0
0
0
0
2
0
0
0
0
0
2
0
0
0
0
0
2
0
0
0
0
0
2
0
0
0
0
0
2
0
0
0
0
0
2
0
0
0
0
0
2
0
0
0
0
0
2
0
0
0
0
0
2
0
0
0
0
0
2
0
0
0
0
0
2
0
0
0
0
0
2
0
0
0
0
0
2
0
0
0
0
0
2
0
0
0
0
0
2
0
0
0
0
0
2
0
0
0
0
0
2
0
0
0
0
0
2
0
0
0
0
0
2
0
0
0
0
0
2
0
0
0
0
0
2
0
0
0
0
0
2
0
0
0
0
0
2
0
0
0
0
0
2
0
0
0
0
0
2
0
0
0
0
0
2
0
0
0
0
0
2
0
0
0
0
0
2
0
0
0
0
0
2
0
0
0
0
0
2
0
0
0
0
0
2
0
0
0
0
0
2
0
0
0
0
0
2
0
0
0
0
0
2
0
0
0
0
0
2
0
0
0
0
0
2
0
0
0
0
0
2
0
0
0
0
0
2
0
0
0
0
0
2
0
0
0
0
0
2
0
0
0
0
0
2
0
0
0
0
0
2
0
0
0
0
0
2
0
0
0
0
0
2
0
0
0
0
0
2
0
0
0
0
0
2
0
0
0
0
0
2
0
0
0
0
0
2
0
0
0
0
0
2
0
0
0
0
0
2
0
0
0
0
0
2
0
0
0
0
0
2
0
0
0
0
0
2
0
0
0
0
0
2
0
0
0
0
0
2
0
0
0
0
0
2
0
0
0
0
0
2
0
0
0
0
0
