1
568.0000,28.5000,80.0000,201.0000
572.0000,32.5000,80.0000,201.0000
576.0000,36.5000,80.0000,201.0000
580.0000,36.5000,80.0000,201.0000
584.0000,40.5000,80.0000,201.0000
588.0000,40.5000,80.0000,201.0000
592.0000,44.5000,80.0000,201.0000
596.0000,48.5000,80.0000,201.0000
596.0000,52.5000,80.0000,201.0000
604.0000,56.5000,80.0000,201.0000
604.0000,56.5000,80.0000,201.0000
608.0000,60.5000,80.0000,201.0000
612.0000,64.5000,80.0000,201.0000
616.0000,68.5000,80.0000,201.0000
620.0000,72.5000,80.0000,201.0000
624.0000,72.5000,80.0000,201.0000
628.0000,76.5000,80.0000,201.0000
636.0000,80.5000,80.0000,201.0000
640.0000,84.5000,80.0000,201.0000
644.0000,84.5000,80.0000,201.0000
648.0000,88.5000,80.0000,201.0000
652.0000,92.5000,80.0000,201.0000
656.0000,96.5000,80.0000,201.0000
660.0000,100.5000,80.0000,201.0000
664.0000,104.5000,80.0000,201.0000
668.0000,108.5000,80.0000,201.0000
676.0000,112.5000,80.0000,201.0000
680.0000,116.5000,80.0000,201.0000
684.0000,120.5000,80.0000,201.0000
688.0000,124.5000,80.0000,201.0000
696.0000,128.5000,80.0000,201.0000
700.0000,132.5000,80.0000,201.0000
708.0000,132.5000,80.0000,201.0000
716.0000,136.5000,80.0000,201.0000
720.0000,140.5000,80.0000,201.0000
728.0000,144.5000,80.0000,201.0000
732.0000,148.5000,80.0000,201.0000
736.0000,152.5000,80.0000,201.0000
740.0000,156.5000,80.0000,201.0000
744.0000,160.5000,80.0000,201.0000
748.0000,164.5000,80.0000,201.0000
752.0000,168.5000,80.0000,201.0000
756.0000,172.5000,80.0000,201.0000
764.0000,176.5000,80.0000,201.0000
768.0000,176.5000,80.0000,201.0000
772.0000,180.5000,80.0000,201.0000
776.0000,180.5000,80.0000,201.0000
784.0000,180.5000,80.0000,201.0000
788.0000,184.5000,80.0000,201.0000
792.0000,184.5000,80.0000,201.0000
796.0000,188.5000,80.0000,201.0000
800.0000,188.5000,80.0000,201.0000
808.0000,192.5000,80.0000,201.0000
812.0000,196.5000,80.0000,201.0000
816.0000,200.5000,80.0000,201.0000
820.0000,204.5000,80.0000,201.0000
824.0000,208.5000,80.0000,201.0000
832.0000,208.5000,80.0000,201.0000
832.0000,212.5000,80.0000,201.0000
836.0000,212.5000,80.0000,201.0000
840.0000,212.5000,80.0000,201.0000
844.0000,216.5000,80.0000,201.0000
848.0000,220.5000,80.0000,201.0000
852.0000,220.5000,80.0000,201.0000
860.0000,220.5000,80.0000,201.0000
864.0000,220.5000,80.0000,201.0000
868.0000,220.5000,80.0000,201.0000
872.0000,224.5000,80.0000,201.0000
880.0000,224.5000,80.0000,201.0000
884.0000,228.5000,80.0000,201.0000
888.0000,232.5000,80.0000,201.0000
892.0000,236.5000,80.0000,201.0000
896.0000,240.5000,80.0000,201.0000
904.0000,244.5000,80.0000,201.0000
908.0000,248.5000,80.0000,201.0000
916.0000,252.5000,80.0000,201.0000
924.0000,256.5000,80.0000,201.0000
932.0000,260.5000,80.0000,201.0000
940.0000,260.5000,80.0000,201.0000
948.0000,260.5000,80.0000,201.0000
956.0000,264.5000,80.0000,201.0000
964.0000,264.5000,80.0000,201.0000
968.0000,264.5000,80.0000,201.0000
972.0000,268.5000,80.0000,201.0000
972.0000,276.5000,80.0000,201.0000
980.0000,272.5000,80.0000,201.0000
984.0000,272.5000,80.0000,201.0000
988.0000,272.5000,80.0000,201.0000
988.0000,272.5000,80.0000,201.0000
992.0000,268.5000,80.0000,201.0000
1000.0000,268.5000,80.0000,201.0000
1004.0000,264.5000,80.0000,201.0000
1008.0000,264.5000,80.0000,201.0000
1008.0000,264.5000,80.0000,201.0000
1012.0000,260.5000,80.0000,201.0000
1012.0000,256.5000,80.0000,201.0000
1012.0000,252.5000,80.0000,201.0000
1012.0000,252.5000,80.0000,201.0000
1016.0000,248.5000,80.0000,201.0000
1016.0000,248.5000,80.0000,201.0000
1012.0000,244.5000,80.0000,201.0000
1016.0000,240.5000,80.0000,201.0000
1016.0000,236.5000,80.0000,201.0000
1016.0000,236.5000,80.0000,201.0000
1016.0000,232.5000,80.0000,201.0000
1016.0000,232.5000,80.0000,201.0000
1016.0000,232.5000,80.0000,201.0000
1012.0000,232.5000,80.0000,201.0000
1012.0000,228.5000,80.0000,201.0000
1012.0000,228.5000,80.0000,201.0000
1012.0000,224.5000,80.0000,201.0000
1016.0000,220.5000,80.0000,201.0000
1016.0000,216.5000,80.0000,201.0000
1016.0000,212.5000,80.0000,201.0000
1016.0000,208.5000,80.0000,201.0000
1016.0000,204.5000,80.0000,201.0000
1016.0000,200.5000,80.0000,201.0000
1016.0000,196.5000,80.0000,201.0000
1024.0000,184.5000,80.0000,201.0000
1024.0000,176.5000,80.0000,201.0000
1028.0000,168.5000,80.0000,201.0000
1032.0000,160.5000,80.0000,201.0000
1036.0000,156.5000,80.0000,201.0000
1040.0000,152.5000,80.0000,201.0000
1040.0000,148.5000,80.0000,201.0000
1044.0000,144.5000,80.0000,201.0000
1044.0000,140.5000,80.0000,201.0000
1048.0000,136.5000,80.0000,201.0000
1048.0000,136.5000,80.0000,201.0000
1052.0000,128.5000,80.0000,201.0000
1052.0000,124.5000,80.0000,201.0000
1056.0000,112.5000,80.0000,201.0000
1056.0000,108.5000,80.0000,201.0000
1060.0000,100.5000,80.0000,201.0000
1060.0000,96.5000,80.0000,201.0000
1060.0000,92.5000,80.0000,201.0000
1060.0000,92.5000,80.0000,201.0000
1060.0000,88.5000,80.0000,201.0000
1056.0000,88.5000,80.0000,201.0000
1056.0000,88.5000,80.0000,201.0000
1056.0000,84.5000,80.0000,201.0000
1060.0000,76.5000,80.0000,201.0000
1060.0000,68.5000,80.0000,201.0000
1064.0000,60.5000,80.0000,201.0000
1064.0000,56.5000,80.0000,201.0000
1068.0000,48.5000,80.0000,201.0000
1068.0000,44.5000,80.0000,201.0000
1068.0000,40.5000,80.0000,201.0000
1064.0000,40.5000,80.0000,201.0000
1064.0000,40.5000,80.0000,201.0000
1060.0000,40.5000,80.0000,201.0000
1056.0000,40.5000,80.0000,201.0000
1052.0000,40.5000,80.0000,201.0000
1048.0000,36.5000,80.0000,201.0000
1048.0000,28.5000,80.0000,201.0000
1048.0000,24.5000,80.0000,201.0000
1044.0000,20.5000,80.0000,201.0000
1044.0000,12.5000,80.0000,201.0000
1040.0000,12.5000,80.0000,201.0000
1036.0000,8.5000,80.0000,201.0000
1032.0000,8.5000,80.0000,201.0000
1024.0000,8.5000,80.0000,201.0000
1020.0000,8.5000,80.0000,201.0000
1016.0000,4.5000,80.0000,201.0000
1012.0000,0.5000,80.0000,201.0000
1008.0000,-3.5000,80.0000,201.0000
1008.0000,-7.5000,80.0000,201.0000
1004.0000,-11.5000,80.0000,201.0000
1004.0000,-19.5000,80.0000,201.0000
1000.0000,-23.5000,80.0000,201.0000
1000.0000,-23.5000,80.0000,201.0000
996.0000,-27.5000,80.0000,201.0000
996.0000,-27.5000,80.0000,201.0000
992.0000,-23.5000,80.0000,201.0000
992.0000,-23.5000,80.0000,201.0000
992.0000,-23.5000,80.0000,201.0000
988.0000,-23.5000,80.0000,201.0000
988.0000,-23.5000,80.0000,201.0000
992.0000,-27.5000,80.0000,201.0000
992.0000,-31.5000,80.0000,201.0000
996.0000,-35.5000,80.0000,201.0000
996.0000,-39.5000,80.0000,201.0000
996.0000,-43.5000,80.0000,201.0000
996.0000,-43.5000,80.0000,201.0000
996.0000,-47.5000,80.0000,201.0000
992.0000,-47.5000,80.0000,201.0000
992.0000,-47.5000,80.0000,201.0000
988.0000,-47.5000,80.0000,201.0000
988.0000,-47.5000,80.0000,201.0000
984.0000,-47.5000,80.0000,201.0000
984.0000,-51.5000,80.0000,201.0000
984.0000,-59.5000,80.0000,201.0000
984.0000,-63.5000,80.0000,201.0000
980.0000,-67.5000,80.0000,201.0000
980.0000,-71.5000,80.0000,201.0000
976.0000,-75.5000,80.0000,201.0000
972.0000,-71.5000,80.0000,201.0000
968.0000,-75.5000,80.0000,201.0000
964.0000,-75.5000,80.0000,201.0000
960.0000,-71.5000,80.0000,201.0000
956.0000,-75.5000,80.0000,201.0000
952.0000,-75.5000,80.0000,201.0000
948.0000,-79.5000,80.0000,201.0000
948.0000,-83.5000,80.0000,201.0000
944.0000,-83.5000,80.0000,201.0000
940.0000,-83.5000,80.0000,201.0000
936.0000,-87.5000,80.0000,201.0000
932.0000,-87.5000,80.0000,201.0000
928.0000,-83.5000,80.0000,201.0000
924.0000,-83.5000,80.0000,201.0000
920.0000,-83.5000,80.0000,201.0000
916.0000,-79.5000,80.0000,201.0000
912.0000,-79.5000,80.0000,201.0000
908.0000,-79.5000,80.0000,201.0000
908.0000,-79.5000,80.0000,201.0000
904.0000,-83.5000,80.0000,201.0000
900.0000,-83.5000,80.0000,201.0000
896.0000,-83.5000,80.0000,201.0000
892.0000,-83.5000,80.0000,201.0000
892.0000,-83.5000,80.0000,201.0000
888.0000,-79.5000,80.0000,201.0000
884.0000,-79.5000,80.0000,201.0000
880.0000,-75.5000,80.0000,201.0000
876.0000,-75.5000,80.0000,201.0000
872.0000,-75.5000,80.0000,201.0000
872.0000,-75.5000,80.0000,201.0000
872.0000,-75.5000,80.0000,201.0000
868.0000,-75.5000,80.0000,201.0000
864.0000,-75.5000,80.0000,201.0000
864.0000,-75.5000,80.0000,201.0000
860.0000,-75.5000,80.0000,201.0000
856.0000,-75.5000,80.0000,201.0000
852.0000,-71.5000,80.0000,201.0000
848.0000,-71.5000,80.0000,201.0000
844.0000,-67.5000,80.0000,201.0000
840.0000,-67.5000,80.0000,201.0000
840.0000,-67.5000,80.0000,201.0000
836.0000,-63.5000,80.0000,201.0000
832.0000,-63.5000,80.0000,201.0000
832.0000,-67.5000,80.0000,201.0000
828.0000,-67.5000,80.0000,201.0000
824.0000,-67.5000,80.0000,201.0000
824.0000,-67.5000,80.0000,201.0000
820.0000,-63.5000,80.0000,201.0000
816.0000,-63.5000,80.0000,201.0000
816.0000,-59.5000,80.0000,201.0000
812.0000,-55.5000,80.0000,201.0000
808.0000,-51.5000,80.0000,201.0000
808.0000,-47.5000,80.0000,201.0000
804.0000,-43.5000,80.0000,201.0000
804.0000,-43.5000,80.0000,201.0000
800.0000,-43.5000,80.0000,201.0000
800.0000,-43.5000,80.0000,201.0000
796.0000,-43.5000,80.0000,201.0000
796.0000,-43.5000,80.0000,201.0000
792.0000,-43.5000,80.0000,201.0000
792.0000,-39.5000,80.0000,201.0000
788.0000,-35.5000,80.0000,201.0000
788.0000,-31.5000,80.0000,201.0000
784.0000,-27.5000,80.0000,201.0000
780.0000,-19.5000,80.0000,201.0000
780.0000,-19.5000,80.0000,201.0000
776.0000,-19.5000,80.0000,201.0000
776.0000,-19.5000,80.0000,201.0000
776.0000,-19.5000,80.0000,201.0000
772.0000,-19.5000,80.0000,201.0000
772.0000,-19.5000,80.0000,201.0000
768.0000,-19.5000,80.0000,201.0000
768.0000,-19.5000,80.0000,201.0000
764.0000,-15.5000,80.0000,201.0000
764.0000,-15.5000,80.0000,201.0000
760.0000,-11.5000,80.0000,201.0000
756.0000,-11.5000,80.0000,201.0000
756.0000,-11.5000,80.0000,201.0000
752.0000,-11.5000,80.0000,201.0000
752.0000,-11.5000,80.0000,201.0000
748.0000,-11.5000,80.0000,201.0000
744.0000,-15.5000,80.0000,201.0000
740.0000,-15.5000,80.0000,201.0000
736.0000,-15.5000,80.0000,201.0000
732.0000,-11.5000,80.0000,201.0000
728.0000,-11.5000,80.0000,201.0000
724.0000,-7.5000,80.0000,201.0000
720.0000,-3.5000,80.0000,201.0000
720.0000,0.5000,80.0000,201.0000
716.0000,0.5000,80.0000,201.0000
712.0000,0.5000,80.0000,201.0000
708.0000,0.5000,80.0000,201.0000
708.0000,0.5000,80.0000,201.0000
708.0000,-3.5000,80.0000,201.0000
704.0000,-3.5000,80.0000,201.0000
704.0000,-3.5000,80.0000,201.0000
700.0000,-3.5000,80.0000,201.0000
700.0000,-3.5000,80.0000,201.0000
696.0000,0.5000,80.0000,201.0000
692.0000,0.5000,80.0000,201.0000
692.0000,4.5000,80.0000,201.0000
688.0000,8.5000,80.0000,201.0000
688.0000,8.5000,80.0000,201.0000
684.0000,8.5000,80.0000,201.0000
684.0000,8.5000,80.0000,201.0000
680.0000,8.5000,80.0000,201.0000
680.0000,8.5000,80.0000,201.0000
676.0000,4.5000,80.0000,201.0000
672.0000,4.5000,80.0000,201.0000
668.0000,4.5000,80.0000,201.0000
668.0000,8.5000,80.0000,201.0000
664.0000,12.5000,80.0000,201.0000
660.0000,16.5000,80.0000,201.0000
656.0000,20.5000,80.0000,201.0000
656.0000,20.5000,80.0000,201.0000
652.0000,24.5000,80.0000,201.0000
648.0000,24.5000,80.0000,201.0000
648.0000,20.5000,80.0000,201.0000
648.0000,20.5000,80.0000,201.0000
644.0000,20.5000,80.0000,201.0000
644.0000,20.5000,80.0000,201.0000
640.0000,24.5000,80.0000,201.0000
636.0000,28.5000,80.0000,201.0000
636.0000,28.5000,80.0000,201.0000
636.0000,32.5000,80.0000,201.0000
632.0000,36.5000,80.0000,201.0000
632.0000,36.5000,80.0000,201.0000
632.0000,36.5000,80.0000,201.0000
632.0000,36.5000,80.0000,201.0000
628.0000,36.5000,80.0000,201.0000
628.0000,36.5000,80.0000,201.0000
624.0000,36.5000,80.0000,201.0000
624.0000,40.5000,80.0000,201.0000
624.0000,44.5000,80.0000,201.0000
620.0000,48.5000,80.0000,201.0000
620.0000,52.5000,80.0000,201.0000
616.0000,60.5000,80.0000,201.0000
616.0000,64.5000,80.0000,201.0000
616.0000,68.5000,80.0000,201.0000
612.0000,68.5000,80.0000,201.0000
612.0000,68.5000,80.0000,201.0000
616.0000,68.5000,80.0000,201.0000
616.0000,68.5000,80.0000,201.0000
616.0000,72.5000,80.0000,201.0000
616.0000,72.5000,80.0000,201.0000
620.0000,76.5000,80.0000,201.0000
620.0000,80.5000,80.0000,201.0000
624.0000,84.5000,80.0000,201.0000
624.0000,88.5000,80.0000,201.0000
628.0000,92.5000,80.0000,201.0000
632.0000,96.5000,80.0000,201.0000
636.0000,96.5000,80.0000,201.0000
640.0000,96.5000,80.0000,201.0000
640.0000,96.5000,80.0000,201.0000
644.0000,100.5000,80.0000,201.0000
644.0000,100.5000,80.0000,201.0000
648.0000,100.5000,80.0000,201.0000
652.0000,104.5000,80.0000,201.0000
652.0000,108.5000,80.0000,201.0000
656.0000,116.5000,80.0000,201.0000
656.0000,124.5000,80.0000,201.0000
660.0000,128.5000,80.0000,201.0000
660.0000,132.5000,80.0000,201.0000
664.0000,136.5000,80.0000,201.0000
664.0000,136.5000,80.0000,201.0000
668.0000,140.5000,80.0000,201.0000
672.0000,140.5000,80.0000,201.0000
672.0000,140.5000,80.0000,201.0000
676.0000,144.5000,80.0000,201.0000
676.0000,148.5000,80.0000,201.0000
680.0000,152.5000,80.0000,201.0000
684.0000,160.5000,80.0000,201.0000
684.0000,164.5000,80.0000,201.0000
688.0000,168.5000,80.0000,201.0000
692.0000,172.5000,80.0000,201.0000
692.0000,176.5000,80.0000,201.0000
696.0000,176.5000,80.0000,201.0000
700.0000,180.5000,80.0000,201.0000
704.0000,180.5000,80.0000,201.0000
704.0000,180.5000,80.0000,201.0000
708.0000,184.5000,80.0000,201.0000
712.0000,188.5000,80.0000,201.0000
712.0000,192.5000,80.0000,201.0000
716.0000,200.5000,80.0000,201.0000
720.0000,204.5000,80.0000,201.0000
720.0000,212.5000,80.0000,201.0000
720.0000,216.5000,80.0000,201.0000
724.0000,220.5000,80.0000,201.0000
728.0000,224.5000,80.0000,201.0000
732.0000,224.5000,80.0000,201.0000
736.0000,228.5000,80.0000,201.0000
740.0000,228.5000,80.0000,201.0000
744.0000,232.5000,80.0000,201.0000
744.0000,232.5000,80.0000,201.0000
748.0000,236.5000,80.0000,201.0000
748.0000,240.5000,80.0000,201.0000
748.0000,244.5000,80.0000,201.0000
752.0000,248.5000,80.0000,201.0000
752.0000,252.5000,80.0000,201.0000
756.0000,256.5000,80.0000,201.0000
760.0000,256.5000,80.0000,201.0000
760.0000,256.5000,80.0000,201.0000
764.0000,256.5000,80.0000,201.0000
764.0000,256.5000,80.0000,201.0000
768.0000,256.5000,80.0000,201.0000
768.0000,256.5000,80.0000,201.0000
768.0000,260.5000,80.0000,201.0000
772.0000,264.5000,80.0000,201.0000
772.0000,268.5000,80.0000,201.0000
772.0000,272.5000,80.0000,201.0000
772.0000,276.5000,80.0000,201.0000
772.0000,276.5000,80.0000,201.0000
776.0000,280.5000,80.0000,201.0000
776.0000,280.5000,80.0000,201.0000
776.0000,280.5000,80.0000,201.0000
780.0000,280.5000,80.0000,201.0000
780.0000,280.5000,80.0000,201.0000
780.0000,280.5000,80.0000,201.0000
780.0000,284.5000,80.0000,201.0000
780.0000,284.5000,80.0000,201.0000
784.0000,288.5000,80.0000,201.0000
784.0000,288.5000,80.0000,201.0000
784.0000,288.5000,80.0000,201.0000
784.0000,288.5000,80.0000,201.0000
788.0000,288.5000,80.0000,201.0000
788.0000,288.5000,80.0000,201.0000
792.0000,288.5000,80.0000,201.0000
792.0000,288.5000,80.0000,201.0000
796.0000,288.5000,80.0000,201.0000
800.0000,292.5000,80.0000,201.0000
800.0000,296.5000,80.0000,201.0000
804.0000,296.5000,80.0000,201.0000
804.0000,300.5000,80.0000,201.0000
804.0000,304.5000,80.0000,201.0000
808.0000,308.5000,80.0000,201.0000
808.0000,312.5000,80.0000,201.0000
808.0000,316.5000,80.0000,201.0000
812.0000,320.5000,80.0000,201.0000
816.0000,324.5000,80.0000,201.0000
820.0000,324.5000,80.0000,201.0000
820.0000,328.5000,80.0000,201.0000
824.0000,328.5000,80.0000,201.0000
828.0000,336.5000,80.0000,201.0000
828.0000,340.5000,80.0000,201.0000
828.0000,344.5000,80.0000,201.0000
828.0000,352.5000,80.0000,201.0000
832.0000,356.5000,80.0000,201.0000
836.0000,364.5000,80.0000,201.0000
840.0000,368.5000,80.0000,201.0000
844.0000,372.5000,80.0000,201.0000
848.0000,380.5000,80.0000,201.0000
852.0000,388.5000,80.0000,201.0000
856.0000,392.5000,80.0000,201.0000
860.0000,400.5000,80.0000,201.0000
