1
384.0000,268.0000,11.0000,13.0000
384.0000,268.0000,11.0000,13.0000
384.0000,268.0000,11.0000,13.0000
384.0000,268.0000,11.0000,13.0000
385.0000,268.0000,11.0000,13.0000
385.0000,268.0000,11.0000,13.0000
385.0000,268.0000,11.0000,13.0000
387.0000,268.0000,11.0000,13.0000
388.0000,268.0000,11.0000,13.0000
389.0000,268.0000,11.0000,13.0000
390.0000,268.0000,11.0000,13.0000
391.0000,268.0000,11.0000,13.0000
391.0000,268.0000,11.0000,13.0000
392.0000,268.0000,11.0000,13.0000
393.0000,268.0000,11.0000,13.0000
394.0000,267.0000,11.0000,13.0000
394.0000,267.0000,11.0000,13.0000
395.0000,267.0000,11.0000,13.0000
395.0000,267.0000,11.0000,13.0000
396.0000,267.0000,11.0000,13.0000
397.0000,267.0000,11.0000,13.0000
397.0000,267.0000,11.0000,13.0000
398.0000,267.0000,11.0000,13.0000
398.0000,267.0000,11.0000,13.0000
399.0000,267.0000,11.0000,13.0000
399.0000,267.0000,11.0000,13.0000
400.0000,267.0000,11.0000,13.0000
401.0000,267.0000,11.0000,13.0000
401.0000,267.0000,11.0000,13.0000
402.0000,267.0000,11.0000,13.0000
402.0000,267.0000,11.0000,13.0000
403.0000,267.0000,11.0000,13.0000
403.0000,267.0000,11.0000,13.0000
405.0000,267.0000,11.0000,13.0000
406.0000,267.0000,11.0000,13.0000
406.0000,267.0000,11.0000,13.0000
405.0000,266.0000,11.0000,13.0000
406.0000,266.0000,11.0000,13.0000
406.0000,266.0000,11.0000,13.0000
407.0000,266.0000,11.0000,13.0000
407.0000,266.0000,11.0000,13.0000
408.0000,266.0000,11.0000,13.0000
408.0000,266.0000,11.0000,13.0000
409.0000,266.0000,11.0000,13.0000
410.0000,266.0000,11.0000,13.0000
410.0000,266.0000,11.0000,13.0000
411.0000,266.0000,11.0000,13.0000
411.0000,266.0000,11.0000,13.0000
412.0000,266.0000,11.0000,13.0000
413.0000,266.0000,11.0000,13.0000
414.0000,265.0000,11.0000,13.0000
415.0000,265.0000,11.0000,13.0000
416.0000,265.0000,11.0000,13.0000
419.0000,257.0000,11.0000,13.0000
417.0000,265.0000,11.0000,13.0000
417.0000,265.0000,11.0000,13.0000
418.0000,265.0000,11.0000,13.0000
418.0000,265.0000,11.0000,13.0000
418.0000,266.0000,11.0000,13.0000
419.0000,266.0000,11.0000,13.0000
419.0000,266.0000,11.0000,13.0000
419.0000,266.0000,11.0000,13.0000
420.0000,266.0000,11.0000,13.0000
421.0000,265.0000,11.0000,13.0000
422.0000,265.0000,11.0000,13.0000
422.0000,265.0000,11.0000,13.0000
422.0000,266.0000,11.0000,13.0000
423.0000,266.0000,11.0000,13.0000
424.0000,265.0000,11.0000,13.0000
424.0000,265.0000,11.0000,13.0000
424.0000,265.0000,11.0000,13.0000
425.0000,265.0000,11.0000,13.0000
426.0000,265.0000,11.0000,13.0000
426.0000,265.0000,11.0000,13.0000
426.0000,265.0000,11.0000,13.0000
426.0000,265.0000,11.0000,13.0000
426.0000,265.0000,11.0000,13.0000
427.0000,265.0000,11.0000,13.0000
429.0000,264.0000,11.0000,13.0000
429.0000,264.0000,11.0000,13.0000
429.0000,264.0000,11.0000,13.0000
429.0000,264.0000,11.0000,13.0000
431.0000,264.0000,11.0000,13.0000
430.0000,265.0000,11.0000,13.0000
431.0000,265.0000,11.0000,13.0000
431.0000,265.0000,11.0000,13.0000
430.0000,264.0000,11.0000,13.0000
430.0000,264.0000,11.0000,13.0000
440.0000,265.0000,11.0000,13.0000
436.0000,264.0000,11.0000,13.0000
436.0000,264.0000,11.0000,13.0000
436.0000,263.0000,11.0000,13.0000
435.0000,262.0000,11.0000,13.0000
435.0000,262.0000,11.0000,13.0000
436.0000,262.0000,11.0000,13.0000
436.0000,262.0000,11.0000,13.0000
437.0000,262.0000,11.0000,13.0000
437.0000,262.0000,11.0000,13.0000
438.0000,262.0000,11.0000,13.0000
438.0000,262.0000,11.0000,13.0000
438.0000,262.0000,11.0000,13.0000
438.0000,261.0000,11.0000,13.0000
439.0000,261.0000,11.0000,13.0000
439.0000,261.0000,11.0000,13.0000
439.0000,261.0000,11.0000,13.0000
439.0000,261.0000,11.0000,13.0000
439.0000,261.0000,11.0000,13.0000
440.0000,260.0000,11.0000,13.0000
440.0000,260.0000,11.0000,13.0000
440.0000,260.0000,11.0000,13.0000
440.0000,260.0000,11.0000,13.0000
440.0000,260.0000,11.0000,13.0000
441.0000,260.0000,11.0000,13.0000
440.0000,259.0000,11.0000,13.0000
441.0000,259.0000,11.0000,13.0000
441.0000,259.0000,11.0000,13.0000
441.0000,259.0000,11.0000,13.0000
441.0000,259.0000,11.0000,13.0000
442.0000,259.0000,11.0000,13.0000
441.0000,258.0000,11.0000,13.0000
441.0000,258.0000,11.0000,13.0000
441.0000,258.0000,11.0000,13.0000
442.0000,258.0000,11.0000,13.0000
2
0
0
0
0
0
2
0
0
0
0
0
2
0
0
0
0
0
2
0
0
0
0
0
2
0
0
0
0
0
2
0
0
0
0
0
440.0000,250.0000,11.0000,13.0000
440.0000,250.0000,11.0000,13.0000
440.0000,249.0000,11.0000,13.0000
440.0000,249.0000,11.0000,13.0000
439.0000,249.0000,11.0000,13.0000
439.0000,249.0000,11.0000,13.0000
439.0000,249.0000,11.0000,13.0000
439.0000,249.0000,11.0000,13.0000
439.0000,249.0000,11.0000,13.0000
2
0
0
0
0
0
445.0000,253.0000,11.0000,13.0000
445.0000,252.0000,11.0000,13.0000
444.0000,254.0000,11.0000,13.0000
444.0000,256.0000,11.0000,13.0000
444.0000,256.0000,11.0000,13.0000
443.0000,256.0000,11.0000,13.0000
443.0000,256.0000,11.0000,13.0000
443.0000,256.0000,11.0000,13.0000
442.0000,258.0000,11.0000,13.0000
442.0000,258.0000,11.0000,13.0000
443.0000,257.0000,11.0000,13.0000
444.0000,258.0000,11.0000,13.0000
443.0000,258.0000,11.0000,13.0000
443.0000,258.0000,11.0000,13.0000
443.0000,258.0000,11.0000,13.0000
442.0000,259.0000,11.0000,13.0000
442.0000,259.0000,11.0000,13.0000
442.0000,259.0000,11.0000,13.0000
441.0000,259.0000,11.0000,13.0000
441.0000,259.0000,11.0000,13.0000
441.0000,259.0000,11.0000,13.0000
441.0000,259.0000,11.0000,13.0000
440.0000,259.0000,11.0000,13.0000
440.0000,259.0000,11.0000,13.0000
440.0000,259.0000,11.0000,13.0000
439.0000,259.0000,11.0000,13.0000
439.0000,259.0000,11.0000,13.0000
437.0000,247.0000,11.0000,13.0000
437.0000,247.0000,11.0000,13.0000
436.0000,248.0000,11.0000,13.0000
436.0000,248.0000,11.0000,13.0000
436.0000,248.0000,11.0000,13.0000
435.0000,249.0000,11.0000,13.0000
435.0000,249.0000,11.0000,13.0000
435.0000,249.0000,11.0000,13.0000
434.0000,250.0000,11.0000,13.0000
434.0000,250.0000,11.0000,13.0000
434.0000,250.0000,11.0000,13.0000
437.0000,248.0000,11.0000,13.0000
437.0000,248.0000,11.0000,13.0000
436.0000,249.0000,11.0000,13.0000
436.0000,249.0000,11.0000,13.0000
436.0000,249.0000,11.0000,13.0000
435.0000,249.0000,11.0000,13.0000
435.0000,249.0000,11.0000,13.0000
435.0000,249.0000,11.0000,13.0000
435.0000,249.0000,11.0000,13.0000
434.0000,249.0000,11.0000,13.0000
434.0000,249.0000,11.0000,13.0000
433.0000,249.0000,11.0000,13.0000
432.0000,249.0000,11.0000,13.0000
432.0000,249.0000,11.0000,13.0000
432.0000,249.0000,11.0000,13.0000
431.0000,249.0000,11.0000,13.0000
431.0000,249.0000,11.0000,13.0000
2
0
0
0
0
0
2
0
0
0
0
0
2
0
0
0
0
0
2
0
0
0
0
0
2
0
0
0
0
0
2
0
0
0
0
0
2
0
0
0
0
0
2
0
0
0
0
0
2
0
0
0
0
0
2
0
0
0
0
0
2
0
0
0
0
0
2
0
0
0
0
0
2
0
0
0
0
0
2
0
0
0
0
0
2
0
0
0
0
0
2
0
0
0
0
0
2
0
0
0
0
0
2
0
0
0
0
0
2
0
0
0
0
0
2
0
0
0
0
0
2
0
0
0
0
0
2
0
0
0
0
0
2
0
0
0
0
0
2
0
0
0
0
0
2
0
0
0
0
0
2
0
0
0
0
0
2
0
0
0
0
0
2
0
0
0
0
0
2
0
0
0
0
0
2
0
0
0
0
0
2
0
0
0
0
0
2
0
0
0
0
0
2
0
0
0
0
0
2
0
0
0
0
0
2
0
0
0
0
0
2
0
0
0
0
0
2
0
0
0
0
0
2
0
0
0
0
0
2
0
0
0
0
0
2
0
0
0
0
0
2
0
0
0
0
0
2
0
0
0
0
0
2
0
0
0
0
0
2
0
0
0
0
0
2
0
0
0
0
0
2
0
0
0
0
0
2
0
0
0
0
0
2
0
0
0
0
0
2
0
0
0
0
0
2
0
0
0
0
0
2
0
0
0
0
0
2
0
0
0
0
0
2
0
0
0
0
0
2
0
0
0
0
