1
541.0000,296.0000,188.0000,130.0000
542.4100,296.9750,185.1800,128.0500
542.8729,297.2951,184.2541,127.4098
543.3336,297.6136,183.3328,126.7727
543.7919,297.9306,182.4162,126.1388
543.3359,297.6152,183.3282,126.7695
543.3359,297.6152,183.3282,126.7695
544.7108,298.5660,180.5783,124.8680
545.6137,299.1903,178.7725,123.6193
545.6137,299.1903,178.7725,123.6193
545.6137,299.1903,178.7725,123.6193
545.6137,299.1903,178.7725,123.6193
546.9545,300.1175,176.0910,121.7650
547.3948,300.4219,175.2105,121.1562
547.8328,293.3063,174.3344,120.5504
540.4143,293.3063,174.3344,120.5504
539.5426,292.7036,176.0778,121.7559
539.5426,292.7036,176.0778,121.7559
539.1024,292.3992,176.9582,122.3647
539.1024,292.3992,176.9582,122.3647
540.4296,293.3169,174.3038,120.5292
541.7369,294.2209,171.6893,118.7213
540.8784,293.6273,173.4061,119.9085
541.7455,294.2268,171.6721,118.7094
543.0330,295.1171,169.0970,116.9288
542.6103,294.8248,169.9425,117.5134
542.6103,294.8248,169.9425,117.5134
543.4600,295.4124,168.2431,116.3383
534.9315,294.5398,170.7667,118.0834
536.2122,295.4254,168.2052,116.3121
536.6328,295.7162,167.3642,115.7305
536.6328,295.7162,167.3642,115.7305
537.0511,296.0056,166.5274,115.1519
537.4675,296.2935,165.6947,114.5761
538.2960,296.8663,164.0378,113.4304
539.1161,297.4335,162.3974,112.2961
538.3041,289.8924,164.0214,113.4190
537.4841,289.3253,165.6616,114.5532
537.4841,289.3253,165.6616,114.5532
537.4841,289.3253,165.6616,114.5532
537.4841,289.3253,165.6616,114.5532
538.7265,290.1844,163.1767,112.8349
531.7828,290.1844,163.1767,112.8349
533.0067,291.0307,160.7290,111.1424
533.0067,291.0307,160.7290,111.1424
532.2030,290.4750,162.3363,112.2538
533.0147,291.0362,160.7129,111.1313
534.2200,291.8697,158.3022,109.4643
534.2200,291.8697,158.3022,109.4643
534.2200,291.8697,158.3022,109.4643
535.4073,292.6907,155.9277,107.8223
535.7971,292.9603,155.1481,107.2832
536.5729,293.4967,153.5966,106.2104
535.8049,292.9656,155.1326,107.2725
535.0292,292.4293,156.6839,108.3452
535.0292,292.4293,156.6839,108.3452
536.2043,293.2419,154.3336,106.7201
536.5902,293.5086,153.5620,106.1865
535.8224,292.9777,155.0976,107.2483
536.5978,293.5139,153.5466,106.1758
537.7495,294.3103,151.2434,104.5832
538.1276,294.5717,150.4872,104.0603
538.8800,295.0920,148.9823,103.0197
538.8800,295.0920,148.9823,103.0197
545.9012,295.6071,147.4925,101.9895
544.7950,294.8422,149.7049,103.5193
545.1693,295.1010,148.9563,103.0017
546.2864,295.8735,146.7220,101.4567
547.3868,296.6345,144.5212,99.9349
546.3029,295.8849,146.6890,101.4339
546.3029,295.8849,146.6890,101.4339
547.4031,296.6457,144.4887,99.9124
548.1255,297.1453,143.0438,98.9132
548.1255,297.1453,143.0438,98.9132
547.4103,296.6507,144.4742,99.9024
548.1327,297.1502,143.0295,98.9034
548.4903,297.3975,142.3143,98.4088
548.4903,297.3975,142.3143,98.4088
549.5576,298.1355,140.1796,96.9327
549.5576,298.1355,140.1796,96.9327
550.6090,298.8625,138.0769,95.4787
555.8530,298.3851,139.4577,96.4335
555.5043,298.1440,140.1550,96.9157
556.2051,298.6286,138.7534,95.9465
555.1644,297.9090,140.8347,97.3857
555.8686,298.3960,139.4264,96.4118
555.8686,298.3960,139.4264,96.4118
556.2172,298.6370,138.7292,95.9298
555.8704,298.3972,139.4229,96.4094
556.9160,299.1202,137.3315,94.9633
557.9460,299.8325,135.2716,93.5388
558.9606,306.2039,133.2425,92.1358
558.6274,305.9735,133.9087,92.5965
557.9579,305.5106,135.2478,93.5224
557.9579,305.5106,135.2478,93.5224
558.6342,305.9782,133.8953,92.5872
558.6342,305.9782,133.8953,92.5872
558.6342,305.9782,133.8953,92.5872
558.6342,305.9782,133.8953,92.5872
558.6342,311.6758,133.8953,92.5872
559.6384,312.3703,131.8869,91.1984
558.6492,311.6863,133.8652,92.5664
559.3185,312.1491,132.5265,91.6407
559.6498,312.3782,131.8639,91.1825
560.3091,312.8341,130.5453,90.2707
561.2883,318.9829,128.5871,88.9166
562.2527,319.6498,126.6583,87.5829
561.3027,318.9930,128.5582,88.8966
561.3027,318.9930,128.5582,88.8966
561.9455,319.4374,127.2726,88.0076
561.6273,319.2174,127.9089,88.4477
562.2669,319.6596,126.6298,87.5632
563.2166,325.6241,124.7304,86.2497
563.2166,325.6241,124.7304,86.2497
562.5930,325.1928,125.9777,87.1122
561.6481,324.5395,127.8674,88.4189
561.9678,324.7605,127.2280,87.9768
562.2858,324.9804,126.5919,87.5369
561.6529,324.5428,127.8578,88.4123
561.9725,324.7638,127.2185,87.9703
561.6545,324.5439,127.8546,88.4101
561.6545,324.5439,127.8546,88.4101
561.6545,324.5439,127.8546,88.4101
562.6134,325.2069,125.9368,87.0840
562.6134,325.2069,125.9368,87.0840
563.5579,331.1387,124.0477,85.7777
564.4883,331.7820,122.1870,84.4910
564.4883,331.7820,122.1870,84.4910
564.4883,331.7820,122.1870,84.4910
564.4883,331.7820,122.1870,84.4910
564.4883,331.7820,122.1870,84.4910
563.8774,331.3596,123.4089,85.3359
563.5688,331.1462,124.0259,85.7626
562.9487,330.7174,125.2662,86.6202
563.8882,331.3671,123.3872,85.3209
563.8882,331.3671,123.3872,85.3209
558.6377,326.1165,123.3872,85.3209
558.3292,325.9033,124.0041,85.7476
557.7092,325.4745,125.2442,86.6050
557.7092,325.4745,125.2442,86.6050
557.7092,325.4745,125.2442,86.6050
557.7092,325.4745,125.2442,86.6050
558.3354,325.9075,123.9917,85.7390
559.2653,326.5506,122.1319,84.4529
559.2653,326.5506,122.1319,84.4529
559.2653,326.5506,122.1319,84.4529
559.2653,331.7477,122.1319,84.4529
559.2653,331.7477,122.1319,84.4529
558.3494,331.1143,123.9638,85.7197
559.2791,331.7572,122.1044,84.4339
559.2791,331.7572,122.1044,84.4339
558.6686,331.3350,123.3254,85.2782
554.4243,331.9746,121.4756,83.9991
555.3354,332.6046,119.6534,82.7391
555.3354,332.6046,119.6534,82.7391
554.4380,331.9840,121.4482,83.9801
554.4380,337.1521,121.4482,83.9801
555.0452,337.5720,120.2337,83.1404
555.0452,337.5720,120.2337,83.1404
555.0452,337.5720,120.2337,83.1404
555.9470,338.1955,118.4302,81.8932
556.2430,338.4002,117.8381,81.4838
555.9485,338.1965,118.4273,81.8912
555.9485,338.1965,118.4273,81.8912
555.0602,337.5823,120.2037,83.1196
555.9618,338.2057,118.4006,81.8728
555.9618,338.2057,118.4006,81.8728
555.0738,337.5917,120.1766,83.1009
555.0738,337.5917,120.1766,83.1009
555.0738,337.5917,120.1766,83.1009
555.0738,337.5917,120.1766,83.1009
561.0123,338.2150,118.3740,81.8543
560.1245,337.6010,120.1496,83.0822
560.7253,338.0164,118.9481,82.2513
559.8331,337.3996,120.7323,83.4851
559.8331,337.3996,120.7323,83.4851
558.9277,336.7734,122.5433,84.7374
559.8467,337.4090,120.7052,83.4663
559.8467,337.4090,120.7052,83.4663
559.8467,337.4090,120.7052,83.4663
559.8467,337.4090,120.7052,83.4663
559.8467,337.4090,120.7052,83.4663
564.9831,337.4090,120.7052,83.4663
564.9831,337.4090,120.7052,83.4663
565.8884,338.0350,118.8946,82.2143
566.1857,338.2405,118.3001,81.8033
565.2984,337.6270,120.0746,83.0303
566.1990,338.2497,118.2735,81.7849
566.1990,338.2497,118.2735,81.7849
566.4946,338.4542,117.6821,81.3759
571.2332,338.2507,118.2705,81.7828
571.5289,338.4552,117.6792,81.3739
571.5289,338.4552,117.6792,81.3739
572.4115,339.0655,115.9140,80.1533
571.5421,338.4643,117.6527,81.3556
572.4245,339.0745,115.8879,80.1353
572.4245,339.0745,115.8879,80.1353
577.3559,339.0745,115.8879,80.1353
577.6456,339.2748,115.3085,79.7346
577.6456,339.2748,115.3085,79.7346
577.6456,339.2748,115.3085,79.7346
582.5524,339.2748,115.3085,79.7346
582.2641,339.0755,115.8850,80.1333
582.2641,339.0755,115.8850,80.1333
581.3950,338.4745,117.6233,81.3353
582.2772,339.0845,115.8589,80.1152
587.2073,339.0845,115.8589,80.1152
586.9177,338.8842,116.4382,80.5158
586.9177,338.8842,116.4382,80.5158
587.4999,339.2868,115.2738,79.7106
588.3644,339.8846,113.5447,78.5150
588.3644,339.8846,113.5447,78.5150
592.4170,339.2958,115.2479,79.6927
592.1289,339.0966,115.8242,80.0912
592.1289,339.0966,115.8242,80.0912
592.1289,339.0966,115.8242,80.0912
592.1289,339.0966,115.8242,80.0912
592.1289,339.0966,115.8242,80.0912
597.0576,339.0966,115.8242,80.0912
597.3471,339.2968,115.2450,79.6907
597.0590,339.0975,115.8213,80.0892
597.3486,339.2978,115.2421,79.6887
597.3486,339.2978,115.2421,79.6887
597.3486,344.2017,115.2421,79.6887
597.9248,344.6001,114.0897,78.8918
598.7805,345.1918,112.3784,77.7085
599.0614,345.3861,111.8165,77.3199
599.0614,345.3861,111.8165,77.3199
599.9000,345.9660,110.1392,76.1601
599.9000,345.9660,110.1392,76.1601
599.9000,345.9660,110.1392,76.1601
599.9000,345.9660,110.1392,76.1601
599.0740,345.3948,111.7913,77.3025
599.9124,345.9746,110.1145,76.1430
599.9124,345.9746,110.1145,76.1430
599.9124,345.9746,110.1145,76.1430
603.8426,350.1595,111.7662,77.2851
603.2838,349.7731,112.8838,78.0580
604.1304,350.3585,111.1906,76.8871
604.1304,350.3585,111.1906,76.8871
603.2964,349.7819,112.8584,78.0404
604.1429,350.3672,111.1656,76.8698
604.1429,350.3672,111.1656,76.8698
603.3091,349.7906,112.8331,78.0229
603.3091,354.5920,112.8331,78.0229
602.4629,354.0069,114.5255,79.1932
602.4629,354.0069,114.5255,79.1932
603.3218,354.6008,112.8077,78.0053
604.1679,355.1859,111.1155,76.8352
605.0012,360.4195,109.4488,75.6827
605.0012,360.4195,109.4488,75.6827
605.8221,360.9872,107.8071,74.5474
605.0135,360.4280,109.4242,75.6657
605.0135,365.0844,109.4242,75.6657
605.8342,365.6519,107.7828,74.5307
606.6426,366.2108,106.1661,73.4127
602.1249,366.2108,106.1661,73.4127
601.5941,365.8438,107.2277,74.1468
600.7899,369.9190,108.8362,75.2590
600.7899,369.9190,108.8362,75.2590
600.7899,369.9190,108.8362,75.2590
599.9736,369.3546,110.4687,76.3879
599.9736,374.0554,110.4687,76.3879
599.9736,374.0554,110.4687,76.3879
599.9736,374.0554,110.4687,76.3879
595.2728,374.0554,110.4687,76.3879
595.8251,374.4373,109.3640,75.6241
595.2783,374.0592,110.4577,76.3803
595.2783,374.0592,110.4577,76.3803
595.2783,374.0592,110.4577,76.3803
595.2783,378.7595,110.4577,76.3803
594.4499,378.1867,112.1145,77.5260
593.8893,377.7990,113.2357,78.3013
589.0708,377.7990,113.2357,78.3013
589.9200,378.3863,111.5371,77.1267
590.1989,378.5791,110.9794,76.7411
590.1989,378.5791,110.9794,76.7411
591.0312,379.1547,109.3148,75.5900
586.3795,379.1547,109.3148,75.5900
586.6528,379.3436,108.7682,75.2120
586.6528,379.3436,108.7682,75.2120
587.4686,379.9077,107.1367,74.0839
586.6650,379.3521,108.7437,75.1951
582.0377,379.3521,108.7437,75.1951
581.7658,379.1641,109.2874,75.5711
582.0391,379.3530,108.7410,75.1932
582.0391,379.3530,108.7410,75.1932
581.7672,379.1651,109.2847,75.5692
580.9476,378.5983,110.9240,76.7027
577.1301,379.1736,109.2601,75.5522
577.1301,379.1736,109.2601,75.5522
577.1301,379.1736,109.2601,75.5522
577.1301,379.1736,109.2601,75.5522
572.4808,379.1736,109.2601,75.5522
572.7539,379.3624,108.7138,75.1744
572.7539,379.3624,108.7138,75.1744
572.7539,379.3624,108.7138,75.1744
568.1277,379.3624,108.7138,75.1744
568.1277,379.3624,108.7138,75.1744
567.8560,379.1745,109.2574,75.5503
567.8560,383.8238,109.2574,75.5503
567.8560,383.8238,109.2574,75.5503
564.0959,384.3904,107.6185,74.4171
564.0959,384.3904,107.6185,74.4171
564.0959,384.3904,107.6185,74.4171
559.5164,384.3904,107.6185,74.4171
558.9783,384.0183,108.6947,75.1612
558.9783,384.0183,108.6947,75.1612
558.1631,383.4546,110.3251,76.2886
554.3663,384.0268,108.6702,75.1443
554.3663,384.0268,108.6702,75.1443
554.0946,383.8389,109.2136,75.5200
550.0397,384.2165,108.1215,74.7648
550.0397,384.2165,108.1215,74.7648
549.4991,383.8427,109.2027,75.5125
549.2261,383.6539,109.7487,75.8900
545.4492,384.2231,108.1025,74.7517
546.2599,389.3148,106.4809,73.6304
545.9937,389.1307,107.0133,73.9986
545.9937,389.1307,107.0133,73.9986
545.9937,389.1307,107.0133,73.9986
542.3109,385.2003,105.4081,72.8886
541.5203,384.6536,106.9892,73.9819
541.2528,384.4687,107.5242,74.3518
536.6773,384.4687,107.5242,74.3518
536.4085,384.2828,108.0618,74.7236
536.4085,384.2828,108.0618,74.7236
536.4085,384.2828,108.0618,74.7236
536.4085,384.2828,108.0618,74.7236
536.9489,384.6564,106.9812,73.9764
536.4139,384.2865,108.0510,74.7161
536.9542,389.2120,106.9705,73.9690
537.2216,389.3969,106.4356,73.5991
536.9555,389.2130,106.9678,73.9671
533.2742,389.7677,105.3633,72.8576
533.5377,389.9498,104.8365,72.4933
533.5377,389.9498,104.8365,72.4933
532.7513,389.4061,106.4090,73.5807
532.7513,389.4061,106.4090,73.5807
533.5494,389.9580,104.8129,72.4770
532.7633,389.4144,106.3851,73.5642
532.7633,389.4144,106.3851,73.5642
532.7633,389.4144,106.3851,73.5642
532.7633,389.4144,106.3851,73.5642
532.7633,389.4144,106.3851,73.5642
533.5612,389.9662,104.7893,72.4607
532.7753,389.4227,106.3612,73.5476
532.7753,389.4227,106.3612,73.5476
532.7753,389.4227,106.3612,73.5476
532.7753,389.4227,106.3612,73.5476
532.7753,389.4227,106.3612,73.5476
532.7753,389.4227,106.3612,73.5476
532.7753,389.4227,106.3612,73.5476
532.7753,389.4227,106.3612,73.5476
532.7753,389.4227,106.3612,73.5476
531.9776,388.8711,107.9566,74.6508
532.7873,389.4310,106.3372,73.5311
531.9897,388.8795,107.9323,74.6340
528.2753,389.4392,106.3133,73.5145
528.0095,389.2555,106.8449,73.8821
528.0095,389.2555,106.8449,73.8821
527.2081,388.7013,108.4475,74.9903
523.1818,389.0763,107.3631,74.2404
523.9869,394.1332,105.7526,73.1268
524.2513,394.3160,105.2239,72.7612
524.2513,394.3160,105.2239,72.7612
524.2513,394.3160,105.2239,72.7612
519.7737,394.3160,105.2239,72.7612
520.0368,394.4979,104.6977,72.3974
519.7750,394.3169,105.2212,72.7594
520.0381,394.4988,104.6951,72.3956
515.5830,394.4988,104.6951,72.3956
515.5830,394.4988,104.6951,72.3956
515.5830,394.4988,104.6951,72.3956
514.7978,393.9559,106.2655,73.4815
514.0008,393.4048,107.8595,74.5837
514.0008,393.4048,107.8595,74.5837
510.2888,393.9641,106.2416,73.4650
511.0856,394.5151,104.6480,72.3630
510.5624,394.1533,105.6945,73.0866
510.2982,393.9706,106.2230,73.4520
509.5015,393.4197,107.8163,74.5538
508.9624,393.0469,108.8945,75.2994
504.9194,393.4234,107.8055,74.5464
505.1889,393.6098,107.2665,74.1736
504.9207,393.4243,107.8028,74.5445
505.1902,393.6107,107.2638,74.1718
505.1902,393.6107,107.2638,74.1718
505.1902,393.6107,107.2638,74.1718
501.4988,398.6630,105.6549,73.0592
502.0270,399.0283,104.5983,72.3286
502.0270,399.0283,104.5983,72.3286
501.7656,398.8474,105.1213,72.6903
501.2400,398.4840,106.1725,73.4172
501.2400,398.4840,106.1725,73.4172
497.5860,399.0346,104.5799,72.3159
496.8017,398.4922,106.1486,73.4006
496.0056,397.9417,107.7409,74.5017
496.0056,397.9417,107.7409,74.5017
496.0056,397.9417,107.7409,74.5017
491.4208,397.9417,107.7409,74.5017
492.2289,398.5005,106.1247,73.3841
492.4942,398.6840,105.5941,73.0172
493.2862,403.6576,104.0102,71.9220
493.2862,403.6576,104.0102,71.9220
492.5061,403.1181,105.5704,73.0008
488.5865,403.4832,104.5147,72.2708
488.0639,403.1218,105.5598,72.9935
488.8557,403.6693,103.9764,71.8986
488.8557,403.6693,103.9764,71.8986
488.0758,403.1300,105.5360,72.9771
482.7260,402.5827,107.1191,74.0717
482.1904,402.2123,108.1903,74.8124
481.6495,406.4881,109.2722,75.5606
481.6495,406.4881,109.2722,75.5606
482.4690,407.0548,107.6331,74.4271
477.8889,407.0548,107.6331,74.4271
477.8889,407.0548,107.6331,74.4271
477.0817,406.4966,109.2476,75.5436
477.9010,407.0632,107.6089,74.4104
477.0939,406.5051,109.2230,75.5266
476.8209,406.3163,109.7691,75.9042
472.4476,406.5061,109.2203,75.5247
472.7207,411.3193,108.6742,75.1470
473.5357,411.8829,107.0441,74.0198
473.5357,411.8829,107.0441,74.0198
473.5357,411.8829,107.0441,74.0198
468.3999,411.5128,108.1145,74.7600
469.2108,412.0735,106.4928,73.6386
469.2108,412.0735,106.4928,73.6386
468.4121,411.5212,108.0902,74.7432
467.6014,410.9607,109.7115,75.8644
467.3271,415.4629,110.2601,76.2437
463.5325,416.0347,108.6062,75.1000
463.8040,416.2225,108.0632,74.7245
464.6145,416.7829,106.4422,73.6037
464.6145,416.7829,106.4422,73.6037
463.8162,416.2309,108.0389,74.7077
460.0981,416.7912,106.4183,73.5871
460.3641,416.9752,105.8862,73.2192
459.8347,416.6091,106.9450,73.9514
459.0326,416.0544,108.5492,75.0606
459.8467,416.6174,106.9210,73.9347
459.5794,416.4326,107.4556,74.3044
454.4238,416.0610,108.5301,75.0474
455.2378,421.1729,106.9022,73.9217
455.2378,421.1729,106.9022,73.9217
454.4360,420.6185,108.5057,75.0305
454.4360,420.6185,108.5057,75.0305
454.4360,420.6185,108.5057,75.0305
454.4360,420.6185,108.5057,75.0305
450.7018,421.1812,106.8781,73.9051
450.9690,421.3660,106.3437,73.5356
450.9690,421.3660,106.3437,73.5356
450.9690,421.3660,106.3437,73.5356
450.9690,421.3660,106.3437,73.5356
450.9690,421.3660,106.3437,73.5356
450.9690,421.3660,106.3437,73.5356
446.4437,421.3660,106.3437,73.5356
446.4437,425.8913,106.3437,73.5356
445.6461,425.3398,107.9389,74.6386
445.6461,425.3398,107.9389,74.6386
445.6461,425.3398,107.9389,74.6386
444.8366,424.7800,109.5580,75.7582
444.5627,424.5906,110.1058,76.1370
444.8380,424.7809,109.5552,75.7563
444.8380,424.7809,109.5552,75.7563
444.5641,424.5915,110.1030,76.1351
444.8394,424.7819,109.5525,75.7544
445.6610,429.9419,107.9092,74.6181
445.6610,429.9419,107.9092,74.6181
444.8517,429.3823,109.5279,75.7374
444.8517,429.3823,109.5279,75.7374
444.8517,429.3823,109.5279,75.7374
444.0302,428.8142,111.1708,76.8734
443.7523,428.6220,111.7266,77.2578
443.7523,428.6220,111.7266,77.2578
439.3011,428.8152,111.1680,76.8715
439.8569,429.1996,110.0563,76.1028
439.8569,433.8828,110.0563,76.1028
440.6823,434.4536,108.4055,74.9612
440.6823,434.4536,108.4055,74.9612
440.6823,434.4536,108.4055,74.9612
440.6823,434.4536,108.4055,74.9612
440.6823,434.4536,108.4055,74.9612
440.6823,434.4536,108.4055,74.9612
440.6823,434.4536,108.4055,74.9612
440.6823,439.0666,108.4055,74.9612
439.8693,438.5044,110.0315,76.0856
439.8693,438.5044,110.0315,76.0856
439.0440,437.9337,111.6820,77.2269
439.0440,437.9337,111.6820,77.2269
438.2064,437.3545,113.3573,78.3853
437.3563,436.7666,115.0576,79.5611
437.3563,436.7666,115.0576,79.5611
437.3563,441.6627,115.0576,79.5611
438.2192,442.2594,113.3317,78.3677
438.7858,442.6512,112.1984,77.5840
438.7858,442.6512,112.1984,77.5840
438.2249,442.2633,113.3204,78.3599
437.3749,441.6756,115.0202,79.5353
441.4802,441.0791,116.7455,80.7283
440.8965,440.6755,117.9130,81.5356
441.1913,445.8718,117.3234,81.1279
