1
422.5000,250.0000,43.0000,68.0000
422.5000,250.0000,43.0000,68.0000
422.5000,250.0000,43.0000,68.0000
422.5000,250.0000,43.0000,68.0000
418.5000,250.0000,43.0000,68.0000
418.5000,250.0000,43.0000,68.0000
418.5000,250.0000,43.0000,68.0000
418.5000,250.0000,43.0000,68.0000
418.5000,250.0000,43.0000,68.0000
418.5000,250.0000,43.0000,68.0000
418.5000,250.0000,43.0000,68.0000
418.5000,250.0000,43.0000,68.0000
414.5000,250.0000,43.0000,68.0000
414.5000,250.0000,43.0000,68.0000
414.5000,250.0000,43.0000,68.0000
414.5000,250.0000,43.0000,68.0000
414.5000,250.0000,43.0000,68.0000
414.5000,250.0000,43.0000,68.0000
414.5000,250.0000,43.0000,68.0000
414.5000,250.0000,43.0000,68.0000
414.5000,250.0000,43.0000,68.0000
410.5000,250.0000,43.0000,68.0000
410.5000,250.0000,43.0000,68.0000
410.5000,250.0000,43.0000,68.0000
410.5000,250.0000,43.0000,68.0000
410.5000,250.0000,43.0000,68.0000
410.5000,250.0000,43.0000,68.0000
410.5000,250.0000,43.0000,68.0000
410.5000,250.0000,43.0000,68.0000
410.5000,250.0000,43.0000,68.0000
410.5000,250.0000,43.0000,68.0000
406.5000,250.0000,43.0000,68.0000
406.5000,250.0000,43.0000,68.0000
406.5000,250.0000,43.0000,68.0000
406.5000,250.0000,43.0000,68.0000
406.5000,250.0000,43.0000,68.0000
406.5000,250.0000,43.0000,68.0000
406.5000,250.0000,43.0000,68.0000
406.5000,250.0000,43.0000,68.0000
406.5000,250.0000,43.0000,68.0000
406.5000,250.0000,43.0000,68.0000
406.5000,250.0000,43.0000,68.0000
406.5000,250.0000,43.0000,68.0000
406.5000,250.0000,43.0000,68.0000
406.5000,250.0000,43.0000,68.0000
406.5000,250.0000,43.0000,68.0000
406.5000,250.0000,43.0000,68.0000
406.5000,250.0000,43.0000,68.0000
406.5000,250.0000,43.0000,68.0000
410.5000,250.0000,43.0000,68.0000
410.5000,250.0000,43.0000,68.0000
410.5000,250.0000,43.0000,68.0000
410.5000,250.0000,43.0000,68.0000
410.5000,250.0000,43.0000,68.0000
414.5000,250.0000,43.0000,68.0000
414.5000,250.0000,43.0000,68.0000
414.5000,246.0000,43.0000,68.0000
418.5000,246.0000,43.0000,68.0000
418.5000,246.0000,43.0000,68.0000
418.5000,246.0000,43.0000,68.0000
422.5000,246.0000,43.0000,68.0000
422.5000,246.0000,43.0000,68.0000
422.5000,246.0000,43.0000,68.0000
422.5000,246.0000,43.0000,68.0000
422.5000,246.0000,43.0000,68.0000
422.5000,246.0000,43.0000,68.0000
422.5000,246.0000,43.0000,68.0000
426.5000,242.0000,43.0000,68.0000
426.5000,242.0000,43.0000,68.0000
426.5000,242.0000,43.0000,68.0000
426.5000,242.0000,43.0000,68.0000
426.5000,242.0000,43.0000,68.0000
426.5000,242.0000,43.0000,68.0000
426.5000,242.0000,43.0000,68.0000
426.5000,242.0000,43.0000,68.0000
426.5000,242.0000,43.0000,68.0000
426.5000,242.0000,43.0000,68.0000
426.5000,242.0000,43.0000,68.0000
426.5000,242.0000,43.0000,68.0000
426.5000,242.0000,43.0000,68.0000
426.5000,242.0000,43.0000,68.0000
426.5000,242.0000,43.0000,68.0000
426.5000,242.0000,43.0000,68.0000
426.5000,242.0000,43.0000,68.0000
426.5000,242.0000,43.0000,68.0000
426.5000,242.0000,43.0000,68.0000
430.5000,242.0000,43.0000,68.0000
430.5000,242.0000,43.0000,68.0000
430.5000,238.0000,43.0000,68.0000
430.5000,238.0000,43.0000,68.0000
430.5000,238.0000,43.0000,68.0000
430.5000,238.0000,43.0000,68.0000
430.5000,238.0000,43.0000,68.0000
430.5000,238.0000,43.0000,68.0000
430.5000,238.0000,43.0000,68.0000
430.5000,238.0000,43.0000,68.0000
430.5000,238.0000,43.0000,68.0000
430.5000,238.0000,43.0000,68.0000
434.5000,238.0000,43.0000,68.0000
434.5000,238.0000,43.0000,68.0000
434.5000,234.0000,43.0000,68.0000
434.5000,234.0000,43.0000,68.0000
434.5000,234.0000,43.0000,68.0000
434.5000,234.0000,43.0000,68.0000
434.5000,234.0000,43.0000,68.0000
434.5000,234.0000,43.0000,68.0000
434.5000,234.0000,43.0000,68.0000
434.5000,234.0000,43.0000,68.0000
434.5000,234.0000,43.0000,68.0000
438.5000,230.0000,43.0000,68.0000
438.5000,230.0000,43.0000,68.0000
438.5000,230.0000,43.0000,68.0000
438.5000,230.0000,43.0000,68.0000
438.5000,230.0000,43.0000,68.0000
438.5000,230.0000,43.0000,68.0000
442.5000,226.0000,43.0000,68.0000
442.5000,226.0000,43.0000,68.0000
442.5000,226.0000,43.0000,68.0000
442.5000,226.0000,43.0000,68.0000
442.5000,226.0000,43.0000,68.0000
446.5000,222.0000,43.0000,68.0000
446.5000,222.0000,43.0000,68.0000
446.5000,222.0000,43.0000,68.0000
446.5000,222.0000,43.0000,68.0000
446.5000,222.0000,43.0000,68.0000
446.5000,222.0000,43.0000,68.0000
446.5000,222.0000,43.0000,68.0000
450.5000,218.0000,43.0000,68.0000
450.5000,218.0000,43.0000,68.0000
450.5000,218.0000,43.0000,68.0000
450.5000,218.0000,43.0000,68.0000
450.5000,218.0000,43.0000,68.0000
450.5000,218.0000,43.0000,68.0000
450.5000,218.0000,43.0000,68.0000
454.5000,214.0000,43.0000,68.0000
454.5000,214.0000,43.0000,68.0000
454.5000,214.0000,43.0000,68.0000
454.5000,210.0000,43.0000,68.0000
454.5000,210.0000,43.0000,68.0000
454.5000,210.0000,43.0000,68.0000
454.5000,206.0000,43.0000,68.0000
454.5000,206.0000,43.0000,68.0000
454.5000,206.0000,43.0000,68.0000
454.5000,202.0000,43.0000,68.0000
454.5000,202.0000,43.0000,68.0000
458.5000,198.0000,43.0000,68.0000
458.5000,198.0000,43.0000,68.0000
458.5000,198.0000,43.0000,68.0000
458.5000,194.0000,43.0000,68.0000
458.5000,194.0000,43.0000,68.0000
458.5000,190.0000,43.0000,68.0000
458.5000,190.0000,43.0000,68.0000
458.5000,190.0000,43.0000,68.0000
458.5000,186.0000,43.0000,68.0000
458.5000,186.0000,43.0000,68.0000
462.5000,186.0000,43.0000,68.0000
462.5000,186.0000,43.0000,68.0000
462.5000,182.0000,43.0000,68.0000
462.5000,182.0000,43.0000,68.0000
462.5000,182.0000,43.0000,68.0000
462.5000,182.0000,43.0000,68.0000
462.5000,182.0000,43.0000,68.0000
466.5000,178.0000,43.0000,68.0000
466.5000,178.0000,43.0000,68.0000
466.5000,178.0000,43.0000,68.0000
466.5000,178.0000,43.0000,68.0000
466.5000,178.0000,43.0000,68.0000
466.5000,178.0000,43.0000,68.0000
466.5000,174.0000,43.0000,68.0000
466.5000,174.0000,43.0000,68.0000
466.5000,174.0000,43.0000,68.0000
466.5000,174.0000,43.0000,68.0000
466.5000,174.0000,43.0000,68.0000
466.5000,170.0000,43.0000,68.0000
466.5000,170.0000,43.0000,68.0000
466.5000,170.0000,43.0000,68.0000
466.5000,170.0000,43.0000,68.0000
466.5000,170.0000,43.0000,68.0000
466.5000,170.0000,43.0000,68.0000
462.5000,170.0000,43.0000,68.0000
462.5000,166.0000,43.0000,68.0000
462.5000,166.0000,43.0000,68.0000
462.5000,166.0000,43.0000,68.0000
462.5000,166.0000,43.0000,68.0000
462.5000,166.0000,43.0000,68.0000
462.5000,162.0000,43.0000,68.0000
462.5000,162.0000,43.0000,68.0000
458.5000,162.0000,43.0000,68.0000
458.5000,162.0000,43.0000,68.0000
458.5000,162.0000,43.0000,68.0000
458.5000,158.0000,43.0000,68.0000
458.5000,158.0000,43.0000,68.0000
458.5000,158.0000,43.0000,68.0000
458.5000,158.0000,43.0000,68.0000
458.5000,158.0000,43.0000,68.0000
458.5000,158.0000,43.0000,68.0000
458.5000,158.0000,43.0000,68.0000
458.5000,158.0000,43.0000,68.0000
454.5000,158.0000,43.0000,68.0000
454.5000,162.0000,43.0000,68.0000
454.5000,162.0000,43.0000,68.0000
454.5000,162.0000,43.0000,68.0000
454.5000,162.0000,43.0000,68.0000
454.5000,162.0000,43.0000,68.0000
454.5000,162.0000,43.0000,68.0000
454.5000,162.0000,43.0000,68.0000
454.5000,162.0000,43.0000,68.0000
454.5000,166.0000,43.0000,68.0000
454.5000,166.0000,43.0000,68.0000
454.5000,166.0000,43.0000,68.0000
454.5000,166.0000,43.0000,68.0000
454.5000,166.0000,43.0000,68.0000
454.5000,170.0000,43.0000,68.0000
454.5000,170.0000,43.0000,68.0000
454.5000,170.0000,43.0000,68.0000
454.5000,170.0000,43.0000,68.0000
454.5000,170.0000,43.0000,68.0000
454.5000,174.0000,43.0000,68.0000
454.5000,174.0000,43.0000,68.0000
454.5000,174.0000,43.0000,68.0000
454.5000,178.0000,43.0000,68.0000
454.5000,178.0000,43.0000,68.0000
454.5000,182.0000,43.0000,68.0000
454.5000,182.0000,43.0000,68.0000
454.5000,182.0000,43.0000,68.0000
454.5000,186.0000,43.0000,68.0000
454.5000,186.0000,43.0000,68.0000
454.5000,190.0000,43.0000,68.0000
454.5000,190.0000,43.0000,68.0000
454.5000,194.0000,43.0000,68.0000
454.5000,194.0000,43.0000,68.0000
454.5000,194.0000,43.0000,68.0000
454.5000,198.0000,43.0000,68.0000
454.5000,198.0000,43.0000,68.0000
450.5000,202.0000,43.0000,68.0000
450.5000,202.0000,43.0000,68.0000
450.5000,202.0000,43.0000,68.0000
450.5000,206.0000,43.0000,68.0000
450.5000,206.0000,43.0000,68.0000
450.5000,210.0000,43.0000,68.0000
450.5000,210.0000,43.0000,68.0000
450.5000,210.0000,43.0000,68.0000
450.5000,214.0000,43.0000,68.0000
450.5000,214.0000,43.0000,68.0000
450.5000,214.0000,43.0000,68.0000
450.5000,214.0000,43.0000,68.0000
450.5000,214.0000,43.0000,68.0000
450.5000,218.0000,43.0000,68.0000
446.5000,218.0000,43.0000,68.0000
446.5000,218.0000,43.0000,68.0000
446.5000,218.0000,43.0000,68.0000
446.5000,218.0000,43.0000,68.0000
446.5000,222.0000,43.0000,68.0000
446.5000,222.0000,43.0000,68.0000
446.5000,222.0000,43.0000,68.0000
446.5000,222.0000,43.0000,68.0000
446.5000,222.0000,43.0000,68.0000
446.5000,222.0000,43.0000,68.0000
446.5000,226.0000,43.0000,68.0000
446.5000,226.0000,43.0000,68.0000
446.5000,222.0000,43.0000,68.0000
446.5000,222.0000,43.0000,68.0000
446.5000,222.0000,43.0000,68.0000
446.5000,222.0000,43.0000,68.0000
446.5000,222.0000,43.0000,68.0000
446.5000,222.0000,43.0000,68.0000
446.5000,222.0000,43.0000,68.0000
446.5000,222.0000,43.0000,68.0000
446.5000,222.0000,43.0000,68.0000
446.5000,222.0000,43.0000,68.0000
446.5000,222.0000,43.0000,68.0000
446.5000,222.0000,43.0000,68.0000
446.5000,218.0000,43.0000,68.0000
450.5000,218.0000,43.0000,68.0000
450.5000,218.0000,43.0000,68.0000
450.5000,218.0000,43.0000,68.0000
450.5000,218.0000,43.0000,68.0000
450.5000,218.0000,43.0000,68.0000
450.5000,218.0000,43.0000,68.0000
450.5000,218.0000,43.0000,68.0000
450.5000,218.0000,43.0000,68.0000
450.5000,218.0000,43.0000,68.0000
450.5000,218.0000,43.0000,68.0000
450.5000,214.0000,43.0000,68.0000
450.5000,214.0000,43.0000,68.0000
450.5000,214.0000,43.0000,68.0000
450.5000,214.0000,43.0000,68.0000
450.5000,214.0000,43.0000,68.0000
450.5000,214.0000,43.0000,68.0000
450.5000,214.0000,43.0000,68.0000
450.5000,214.0000,43.0000,68.0000
454.5000,214.0000,43.0000,68.0000
454.5000,214.0000,43.0000,68.0000
454.5000,214.0000,43.0000,68.0000
454.5000,214.0000,43.0000,68.0000
454.5000,214.0000,43.0000,68.0000
454.5000,214.0000,43.0000,68.0000
454.5000,214.0000,43.0000,68.0000
454.5000,214.0000,43.0000,68.0000
454.5000,214.0000,43.0000,68.0000
454.5000,210.0000,43.0000,68.0000
454.5000,210.0000,43.0000,68.0000
454.5000,210.0000,43.0000,68.0000
454.5000,210.0000,43.0000,68.0000
454.5000,210.0000,43.0000,68.0000
454.5000,210.0000,43.0000,68.0000
454.5000,210.0000,43.0000,68.0000
454.5000,210.0000,43.0000,68.0000
454.5000,210.0000,43.0000,68.0000
454.5000,210.0000,43.0000,68.0000
454.5000,210.0000,43.0000,68.0000
454.5000,210.0000,43.0000,68.0000
454.5000,210.0000,43.0000,68.0000
454.5000,210.0000,43.0000,68.0000
454.5000,210.0000,43.0000,68.0000
454.5000,206.0000,43.0000,68.0000
454.5000,206.0000,43.0000,68.0000
450.5000,206.0000,43.0000,68.0000
450.5000,206.0000,43.0000,68.0000
450.5000,206.0000,43.0000,68.0000
450.5000,206.0000,43.0000,68.0000
450.5000,206.0000,43.0000,68.0000
450.5000,206.0000,43.0000,68.0000
450.5000,206.0000,43.0000,68.0000
450.5000,206.0000,43.0000,68.0000
450.5000,206.0000,43.0000,68.0000
450.5000,206.0000,43.0000,68.0000
450.5000,206.0000,43.0000,68.0000
450.5000,206.0000,43.0000,68.0000
450.5000,206.0000,43.0000,68.0000
450.5000,206.0000,43.0000,68.0000
450.5000,206.0000,43.0000,68.0000
450.5000,206.0000,43.0000,68.0000
450.5000,206.0000,43.0000,68.0000
450.5000,206.0000,43.0000,68.0000
450.5000,206.0000,43.0000,68.0000
450.5000,206.0000,43.0000,68.0000
450.5000,206.0000,43.0000,68.0000
450.5000,206.0000,43.0000,68.0000
450.5000,206.0000,43.0000,68.0000
450.5000,206.0000,43.0000,68.0000
450.5000,202.0000,43.0000,68.0000
450.5000,202.0000,43.0000,68.0000
450.5000,202.0000,43.0000,68.0000
450.5000,202.0000,43.0000,68.0000
454.5000,202.0000,43.0000,68.0000
454.5000,202.0000,43.0000,68.0000
454.5000,202.0000,43.0000,68.0000
454.5000,202.0000,43.0000,68.0000
454.5000,202.0000,43.0000,68.0000
454.5000,202.0000,43.0000,68.0000
454.5000,202.0000,43.0000,68.0000
454.5000,202.0000,43.0000,68.0000
454.5000,198.0000,43.0000,68.0000
454.5000,198.0000,43.0000,68.0000
454.5000,198.0000,43.0000,68.0000
454.5000,198.0000,43.0000,68.0000
454.5000,198.0000,43.0000,68.0000
454.5000,198.0000,43.0000,68.0000
454.5000,198.0000,43.0000,68.0000
454.5000,198.0000,43.0000,68.0000
454.5000,198.0000,43.0000,68.0000
454.5000,198.0000,43.0000,68.0000
454.5000,198.0000,43.0000,68.0000
454.5000,198.0000,43.0000,68.0000
454.5000,198.0000,43.0000,68.0000
454.5000,194.0000,43.0000,68.0000
454.5000,194.0000,43.0000,68.0000
454.5000,194.0000,43.0000,68.0000
454.5000,194.0000,43.0000,68.0000
454.5000,194.0000,43.0000,68.0000
454.5000,194.0000,43.0000,68.0000
454.5000,194.0000,43.0000,68.0000
454.5000,194.0000,43.0000,68.0000
454.5000,194.0000,43.0000,68.0000
454.5000,194.0000,43.0000,68.0000
454.5000,194.0000,43.0000,68.0000
454.5000,194.0000,43.0000,68.0000
454.5000,194.0000,43.0000,68.0000
454.5000,194.0000,43.0000,68.0000
454.5000,194.0000,43.0000,68.0000
454.5000,194.0000,43.0000,68.0000
454.5000,194.0000,43.0000,68.0000
454.5000,190.0000,43.0000,68.0000
454.5000,190.0000,43.0000,68.0000
454.5000,190.0000,43.0000,68.0000
454.5000,190.0000,43.0000,68.0000
454.5000,190.0000,43.0000,68.0000
454.5000,190.0000,43.0000,68.0000
454.5000,190.0000,43.0000,68.0000
454.5000,190.0000,43.0000,68.0000
454.5000,190.0000,43.0000,68.0000
454.5000,190.0000,43.0000,68.0000
454.5000,190.0000,43.0000,68.0000
454.5000,190.0000,43.0000,68.0000
454.5000,190.0000,43.0000,68.0000
454.5000,190.0000,43.0000,68.0000
454.5000,190.0000,43.0000,68.0000
454.5000,190.0000,43.0000,68.0000
454.5000,190.0000,43.0000,68.0000
454.5000,186.0000,43.0000,68.0000
454.5000,186.0000,43.0000,68.0000
454.5000,186.0000,43.0000,68.0000
454.5000,186.0000,43.0000,68.0000
454.5000,186.0000,43.0000,68.0000
454.5000,186.0000,43.0000,68.0000
454.5000,186.0000,43.0000,68.0000
454.5000,186.0000,43.0000,68.0000
454.5000,186.0000,43.0000,68.0000
454.5000,186.0000,43.0000,68.0000
454.5000,186.0000,43.0000,68.0000
454.5000,186.0000,43.0000,68.0000
454.5000,186.0000,43.0000,68.0000
454.5000,186.0000,43.0000,68.0000
454.5000,186.0000,43.0000,68.0000
454.5000,186.0000,43.0000,68.0000
454.5000,186.0000,43.0000,68.0000
454.5000,186.0000,43.0000,68.0000
454.5000,186.0000,43.0000,68.0000
454.5000,186.0000,43.0000,68.0000
454.5000,186.0000,43.0000,68.0000
454.5000,186.0000,43.0000,68.0000
454.5000,186.0000,43.0000,68.0000
454.5000,186.0000,43.0000,68.0000
454.5000,186.0000,43.0000,68.0000
454.5000,186.0000,43.0000,68.0000
454.5000,186.0000,43.0000,68.0000
454.5000,186.0000,43.0000,68.0000
450.5000,186.0000,43.0000,68.0000
450.5000,186.0000,43.0000,68.0000
450.5000,186.0000,43.0000,68.0000
450.5000,186.0000,43.0000,68.0000
450.5000,186.0000,43.0000,68.0000
450.5000,186.0000,43.0000,68.0000
450.5000,186.0000,43.0000,68.0000
450.5000,186.0000,43.0000,68.0000
450.5000,186.0000,43.0000,68.0000
450.5000,186.0000,43.0000,68.0000
450.5000,186.0000,43.0000,68.0000
446.5000,186.0000,43.0000,68.0000
446.5000,186.0000,43.0000,68.0000
446.5000,186.0000,43.0000,68.0000
446.5000,186.0000,43.0000,68.0000
446.5000,186.0000,43.0000,68.0000
446.5000,186.0000,43.0000,68.0000
446.5000,186.0000,43.0000,68.0000
446.5000,186.0000,43.0000,68.0000
446.5000,186.0000,43.0000,68.0000
442.5000,186.0000,43.0000,68.0000
442.5000,186.0000,43.0000,68.0000
442.5000,186.0000,43.0000,68.0000
442.5000,186.0000,43.0000,68.0000
442.5000,186.0000,43.0000,68.0000
442.5000,186.0000,43.0000,68.0000
442.5000,186.0000,43.0000,68.0000
438.5000,186.0000,43.0000,68.0000
438.5000,186.0000,43.0000,68.0000
438.5000,186.0000,43.0000,68.0000
438.5000,186.0000,43.0000,68.0000
438.5000,186.0000,43.0000,68.0000
438.5000,186.0000,43.0000,68.0000
438.5000,186.0000,43.0000,68.0000
438.5000,186.0000,43.0000,68.0000
434.5000,186.0000,43.0000,68.0000
434.5000,186.0000,43.0000,68.0000
434.5000,186.0000,43.0000,68.0000
434.5000,186.0000,43.0000,68.0000
434.5000,186.0000,43.0000,68.0000
434.5000,186.0000,43.0000,68.0000
430.5000,186.0000,43.0000,68.0000
430.5000,186.0000,43.0000,68.0000
430.5000,186.0000,43.0000,68.0000
430.5000,186.0000,43.0000,68.0000
430.5000,186.0000,43.0000,68.0000
426.5000,186.0000,43.0000,68.0000
426.5000,190.0000,43.0000,68.0000
426.5000,190.0000,43.0000,68.0000
426.5000,190.0000,43.0000,68.0000
426.5000,190.0000,43.0000,68.0000
422.5000,190.0000,43.0000,68.0000
422.5000,190.0000,43.0000,68.0000
422.5000,190.0000,43.0000,68.0000
422.5000,190.0000,43.0000,68.0000
422.5000,190.0000,43.0000,68.0000
422.5000,190.0000,43.0000,68.0000
418.5000,190.0000,43.0000,68.0000
418.5000,190.0000,43.0000,68.0000
418.5000,190.0000,43.0000,68.0000
418.5000,190.0000,43.0000,68.0000
418.5000,190.0000,43.0000,68.0000
414.5000,190.0000,43.0000,68.0000
414.5000,190.0000,43.0000,68.0000
414.5000,190.0000,43.0000,68.0000
414.5000,190.0000,43.0000,68.0000
414.5000,190.0000,43.0000,68.0000
410.5000,190.0000,43.0000,68.0000
410.5000,190.0000,43.0000,68.0000
410.5000,190.0000,43.0000,68.0000
410.5000,190.0000,43.0000,68.0000
406.5000,190.0000,43.0000,68.0000
406.5000,190.0000,43.0000,68.0000
406.5000,190.0000,43.0000,68.0000
406.5000,190.0000,43.0000,68.0000
406.5000,190.0000,43.0000,68.0000
402.5000,190.0000,43.0000,68.0000
402.5000,190.0000,43.0000,68.0000
402.5000,190.0000,43.0000,68.0000
402.5000,190.0000,43.0000,68.0000
398.5000,194.0000,43.0000,68.0000
398.5000,194.0000,43.0000,68.0000
398.5000,194.0000,43.0000,68.0000
398.5000,194.0000,43.0000,68.0000
398.5000,194.0000,43.0000,68.0000
394.5000,194.0000,43.0000,68.0000
394.5000,194.0000,43.0000,68.0000
394.5000,194.0000,43.0000,68.0000
394.5000,194.0000,43.0000,68.0000
394.5000,194.0000,43.0000,68.0000
394.5000,194.0000,43.0000,68.0000
398.5000,194.0000,43.0000,68.0000
398.5000,194.0000,43.0000,68.0000
398.5000,194.0000,43.0000,68.0000
398.5000,194.0000,43.0000,68.0000
398.5000,194.0000,43.0000,68.0000
402.5000,194.0000,43.0000,68.0000
402.5000,194.0000,43.0000,68.0000
406.5000,194.0000,43.0000,68.0000
406.5000,190.0000,43.0000,68.0000
410.5000,190.0000,43.0000,68.0000
418.5000,190.0000,43.0000,68.0000
422.5000,190.0000,43.0000,68.0000
430.5000,190.0000,43.0000,68.0000
434.5000,190.0000,43.0000,68.0000
442.5000,186.0000,43.0000,68.0000
454.5000,186.0000,43.0000,68.0000
466.5000,186.0000,43.0000,68.0000
474.5000,186.0000,43.0000,68.0000
482.5000,186.0000,43.0000,68.0000
490.5000,182.0000,43.0000,68.0000
498.5000,182.0000,43.0000,68.0000
502.5000,182.0000,43.0000,68.0000
506.5000,182.0000,43.0000,68.0000
506.5000,182.0000,43.0000,68.0000
506.5000,182.0000,43.0000,68.0000
510.5000,182.0000,43.0000,68.0000
510.5000,182.0000,43.0000,68.0000
510.5000,182.0000,43.0000,68.0000
510.5000,182.0000,43.0000,68.0000
510.5000,182.0000,43.0000,68.0000
510.5000,182.0000,43.0000,68.0000
510.5000,182.0000,43.0000,68.0000
510.5000,182.0000,43.0000,68.0000
514.5000,182.0000,43.0000,68.0000
514.5000,182.0000,43.0000,68.0000
518.5000,178.0000,43.0000,68.0000
518.5000,178.0000,43.0000,68.0000
522.5000,178.0000,43.0000,68.0000
522.5000,178.0000,43.0000,68.0000
526.5000,178.0000,43.0000,68.0000
526.5000,178.0000,43.0000,68.0000
530.5000,178.0000,43.0000,68.0000
530.5000,178.0000,43.0000,68.0000
534.5000,178.0000,43.0000,68.0000
534.5000,178.0000,43.0000,68.0000
538.5000,178.0000,43.0000,68.0000
538.5000,178.0000,43.0000,68.0000
542.5000,178.0000,43.0000,68.0000
542.5000,178.0000,43.0000,68.0000
546.5000,178.0000,43.0000,68.0000
546.5000,174.0000,43.0000,68.0000
550.5000,174.0000,43.0000,68.0000
550.5000,174.0000,43.0000,68.0000
554.5000,174.0000,43.0000,68.0000
554.5000,174.0000,43.0000,68.0000
558.5000,174.0000,43.0000,68.0000
558.5000,174.0000,43.0000,68.0000
558.5000,170.0000,43.0000,68.0000
562.5000,170.0000,43.0000,68.0000
562.5000,170.0000,43.0000,68.0000
566.5000,170.0000,43.0000,68.0000
566.5000,170.0000,43.0000,68.0000
570.5000,170.0000,43.0000,68.0000
570.5000,170.0000,43.0000,68.0000
570.5000,166.0000,43.0000,68.0000
570.5000,166.0000,43.0000,68.0000
570.5000,166.0000,43.0000,68.0000
570.5000,166.0000,43.0000,68.0000
570.5000,166.0000,43.0000,68.0000
574.5000,166.0000,43.0000,68.0000
574.5000,162.0000,43.0000,68.0000
574.5000,162.0000,43.0000,68.0000
578.5000,162.0000,43.0000,68.0000
578.5000,162.0000,43.0000,68.0000
582.5000,162.0000,43.0000,68.0000
582.5000,158.0000,43.0000,68.0000
586.5000,158.0000,43.0000,68.0000
586.5000,158.0000,43.0000,68.0000
586.5000,158.0000,43.0000,68.0000
586.5000,158.0000,43.0000,68.0000
590.5000,158.0000,43.0000,68.0000
594.5000,154.0000,43.0000,68.0000
594.5000,154.0000,43.0000,68.0000
598.5000,154.0000,43.0000,68.0000
598.5000,154.0000,43.0000,68.0000
602.5000,154.0000,43.0000,68.0000
606.5000,150.0000,43.0000,68.0000
606.5000,150.0000,43.0000,68.0000
610.5000,150.0000,43.0000,68.0000
614.5000,150.0000,43.0000,68.0000
618.5000,150.0000,43.0000,68.0000
618.5000,150.0000,43.0000,68.0000
622.5000,146.0000,43.0000,68.0000
626.5000,146.0000,43.0000,68.0000
626.5000,146.0000,43.0000,68.0000
630.5000,146.0000,43.0000,68.0000
634.5000,146.0000,43.0000,68.0000
634.5000,146.0000,43.0000,68.0000
638.5000,142.0000,43.0000,68.0000
642.5000,142.0000,43.0000,68.0000
646.5000,142.0000,43.0000,68.0000
646.5000,142.0000,43.0000,68.0000
650.5000,142.0000,43.0000,68.0000
654.5000,138.0000,43.0000,68.0000
654.5000,138.0000,43.0000,68.0000
658.5000,138.0000,43.0000,68.0000
662.5000,138.0000,43.0000,68.0000
666.5000,138.0000,43.0000,68.0000
666.5000,138.0000,43.0000,68.0000
670.5000,134.0000,43.0000,68.0000
674.5000,134.0000,43.0000,68.0000
678.5000,134.0000,43.0000,68.0000
682.5000,134.0000,43.0000,68.0000
686.5000,134.0000,43.0000,68.0000
690.5000,134.0000,43.0000,68.0000
694.5000,134.0000,43.0000,68.0000
698.5000,134.0000,43.0000,68.0000
706.5000,130.0000,43.0000,68.0000
710.5000,130.0000,43.0000,68.0000
714.5000,130.0000,43.0000,68.0000
722.5000,130.0000,43.0000,68.0000
726.5000,130.0000,43.0000,68.0000
730.5000,130.0000,43.0000,68.0000
734.5000,130.0000,43.0000,68.0000
738.5000,130.0000,43.0000,68.0000
746.5000,130.0000,43.0000,68.0000
750.5000,130.0000,43.0000,68.0000
754.5000,130.0000,43.0000,68.0000
758.5000,130.0000,43.0000,68.0000
758.5000,130.0000,43.0000,68.0000
762.5000,130.0000,43.0000,68.0000
762.5000,130.0000,43.0000,68.0000
766.5000,134.0000,43.0000,68.0000
770.5000,134.0000,43.0000,68.0000
770.5000,134.0000,43.0000,68.0000
774.5000,134.0000,43.0000,68.0000
778.5000,134.0000,43.0000,68.0000
778.5000,134.0000,43.0000,68.0000
782.5000,134.0000,43.0000,68.0000
786.5000,134.0000,43.0000,68.0000
790.5000,138.0000,43.0000,68.0000
790.5000,138.0000,43.0000,68.0000
794.5000,138.0000,43.0000,68.0000
798.5000,138.0000,43.0000,68.0000
798.5000,138.0000,43.0000,68.0000
802.5000,138.0000,43.0000,68.0000
806.5000,138.0000,43.0000,68.0000
810.5000,142.0000,43.0000,68.0000
810.5000,142.0000,43.0000,68.0000
814.5000,142.0000,43.0000,68.0000
818.5000,142.0000,43.0000,68.0000
822.5000,142.0000,43.0000,68.0000
826.5000,146.0000,43.0000,68.0000
830.5000,146.0000,43.0000,68.0000
830.5000,146.0000,43.0000,68.0000
834.5000,146.0000,43.0000,68.0000
838.5000,146.0000,43.0000,68.0000
842.5000,150.0000,43.0000,68.0000
842.5000,150.0000,43.0000,68.0000
846.5000,150.0000,43.0000,68.0000
850.5000,154.0000,43.0000,68.0000
854.5000,154.0000,43.0000,68.0000
854.5000,158.0000,43.0000,68.0000
858.5000,158.0000,43.0000,68.0000
858.5000,162.0000,43.0000,68.0000
862.5000,162.0000,43.0000,68.0000
862.5000,166.0000,43.0000,68.0000
866.5000,166.0000,43.0000,68.0000
866.5000,166.0000,43.0000,68.0000
870.5000,170.0000,43.0000,68.0000
870.5000,170.0000,43.0000,68.0000
874.5000,174.0000,43.0000,68.0000
874.5000,174.0000,43.0000,68.0000
874.5000,174.0000,43.0000,68.0000
874.5000,174.0000,43.0000,68.0000
874.5000,174.0000,43.0000,68.0000
878.5000,174.0000,43.0000,68.0000
878.5000,174.0000,43.0000,68.0000
878.5000,174.0000,43.0000,68.0000
878.5000,174.0000,43.0000,68.0000
878.5000,170.0000,43.0000,68.0000
878.5000,170.0000,43.0000,68.0000
878.5000,170.0000,43.0000,68.0000
878.5000,170.0000,43.0000,68.0000
874.5000,166.0000,43.0000,68.0000
874.5000,166.0000,43.0000,68.0000
874.5000,166.0000,43.0000,68.0000
874.5000,166.0000,43.0000,68.0000
870.5000,162.0000,43.0000,68.0000
870.5000,162.0000,43.0000,68.0000
870.5000,162.0000,43.0000,68.0000
870.5000,158.0000,43.0000,68.0000
870.5000,158.0000,43.0000,68.0000
870.5000,158.0000,43.0000,68.0000
870.5000,158.0000,43.0000,68.0000
870.5000,154.0000,43.0000,68.0000
870.5000,154.0000,43.0000,68.0000
870.5000,154.0000,43.0000,68.0000
870.5000,154.0000,43.0000,68.0000
874.5000,150.0000,43.0000,68.0000
874.5000,150.0000,43.0000,68.0000
874.5000,150.0000,43.0000,68.0000
874.5000,150.0000,43.0000,68.0000
874.5000,146.0000,43.0000,68.0000
878.5000,146.0000,43.0000,68.0000
878.5000,146.0000,43.0000,68.0000
878.5000,142.0000,43.0000,68.0000
878.5000,142.0000,43.0000,68.0000
882.5000,142.0000,43.0000,68.0000
882.5000,142.0000,43.0000,68.0000
882.5000,142.0000,43.0000,68.0000
886.5000,142.0000,43.0000,68.0000
886.5000,138.0000,43.0000,68.0000
886.5000,138.0000,43.0000,68.0000
890.5000,138.0000,43.0000,68.0000
890.5000,134.0000,43.0000,68.0000
894.5000,134.0000,43.0000,68.0000
894.5000,134.0000,43.0000,68.0000
894.5000,134.0000,43.0000,68.0000
898.5000,130.0000,43.0000,68.0000
898.5000,130.0000,43.0000,68.0000
898.5000,130.0000,43.0000,68.0000
898.5000,126.0000,43.0000,68.0000
902.5000,126.0000,43.0000,68.0000
902.5000,126.0000,43.0000,68.0000
902.5000,122.0000,43.0000,68.0000
906.5000,122.0000,43.0000,68.0000
906.5000,122.0000,43.0000,68.0000
906.5000,122.0000,43.0000,68.0000
910.5000,122.0000,43.0000,68.0000
910.5000,118.0000,43.0000,68.0000
914.5000,118.0000,43.0000,68.0000
914.5000,118.0000,43.0000,68.0000
914.5000,118.0000,43.0000,68.0000
918.5000,118.0000,43.0000,68.0000
918.5000,118.0000,43.0000,68.0000
922.5000,118.0000,43.0000,68.0000
922.5000,114.0000,43.0000,68.0000
926.5000,114.0000,43.0000,68.0000
926.5000,114.0000,43.0000,68.0000
930.5000,114.0000,43.0000,68.0000
934.5000,114.0000,43.0000,68.0000
934.5000,114.0000,43.0000,68.0000
938.5000,114.0000,43.0000,68.0000
942.5000,114.0000,43.0000,68.0000
946.5000,114.0000,43.0000,68.0000
950.5000,114.0000,43.0000,68.0000
950.5000,110.0000,43.0000,68.0000
954.5000,110.0000,43.0000,68.0000
958.5000,110.0000,43.0000,68.0000
962.5000,110.0000,43.0000,68.0000
966.5000,110.0000,43.0000,68.0000
970.5000,110.0000,43.0000,68.0000
974.5000,110.0000,43.0000,68.0000
978.5000,110.0000,43.0000,68.0000
982.5000,110.0000,43.0000,68.0000
990.5000,110.0000,43.0000,68.0000
994.5000,110.0000,43.0000,68.0000
994.5000,110.0000,43.0000,68.0000
998.5000,110.0000,43.0000,68.0000
1002.5000,110.0000,43.0000,68.0000
1002.5000,106.0000,43.0000,68.0000
1002.5000,106.0000,43.0000,68.0000
1002.5000,106.0000,43.0000,68.0000
1002.5000,106.0000,43.0000,68.0000
1002.5000,102.0000,43.0000,68.0000
1002.5000,102.0000,43.0000,68.0000
1002.5000,98.0000,43.0000,68.0000
1002.5000,98.0000,43.0000,68.0000
1002.5000,94.0000,43.0000,68.0000
1002.5000,90.0000,43.0000,68.0000
1002.5000,90.0000,43.0000,68.0000
1002.5000,86.0000,43.0000,68.0000
1002.5000,82.0000,43.0000,68.0000
1006.5000,78.0000,43.0000,68.0000
1006.5000,74.0000,43.0000,68.0000
1010.5000,70.0000,43.0000,68.0000
1010.5000,66.0000,43.0000,68.0000
1010.5000,58.0000,43.0000,68.0000
1014.5000,54.0000,43.0000,68.0000
1014.5000,46.0000,43.0000,68.0000
1014.5000,38.0000,43.0000,68.0000
1018.5000,30.0000,43.0000,68.0000
1018.5000,22.0000,43.0000,68.0000
1018.5000,14.0000,43.0000,68.0000
1022.5000,6.0000,43.0000,68.0000
1022.5000,-2.0000,43.0000,68.0000
1022.5000,-6.0000,43.0000,68.0000
1022.5000,-10.0000,43.0000,68.0000
1022.5000,-18.0000,43.0000,68.0000
1022.5000,-22.0000,43.0000,68.0000
1022.5000,-26.0000,43.0000,68.0000
1018.5000,-30.0000,43.0000,68.0000
1018.5000,-34.0000,43.0000,68.0000
1018.5000,-34.0000,43.0000,68.0000
1018.5000,-38.0000,43.0000,68.0000
1018.5000,-38.0000,43.0000,68.0000
2
0
0
0
0
0
2
0
0
0
0
0
2
0
0
0
0
0
2
0
0
0
0
0
2
0
0
0
0
0
2
0
0
0
0
0
2
0
0
0
0
0
2
0
0
0
0
0
2
0
0
0
0
0
2
0
0
0
0
0
2
0
0
0
0
0
2
0
0
0
0
0
2
0
0
0
0
0
2
0
0
0
0
0
2
0
0
0
0
0
2
0
0
0
0
0
2
0
0
0
0
0
2
0
0
0
0
0
2
0
0
0
0
0
2
0
0
0
0
0
2
0
0
0
0
0
2
0
0
0
0
0
2
0
0
0
0
0
2
0
0
0
0
0
2
0
0
0
0
0
2
0
0
0
0
0
2
0
0
0
0
0
2
0
0
0
0
0
2
0
0
0
0
0
2
0
0
0
0
0
2
0
0
0
0
0
2
0
0
0
0
0
2
0
0
0
0
0
2
0
0
0
0
0
2
0
0
0
0
0
2
0
0
0
0
0
2
0
0
0
0
0
2
0
0
0
0
0
2
0
0
0
0
0
2
0
0
0
0
0
2
0
0
0
0
0
2
0
0
0
0
0
2
0
0
0
0
0
2
0
0
0
0
0
2
0
0
0
0
0
2
0
0
0
0
0
2
0
0
0
0
0
2
0
0
0
0
0
2
0
0
0
0
0
2
0
0
0
0
0
2
0
0
0
0
0
2
0
0
0
0
0
2
0
0
0
0
0
2
0
0
0
0
0
2
0
0
0
0
0
2
0
0
0
0
0
2
0
0
0
0
0
2
0
0
0
0
0
2
0
0
0
0
0
2
0
0
0
0
0
2
0
0
0
0
0
2
0
0
0
0
0
2
0
0
0
0
0
2
0
0
0
0
0
2
0
0
0
0
0
2
0
0
0
0
0
2
0
0
0
0
0
2
0
0
0
0
0
2
0
0
0
0
0
2
0
0
0
0
0
2
0
0
0
0
0
2
0
0
0
0
0
2
0
0
0
0
0
2
0
0
0
0
0
2
0
0
0
0
0
2
0
0
0
0
0
2
0
0
0
0
0
2
0
0
0
0
0
2
0
0
0
0
0
2
0
0
0
0
0
2
0
0
0
0
0
2
0
0
0
0
0
2
0
0
0
0
0
2
0
0
0
0
0
2
0
0
0
0
0
