1
722.5000,313.5000,63.0000,143.0000
722.5000,317.5000,63.0000,143.0000
722.5000,317.5000,63.0000,143.0000
722.5000,317.5000,63.0000,143.0000
718.5000,317.5000,63.0000,143.0000
718.5000,321.5000,63.0000,143.0000
718.5000,321.5000,63.0000,143.0000
718.5000,321.5000,63.0000,143.0000
718.5000,321.5000,63.0000,143.0000
718.5000,317.5000,63.0000,143.0000
718.5000,317.5000,63.0000,143.0000
718.5000,317.5000,63.0000,143.0000
718.5000,313.5000,63.0000,143.0000
718.5000,313.5000,63.0000,143.0000
718.5000,313.5000,63.0000,143.0000
718.5000,313.5000,63.0000,143.0000
718.5000,313.5000,63.0000,143.0000
714.5000,313.5000,63.0000,143.0000
714.5000,313.5000,63.0000,143.0000
714.5000,313.5000,63.0000,143.0000
714.5000,313.5000,63.0000,143.0000
714.5000,317.5000,63.0000,143.0000
710.5000,317.5000,63.0000,143.0000
710.5000,317.5000,63.0000,143.0000
710.5000,317.5000,63.0000,143.0000
710.5000,317.5000,63.0000,143.0000
706.5000,317.5000,63.0000,143.0000
706.5000,313.5000,63.0000,143.0000
702.5000,317.5000,63.0000,143.0000
702.5000,317.5000,63.0000,143.0000
702.5000,313.5000,63.0000,143.0000
698.5000,313.5000,63.0000,143.0000
698.5000,313.5000,63.0000,143.0000
698.5000,313.5000,63.0000,143.0000
694.5000,313.5000,63.0000,143.0000
694.5000,313.5000,63.0000,143.0000
694.5000,317.5000,63.0000,143.0000
694.5000,317.5000,63.0000,143.0000
690.5000,317.5000,63.0000,143.0000
690.5000,317.5000,63.0000,143.0000
690.5000,321.5000,63.0000,143.0000
690.5000,321.5000,63.0000,143.0000
690.5000,321.5000,63.0000,143.0000
690.5000,321.5000,63.0000,143.0000
686.5000,321.5000,63.0000,143.0000
686.5000,321.5000,63.0000,143.0000
686.5000,321.5000,63.0000,143.0000
686.5000,321.5000,63.0000,143.0000
686.5000,321.5000,63.0000,143.0000
686.5000,317.5000,63.0000,143.0000
686.5000,317.5000,63.0000,143.0000
686.5000,317.5000,63.0000,143.0000
682.5000,321.5000,63.0000,143.0000
682.5000,321.5000,63.0000,143.0000
682.5000,321.5000,63.0000,143.0000
682.5000,321.5000,63.0000,143.0000
682.5000,321.5000,63.0000,143.0000
682.5000,321.5000,63.0000,143.0000
682.5000,321.5000,63.0000,143.0000
678.5000,321.5000,63.0000,143.0000
678.5000,321.5000,63.0000,143.0000
678.5000,321.5000,63.0000,143.0000
678.5000,325.5000,63.0000,143.0000
678.5000,325.5000,63.0000,143.0000
674.5000,325.5000,63.0000,143.0000
674.5000,321.5000,63.0000,143.0000
674.5000,321.5000,63.0000,143.0000
674.5000,321.5000,63.0000,143.0000
674.5000,321.5000,63.0000,143.0000
674.5000,321.5000,63.0000,143.0000
670.5000,321.5000,63.0000,143.0000
670.5000,321.5000,63.0000,143.0000
670.5000,321.5000,63.0000,143.0000
670.5000,321.5000,63.0000,143.0000
670.5000,321.5000,63.0000,143.0000
670.5000,321.5000,63.0000,143.0000
670.5000,321.5000,63.0000,143.0000
670.5000,325.5000,63.0000,143.0000
670.5000,325.5000,63.0000,143.0000
670.5000,325.5000,63.0000,143.0000
670.5000,325.5000,63.0000,143.0000
670.5000,325.5000,63.0000,143.0000
670.5000,325.5000,63.0000,143.0000
670.5000,325.5000,63.0000,143.0000
670.5000,325.5000,63.0000,143.0000
670.5000,325.5000,63.0000,143.0000
670.5000,325.5000,63.0000,143.0000
670.5000,321.5000,63.0000,143.0000
670.5000,325.5000,63.0000,143.0000
670.5000,325.5000,63.0000,143.0000
670.5000,325.5000,63.0000,143.0000
670.5000,325.5000,63.0000,143.0000
670.5000,325.5000,63.0000,143.0000
670.5000,325.5000,63.0000,143.0000
670.5000,325.5000,63.0000,143.0000
670.5000,325.5000,63.0000,143.0000
670.5000,325.5000,63.0000,143.0000
670.5000,329.5000,63.0000,143.0000
670.5000,329.5000,63.0000,143.0000
670.5000,329.5000,63.0000,143.0000
666.5000,329.5000,63.0000,143.0000
666.5000,329.5000,63.0000,143.0000
666.5000,325.5000,63.0000,143.0000
666.5000,325.5000,63.0000,143.0000
666.5000,325.5000,63.0000,143.0000
666.5000,325.5000,63.0000,143.0000
666.5000,325.5000,63.0000,143.0000
666.5000,325.5000,63.0000,143.0000
666.5000,325.5000,63.0000,143.0000
666.5000,325.5000,63.0000,143.0000
666.5000,325.5000,63.0000,143.0000
662.5000,325.5000,63.0000,143.0000
662.5000,329.5000,63.0000,143.0000
662.5000,329.5000,63.0000,143.0000
662.5000,329.5000,63.0000,143.0000
662.5000,329.5000,63.0000,143.0000
666.5000,329.5000,63.0000,143.0000
666.5000,329.5000,63.0000,143.0000
666.5000,329.5000,63.0000,143.0000
666.5000,329.5000,63.0000,143.0000
666.5000,333.5000,63.0000,143.0000
666.5000,333.5000,63.0000,143.0000
666.5000,329.5000,63.0000,143.0000
666.5000,329.5000,63.0000,143.0000
666.5000,329.5000,63.0000,143.0000
666.5000,329.5000,63.0000,143.0000
666.5000,329.5000,63.0000,143.0000
670.5000,329.5000,63.0000,143.0000
670.5000,329.5000,63.0000,143.0000
670.5000,329.5000,63.0000,143.0000
670.5000,329.5000,63.0000,143.0000
670.5000,329.5000,63.0000,143.0000
670.5000,333.5000,63.0000,143.0000
670.5000,333.5000,63.0000,143.0000
670.5000,333.5000,63.0000,143.0000
670.5000,333.5000,63.0000,143.0000
670.5000,333.5000,63.0000,143.0000
670.5000,333.5000,63.0000,143.0000
670.5000,333.5000,63.0000,143.0000
670.5000,333.5000,63.0000,143.0000
670.5000,333.5000,63.0000,143.0000
670.5000,329.5000,63.0000,143.0000
670.5000,329.5000,63.0000,143.0000
670.5000,329.5000,63.0000,143.0000
670.5000,333.5000,63.0000,143.0000
670.5000,333.5000,63.0000,143.0000
670.5000,337.5000,63.0000,143.0000
670.5000,337.5000,63.0000,143.0000
670.5000,341.5000,63.0000,143.0000
670.5000,345.5000,63.0000,143.0000
670.5000,345.5000,63.0000,143.0000
670.5000,345.5000,63.0000,143.0000
670.5000,349.5000,63.0000,143.0000
670.5000,349.5000,63.0000,143.0000
670.5000,349.5000,63.0000,143.0000
670.5000,349.5000,63.0000,143.0000
670.5000,349.5000,63.0000,143.0000
670.5000,349.5000,63.0000,143.0000
670.5000,349.5000,63.0000,143.0000
674.5000,349.5000,63.0000,143.0000
674.5000,349.5000,63.0000,143.0000
674.5000,349.5000,63.0000,143.0000
674.5000,345.5000,63.0000,143.0000
674.5000,349.5000,63.0000,143.0000
674.5000,345.5000,63.0000,143.0000
678.5000,345.5000,63.0000,143.0000
678.5000,345.5000,63.0000,143.0000
678.5000,349.5000,63.0000,143.0000
678.5000,349.5000,63.0000,143.0000
678.5000,349.5000,63.0000,143.0000
678.5000,349.5000,63.0000,143.0000
678.5000,349.5000,63.0000,143.0000
678.5000,349.5000,63.0000,143.0000
678.5000,353.5000,63.0000,143.0000
678.5000,353.5000,63.0000,143.0000
678.5000,353.5000,63.0000,143.0000
678.5000,349.5000,63.0000,143.0000
678.5000,349.5000,63.0000,143.0000
678.5000,349.5000,63.0000,143.0000
678.5000,349.5000,63.0000,143.0000
678.5000,349.5000,63.0000,143.0000
678.5000,349.5000,63.0000,143.0000
678.5000,349.5000,63.0000,143.0000
678.5000,349.5000,63.0000,143.0000
678.5000,349.5000,63.0000,143.0000
678.5000,349.5000,63.0000,143.0000
678.5000,349.5000,63.0000,143.0000
678.5000,349.5000,63.0000,143.0000
678.5000,353.5000,63.0000,143.0000
682.5000,353.5000,63.0000,143.0000
682.5000,353.5000,63.0000,143.0000
682.5000,353.5000,63.0000,143.0000
682.5000,353.5000,63.0000,143.0000
682.5000,353.5000,63.0000,143.0000
682.5000,353.5000,63.0000,143.0000
686.5000,353.5000,63.0000,143.0000
686.5000,353.5000,63.0000,143.0000
686.5000,353.5000,63.0000,143.0000
686.5000,349.5000,63.0000,143.0000
686.5000,349.5000,63.0000,143.0000
686.5000,349.5000,63.0000,143.0000
690.5000,349.5000,63.0000,143.0000
690.5000,349.5000,63.0000,143.0000
690.5000,349.5000,63.0000,143.0000
690.5000,353.5000,63.0000,143.0000
690.5000,353.5000,63.0000,143.0000
690.5000,353.5000,63.0000,143.0000
690.5000,353.5000,63.0000,143.0000
690.5000,357.5000,63.0000,143.0000
690.5000,357.5000,63.0000,143.0000
690.5000,357.5000,63.0000,143.0000
690.5000,357.5000,63.0000,143.0000
690.5000,357.5000,63.0000,143.0000
690.5000,357.5000,63.0000,143.0000
690.5000,357.5000,63.0000,143.0000
690.5000,357.5000,63.0000,143.0000
690.5000,357.5000,63.0000,143.0000
690.5000,357.5000,63.0000,143.0000
686.5000,357.5000,63.0000,143.0000
686.5000,357.5000,63.0000,143.0000
686.5000,357.5000,63.0000,143.0000
686.5000,357.5000,63.0000,143.0000
686.5000,357.5000,63.0000,143.0000
686.5000,361.5000,63.0000,143.0000
686.5000,361.5000,63.0000,143.0000
686.5000,361.5000,63.0000,143.0000
686.5000,361.5000,63.0000,143.0000
686.5000,365.5000,63.0000,143.0000
686.5000,365.5000,63.0000,143.0000
686.5000,365.5000,63.0000,143.0000
686.5000,365.5000,63.0000,143.0000
686.5000,365.5000,63.0000,143.0000
686.5000,365.5000,63.0000,143.0000
686.5000,365.5000,63.0000,143.0000
686.5000,365.5000,63.0000,143.0000
690.5000,365.5000,63.0000,143.0000
690.5000,365.5000,63.0000,143.0000
690.5000,365.5000,63.0000,143.0000
690.5000,365.5000,63.0000,143.0000
690.5000,365.5000,63.0000,143.0000
690.5000,365.5000,63.0000,143.0000
690.5000,365.5000,63.0000,143.0000
690.5000,369.5000,63.0000,143.0000
690.5000,369.5000,63.0000,143.0000
690.5000,369.5000,63.0000,143.0000
690.5000,369.5000,63.0000,143.0000
690.5000,369.5000,63.0000,143.0000
690.5000,373.5000,63.0000,143.0000
690.5000,373.5000,63.0000,143.0000
690.5000,373.5000,63.0000,143.0000
690.5000,369.5000,63.0000,143.0000
690.5000,369.5000,63.0000,143.0000
690.5000,369.5000,63.0000,143.0000
690.5000,369.5000,63.0000,143.0000
690.5000,369.5000,63.0000,143.0000
686.5000,369.5000,63.0000,143.0000
686.5000,369.5000,63.0000,143.0000
686.5000,369.5000,63.0000,143.0000
686.5000,369.5000,63.0000,143.0000
686.5000,369.5000,63.0000,143.0000
686.5000,369.5000,63.0000,143.0000
686.5000,373.5000,63.0000,143.0000
686.5000,373.5000,63.0000,143.0000
686.5000,373.5000,63.0000,143.0000
686.5000,373.5000,63.0000,143.0000
686.5000,373.5000,63.0000,143.0000
686.5000,373.5000,63.0000,143.0000
686.5000,377.5000,63.0000,143.0000
686.5000,377.5000,63.0000,143.0000
690.5000,373.5000,63.0000,143.0000
690.5000,373.5000,63.0000,143.0000
690.5000,373.5000,63.0000,143.0000
690.5000,373.5000,63.0000,143.0000
690.5000,373.5000,63.0000,143.0000
690.5000,373.5000,63.0000,143.0000
690.5000,373.5000,63.0000,143.0000
694.5000,369.5000,63.0000,143.0000
694.5000,369.5000,63.0000,143.0000
694.5000,369.5000,63.0000,143.0000
694.5000,369.5000,63.0000,143.0000
694.5000,369.5000,63.0000,143.0000
694.5000,369.5000,63.0000,143.0000
694.5000,369.5000,63.0000,143.0000
694.5000,369.5000,63.0000,143.0000
694.5000,373.5000,63.0000,143.0000
694.5000,373.5000,63.0000,143.0000
694.5000,373.5000,63.0000,143.0000
694.5000,373.5000,63.0000,143.0000
694.5000,373.5000,63.0000,143.0000
694.5000,373.5000,63.0000,143.0000
694.5000,369.5000,63.0000,143.0000
694.5000,369.5000,63.0000,143.0000
694.5000,369.5000,63.0000,143.0000
694.5000,365.5000,63.0000,143.0000
694.5000,365.5000,63.0000,143.0000
694.5000,365.5000,63.0000,143.0000
694.5000,361.5000,63.0000,143.0000
694.5000,361.5000,63.0000,143.0000
694.5000,365.5000,63.0000,143.0000
694.5000,365.5000,63.0000,143.0000
694.5000,365.5000,63.0000,143.0000
694.5000,365.5000,63.0000,143.0000
694.5000,365.5000,63.0000,143.0000
694.5000,365.5000,63.0000,143.0000
694.5000,365.5000,63.0000,143.0000
694.5000,365.5000,63.0000,143.0000
694.5000,365.5000,63.0000,143.0000
694.5000,365.5000,63.0000,143.0000
694.5000,365.5000,63.0000,143.0000
694.5000,365.5000,63.0000,143.0000
694.5000,361.5000,63.0000,143.0000
694.5000,361.5000,63.0000,143.0000
698.5000,357.5000,63.0000,143.0000
698.5000,357.5000,63.0000,143.0000
698.5000,357.5000,63.0000,143.0000
698.5000,357.5000,63.0000,143.0000
698.5000,357.5000,63.0000,143.0000
698.5000,357.5000,63.0000,143.0000
698.5000,357.5000,63.0000,143.0000
698.5000,357.5000,63.0000,143.0000
698.5000,357.5000,63.0000,143.0000
698.5000,357.5000,63.0000,143.0000
698.5000,357.5000,63.0000,143.0000
698.5000,357.5000,63.0000,143.0000
698.5000,357.5000,63.0000,143.0000
698.5000,357.5000,63.0000,143.0000
698.5000,357.5000,63.0000,143.0000
698.5000,357.5000,63.0000,143.0000
698.5000,357.5000,63.0000,143.0000
698.5000,357.5000,63.0000,143.0000
698.5000,353.5000,63.0000,143.0000
698.5000,353.5000,63.0000,143.0000
698.5000,353.5000,63.0000,143.0000
698.5000,353.5000,63.0000,143.0000
698.5000,353.5000,63.0000,143.0000
694.5000,353.5000,63.0000,143.0000
694.5000,349.5000,63.0000,143.0000
694.5000,349.5000,63.0000,143.0000
694.5000,349.5000,63.0000,143.0000
694.5000,349.5000,63.0000,143.0000
694.5000,349.5000,63.0000,143.0000
694.5000,349.5000,63.0000,143.0000
694.5000,349.5000,63.0000,143.0000
694.5000,353.5000,63.0000,143.0000
694.5000,353.5000,63.0000,143.0000
694.5000,353.5000,63.0000,143.0000
694.5000,353.5000,63.0000,143.0000
694.5000,357.5000,63.0000,143.0000
694.5000,357.5000,63.0000,143.0000
694.5000,357.5000,63.0000,143.0000
694.5000,357.5000,63.0000,143.0000
694.5000,361.5000,63.0000,143.0000
694.5000,361.5000,63.0000,143.0000
694.5000,361.5000,63.0000,143.0000
694.5000,361.5000,63.0000,143.0000
694.5000,361.5000,63.0000,143.0000
694.5000,361.5000,63.0000,143.0000
694.5000,361.5000,63.0000,143.0000
694.5000,361.5000,63.0000,143.0000
694.5000,361.5000,63.0000,143.0000
694.5000,361.5000,63.0000,143.0000
694.5000,361.5000,63.0000,143.0000
694.5000,365.5000,63.0000,143.0000
694.5000,365.5000,63.0000,143.0000
694.5000,365.5000,63.0000,143.0000
694.5000,365.5000,63.0000,143.0000
694.5000,369.5000,63.0000,143.0000
694.5000,369.5000,63.0000,143.0000
694.5000,369.5000,63.0000,143.0000
694.5000,373.5000,63.0000,143.0000
690.5000,373.5000,63.0000,143.0000
690.5000,373.5000,63.0000,143.0000
690.5000,373.5000,63.0000,143.0000
690.5000,373.5000,63.0000,143.0000
690.5000,377.5000,63.0000,143.0000
690.5000,377.5000,63.0000,143.0000
690.5000,377.5000,63.0000,143.0000
690.5000,377.5000,63.0000,143.0000
690.5000,377.5000,63.0000,143.0000
686.5000,377.5000,63.0000,143.0000
686.5000,381.5000,63.0000,143.0000
686.5000,381.5000,63.0000,143.0000
686.5000,381.5000,63.0000,143.0000
686.5000,381.5000,63.0000,143.0000
686.5000,385.5000,63.0000,143.0000
686.5000,385.5000,63.0000,143.0000
686.5000,385.5000,63.0000,143.0000
686.5000,385.5000,63.0000,143.0000
686.5000,389.5000,63.0000,143.0000
686.5000,389.5000,63.0000,143.0000
686.5000,389.5000,63.0000,143.0000
686.5000,389.5000,63.0000,143.0000
686.5000,389.5000,63.0000,143.0000
686.5000,393.5000,63.0000,143.0000
686.5000,393.5000,63.0000,143.0000
686.5000,393.5000,63.0000,143.0000
686.5000,393.5000,63.0000,143.0000
686.5000,393.5000,63.0000,143.0000
686.5000,393.5000,63.0000,143.0000
686.5000,397.5000,63.0000,143.0000
686.5000,397.5000,63.0000,143.0000
686.5000,397.5000,63.0000,143.0000
682.5000,397.5000,63.0000,143.0000
682.5000,401.5000,63.0000,143.0000
682.5000,401.5000,63.0000,143.0000
682.5000,405.5000,63.0000,143.0000
682.5000,405.5000,63.0000,143.0000
678.5000,405.5000,63.0000,143.0000
678.5000,405.5000,63.0000,143.0000
678.5000,409.5000,63.0000,143.0000
678.5000,409.5000,63.0000,143.0000
674.5000,409.5000,63.0000,143.0000
674.5000,409.5000,63.0000,143.0000
674.5000,409.5000,63.0000,143.0000
674.5000,409.5000,63.0000,143.0000
674.5000,409.5000,63.0000,143.0000
674.5000,413.5000,63.0000,143.0000
674.5000,413.5000,63.0000,143.0000
674.5000,413.5000,63.0000,143.0000
674.5000,417.5000,63.0000,143.0000
674.5000,417.5000,63.0000,143.0000
674.5000,417.5000,63.0000,143.0000
674.5000,421.5000,63.0000,143.0000
674.5000,421.5000,63.0000,143.0000
674.5000,425.5000,63.0000,143.0000
674.5000,425.5000,63.0000,143.0000
674.5000,425.5000,63.0000,143.0000
674.5000,425.5000,63.0000,143.0000
674.5000,429.5000,63.0000,143.0000
674.5000,429.5000,63.0000,143.0000
674.5000,429.5000,63.0000,143.0000
674.5000,429.5000,63.0000,143.0000
674.5000,429.5000,63.0000,143.0000
674.5000,433.5000,63.0000,143.0000
674.5000,433.5000,63.0000,143.0000
674.5000,433.5000,63.0000,143.0000
674.5000,433.5000,63.0000,143.0000
674.5000,437.5000,63.0000,143.0000
674.5000,437.5000,63.0000,143.0000
674.5000,441.5000,63.0000,143.0000
674.5000,441.5000,63.0000,143.0000
674.5000,445.5000,63.0000,143.0000
674.5000,445.5000,63.0000,143.0000
674.5000,445.5000,63.0000,143.0000
674.5000,449.5000,63.0000,143.0000
674.5000,449.5000,63.0000,143.0000
674.5000,449.5000,63.0000,143.0000
674.5000,449.5000,63.0000,143.0000
674.5000,453.5000,63.0000,143.0000
674.5000,453.5000,63.0000,143.0000
674.5000,453.5000,63.0000,143.0000
674.5000,453.5000,63.0000,143.0000
674.5000,457.5000,63.0000,143.0000
674.5000,457.5000,63.0000,143.0000
674.5000,461.5000,63.0000,143.0000
674.5000,461.5000,63.0000,143.0000
674.5000,465.5000,63.0000,143.0000
674.5000,465.5000,63.0000,143.0000
674.5000,469.5000,63.0000,143.0000
674.5000,469.5000,63.0000,143.0000
674.5000,473.5000,63.0000,143.0000
674.5000,473.5000,63.0000,143.0000
674.5000,477.5000,63.0000,143.0000
674.5000,477.5000,63.0000,143.0000
674.5000,477.5000,63.0000,143.0000
674.5000,477.5000,63.0000,143.0000
674.5000,477.5000,63.0000,143.0000
678.5000,481.5000,63.0000,143.0000
678.5000,481.5000,63.0000,143.0000
678.5000,481.5000,63.0000,143.0000
678.5000,485.5000,63.0000,143.0000
678.5000,485.5000,63.0000,143.0000
678.5000,489.5000,63.0000,143.0000
678.5000,493.5000,63.0000,143.0000
678.5000,493.5000,63.0000,143.0000
678.5000,497.5000,63.0000,143.0000
678.5000,497.5000,63.0000,143.0000
678.5000,501.5000,63.0000,143.0000
678.5000,501.5000,63.0000,143.0000
678.5000,505.5000,63.0000,143.0000
678.5000,505.5000,63.0000,143.0000
678.5000,505.5000,63.0000,143.0000
678.5000,509.5000,63.0000,143.0000
678.5000,509.5000,63.0000,143.0000
678.5000,509.5000,63.0000,143.0000
678.5000,513.5000,63.0000,143.0000
678.5000,513.5000,63.0000,143.0000
678.5000,513.5000,63.0000,143.0000
678.5000,517.5000,63.0000,143.0000
678.5000,517.5000,63.0000,143.0000
678.5000,521.5000,63.0000,143.0000
678.5000,521.5000,63.0000,143.0000
678.5000,525.5000,63.0000,143.0000
678.5000,525.5000,63.0000,143.0000
678.5000,529.5000,63.0000,143.0000
678.5000,529.5000,63.0000,143.0000
678.5000,533.5000,63.0000,143.0000
682.5000,533.5000,63.0000,143.0000
682.5000,533.5000,63.0000,143.0000
682.5000,537.5000,63.0000,143.0000
682.5000,537.5000,63.0000,143.0000
682.5000,537.5000,63.0000,143.0000
682.5000,537.5000,63.0000,143.0000
682.5000,541.5000,63.0000,143.0000
686.5000,541.5000,63.0000,143.0000
686.5000,545.5000,63.0000,143.0000
686.5000,545.5000,63.0000,143.0000
686.5000,545.5000,63.0000,143.0000
686.5000,549.5000,63.0000,143.0000
686.5000,549.5000,63.0000,143.0000
686.5000,553.5000,63.0000,143.0000
686.5000,553.5000,63.0000,143.0000
686.5000,557.5000,63.0000,143.0000
686.5000,557.5000,63.0000,143.0000
686.5000,557.5000,63.0000,143.0000
686.5000,557.5000,63.0000,143.0000
686.5000,557.5000,63.0000,143.0000
686.5000,557.5000,63.0000,143.0000
686.5000,557.5000,63.0000,143.0000
686.5000,557.5000,63.0000,143.0000
686.5000,557.5000,63.0000,143.0000
686.5000,561.5000,63.0000,143.0000
686.5000,561.5000,63.0000,143.0000
686.5000,561.5000,63.0000,143.0000
686.5000,561.5000,63.0000,143.0000
686.5000,561.5000,63.0000,143.0000
686.5000,565.5000,63.0000,143.0000
686.5000,565.5000,63.0000,143.0000
690.5000,565.5000,63.0000,143.0000
690.5000,565.5000,63.0000,143.0000
690.5000,565.5000,63.0000,143.0000
690.5000,565.5000,63.0000,143.0000
690.5000,565.5000,63.0000,143.0000
690.5000,565.5000,63.0000,143.0000
690.5000,565.5000,63.0000,143.0000
694.5000,561.5000,63.0000,143.0000
694.5000,561.5000,63.0000,143.0000
694.5000,561.5000,63.0000,143.0000
694.5000,561.5000,63.0000,143.0000
694.5000,561.5000,63.0000,143.0000
694.5000,565.5000,63.0000,143.0000
698.5000,565.5000,63.0000,143.0000
698.5000,565.5000,63.0000,143.0000
698.5000,565.5000,63.0000,143.0000
698.5000,565.5000,63.0000,143.0000
698.5000,565.5000,63.0000,143.0000
698.5000,565.5000,63.0000,143.0000
698.5000,565.5000,63.0000,143.0000
698.5000,565.5000,63.0000,143.0000
698.5000,565.5000,63.0000,143.0000
698.5000,565.5000,63.0000,143.0000
698.5000,565.5000,63.0000,143.0000
698.5000,561.5000,63.0000,143.0000
698.5000,561.5000,63.0000,143.0000
694.5000,561.5000,63.0000,143.0000
694.5000,561.5000,63.0000,143.0000
694.5000,561.5000,63.0000,143.0000
694.5000,561.5000,63.0000,143.0000
694.5000,561.5000,63.0000,143.0000
690.5000,561.5000,63.0000,143.0000
690.5000,565.5000,63.0000,143.0000
690.5000,565.5000,63.0000,143.0000
690.5000,565.5000,63.0000,143.0000
690.5000,565.5000,63.0000,143.0000
690.5000,569.5000,63.0000,143.0000
690.5000,569.5000,63.0000,143.0000
690.5000,569.5000,63.0000,143.0000
690.5000,569.5000,63.0000,143.0000
690.5000,569.5000,63.0000,143.0000
690.5000,569.5000,63.0000,143.0000
690.5000,569.5000,63.0000,143.0000
690.5000,569.5000,63.0000,143.0000
690.5000,565.5000,63.0000,143.0000
694.5000,565.5000,63.0000,143.0000
694.5000,565.5000,63.0000,143.0000
694.5000,565.5000,63.0000,143.0000
694.5000,565.5000,63.0000,143.0000
694.5000,569.5000,63.0000,143.0000
694.5000,569.5000,63.0000,143.0000
694.5000,569.5000,63.0000,143.0000
694.5000,569.5000,63.0000,143.0000
694.5000,569.5000,63.0000,143.0000
690.5000,573.5000,63.0000,143.0000
690.5000,573.5000,63.0000,143.0000
690.5000,573.5000,63.0000,143.0000
690.5000,573.5000,63.0000,143.0000
690.5000,573.5000,63.0000,143.0000
690.5000,573.5000,63.0000,143.0000
686.5000,573.5000,63.0000,143.0000
686.5000,573.5000,63.0000,143.0000
686.5000,573.5000,63.0000,143.0000
686.5000,573.5000,63.0000,143.0000
686.5000,577.5000,63.0000,143.0000
682.5000,577.5000,63.0000,143.0000
682.5000,581.5000,63.0000,143.0000
682.5000,581.5000,63.0000,143.0000
682.5000,581.5000,63.0000,143.0000
682.5000,585.5000,63.0000,143.0000
682.5000,585.5000,63.0000,143.0000
682.5000,585.5000,63.0000,143.0000
682.5000,589.5000,63.0000,143.0000
682.5000,589.5000,63.0000,143.0000
682.5000,589.5000,63.0000,143.0000
682.5000,589.5000,63.0000,143.0000
682.5000,589.5000,63.0000,143.0000
682.5000,593.5000,63.0000,143.0000
682.5000,593.5000,63.0000,143.0000
682.5000,593.5000,63.0000,143.0000
678.5000,597.5000,63.0000,143.0000
678.5000,597.5000,63.0000,143.0000
678.5000,597.5000,63.0000,143.0000
678.5000,601.5000,63.0000,143.0000
678.5000,605.5000,63.0000,143.0000
678.5000,605.5000,63.0000,143.0000
678.5000,609.5000,63.0000,143.0000
678.5000,609.5000,63.0000,143.0000
674.5000,613.5000,63.0000,143.0000
674.5000,617.5000,63.0000,143.0000
674.5000,617.5000,63.0000,143.0000
670.5000,621.5000,63.0000,143.0000
670.5000,621.5000,63.0000,143.0000
670.5000,621.5000,63.0000,143.0000
666.5000,625.5000,63.0000,143.0000
666.5000,625.5000,63.0000,143.0000
666.5000,625.5000,63.0000,143.0000
666.5000,625.5000,63.0000,143.0000
666.5000,625.5000,63.0000,143.0000
666.5000,629.5000,63.0000,143.0000
662.5000,629.5000,63.0000,143.0000
662.5000,633.5000,63.0000,143.0000
662.5000,633.5000,63.0000,143.0000
662.5000,637.5000,63.0000,143.0000
662.5000,637.5000,63.0000,143.0000
662.5000,641.5000,63.0000,143.0000
662.5000,641.5000,63.0000,143.0000
662.5000,645.5000,63.0000,143.0000
658.5000,645.5000,63.0000,143.0000
658.5000,649.5000,63.0000,143.0000
658.5000,649.5000,63.0000,143.0000
658.5000,653.5000,63.0000,143.0000
658.5000,653.5000,63.0000,143.0000
658.5000,657.5000,63.0000,143.0000
658.5000,657.5000,63.0000,143.0000
658.5000,657.5000,63.0000,143.0000
654.5000,661.5000,63.0000,143.0000
654.5000,661.5000,63.0000,143.0000
654.5000,661.5000,63.0000,143.0000
654.5000,665.5000,63.0000,143.0000
654.5000,669.5000,63.0000,143.0000
650.5000,669.5000,63.0000,143.0000
650.5000,673.5000,63.0000,143.0000
650.5000,673.5000,63.0000,143.0000
646.5000,677.5000,63.0000,143.0000
646.5000,677.5000,63.0000,143.0000
646.5000,681.5000,63.0000,143.0000
642.5000,681.5000,63.0000,143.0000
642.5000,685.5000,63.0000,143.0000
642.5000,685.5000,63.0000,143.0000
642.5000,685.5000,63.0000,143.0000
642.5000,689.5000,63.0000,143.0000
638.5000,689.5000,63.0000,143.0000
638.5000,693.5000,63.0000,143.0000
642.5000,697.5000,63.0000,143.0000
2
0
0
0
0
0
2
0
0
0
0
0
2
0
0
0
0
0
2
0
0
0
0
0
2
0
0
0
0
0
2
0
0
0
0
0
2
0
0
0
0
0
2
0
0
0
0
0
2
0
0
0
0
0
2
0
0
0
0
0
2
0
0
0
0
0
2
0
0
0
0
0
2
0
0
0
0
0
2
0
0
0
0
0
2
0
0
0
0
0
2
0
0
0
0
0
2
0
0
0
0
0
2
0
0
0
0
0
2
0
0
0
0
0
2
0
0
0
0
0
2
0
0
0
0
0
2
0
0
0
0
0
2
0
0
0
0
0
2
0
0
0
0
0
2
0
0
0
0
0
2
0
0
0
0
0
2
0
0
0
0
0
2
0
0
0
0
0
2
0
0
0
0
0
2
0
0
0
0
0
2
0
0
0
0
0
2
0
0
0
0
0
2
0
0
0
0
0
2
0
0
0
0
0
2
0
0
0
0
0
2
0
0
0
0
0
2
0
0
0
0
0
2
0
0
0
0
0
2
0
0
0
0
0
2
0
0
0
0
0
2
0
0
0
0
0
2
0
0
0
0
0
2
0
0
0
0
0
2
0
0
0
0
0
2
0
0
0
0
0
2
0
0
0
0
0
2
0
0
0
0
0
2
0
0
0
0
0
2
0
0
0
0
0
2
0
0
0
0
0
2
0
0
0
0
0
2
0
0
0
0
0
2
0
0
0
0
0
2
0
0
0
0
0
2
0
0
0
0
0
2
0
0
0
0
0
2
0
0
0
0
0
2
0
0
0
0
0
2
0
0
0
0
0
2
0
0
0
0
0
2
0
0
0
0
0
2
0
0
0
0
0
2
0
0
0
0
0
2
0
0
0
0
0
2
0
0
0
0
0
2
0
0
0
0
0
2
0
0
0
0
0
2
0
0
0
0
0
2
0
0
0
0
0
2
0
0
0
0
0
2
0
0
0
0
0
2
0
0
0
0
0
2
0
0
0
0
0
2
0
0
0
0
0
2
0
0
0
0
0
2
0
0
0
0
0
2
0
0
0
0
0
2
0
0
0
0
0
2
0
0
0
0
0
2
0
0
0
0
0
2
0
0
0
0
0
2
0
0
0
0
0
2
0
0
0
0
0
2
0
0
0
0
0
2
0
0
0
0
0
2
0
0
0
0
0
2
0
0
0
0
0
2
0
0
0
0
0
2
0
0
0
0
0
2
0
0
0
0
0
2
0
0
0
0
0
2
0
0
0
0
0
2
0
0
0
0
0
2
0
0
0
0
0
2
0
0
0
0
0
2
0
0
0
0
0
2
0
0
0
0
0
2
0
0
0
0
0
2
0
0
0
0
0
2
0
0
0
0
0
2
0
0
0
0
0
2
0
0
0
0
0
2
0
0
0
0
0
2
0
0
0
0
0
2
0
0
0
0
0
2
0
0
0
0
0
2
0
0
0
0
0
2
0
0
0
0
0
2
0
0
0
0
0
2
0
0
0
0
0
2
0
0
0
0
0
2
0
0
0
0
0
2
0
0
0
0
0
2
0
0
0
0
0
2
0
0
0
0
0
2
0
0
0
0
0
2
0
0
0
0
0
2
0
0
0
0
0
2
0
0
0
0
0
2
0
0
0
0
0
2
0
0
0
0
0
2
0
0
0
0
0
2
0
0
0
0
0
2
0
0
0
0
0
2
0
0
0
0
0
2
0
0
0
0
0
2
0
0
0
0
0
2
0
0
0
0
0
2
0
0
0
0
0
2
0
0
0
0
0
2
0
0
0
0
0
2
0
0
0
0
0
2
0
0
0
0
0
2
0
0
0
0
0
2
0
0
0
0
0
2
0
0
0
0
0
2
0
0
0
0
0
2
0
0
0
0
0
2
0
0
0
0
0
2
0
0
0
0
0
2
0
0
0
0
0
2
0
0
0
0
0
2
0
0
0
0
0
2
0
0
0
0
0
2
0
0
0
0
0
2
0
0
0
0
0
2
0
0
0
0
0
2
0
0
