1
1020.0000,230.0000,11.0000,7.0000
1020.0000,230.0000,11.0000,7.0000
1020.0000,230.0000,11.0000,7.0000
1020.0000,230.0000,11.0000,7.0000
1020.0000,230.0000,11.0000,7.0000
1020.0000,230.0000,11.0000,7.0000
1019.0000,230.0000,11.0000,7.0000
1019.0000,229.0000,11.0000,7.0000
1018.0000,229.0000,11.0000,7.0000
1018.0000,229.0000,11.0000,7.0000
1017.0000,229.0000,11.0000,7.0000
1017.0000,228.0000,11.0000,7.0000
1016.0000,228.0000,11.0000,7.0000
1016.0000,228.0000,11.0000,7.0000
1015.0000,228.0000,11.0000,7.0000
1014.0000,228.0000,11.0000,7.0000
1014.0000,228.0000,11.0000,7.0000
1014.0000,227.0000,11.0000,7.0000
1013.0000,227.0000,11.0000,7.0000
1012.0000,227.0000,11.0000,7.0000
1012.0000,227.0000,11.0000,7.0000
1012.0000,227.0000,11.0000,7.0000
1011.0000,227.0000,11.0000,7.0000
1011.0000,226.0000,11.0000,7.0000
1010.0000,226.0000,11.0000,7.0000
1010.0000,226.0000,11.0000,7.0000
1009.0000,226.0000,11.0000,7.0000
1009.0000,226.0000,11.0000,7.0000
1008.0000,226.0000,11.0000,7.0000
1008.0000,225.0000,11.0000,7.0000
1008.0000,225.0000,11.0000,7.0000
1007.0000,225.0000,11.0000,7.0000
1007.0000,225.0000,11.0000,7.0000
1006.0000,225.0000,11.0000,7.0000
1006.0000,225.0000,11.0000,7.0000
1006.0000,225.0000,11.0000,7.0000
1006.0000,224.0000,11.0000,7.0000
1007.0000,223.0000,11.0000,7.0000
1007.0000,222.0000,11.0000,7.0000
1006.0000,222.0000,11.0000,7.0000
1006.0000,222.0000,11.0000,7.0000
1005.0000,222.0000,11.0000,7.0000
1005.0000,222.0000,11.0000,7.0000
1005.0000,221.0000,11.0000,7.0000
1004.0000,221.0000,11.0000,7.0000
1004.0000,221.0000,11.0000,7.0000
1004.0000,221.0000,11.0000,7.0000
1003.0000,221.0000,11.0000,7.0000
1003.0000,220.0000,11.0000,7.0000
1002.0000,220.0000,11.0000,7.0000
1002.0000,220.0000,11.0000,7.0000
1001.0000,220.0000,11.0000,7.0000
1001.0000,220.0000,11.0000,7.0000
1000.0000,220.0000,11.0000,7.0000
999.0000,220.0000,11.0000,7.0000
999.0000,220.0000,11.0000,7.0000
998.0000,220.0000,11.0000,7.0000
998.0000,220.0000,11.0000,7.0000
997.0000,220.0000,11.0000,7.0000
996.0000,220.0000,11.0000,7.0000
996.0000,220.0000,11.0000,7.0000
996.0000,219.0000,11.0000,7.0000
995.0000,219.0000,11.0000,7.0000
994.0000,219.0000,11.0000,7.0000
994.0000,219.0000,11.0000,7.0000
994.0000,219.0000,11.0000,7.0000
993.0000,219.0000,11.0000,7.0000
992.0000,219.0000,11.0000,7.0000
991.0000,219.0000,11.0000,7.0000
991.0000,219.0000,11.0000,7.0000
991.0000,219.0000,11.0000,7.0000
990.0000,219.0000,11.0000,7.0000
989.0000,219.0000,11.0000,7.0000
989.0000,219.0000,11.0000,7.0000
988.0000,219.0000,11.0000,7.0000
988.0000,219.0000,11.0000,7.0000
987.0000,219.0000,11.0000,7.0000
986.0000,219.0000,11.0000,7.0000
986.0000,219.0000,11.0000,7.0000
984.0000,219.0000,11.0000,7.0000
984.0000,219.0000,11.0000,7.0000
984.0000,219.0000,11.0000,7.0000
983.0000,219.0000,11.0000,7.0000
982.0000,218.0000,11.0000,7.0000
982.0000,218.0000,11.0000,7.0000
982.0000,218.0000,11.0000,7.0000
981.0000,218.0000,11.0000,7.0000
980.0000,218.0000,11.0000,7.0000
979.0000,218.0000,11.0000,7.0000
978.0000,218.0000,11.0000,7.0000
978.0000,218.0000,11.0000,7.0000
977.0000,218.0000,11.0000,7.0000
976.0000,218.0000,11.0000,7.0000
975.0000,218.0000,11.0000,7.0000
974.0000,218.0000,11.0000,7.0000
974.0000,218.0000,11.0000,7.0000
973.0000,218.0000,11.0000,7.0000
972.0000,218.0000,11.0000,7.0000
971.0000,218.0000,11.0000,7.0000
970.0000,218.0000,11.0000,7.0000
970.0000,218.0000,11.0000,7.0000
969.0000,218.0000,11.0000,7.0000
968.0000,218.0000,11.0000,7.0000
967.0000,218.0000,11.0000,7.0000
966.0000,218.0000,11.0000,7.0000
966.0000,218.0000,11.0000,7.0000
966.0000,218.0000,11.0000,7.0000
965.0000,218.0000,11.0000,7.0000
963.0000,218.0000,11.0000,7.0000
963.0000,218.0000,11.0000,7.0000
963.0000,218.0000,11.0000,7.0000
963.0000,218.0000,11.0000,7.0000
963.0000,218.0000,11.0000,7.0000
963.0000,218.0000,11.0000,7.0000
964.0000,217.0000,11.0000,7.0000
964.0000,217.0000,11.0000,7.0000
964.0000,217.0000,11.0000,7.0000
964.0000,217.0000,11.0000,7.0000
964.0000,217.0000,11.0000,7.0000
2
0
0
0
0
0
2
0
0
0
0
0
2
0
0
0
0
0
2
0
0
0
0
0
2
0
0
0
0
0
2
0
0
0
0
0
2
0
0
0
0
0
2
0
0
0
0
0
2
0
0
0
0
0
2
0
0
0
0
0
2
0
0
0
0
0
2
0
0
0
0
0
2
0
0
0
0
0
2
0
0
0
0
0
2
0
0
0
0
0
2
0
0
0
0
0
2
0
0
0
0
0
2
0
0
0
0
0
2
0
0
0
0
0
2
0
0
0
0
0
2
0
0
0
0
0
2
0
0
0
0
0
2
0
0
0
0
0
2
0
0
0
0
0
2
0
0
0
0
0
2
0
0
0
0
0
2
0
0
0
0
0
2
0
0
0
0
0
2
0
0
0
0
0
2
0
0
0
0
0
2
0
0
0
0
0
2
0
0
0
0
0
2
0
0
0
0
0
2
0
0
0
0
0
2
0
0
0
0
0
2
0
0
0
0
0
2
0
0
0
0
0
2
0
0
0
0
0
2
0
0
0
0
0
2
0
0
0
0
0
2
0
0
0
0
0
2
0
0
0
0
0
2
0
0
0
0
0
2
0
0
0
0
0
2
0
0
0
0
0
2
0
0
0
0
0
2
0
0
0
0
0
2
0
0
0
0
0
2
0
0
0
0
0
2
0
0
0
0
0
2
0
0
0
0
0
2
0
0
0
0
0
2
0
0
0
0
0
2
0
0
0
0
0
2
0
0
0
0
0
2
0
0
0
0
0
2
0
0
0
0
0
2
0
0
0
0
0
2
