1
810.0000,164.5000,50.0000,111.0000
810.0000,160.5000,50.0000,111.0000
810.0000,160.5000,50.0000,111.0000
806.0000,160.5000,50.0000,111.0000
806.0000,160.5000,50.0000,111.0000
806.0000,156.5000,50.0000,111.0000
806.0000,156.5000,50.0000,111.0000
806.0000,156.5000,50.0000,111.0000
806.0000,152.5000,50.0000,111.0000
806.0000,152.5000,50.0000,111.0000
806.0000,152.5000,50.0000,111.0000
806.0000,152.5000,50.0000,111.0000
806.0000,152.5000,50.0000,111.0000
806.0000,148.5000,50.0000,111.0000
806.0000,148.5000,50.0000,111.0000
806.0000,148.5000,50.0000,111.0000
806.0000,148.5000,50.0000,111.0000
806.0000,148.5000,50.0000,111.0000
806.0000,144.5000,50.0000,111.0000
806.0000,144.5000,50.0000,111.0000
806.0000,144.5000,50.0000,111.0000
810.0000,140.5000,50.0000,111.0000
810.0000,140.5000,50.0000,111.0000
810.0000,140.5000,50.0000,111.0000
814.0000,136.5000,50.0000,111.0000
814.0000,136.5000,50.0000,111.0000
814.0000,136.5000,50.0000,111.0000
818.0000,136.5000,50.0000,111.0000
818.0000,136.5000,50.0000,111.0000
822.0000,136.5000,50.0000,111.0000
822.0000,136.5000,50.0000,111.0000
826.0000,132.5000,50.0000,111.0000
826.0000,132.5000,50.0000,111.0000
830.0000,132.5000,50.0000,111.0000
830.0000,132.5000,50.0000,111.0000
834.0000,132.5000,50.0000,111.0000
834.0000,132.5000,50.0000,111.0000
838.0000,132.5000,50.0000,111.0000
838.0000,132.5000,50.0000,111.0000
842.0000,132.5000,50.0000,111.0000
842.0000,132.5000,50.0000,111.0000
846.0000,132.5000,50.0000,111.0000
850.0000,128.5000,50.0000,111.0000
854.0000,128.5000,50.0000,111.0000
854.0000,128.5000,50.0000,111.0000
858.0000,128.5000,50.0000,111.0000
858.0000,128.5000,50.0000,111.0000
862.0000,128.5000,50.0000,111.0000
862.0000,124.5000,50.0000,111.0000
866.0000,124.5000,50.0000,111.0000
866.0000,124.5000,50.0000,111.0000
866.0000,124.5000,50.0000,111.0000
866.0000,124.5000,50.0000,111.0000
866.0000,124.5000,50.0000,111.0000
866.0000,124.5000,50.0000,111.0000
862.0000,124.5000,50.0000,111.0000
858.0000,124.5000,50.0000,111.0000
858.0000,124.5000,50.0000,111.0000
854.0000,120.5000,50.0000,111.0000
850.0000,120.5000,50.0000,111.0000
846.0000,120.5000,50.0000,111.0000
842.0000,120.5000,50.0000,111.0000
838.0000,120.5000,50.0000,111.0000
834.0000,116.5000,50.0000,111.0000
830.0000,116.5000,50.0000,111.0000
826.0000,116.5000,50.0000,111.0000
822.0000,112.5000,50.0000,111.0000
818.0000,112.5000,50.0000,111.0000
810.0000,112.5000,50.0000,111.0000
806.0000,108.5000,50.0000,111.0000
802.0000,108.5000,50.0000,111.0000
798.0000,108.5000,50.0000,111.0000
794.0000,108.5000,50.0000,111.0000
786.0000,108.5000,50.0000,111.0000
782.0000,104.5000,50.0000,111.0000
778.0000,104.5000,50.0000,111.0000
778.0000,104.5000,50.0000,111.0000
774.0000,104.5000,50.0000,111.0000
770.0000,104.5000,50.0000,111.0000
766.0000,104.5000,50.0000,111.0000
766.0000,104.5000,50.0000,111.0000
762.0000,104.5000,50.0000,111.0000
762.0000,104.5000,50.0000,111.0000
762.0000,100.5000,50.0000,111.0000
758.0000,100.5000,50.0000,111.0000
758.0000,100.5000,50.0000,111.0000
758.0000,100.5000,50.0000,111.0000
758.0000,96.5000,50.0000,111.0000
758.0000,96.5000,50.0000,111.0000
758.0000,96.5000,50.0000,111.0000
758.0000,96.5000,50.0000,111.0000
758.0000,92.5000,50.0000,111.0000
758.0000,92.5000,50.0000,111.0000
758.0000,92.5000,50.0000,111.0000
758.0000,92.5000,50.0000,111.0000
758.0000,92.5000,50.0000,111.0000
758.0000,88.5000,50.0000,111.0000
754.0000,88.5000,50.0000,111.0000
754.0000,88.5000,50.0000,111.0000
750.0000,88.5000,50.0000,111.0000
746.0000,88.5000,50.0000,111.0000
746.0000,88.5000,50.0000,111.0000
742.0000,88.5000,50.0000,111.0000
738.0000,84.5000,50.0000,111.0000
734.0000,84.5000,50.0000,111.0000
726.0000,84.5000,50.0000,111.0000
722.0000,84.5000,50.0000,111.0000
718.0000,80.5000,50.0000,111.0000
714.0000,80.5000,50.0000,111.0000
710.0000,80.5000,50.0000,111.0000
706.0000,76.5000,50.0000,111.0000
702.0000,76.5000,50.0000,111.0000
698.0000,76.5000,50.0000,111.0000
694.0000,72.5000,50.0000,111.0000
690.0000,72.5000,50.0000,111.0000
686.0000,72.5000,50.0000,111.0000
682.0000,68.5000,50.0000,111.0000
678.0000,68.5000,50.0000,111.0000
674.0000,68.5000,50.0000,111.0000
670.0000,68.5000,50.0000,111.0000
670.0000,68.5000,50.0000,111.0000
666.0000,68.5000,50.0000,111.0000
666.0000,68.5000,50.0000,111.0000
662.0000,68.5000,50.0000,111.0000
662.0000,64.5000,50.0000,111.0000
662.0000,64.5000,50.0000,111.0000
662.0000,64.5000,50.0000,111.0000
662.0000,64.5000,50.0000,111.0000
662.0000,64.5000,50.0000,111.0000
662.0000,64.5000,50.0000,111.0000
666.0000,64.5000,50.0000,111.0000
666.0000,64.5000,50.0000,111.0000
666.0000,64.5000,50.0000,111.0000
670.0000,60.5000,50.0000,111.0000
670.0000,60.5000,50.0000,111.0000
670.0000,60.5000,50.0000,111.0000
674.0000,60.5000,50.0000,111.0000
674.0000,60.5000,50.0000,111.0000
674.0000,60.5000,50.0000,111.0000
674.0000,60.5000,50.0000,111.0000
678.0000,60.5000,50.0000,111.0000
678.0000,60.5000,50.0000,111.0000
678.0000,60.5000,50.0000,111.0000
678.0000,60.5000,50.0000,111.0000
678.0000,60.5000,50.0000,111.0000
678.0000,60.5000,50.0000,111.0000
678.0000,60.5000,50.0000,111.0000
678.0000,60.5000,50.0000,111.0000
678.0000,60.5000,50.0000,111.0000
678.0000,60.5000,50.0000,111.0000
678.0000,60.5000,50.0000,111.0000
674.0000,60.5000,50.0000,111.0000
670.0000,60.5000,50.0000,111.0000
670.0000,60.5000,50.0000,111.0000
666.0000,64.5000,50.0000,111.0000
662.0000,64.5000,50.0000,111.0000
658.0000,64.5000,50.0000,111.0000
654.0000,64.5000,50.0000,111.0000
654.0000,64.5000,50.0000,111.0000
650.0000,64.5000,50.0000,111.0000
646.0000,64.5000,50.0000,111.0000
642.0000,64.5000,50.0000,111.0000
642.0000,64.5000,50.0000,111.0000
638.0000,64.5000,50.0000,111.0000
638.0000,64.5000,50.0000,111.0000
634.0000,64.5000,50.0000,111.0000
634.0000,64.5000,50.0000,111.0000
634.0000,64.5000,50.0000,111.0000
634.0000,64.5000,50.0000,111.0000
634.0000,64.5000,50.0000,111.0000
630.0000,64.5000,50.0000,111.0000
630.0000,68.5000,50.0000,111.0000
630.0000,68.5000,50.0000,111.0000
630.0000,68.5000,50.0000,111.0000
630.0000,68.5000,50.0000,111.0000
630.0000,68.5000,50.0000,111.0000
630.0000,68.5000,50.0000,111.0000
630.0000,68.5000,50.0000,111.0000
630.0000,72.5000,50.0000,111.0000
630.0000,72.5000,50.0000,111.0000
626.0000,72.5000,50.0000,111.0000
626.0000,72.5000,50.0000,111.0000
626.0000,72.5000,50.0000,111.0000
626.0000,72.5000,50.0000,111.0000
626.0000,72.5000,50.0000,111.0000
622.0000,72.5000,50.0000,111.0000
622.0000,72.5000,50.0000,111.0000
622.0000,72.5000,50.0000,111.0000
622.0000,72.5000,50.0000,111.0000
622.0000,72.5000,50.0000,111.0000
622.0000,72.5000,50.0000,111.0000
622.0000,76.5000,50.0000,111.0000
622.0000,76.5000,50.0000,111.0000
622.0000,76.5000,50.0000,111.0000
622.0000,76.5000,50.0000,111.0000
622.0000,76.5000,50.0000,111.0000
622.0000,80.5000,50.0000,111.0000
622.0000,80.5000,50.0000,111.0000
622.0000,80.5000,50.0000,111.0000
618.0000,80.5000,50.0000,111.0000
618.0000,84.5000,50.0000,111.0000
618.0000,84.5000,50.0000,111.0000
614.0000,84.5000,50.0000,111.0000
614.0000,84.5000,50.0000,111.0000
610.0000,84.5000,50.0000,111.0000
610.0000,84.5000,50.0000,111.0000
606.0000,88.5000,50.0000,111.0000
606.0000,88.5000,50.0000,111.0000
602.0000,88.5000,50.0000,111.0000
602.0000,88.5000,50.0000,111.0000
602.0000,88.5000,50.0000,111.0000
598.0000,88.5000,50.0000,111.0000
598.0000,92.5000,50.0000,111.0000
598.0000,92.5000,50.0000,111.0000
594.0000,92.5000,50.0000,111.0000
594.0000,92.5000,50.0000,111.0000
594.0000,96.5000,50.0000,111.0000
594.0000,96.5000,50.0000,111.0000
590.0000,96.5000,50.0000,111.0000
590.0000,96.5000,50.0000,111.0000
590.0000,100.5000,50.0000,111.0000
590.0000,100.5000,50.0000,111.0000
590.0000,100.5000,50.0000,111.0000
590.0000,100.5000,50.0000,111.0000
590.0000,100.5000,50.0000,111.0000
590.0000,104.5000,50.0000,111.0000
586.0000,104.5000,50.0000,111.0000
586.0000,104.5000,50.0000,111.0000
586.0000,104.5000,50.0000,111.0000
586.0000,104.5000,50.0000,111.0000
586.0000,104.5000,50.0000,111.0000
582.0000,104.5000,50.0000,111.0000
582.0000,108.5000,50.0000,111.0000
582.0000,108.5000,50.0000,111.0000
578.0000,108.5000,50.0000,111.0000
578.0000,108.5000,50.0000,111.0000
578.0000,108.5000,50.0000,111.0000
578.0000,108.5000,50.0000,111.0000
578.0000,108.5000,50.0000,111.0000
578.0000,108.5000,50.0000,111.0000
574.0000,108.5000,50.0000,111.0000
574.0000,108.5000,50.0000,111.0000
574.0000,108.5000,50.0000,111.0000
574.0000,112.5000,50.0000,111.0000
574.0000,112.5000,50.0000,111.0000
574.0000,112.5000,50.0000,111.0000
574.0000,112.5000,50.0000,111.0000
574.0000,112.5000,50.0000,111.0000
574.0000,116.5000,50.0000,111.0000
574.0000,116.5000,50.0000,111.0000
574.0000,116.5000,50.0000,111.0000
574.0000,116.5000,50.0000,111.0000
570.0000,116.5000,50.0000,111.0000
570.0000,116.5000,50.0000,111.0000
570.0000,116.5000,50.0000,111.0000
570.0000,120.5000,50.0000,111.0000
566.0000,120.5000,50.0000,111.0000
566.0000,120.5000,50.0000,111.0000
566.0000,120.5000,50.0000,111.0000
562.0000,120.5000,50.0000,111.0000
562.0000,120.5000,50.0000,111.0000
562.0000,120.5000,50.0000,111.0000
562.0000,120.5000,50.0000,111.0000
562.0000,120.5000,50.0000,111.0000
562.0000,124.5000,50.0000,111.0000
558.0000,124.5000,50.0000,111.0000
558.0000,124.5000,50.0000,111.0000
558.0000,124.5000,50.0000,111.0000
558.0000,124.5000,50.0000,111.0000
558.0000,124.5000,50.0000,111.0000
558.0000,128.5000,50.0000,111.0000
558.0000,128.5000,50.0000,111.0000
558.0000,128.5000,50.0000,111.0000
558.0000,128.5000,50.0000,111.0000
558.0000,128.5000,50.0000,111.0000
558.0000,128.5000,50.0000,111.0000
558.0000,128.5000,50.0000,111.0000
558.0000,128.5000,50.0000,111.0000
558.0000,132.5000,50.0000,111.0000
554.0000,132.5000,50.0000,111.0000
554.0000,132.5000,50.0000,111.0000
554.0000,132.5000,50.0000,111.0000
554.0000,132.5000,50.0000,111.0000
554.0000,132.5000,50.0000,111.0000
550.0000,128.5000,50.0000,111.0000
550.0000,128.5000,50.0000,111.0000
550.0000,128.5000,50.0000,111.0000
550.0000,128.5000,50.0000,111.0000
550.0000,128.5000,50.0000,111.0000
550.0000,128.5000,50.0000,111.0000
550.0000,128.5000,50.0000,111.0000
550.0000,128.5000,50.0000,111.0000
550.0000,128.5000,50.0000,111.0000
550.0000,128.5000,50.0000,111.0000
550.0000,128.5000,50.0000,111.0000
550.0000,128.5000,50.0000,111.0000
550.0000,132.5000,50.0000,111.0000
550.0000,132.5000,50.0000,111.0000
546.0000,132.5000,50.0000,111.0000
546.0000,132.5000,50.0000,111.0000
546.0000,132.5000,50.0000,111.0000
546.0000,132.5000,50.0000,111.0000
546.0000,132.5000,50.0000,111.0000
546.0000,132.5000,50.0000,111.0000
546.0000,132.5000,50.0000,111.0000
546.0000,132.5000,50.0000,111.0000
542.0000,132.5000,50.0000,111.0000
542.0000,132.5000,50.0000,111.0000
542.0000,132.5000,50.0000,111.0000
542.0000,132.5000,50.0000,111.0000
542.0000,132.5000,50.0000,111.0000
538.0000,132.5000,50.0000,111.0000
538.0000,132.5000,50.0000,111.0000
538.0000,132.5000,50.0000,111.0000
538.0000,132.5000,50.0000,111.0000
538.0000,132.5000,50.0000,111.0000
538.0000,132.5000,50.0000,111.0000
538.0000,132.5000,50.0000,111.0000
538.0000,136.5000,50.0000,111.0000
538.0000,136.5000,50.0000,111.0000
538.0000,136.5000,50.0000,111.0000
538.0000,136.5000,50.0000,111.0000
538.0000,136.5000,50.0000,111.0000
538.0000,136.5000,50.0000,111.0000
538.0000,140.5000,50.0000,111.0000
538.0000,140.5000,50.0000,111.0000
538.0000,140.5000,50.0000,111.0000
538.0000,140.5000,50.0000,111.0000
538.0000,140.5000,50.0000,111.0000
538.0000,140.5000,50.0000,111.0000
538.0000,140.5000,50.0000,111.0000
538.0000,140.5000,50.0000,111.0000
538.0000,144.5000,50.0000,111.0000
534.0000,144.5000,50.0000,111.0000
534.0000,144.5000,50.0000,111.0000
534.0000,144.5000,50.0000,111.0000
534.0000,144.5000,50.0000,111.0000
534.0000,144.5000,50.0000,111.0000
530.0000,144.5000,50.0000,111.0000
530.0000,144.5000,50.0000,111.0000
530.0000,144.5000,50.0000,111.0000
530.0000,148.5000,50.0000,111.0000
530.0000,148.5000,50.0000,111.0000
530.0000,148.5000,50.0000,111.0000
530.0000,148.5000,50.0000,111.0000
530.0000,148.5000,50.0000,111.0000
530.0000,152.5000,50.0000,111.0000
530.0000,152.5000,50.0000,111.0000
530.0000,152.5000,50.0000,111.0000
530.0000,152.5000,50.0000,111.0000
530.0000,156.5000,50.0000,111.0000
526.0000,156.5000,50.0000,111.0000
526.0000,156.5000,50.0000,111.0000
526.0000,156.5000,50.0000,111.0000
526.0000,160.5000,50.0000,111.0000
526.0000,160.5000,50.0000,111.0000
522.0000,160.5000,50.0000,111.0000
522.0000,160.5000,50.0000,111.0000
518.0000,160.5000,50.0000,111.0000
518.0000,164.5000,50.0000,111.0000
518.0000,164.5000,50.0000,111.0000
518.0000,164.5000,50.0000,111.0000
514.0000,164.5000,50.0000,111.0000
514.0000,168.5000,50.0000,111.0000
514.0000,168.5000,50.0000,111.0000
514.0000,168.5000,50.0000,111.0000
514.0000,168.5000,50.0000,111.0000
510.0000,172.5000,50.0000,111.0000
510.0000,172.5000,50.0000,111.0000
510.0000,172.5000,50.0000,111.0000
510.0000,176.5000,50.0000,111.0000
510.0000,176.5000,50.0000,111.0000
510.0000,176.5000,50.0000,111.0000
510.0000,180.5000,50.0000,111.0000
510.0000,180.5000,50.0000,111.0000
510.0000,180.5000,50.0000,111.0000
510.0000,180.5000,50.0000,111.0000
510.0000,184.5000,50.0000,111.0000
506.0000,184.5000,50.0000,111.0000
506.0000,184.5000,50.0000,111.0000
506.0000,184.5000,50.0000,111.0000
506.0000,188.5000,50.0000,111.0000
502.0000,188.5000,50.0000,111.0000
502.0000,188.5000,50.0000,111.0000
502.0000,188.5000,50.0000,111.0000
498.0000,188.5000,50.0000,111.0000
498.0000,188.5000,50.0000,111.0000
498.0000,188.5000,50.0000,111.0000
498.0000,188.5000,50.0000,111.0000
494.0000,188.5000,50.0000,111.0000
494.0000,188.5000,50.0000,111.0000
494.0000,188.5000,50.0000,111.0000
494.0000,192.5000,50.0000,111.0000
494.0000,192.5000,50.0000,111.0000
494.0000,192.5000,50.0000,111.0000
494.0000,192.5000,50.0000,111.0000
494.0000,192.5000,50.0000,111.0000
490.0000,192.5000,50.0000,111.0000
490.0000,196.5000,50.0000,111.0000
490.0000,196.5000,50.0000,111.0000
490.0000,196.5000,50.0000,111.0000
490.0000,196.5000,50.0000,111.0000
490.0000,200.5000,50.0000,111.0000
490.0000,200.5000,50.0000,111.0000
486.0000,200.5000,50.0000,111.0000
486.0000,200.5000,50.0000,111.0000
486.0000,200.5000,50.0000,111.0000
482.0000,204.5000,50.0000,111.0000
482.0000,204.5000,50.0000,111.0000
478.0000,204.5000,50.0000,111.0000
478.0000,204.5000,50.0000,111.0000
478.0000,204.5000,50.0000,111.0000
478.0000,204.5000,50.0000,111.0000
474.0000,204.5000,50.0000,111.0000
474.0000,204.5000,50.0000,111.0000
474.0000,208.5000,50.0000,111.0000
470.0000,208.5000,50.0000,111.0000
470.0000,208.5000,50.0000,111.0000
470.0000,208.5000,50.0000,111.0000
470.0000,208.5000,50.0000,111.0000
470.0000,208.5000,50.0000,111.0000
470.0000,212.5000,50.0000,111.0000
466.0000,212.5000,50.0000,111.0000
466.0000,212.5000,50.0000,111.0000
466.0000,212.5000,50.0000,111.0000
466.0000,212.5000,50.0000,111.0000
466.0000,216.5000,50.0000,111.0000
462.0000,216.5000,50.0000,111.0000
462.0000,216.5000,50.0000,111.0000
462.0000,216.5000,50.0000,111.0000
458.0000,220.5000,50.0000,111.0000
458.0000,220.5000,50.0000,111.0000
454.0000,220.5000,50.0000,111.0000
454.0000,220.5000,50.0000,111.0000
450.0000,220.5000,50.0000,111.0000
450.0000,220.5000,50.0000,111.0000
450.0000,220.5000,50.0000,111.0000
446.0000,220.5000,50.0000,111.0000
446.0000,220.5000,50.0000,111.0000
446.0000,220.5000,50.0000,111.0000
446.0000,220.5000,50.0000,111.0000
442.0000,220.5000,50.0000,111.0000
442.0000,220.5000,50.0000,111.0000
442.0000,220.5000,50.0000,111.0000
442.0000,220.5000,50.0000,111.0000
442.0000,220.5000,50.0000,111.0000
442.0000,220.5000,50.0000,111.0000
438.0000,220.5000,50.0000,111.0000
438.0000,220.5000,50.0000,111.0000
438.0000,220.5000,50.0000,111.0000
434.0000,224.5000,50.0000,111.0000
434.0000,224.5000,50.0000,111.0000
434.0000,224.5000,50.0000,111.0000
430.0000,224.5000,50.0000,111.0000
430.0000,224.5000,50.0000,111.0000
430.0000,224.5000,50.0000,111.0000
426.0000,224.5000,50.0000,111.0000
426.0000,224.5000,50.0000,111.0000
422.0000,224.5000,50.0000,111.0000
422.0000,224.5000,50.0000,111.0000
422.0000,224.5000,50.0000,111.0000
418.0000,224.5000,50.0000,111.0000
418.0000,224.5000,50.0000,111.0000
418.0000,224.5000,50.0000,111.0000
414.0000,224.5000,50.0000,111.0000
414.0000,220.5000,50.0000,111.0000
414.0000,220.5000,50.0000,111.0000
410.0000,220.5000,50.0000,111.0000
410.0000,220.5000,50.0000,111.0000
410.0000,220.5000,50.0000,111.0000
410.0000,220.5000,50.0000,111.0000
410.0000,220.5000,50.0000,111.0000
410.0000,220.5000,50.0000,111.0000
406.0000,220.5000,50.0000,111.0000
406.0000,220.5000,50.0000,111.0000
406.0000,220.5000,50.0000,111.0000
406.0000,220.5000,50.0000,111.0000
406.0000,220.5000,50.0000,111.0000
406.0000,220.5000,50.0000,111.0000
402.0000,220.5000,50.0000,111.0000
402.0000,216.5000,50.0000,111.0000
402.0000,216.5000,50.0000,111.0000
398.0000,216.5000,50.0000,111.0000
398.0000,216.5000,50.0000,111.0000
398.0000,216.5000,50.0000,111.0000
394.0000,216.5000,50.0000,111.0000
394.0000,212.5000,50.0000,111.0000
390.0000,212.5000,50.0000,111.0000
390.0000,212.5000,50.0000,111.0000
386.0000,208.5000,50.0000,111.0000
386.0000,208.5000,50.0000,111.0000
386.0000,208.5000,50.0000,111.0000
386.0000,208.5000,50.0000,111.0000
390.0000,204.5000,50.0000,111.0000
394.0000,204.5000,50.0000,111.0000
398.0000,200.5000,50.0000,111.0000
406.0000,200.5000,50.0000,111.0000
418.0000,196.5000,50.0000,111.0000
426.0000,196.5000,50.0000,111.0000
438.0000,192.5000,50.0000,111.0000
450.0000,192.5000,50.0000,111.0000
462.0000,188.5000,50.0000,111.0000
474.0000,184.5000,50.0000,111.0000
486.0000,184.5000,50.0000,111.0000
498.0000,180.5000,50.0000,111.0000
510.0000,180.5000,50.0000,111.0000
526.0000,180.5000,50.0000,111.0000
538.0000,176.5000,50.0000,111.0000
554.0000,176.5000,50.0000,111.0000
566.0000,176.5000,50.0000,111.0000
578.0000,172.5000,50.0000,111.0000
594.0000,172.5000,50.0000,111.0000
606.0000,172.5000,50.0000,111.0000
622.0000,172.5000,50.0000,111.0000
630.0000,172.5000,50.0000,111.0000
642.0000,172.5000,50.0000,111.0000
650.0000,172.5000,50.0000,111.0000
658.0000,168.5000,50.0000,111.0000
666.0000,168.5000,50.0000,111.0000
670.0000,168.5000,50.0000,111.0000
674.0000,168.5000,50.0000,111.0000
682.0000,172.5000,50.0000,111.0000
682.0000,168.5000,50.0000,111.0000
686.0000,168.5000,50.0000,111.0000
686.0000,168.5000,50.0000,111.0000
686.0000,168.5000,50.0000,111.0000
686.0000,168.5000,50.0000,111.0000
686.0000,168.5000,50.0000,111.0000
686.0000,168.5000,50.0000,111.0000
686.0000,168.5000,50.0000,111.0000
686.0000,168.5000,50.0000,111.0000
682.0000,168.5000,50.0000,111.0000
682.0000,168.5000,50.0000,111.0000
678.0000,168.5000,50.0000,111.0000
678.0000,168.5000,50.0000,111.0000
674.0000,168.5000,50.0000,111.0000
674.0000,168.5000,50.0000,111.0000
670.0000,168.5000,50.0000,111.0000
666.0000,164.5000,50.0000,111.0000
666.0000,164.5000,50.0000,111.0000
662.0000,164.5000,50.0000,111.0000
662.0000,164.5000,50.0000,111.0000
658.0000,164.5000,50.0000,111.0000
658.0000,164.5000,50.0000,111.0000
654.0000,160.5000,50.0000,111.0000
654.0000,160.5000,50.0000,111.0000
650.0000,160.5000,50.0000,111.0000
650.0000,160.5000,50.0000,111.0000
646.0000,160.5000,50.0000,111.0000
646.0000,160.5000,50.0000,111.0000
642.0000,160.5000,50.0000,111.0000
642.0000,160.5000,50.0000,111.0000
638.0000,160.5000,50.0000,111.0000
638.0000,160.5000,50.0000,111.0000
634.0000,160.5000,50.0000,111.0000
634.0000,160.5000,50.0000,111.0000
634.0000,160.5000,50.0000,111.0000
634.0000,160.5000,50.0000,111.0000
630.0000,160.5000,50.0000,111.0000
630.0000,160.5000,50.0000,111.0000
630.0000,160.5000,50.0000,111.0000
630.0000,160.5000,50.0000,111.0000
630.0000,160.5000,50.0000,111.0000
630.0000,160.5000,50.0000,111.0000
626.0000,160.5000,50.0000,111.0000
626.0000,160.5000,50.0000,111.0000
626.0000,160.5000,50.0000,111.0000
626.0000,160.5000,50.0000,111.0000
626.0000,160.5000,50.0000,111.0000
630.0000,160.5000,50.0000,111.0000
630.0000,160.5000,50.0000,111.0000
630.0000,156.5000,50.0000,111.0000
630.0000,156.5000,50.0000,111.0000
634.0000,156.5000,50.0000,111.0000
634.0000,156.5000,50.0000,111.0000
634.0000,156.5000,50.0000,111.0000
638.0000,156.5000,50.0000,111.0000
638.0000,156.5000,50.0000,111.0000
642.0000,156.5000,50.0000,111.0000
642.0000,156.5000,50.0000,111.0000
642.0000,156.5000,50.0000,111.0000
642.0000,156.5000,50.0000,111.0000
646.0000,156.5000,50.0000,111.0000
646.0000,156.5000,50.0000,111.0000
646.0000,160.5000,50.0000,111.0000
646.0000,160.5000,50.0000,111.0000
646.0000,160.5000,50.0000,111.0000
646.0000,160.5000,50.0000,111.0000
646.0000,160.5000,50.0000,111.0000
642.0000,156.5000,50.0000,111.0000
642.0000,156.5000,50.0000,111.0000
642.0000,156.5000,50.0000,111.0000
642.0000,156.5000,50.0000,111.0000
642.0000,156.5000,50.0000,111.0000
642.0000,156.5000,50.0000,111.0000
642.0000,156.5000,50.0000,111.0000
642.0000,156.5000,50.0000,111.0000
638.0000,156.5000,50.0000,111.0000
638.0000,156.5000,50.0000,111.0000
638.0000,156.5000,50.0000,111.0000
638.0000,156.5000,50.0000,111.0000
638.0000,156.5000,50.0000,111.0000
638.0000,156.5000,50.0000,111.0000
638.0000,156.5000,50.0000,111.0000
638.0000,156.5000,50.0000,111.0000
638.0000,156.5000,50.0000,111.0000
638.0000,156.5000,50.0000,111.0000
638.0000,156.5000,50.0000,111.0000
638.0000,156.5000,50.0000,111.0000
638.0000,156.5000,50.0000,111.0000
638.0000,156.5000,50.0000,111.0000
638.0000,156.5000,50.0000,111.0000
638.0000,160.5000,50.0000,111.0000
638.0000,160.5000,50.0000,111.0000
638.0000,160.5000,50.0000,111.0000
638.0000,160.5000,50.0000,111.0000
638.0000,160.5000,50.0000,111.0000
642.0000,160.5000,50.0000,111.0000
642.0000,160.5000,50.0000,111.0000
642.0000,160.5000,50.0000,111.0000
642.0000,160.5000,50.0000,111.0000
646.0000,160.5000,50.0000,111.0000
646.0000,160.5000,50.0000,111.0000
646.0000,160.5000,50.0000,111.0000
650.0000,160.5000,50.0000,111.0000
650.0000,160.5000,50.0000,111.0000
654.0000,160.5000,50.0000,111.0000
654.0000,164.5000,50.0000,111.0000
654.0000,164.5000,50.0000,111.0000
658.0000,164.5000,50.0000,111.0000
658.0000,164.5000,50.0000,111.0000
662.0000,164.5000,50.0000,111.0000
662.0000,164.5000,50.0000,111.0000
662.0000,168.5000,50.0000,111.0000
666.0000,168.5000,50.0000,111.0000
666.0000,168.5000,50.0000,111.0000
666.0000,168.5000,50.0000,111.0000
666.0000,168.5000,50.0000,111.0000
670.0000,168.5000,50.0000,111.0000
670.0000,168.5000,50.0000,111.0000
670.0000,168.5000,50.0000,111.0000
674.0000,168.5000,50.0000,111.0000
674.0000,168.5000,50.0000,111.0000
674.0000,168.5000,50.0000,111.0000
674.0000,168.5000,50.0000,111.0000
678.0000,168.5000,50.0000,111.0000
678.0000,168.5000,50.0000,111.0000
678.0000,172.5000,50.0000,111.0000
678.0000,172.5000,50.0000,111.0000
678.0000,172.5000,50.0000,111.0000
678.0000,172.5000,50.0000,111.0000
678.0000,172.5000,50.0000,111.0000
678.0000,176.5000,50.0000,111.0000
682.0000,176.5000,50.0000,111.0000
682.0000,176.5000,50.0000,111.0000
682.0000,176.5000,50.0000,111.0000
682.0000,176.5000,50.0000,111.0000
682.0000,176.5000,50.0000,111.0000
682.0000,176.5000,50.0000,111.0000
682.0000,180.5000,50.0000,111.0000
682.0000,180.5000,50.0000,111.0000
682.0000,180.5000,50.0000,111.0000
686.0000,180.5000,50.0000,111.0000
686.0000,180.5000,50.0000,111.0000
686.0000,180.5000,50.0000,111.0000
690.0000,180.5000,50.0000,111.0000
690.0000,180.5000,50.0000,111.0000
690.0000,184.5000,50.0000,111.0000
694.0000,184.5000,50.0000,111.0000
694.0000,184.5000,50.0000,111.0000
694.0000,184.5000,50.0000,111.0000
694.0000,184.5000,50.0000,111.0000
694.0000,184.5000,50.0000,111.0000
698.0000,188.5000,50.0000,111.0000
698.0000,188.5000,50.0000,111.0000
698.0000,188.5000,50.0000,111.0000
698.0000,188.5000,50.0000,111.0000
698.0000,188.5000,50.0000,111.0000
698.0000,188.5000,50.0000,111.0000
698.0000,188.5000,50.0000,111.0000
698.0000,192.5000,50.0000,111.0000
698.0000,192.5000,50.0000,111.0000
698.0000,192.5000,50.0000,111.0000
698.0000,192.5000,50.0000,111.0000
698.0000,192.5000,50.0000,111.0000
694.0000,192.5000,50.0000,111.0000
694.0000,192.5000,50.0000,111.0000
694.0000,192.5000,50.0000,111.0000
694.0000,192.5000,50.0000,111.0000
694.0000,192.5000,50.0000,111.0000
694.0000,192.5000,50.0000,111.0000
694.0000,192.5000,50.0000,111.0000
694.0000,192.5000,50.0000,111.0000
694.0000,192.5000,50.0000,111.0000
690.0000,196.5000,50.0000,111.0000
690.0000,196.5000,50.0000,111.0000
690.0000,196.5000,50.0000,111.0000
690.0000,196.5000,50.0000,111.0000
690.0000,196.5000,50.0000,111.0000
686.0000,196.5000,50.0000,111.0000
686.0000,196.5000,50.0000,111.0000
686.0000,200.5000,50.0000,111.0000
682.0000,200.5000,50.0000,111.0000
682.0000,200.5000,50.0000,111.0000
682.0000,200.5000,50.0000,111.0000
678.0000,200.5000,50.0000,111.0000
678.0000,200.5000,50.0000,111.0000
678.0000,200.5000,50.0000,111.0000
674.0000,200.5000,50.0000,111.0000
674.0000,200.5000,50.0000,111.0000
674.0000,200.5000,50.0000,111.0000
670.0000,200.5000,50.0000,111.0000
670.0000,200.5000,50.0000,111.0000
670.0000,200.5000,50.0000,111.0000
670.0000,200.5000,50.0000,111.0000
670.0000,200.5000,50.0000,111.0000
666.0000,204.5000,50.0000,111.0000
666.0000,204.5000,50.0000,111.0000
666.0000,204.5000,50.0000,111.0000
666.0000,204.5000,50.0000,111.0000
666.0000,204.5000,50.0000,111.0000
666.0000,204.5000,50.0000,111.0000
662.0000,204.5000,50.0000,111.0000
662.0000,204.5000,50.0000,111.0000
662.0000,204.5000,50.0000,111.0000
662.0000,204.5000,50.0000,111.0000
658.0000,204.5000,50.0000,111.0000
658.0000,204.5000,50.0000,111.0000
658.0000,204.5000,50.0000,111.0000
654.0000,204.5000,50.0000,111.0000
654.0000,204.5000,50.0000,111.0000
650.0000,204.5000,50.0000,111.0000
650.0000,204.5000,50.0000,111.0000
650.0000,204.5000,50.0000,111.0000
646.0000,204.5000,50.0000,111.0000
646.0000,204.5000,50.0000,111.0000
646.0000,204.5000,50.0000,111.0000
646.0000,204.5000,50.0000,111.0000
646.0000,204.5000,50.0000,111.0000
642.0000,204.5000,50.0000,111.0000
642.0000,204.5000,50.0000,111.0000
642.0000,204.5000,50.0000,111.0000
642.0000,204.5000,50.0000,111.0000
638.0000,204.5000,50.0000,111.0000
638.0000,204.5000,50.0000,111.0000
638.0000,204.5000,50.0000,111.0000
638.0000,204.5000,50.0000,111.0000
638.0000,204.5000,50.0000,111.0000
634.0000,204.5000,50.0000,111.0000
634.0000,204.5000,50.0000,111.0000
630.0000,204.5000,50.0000,111.0000
630.0000,204.5000,50.0000,111.0000
626.0000,204.5000,50.0000,111.0000
622.0000,208.5000,50.0000,111.0000
618.0000,208.5000,50.0000,111.0000
618.0000,208.5000,50.0000,111.0000
614.0000,208.5000,50.0000,111.0000
610.0000,208.5000,50.0000,111.0000
606.0000,208.5000,50.0000,111.0000
606.0000,208.5000,50.0000,111.0000
602.0000,208.5000,50.0000,111.0000
602.0000,208.5000,50.0000,111.0000
598.0000,208.5000,50.0000,111.0000
598.0000,208.5000,50.0000,111.0000
594.0000,208.5000,50.0000,111.0000
594.0000,212.5000,50.0000,111.0000
590.0000,212.5000,50.0000,111.0000
590.0000,212.5000,50.0000,111.0000
590.0000,212.5000,50.0000,111.0000
590.0000,212.5000,50.0000,111.0000
586.0000,212.5000,50.0000,111.0000
586.0000,212.5000,50.0000,111.0000
586.0000,212.5000,50.0000,111.0000
586.0000,216.5000,50.0000,111.0000
582.0000,216.5000,50.0000,111.0000
582.0000,216.5000,50.0000,111.0000
582.0000,216.5000,50.0000,111.0000
582.0000,216.5000,50.0000,111.0000
582.0000,216.5000,50.0000,111.0000
582.0000,216.5000,50.0000,111.0000
582.0000,216.5000,50.0000,111.0000
582.0000,216.5000,50.0000,111.0000
586.0000,216.5000,50.0000,111.0000
586.0000,216.5000,50.0000,111.0000
586.0000,216.5000,50.0000,111.0000
590.0000,216.5000,50.0000,111.0000
590.0000,220.5000,50.0000,111.0000
590.0000,220.5000,50.0000,111.0000
594.0000,220.5000,50.0000,111.0000
594.0000,220.5000,50.0000,111.0000
594.0000,224.5000,50.0000,111.0000
598.0000,224.5000,50.0000,111.0000
598.0000,224.5000,50.0000,111.0000
598.0000,224.5000,50.0000,111.0000
598.0000,228.5000,50.0000,111.0000
598.0000,228.5000,50.0000,111.0000
598.0000,228.5000,50.0000,111.0000
598.0000,228.5000,50.0000,111.0000
598.0000,232.5000,50.0000,111.0000
598.0000,232.5000,50.0000,111.0000
598.0000,232.5000,50.0000,111.0000
598.0000,232.5000,50.0000,111.0000
594.0000,232.5000,50.0000,111.0000
594.0000,236.5000,50.0000,111.0000
594.0000,236.5000,50.0000,111.0000
594.0000,236.5000,50.0000,111.0000
594.0000,236.5000,50.0000,111.0000
590.0000,240.5000,50.0000,111.0000
590.0000,240.5000,50.0000,111.0000
590.0000,240.5000,50.0000,111.0000
586.0000,240.5000,50.0000,111.0000
586.0000,240.5000,50.0000,111.0000
582.0000,244.5000,50.0000,111.0000
582.0000,244.5000,50.0000,111.0000
578.0000,244.5000,50.0000,111.0000
578.0000,244.5000,50.0000,111.0000
574.0000,240.5000,50.0000,111.0000
574.0000,240.5000,50.0000,111.0000
570.0000,240.5000,50.0000,111.0000
570.0000,240.5000,50.0000,111.0000
570.0000,240.5000,50.0000,111.0000
570.0000,240.5000,50.0000,111.0000
566.0000,236.5000,50.0000,111.0000
566.0000,236.5000,50.0000,111.0000
566.0000,236.5000,50.0000,111.0000
566.0000,236.5000,50.0000,111.0000
566.0000,232.5000,50.0000,111.0000
570.0000,232.5000,50.0000,111.0000
570.0000,232.5000,50.0000,111.0000
570.0000,232.5000,50.0000,111.0000
574.0000,232.5000,50.0000,111.0000
578.0000,228.5000,50.0000,111.0000
578.0000,228.5000,50.0000,111.0000
582.0000,228.5000,50.0000,111.0000
582.0000,228.5000,50.0000,111.0000
586.0000,228.5000,50.0000,111.0000
590.0000,228.5000,50.0000,111.0000
594.0000,224.5000,50.0000,111.0000
594.0000,224.5000,50.0000,111.0000
598.0000,224.5000,50.0000,111.0000
602.0000,224.5000,50.0000,111.0000
606.0000,220.5000,50.0000,111.0000
610.0000,220.5000,50.0000,111.0000
614.0000,220.5000,50.0000,111.0000
618.0000,220.5000,50.0000,111.0000
622.0000,216.5000,50.0000,111.0000
626.0000,216.5000,50.0000,111.0000
630.0000,216.5000,50.0000,111.0000
634.0000,216.5000,50.0000,111.0000
638.0000,216.5000,50.0000,111.0000
642.0000,216.5000,50.0000,111.0000
642.0000,216.5000,50.0000,111.0000
646.0000,216.5000,50.0000,111.0000
650.0000,216.5000,50.0000,111.0000
654.0000,216.5000,50.0000,111.0000
654.0000,216.5000,50.0000,111.0000
658.0000,216.5000,50.0000,111.0000
658.0000,216.5000,50.0000,111.0000
662.0000,212.5000,50.0000,111.0000
662.0000,212.5000,50.0000,111.0000
662.0000,212.5000,50.0000,111.0000
662.0000,212.5000,50.0000,111.0000
666.0000,208.5000,50.0000,111.0000
666.0000,208.5000,50.0000,111.0000
666.0000,208.5000,50.0000,111.0000
666.0000,208.5000,50.0000,111.0000
666.0000,208.5000,50.0000,111.0000
666.0000,204.5000,50.0000,111.0000
666.0000,204.5000,50.0000,111.0000
670.0000,204.5000,50.0000,111.0000
670.0000,204.5000,50.0000,111.0000
670.0000,204.5000,50.0000,111.0000
670.0000,204.5000,50.0000,111.0000
674.0000,204.5000,50.0000,111.0000
674.0000,204.5000,50.0000,111.0000
674.0000,204.5000,50.0000,111.0000
674.0000,204.5000,50.0000,111.0000
674.0000,204.5000,50.0000,111.0000
678.0000,200.5000,50.0000,111.0000
678.0000,200.5000,50.0000,111.0000
678.0000,200.5000,50.0000,111.0000
682.0000,200.5000,50.0000,111.0000
682.0000,196.5000,50.0000,111.0000
686.0000,196.5000,50.0000,111.0000
686.0000,196.5000,50.0000,111.0000
686.0000,196.5000,50.0000,111.0000
690.0000,196.5000,50.0000,111.0000
694.0000,196.5000,50.0000,111.0000
698.0000,196.5000,50.0000,111.0000
698.0000,196.5000,50.0000,111.0000
702.0000,196.5000,50.0000,111.0000
706.0000,196.5000,50.0000,111.0000
706.0000,196.5000,50.0000,111.0000
710.0000,196.5000,50.0000,111.0000
714.0000,196.5000,50.0000,111.0000
718.0000,196.5000,50.0000,111.0000
722.0000,192.5000,50.0000,111.0000
726.0000,192.5000,50.0000,111.0000
730.0000,192.5000,50.0000,111.0000
730.0000,192.5000,50.0000,111.0000
734.0000,188.5000,50.0000,111.0000
738.0000,188.5000,50.0000,111.0000
742.0000,188.5000,50.0000,111.0000
746.0000,184.5000,50.0000,111.0000
746.0000,184.5000,50.0000,111.0000
750.0000,184.5000,50.0000,111.0000
754.0000,184.5000,50.0000,111.0000
758.0000,184.5000,50.0000,111.0000
762.0000,180.5000,50.0000,111.0000
766.0000,180.5000,50.0000,111.0000
770.0000,180.5000,50.0000,111.0000
770.0000,180.5000,50.0000,111.0000
774.0000,180.5000,50.0000,111.0000
778.0000,180.5000,50.0000,111.0000
778.0000,180.5000,50.0000,111.0000
782.0000,180.5000,50.0000,111.0000
782.0000,180.5000,50.0000,111.0000
782.0000,180.5000,50.0000,111.0000
782.0000,176.5000,50.0000,111.0000
782.0000,176.5000,50.0000,111.0000
782.0000,176.5000,50.0000,111.0000
778.0000,172.5000,50.0000,111.0000
778.0000,172.5000,50.0000,111.0000
778.0000,172.5000,50.0000,111.0000
774.0000,168.5000,50.0000,111.0000
774.0000,168.5000,50.0000,111.0000
770.0000,168.5000,50.0000,111.0000
770.0000,164.5000,50.0000,111.0000
770.0000,164.5000,50.0000,111.0000
766.0000,164.5000,50.0000,111.0000
766.0000,164.5000,50.0000,111.0000
762.0000,164.5000,50.0000,111.0000
762.0000,164.5000,50.0000,111.0000
762.0000,164.5000,50.0000,111.0000
758.0000,160.5000,50.0000,111.0000
758.0000,160.5000,50.0000,111.0000
758.0000,160.5000,50.0000,111.0000
754.0000,160.5000,50.0000,111.0000
754.0000,160.5000,50.0000,111.0000
754.0000,156.5000,50.0000,111.0000
750.0000,156.5000,50.0000,111.0000
750.0000,156.5000,50.0000,111.0000
750.0000,152.5000,50.0000,111.0000
746.0000,152.5000,50.0000,111.0000
746.0000,152.5000,50.0000,111.0000
746.0000,148.5000,50.0000,111.0000
746.0000,148.5000,50.0000,111.0000
742.0000,148.5000,50.0000,111.0000
742.0000,148.5000,50.0000,111.0000
742.0000,144.5000,50.0000,111.0000
742.0000,144.5000,50.0000,111.0000
738.0000,144.5000,50.0000,111.0000
738.0000,144.5000,50.0000,111.0000
738.0000,144.5000,50.0000,111.0000
734.0000,144.5000,50.0000,111.0000
734.0000,144.5000,50.0000,111.0000
734.0000,144.5000,50.0000,111.0000
730.0000,144.5000,50.0000,111.0000
730.0000,140.5000,50.0000,111.0000
726.0000,140.5000,50.0000,111.0000
726.0000,140.5000,50.0000,111.0000
722.0000,140.5000,50.0000,111.0000
722.0000,136.5000,50.0000,111.0000
722.0000,136.5000,50.0000,111.0000
718.0000,136.5000,50.0000,111.0000
718.0000,136.5000,50.0000,111.0000
714.0000,136.5000,50.0000,111.0000
714.0000,132.5000,50.0000,111.0000
714.0000,132.5000,50.0000,111.0000
710.0000,132.5000,50.0000,111.0000
710.0000,132.5000,50.0000,111.0000
710.0000,132.5000,50.0000,111.0000
706.0000,132.5000,50.0000,111.0000
706.0000,132.5000,50.0000,111.0000
706.0000,132.5000,50.0000,111.0000
706.0000,132.5000,50.0000,111.0000
702.0000,132.5000,50.0000,111.0000
702.0000,132.5000,50.0000,111.0000
702.0000,132.5000,50.0000,111.0000
698.0000,128.5000,50.0000,111.0000
698.0000,128.5000,50.0000,111.0000
698.0000,128.5000,50.0000,111.0000
694.0000,128.5000,50.0000,111.0000
694.0000,124.5000,50.0000,111.0000
694.0000,124.5000,50.0000,111.0000
694.0000,124.5000,50.0000,111.0000
690.0000,124.5000,50.0000,111.0000
690.0000,124.5000,50.0000,111.0000
690.0000,124.5000,50.0000,111.0000
690.0000,124.5000,50.0000,111.0000
686.0000,124.5000,50.0000,111.0000
686.0000,124.5000,50.0000,111.0000
686.0000,124.5000,50.0000,111.0000
686.0000,124.5000,50.0000,111.0000
682.0000,124.5000,50.0000,111.0000
682.0000,124.5000,50.0000,111.0000
682.0000,124.5000,50.0000,111.0000
678.0000,124.5000,50.0000,111.0000
678.0000,124.5000,50.0000,111.0000
678.0000,124.5000,50.0000,111.0000
674.0000,124.5000,50.0000,111.0000
674.0000,124.5000,50.0000,111.0000
674.0000,124.5000,50.0000,111.0000
670.0000,124.5000,50.0000,111.0000
670.0000,124.5000,50.0000,111.0000
666.0000,124.5000,50.0000,111.0000
666.0000,124.5000,50.0000,111.0000
666.0000,124.5000,50.0000,111.0000
662.0000,124.5000,50.0000,111.0000
662.0000,124.5000,50.0000,111.0000
658.0000,124.5000,50.0000,111.0000
658.0000,124.5000,50.0000,111.0000
658.0000,124.5000,50.0000,111.0000
654.0000,124.5000,50.0000,111.0000
654.0000,124.5000,50.0000,111.0000
654.0000,124.5000,50.0000,111.0000
650.0000,124.5000,50.0000,111.0000
650.0000,124.5000,50.0000,111.0000
650.0000,124.5000,50.0000,111.0000
646.0000,124.5000,50.0000,111.0000
646.0000,124.5000,50.0000,111.0000
642.0000,124.5000,50.0000,111.0000
642.0000,124.5000,50.0000,111.0000
642.0000,124.5000,50.0000,111.0000
638.0000,124.5000,50.0000,111.0000
638.0000,124.5000,50.0000,111.0000
638.0000,124.5000,50.0000,111.0000
638.0000,124.5000,50.0000,111.0000
634.0000,124.5000,50.0000,111.0000
634.0000,120.5000,50.0000,111.0000
634.0000,120.5000,50.0000,111.0000
630.0000,120.5000,50.0000,111.0000
630.0000,120.5000,50.0000,111.0000
630.0000,120.5000,50.0000,111.0000
626.0000,120.5000,50.0000,111.0000
626.0000,120.5000,50.0000,111.0000
626.0000,120.5000,50.0000,111.0000
626.0000,120.5000,50.0000,111.0000
622.0000,120.5000,50.0000,111.0000
622.0000,120.5000,50.0000,111.0000
618.0000,120.5000,50.0000,111.0000
618.0000,120.5000,50.0000,111.0000
614.0000,120.5000,50.0000,111.0000
614.0000,116.5000,50.0000,111.0000
610.0000,116.5000,50.0000,111.0000
610.0000,116.5000,50.0000,111.0000
606.0000,116.5000,50.0000,111.0000
606.0000,116.5000,50.0000,111.0000
602.0000,116.5000,50.0000,111.0000
602.0000,116.5000,50.0000,111.0000
598.0000,116.5000,50.0000,111.0000
598.0000,116.5000,50.0000,111.0000
594.0000,116.5000,50.0000,111.0000
594.0000,116.5000,50.0000,111.0000
594.0000,116.5000,50.0000,111.0000
590.0000,116.5000,50.0000,111.0000
590.0000,116.5000,50.0000,111.0000
586.0000,116.5000,50.0000,111.0000
586.0000,116.5000,50.0000,111.0000
586.0000,116.5000,50.0000,111.0000
582.0000,116.5000,50.0000,111.0000
582.0000,112.5000,50.0000,111.0000
578.0000,112.5000,50.0000,111.0000
578.0000,112.5000,50.0000,111.0000
574.0000,112.5000,50.0000,111.0000
574.0000,112.5000,50.0000,111.0000
574.0000,112.5000,50.0000,111.0000
574.0000,108.5000,50.0000,111.0000
574.0000,108.5000,50.0000,111.0000
574.0000,108.5000,50.0000,111.0000
574.0000,108.5000,50.0000,111.0000
578.0000,108.5000,50.0000,111.0000
578.0000,108.5000,50.0000,111.0000
582.0000,108.5000,50.0000,111.0000
586.0000,108.5000,50.0000,111.0000
590.0000,108.5000,50.0000,111.0000
594.0000,108.5000,50.0000,111.0000
602.0000,108.5000,50.0000,111.0000
606.0000,108.5000,50.0000,111.0000
610.0000,108.5000,50.0000,111.0000
614.0000,108.5000,50.0000,111.0000
622.0000,108.5000,50.0000,111.0000
626.0000,108.5000,50.0000,111.0000
630.0000,104.5000,50.0000,111.0000
638.0000,104.5000,50.0000,111.0000
642.0000,104.5000,50.0000,111.0000
650.0000,104.5000,50.0000,111.0000
654.0000,104.5000,50.0000,111.0000
658.0000,104.5000,50.0000,111.0000
666.0000,108.5000,50.0000,111.0000
670.0000,108.5000,50.0000,111.0000
670.0000,108.5000,50.0000,111.0000
674.0000,108.5000,50.0000,111.0000
678.0000,108.5000,50.0000,111.0000
682.0000,108.5000,50.0000,111.0000
682.0000,108.5000,50.0000,111.0000
682.0000,112.5000,50.0000,111.0000
682.0000,112.5000,50.0000,111.0000
686.0000,112.5000,50.0000,111.0000
686.0000,112.5000,50.0000,111.0000
686.0000,112.5000,50.0000,111.0000
686.0000,108.5000,50.0000,111.0000
682.0000,108.5000,50.0000,111.0000
682.0000,108.5000,50.0000,111.0000
682.0000,108.5000,50.0000,111.0000
682.0000,108.5000,50.0000,111.0000
678.0000,108.5000,50.0000,111.0000
678.0000,108.5000,50.0000,111.0000
678.0000,108.5000,50.0000,111.0000
678.0000,108.5000,50.0000,111.0000
678.0000,108.5000,50.0000,111.0000
674.0000,108.5000,50.0000,111.0000
674.0000,108.5000,50.0000,111.0000
674.0000,108.5000,50.0000,111.0000
674.0000,108.5000,50.0000,111.0000
674.0000,108.5000,50.0000,111.0000
674.0000,108.5000,50.0000,111.0000
674.0000,108.5000,50.0000,111.0000
674.0000,108.5000,50.0000,111.0000
678.0000,108.5000,50.0000,111.0000
678.0000,108.5000,50.0000,111.0000
678.0000,108.5000,50.0000,111.0000
682.0000,108.5000,50.0000,111.0000
686.0000,108.5000,50.0000,111.0000
686.0000,104.5000,50.0000,111.0000
690.0000,104.5000,50.0000,111.0000
694.0000,104.5000,50.0000,111.0000
698.0000,104.5000,50.0000,111.0000
698.0000,104.5000,50.0000,111.0000
702.0000,104.5000,50.0000,111.0000
706.0000,104.5000,50.0000,111.0000
710.0000,104.5000,50.0000,111.0000
714.0000,104.5000,50.0000,111.0000
718.0000,104.5000,50.0000,111.0000
722.0000,104.5000,50.0000,111.0000
726.0000,108.5000,50.0000,111.0000
730.0000,108.5000,50.0000,111.0000
734.0000,108.5000,50.0000,111.0000
738.0000,108.5000,50.0000,111.0000
738.0000,108.5000,50.0000,111.0000
742.0000,108.5000,50.0000,111.0000
746.0000,108.5000,50.0000,111.0000
750.0000,108.5000,50.0000,111.0000
754.0000,104.5000,50.0000,111.0000
758.0000,104.5000,50.0000,111.0000
762.0000,104.5000,50.0000,111.0000
766.0000,108.5000,50.0000,111.0000
770.0000,108.5000,50.0000,111.0000
774.0000,108.5000,50.0000,111.0000
778.0000,108.5000,50.0000,111.0000
782.0000,108.5000,50.0000,111.0000
782.0000,108.5000,50.0000,111.0000
786.0000,108.5000,50.0000,111.0000
790.0000,112.5000,50.0000,111.0000
790.0000,112.5000,50.0000,111.0000
794.0000,112.5000,50.0000,111.0000
794.0000,112.5000,50.0000,111.0000
794.0000,112.5000,50.0000,111.0000
798.0000,112.5000,50.0000,111.0000
798.0000,112.5000,50.0000,111.0000
798.0000,112.5000,50.0000,111.0000
798.0000,112.5000,50.0000,111.0000
798.0000,112.5000,50.0000,111.0000
802.0000,112.5000,50.0000,111.0000
802.0000,112.5000,50.0000,111.0000
802.0000,112.5000,50.0000,111.0000
802.0000,116.5000,50.0000,111.0000
806.0000,116.5000,50.0000,111.0000
806.0000,116.5000,50.0000,111.0000
806.0000,116.5000,50.0000,111.0000
806.0000,116.5000,50.0000,111.0000
806.0000,116.5000,50.0000,111.0000
806.0000,116.5000,50.0000,111.0000
806.0000,120.5000,50.0000,111.0000
806.0000,120.5000,50.0000,111.0000
806.0000,120.5000,50.0000,111.0000
802.0000,120.5000,50.0000,111.0000
802.0000,120.5000,50.0000,111.0000
802.0000,120.5000,50.0000,111.0000
798.0000,120.5000,50.0000,111.0000
794.0000,120.5000,50.0000,111.0000
794.0000,120.5000,50.0000,111.0000
790.0000,120.5000,50.0000,111.0000
790.0000,120.5000,50.0000,111.0000
786.0000,120.5000,50.0000,111.0000
782.0000,120.5000,50.0000,111.0000
782.0000,120.5000,50.0000,111.0000
778.0000,120.5000,50.0000,111.0000
