1
357.0000,430.0000,35.0000,22.0000
346.0000,423.0000,35.0000,22.0000
350.0000,416.0000,35.0000,22.0000
342.0000,415.0000,35.0000,22.0000
337.0000,412.0000,35.0000,22.0000
335.0000,413.0000,35.0000,22.0000
339.0000,410.0000,35.0000,22.0000
325.0000,411.0000,35.0000,22.0000
323.0000,410.0000,35.0000,22.0000
318.0000,411.0000,35.0000,22.0000
313.0000,408.0000,35.0000,22.0000
317.0000,399.0000,35.0000,22.0000
300.0000,394.0000,35.0000,22.0000
301.0000,391.0000,35.0000,22.0000
299.0000,390.0000,35.0000,22.0000
294.0000,389.0000,35.0000,22.0000
292.0000,390.0000,35.0000,22.0000
287.0000,389.0000,35.0000,22.0000
288.0000,386.0000,35.0000,22.0000
289.0000,387.0000,35.0000,22.0000
284.0000,382.0000,35.0000,22.0000
279.0000,381.0000,35.0000,22.0000
280.0000,380.0000,35.0000,22.0000
281.0000,381.0000,35.0000,22.0000
276.0000,382.0000,35.0000,22.0000
274.0000,381.0000,35.0000,22.0000
266.0000,384.0000,35.0000,22.0000
270.0000,381.0000,35.0000,22.0000
265.0000,386.0000,35.0000,22.0000
260.0000,379.0000,35.0000,22.0000
261.0000,376.0000,35.0000,22.0000
256.0000,377.0000,35.0000,22.0000
254.0000,374.0000,35.0000,22.0000
249.0000,379.0000,35.0000,22.0000
247.0000,382.0000,35.0000,22.0000
248.0000,381.0000,35.0000,22.0000
240.0000,384.0000,35.0000,22.0000
238.0000,385.0000,35.0000,22.0000
233.0000,388.0000,35.0000,22.0000
234.0000,387.0000,35.0000,22.0000
232.0000,384.0000,35.0000,22.0000
233.0000,383.0000,35.0000,22.0000
231.0000,382.0000,35.0000,22.0000
226.0000,385.0000,35.0000,22.0000
230.0000,382.0000,35.0000,22.0000
228.0000,381.0000,35.0000,22.0000
226.0000,376.0000,35.0000,22.0000
224.0000,375.0000,35.0000,22.0000
228.0000,370.0000,35.0000,22.0000
220.0000,365.0000,35.0000,22.0000
227.0000,360.0000,35.0000,22.0000
225.0000,357.0000,35.0000,22.0000
220.0000,350.0000,35.0000,22.0000
224.0000,347.0000,35.0000,22.0000
228.0000,338.0000,35.0000,22.0000
223.0000,339.0000,35.0000,22.0000
221.0000,336.0000,35.0000,22.0000
225.0000,329.0000,35.0000,22.0000
226.0000,326.0000,35.0000,22.0000
227.0000,319.0000,35.0000,22.0000
228.0000,312.0000,35.0000,22.0000
232.0000,309.0000,35.0000,22.0000
233.0000,306.0000,35.0000,22.0000
240.0000,303.0000,35.0000,22.0000
241.0000,302.0000,35.0000,22.0000
242.0000,303.0000,35.0000,22.0000
246.0000,300.0000,35.0000,22.0000
244.0000,299.0000,35.0000,22.0000
254.0000,298.0000,35.0000,22.0000
255.0000,293.0000,35.0000,22.0000
256.0000,296.0000,35.0000,22.0000
257.0000,293.0000,35.0000,22.0000
264.0000,294.0000,35.0000,22.0000
262.0000,295.0000,35.0000,22.0000
263.0000,298.0000,35.0000,22.0000
264.0000,297.0000,35.0000,22.0000
271.0000,304.0000,35.0000,22.0000
266.0000,303.0000,35.0000,22.0000
279.0000,310.0000,35.0000,22.0000
280.0000,309.0000,35.0000,22.0000
284.0000,318.0000,35.0000,22.0000
285.0000,321.0000,35.0000,22.0000
295.0000,316.0000,35.0000,22.0000
296.0000,321.0000,35.0000,22.0000
297.0000,316.0000,35.0000,22.0000
298.0000,315.0000,35.0000,22.0000
299.0000,312.0000,35.0000,22.0000
303.0000,307.0000,35.0000,22.0000
304.0000,304.0000,35.0000,22.0000
311.0000,293.0000,35.0000,22.0000
315.0000,290.0000,35.0000,22.0000
316.0000,281.0000,35.0000,22.0000
314.0000,284.0000,35.0000,22.0000
318.0000,275.0000,35.0000,22.0000
319.0000,276.0000,35.0000,22.0000
326.0000,279.0000,35.0000,22.0000
330.0000,284.0000,35.0000,22.0000
319.0000,273.0000,35.0000,22.0000
332.0000,276.0000,35.0000,22.0000
327.0000,271.0000,35.0000,22.0000
322.0000,272.0000,35.0000,22.0000
317.0000,259.0000,35.0000,22.0000
324.0000,266.0000,35.0000,22.0000
2
0
0
0
0
0
2
0
0
0
0
0
2
0
0
0
0
0
2
0
0
0
0
0
2
0
0
0
0
0
2
0
0
0
0
0
2
0
0
0
0
0
2
0
0
0
0
0
2
0
0
0
0
0
2
0
0
0
0
0
341.0000,257.0000,35.0000,22.0000
330.0000,256.0000,35.0000,22.0000
331.0000,259.0000,35.0000,22.0000
344.0000,250.0000,35.0000,22.0000
360.0000,249.0000,35.0000,22.0000
355.0000,250.0000,35.0000,22.0000
2
0
0
0
0
0
2
0
0
0
0
0
2
0
0
0
0
0
2
0
0
0
0
0
2
0
0
0
0
0
2
0
0
0
0
0
2
0
0
0
0
0
2
0
0
0
0
0
2
0
0
0
0
0
2
0
0
0
0
0
2
0
0
0
0
0
2
0
0
0
0
0
2
0
0
0
0
0
399.0000,216.0000,35.0000,22.0000
2
0
0
0
0
0
2
0
0
0
0
0
2
0
0
0
0
0
2
0
0
0
0
0
2
0
0
0
0
0
2
0
0
0
0
0
2
0
0
0
0
0
2
0
0
0
0
0
2
0
0
0
0
0
2
0
0
0
0
0
2
0
0
0
0
0
2
0
0
0
0
0
2
0
0
0
0
0
2
0
0
0
0
0
2
0
0
0
0
0
2
0
0
0
0
0
2
0
0
0
0
0
2
0
0
0
0
0
2
0
0
0
0
0
2
0
0
0
0
0
2
0
0
0
