1
1152.0000,503.0000,45.0000,17.0000
1152.0000,503.0000,45.0000,17.0000
1152.0000,503.0000,45.0000,17.0000
1152.0000,503.0000,45.0000,17.0000
1145.0000,503.0000,45.0000,17.0000
1145.0000,503.0000,45.0000,17.0000
1138.0000,502.0000,45.0000,17.0000
1131.0000,502.0000,45.0000,17.0000
1122.0000,501.0000,45.0000,17.0000
1115.0000,501.0000,45.0000,17.0000
1108.0000,500.0000,45.0000,17.0000
1101.0000,500.0000,45.0000,17.0000
1094.0000,500.0000,45.0000,17.0000
1086.0000,499.0000,45.0000,17.0000
1079.0000,499.0000,45.0000,17.0000
1072.0000,498.0000,45.0000,17.0000
1065.0000,498.0000,45.0000,17.0000
1057.0000,497.0000,45.0000,17.0000
1050.0000,497.0000,45.0000,17.0000
1044.0000,497.0000,45.0000,17.0000
1044.0000,497.0000,45.0000,17.0000
1037.0000,496.0000,45.0000,17.0000
1031.0000,496.0000,45.0000,17.0000
1024.0000,496.0000,45.0000,17.0000
1018.0000,496.0000,45.0000,17.0000
1018.0000,496.0000,45.0000,17.0000
1012.0000,496.0000,45.0000,17.0000
1006.0000,496.0000,45.0000,17.0000
1000.0000,495.0000,45.0000,17.0000
994.0000,495.0000,45.0000,17.0000
994.0000,495.0000,45.0000,17.0000
988.0000,495.0000,45.0000,17.0000
982.0000,495.0000,45.0000,17.0000
976.0000,495.0000,45.0000,17.0000
970.0000,495.0000,45.0000,17.0000
970.0000,495.0000,45.0000,17.0000
964.0000,495.0000,45.0000,17.0000
959.0000,495.0000,45.0000,17.0000
953.0000,495.0000,45.0000,17.0000
949.0000,495.0000,45.0000,17.0000
949.0000,495.0000,45.0000,17.0000
943.0000,495.0000,45.0000,17.0000
939.0000,495.0000,45.0000,17.0000
935.0000,495.0000,45.0000,17.0000
931.0000,495.0000,45.0000,17.0000
931.0000,495.0000,45.0000,17.0000
927.0000,495.0000,45.0000,17.0000
922.0000,495.0000,45.0000,17.0000
918.0000,495.0000,45.0000,17.0000
914.0000,495.0000,45.0000,17.0000
914.0000,495.0000,45.0000,17.0000
910.0000,495.0000,45.0000,17.0000
906.0000,495.0000,45.0000,17.0000
902.0000,495.0000,45.0000,17.0000
898.0000,495.0000,45.0000,17.0000
898.0000,495.0000,45.0000,17.0000
893.0000,495.0000,45.0000,17.0000
889.0000,495.0000,45.0000,17.0000
886.0000,495.0000,45.0000,17.0000
882.0000,495.0000,45.0000,17.0000
882.0000,495.0000,45.0000,17.0000
877.0000,496.0000,45.0000,17.0000
874.0000,496.0000,45.0000,17.0000
871.0000,496.0000,45.0000,17.0000
866.0000,497.0000,45.0000,17.0000
866.0000,497.0000,45.0000,17.0000
862.0000,497.0000,45.0000,17.0000
858.0000,497.0000,45.0000,17.0000
855.0000,497.0000,45.0000,17.0000
852.0000,497.0000,45.0000,17.0000
851.0000,497.0000,45.0000,17.0000
848.0000,497.0000,45.0000,17.0000
844.0000,498.0000,45.0000,17.0000
841.0000,498.0000,45.0000,17.0000
838.0000,498.0000,45.0000,17.0000
838.0000,498.0000,45.0000,17.0000
835.0000,499.0000,45.0000,17.0000
832.0000,499.0000,45.0000,17.0000
829.0000,499.0000,45.0000,17.0000
826.0000,499.0000,45.0000,17.0000
826.0000,499.0000,45.0000,17.0000
822.0000,500.0000,45.0000,17.0000
819.0000,499.0000,45.0000,17.0000
816.0000,499.0000,45.0000,17.0000
813.0000,500.0000,45.0000,17.0000
813.0000,500.0000,45.0000,17.0000
810.0000,500.0000,45.0000,17.0000
807.0000,500.0000,45.0000,17.0000
804.0000,501.0000,45.0000,17.0000
801.0000,501.0000,45.0000,17.0000
801.0000,501.0000,45.0000,17.0000
798.0000,501.0000,45.0000,17.0000
795.0000,501.0000,45.0000,17.0000
791.0000,502.0000,45.0000,17.0000
788.0000,501.0000,45.0000,17.0000
788.0000,501.0000,45.0000,17.0000
785.0000,502.0000,45.0000,17.0000
782.0000,502.0000,45.0000,17.0000
779.0000,503.0000,45.0000,17.0000
776.0000,503.0000,45.0000,17.0000
776.0000,503.0000,45.0000,17.0000
773.0000,503.0000,45.0000,17.0000
771.0000,504.0000,45.0000,17.0000
768.0000,504.0000,45.0000,17.0000
763.0000,503.0000,45.0000,17.0000
763.0000,503.0000,45.0000,17.0000
760.0000,504.0000,45.0000,17.0000
758.0000,504.0000,45.0000,17.0000
755.0000,505.0000,45.0000,17.0000
751.0000,505.0000,45.0000,17.0000
751.0000,505.0000,45.0000,17.0000
748.0000,505.0000,45.0000,17.0000
745.0000,506.0000,45.0000,17.0000
743.0000,506.0000,45.0000,17.0000
739.0000,506.0000,45.0000,17.0000
739.0000,506.0000,45.0000,17.0000
735.0000,506.0000,45.0000,17.0000
732.0000,507.0000,45.0000,17.0000
729.0000,507.0000,45.0000,17.0000
726.0000,508.0000,45.0000,17.0000
726.0000,508.0000,45.0000,17.0000
723.0000,508.0000,45.0000,17.0000
720.0000,508.0000,45.0000,17.0000
717.0000,509.0000,45.0000,17.0000
714.0000,509.0000,45.0000,17.0000
713.0000,509.0000,45.0000,17.0000
710.0000,509.0000,45.0000,17.0000
707.0000,510.0000,45.0000,17.0000
704.0000,510.0000,45.0000,17.0000
701.0000,510.0000,45.0000,17.0000
701.0000,510.0000,45.0000,17.0000
698.0000,511.0000,45.0000,17.0000
695.0000,511.0000,45.0000,17.0000
691.0000,511.0000,45.0000,17.0000
688.0000,512.0000,45.0000,17.0000
688.0000,512.0000,45.0000,17.0000
685.0000,512.0000,45.0000,17.0000
682.0000,512.0000,45.0000,17.0000
679.0000,513.0000,45.0000,17.0000
676.0000,513.0000,45.0000,17.0000
676.0000,513.0000,45.0000,17.0000
673.0000,514.0000,45.0000,17.0000
670.0000,514.0000,45.0000,17.0000
667.0000,514.0000,45.0000,17.0000
664.0000,515.0000,45.0000,17.0000
664.0000,515.0000,45.0000,17.0000
661.0000,515.0000,45.0000,17.0000
658.0000,515.0000,45.0000,17.0000
655.0000,516.0000,45.0000,17.0000
652.0000,516.0000,45.0000,17.0000
652.0000,516.0000,45.0000,17.0000
650.0000,516.0000,45.0000,17.0000
648.0000,516.0000,45.0000,17.0000
647.0000,516.0000,45.0000,17.0000
645.0000,517.0000,45.0000,17.0000
645.0000,517.0000,45.0000,17.0000
643.0000,517.0000,45.0000,17.0000
641.0000,517.0000,45.0000,17.0000
640.0000,517.0000,45.0000,17.0000
638.0000,518.0000,45.0000,17.0000
638.0000,518.0000,45.0000,17.0000
636.0000,518.0000,45.0000,17.0000
634.0000,518.0000,45.0000,17.0000
632.0000,518.0000,45.0000,17.0000
630.0000,518.0000,45.0000,17.0000
630.0000,518.0000,45.0000,17.0000
629.0000,519.0000,45.0000,17.0000
627.0000,519.0000,45.0000,17.0000
625.0000,519.0000,45.0000,17.0000
623.0000,520.0000,45.0000,17.0000
623.0000,520.0000,45.0000,17.0000
621.0000,520.0000,45.0000,17.0000
620.0000,520.0000,45.0000,17.0000
2
0
0
0
0
0
2
0
0
0
0
0
2
0
0
0
0
0
2
0
0
0
0
0
2
0
0
0
0
0
2
0
0
0
0
0
2
0
0
0
0
0
2
0
0
0
0
0
2
0
0
0
0
0
2
0
0
0
0
0
2
0
0
0
0
0
2
0
0
0
0
0
2
0
0
0
0
0
2
0
0
0
0
0
2
0
0
0
0
0
2
0
0
0
0
0
2
0
0
0
0
0
2
0
0
0
0
0
2
0
0
0
0
0
2
0
0
0
0
0
2
0
0
0
0
0
2
0
0
0
0
0
2
0
0
0
0
0
2
0
0
0
0
0
2
0
0
0
0
0
2
0
0
0
0
0
2
0
0
0
0
0
2
0
0
0
0
0
2
0
0
0
0
0
2
0
0
0
0
0
2
0
0
0
0
0
2
0
0
0
0
0
2
0
0
0
0
0
2
0
0
0
0
0
2
0
0
0
0
0
2
