1
663.7500,140.0000,36.2500,85.0000
661.2500,142.5000,36.2500,85.0000
658.7500,136.2500,36.2500,85.0000
660.0000,138.7500,36.2500,85.0000
657.5000,141.2500,36.2500,85.0000
658.7500,143.7500,36.2500,85.0000
660.0000,146.2500,36.2500,85.0000
661.2500,148.7500,36.2500,85.0000
658.7500,142.5000,36.2500,85.0000
660.0000,145.0000,36.2500,85.0000
661.2500,147.5000,36.2500,85.0000
662.5000,150.0000,36.2500,85.0000
663.7500,152.5000,36.2500,85.0000
665.0000,146.2500,36.2500,85.0000
666.2500,148.7500,36.2500,85.0000
667.5000,151.2500,36.2500,85.0000
668.7500,153.7500,36.2500,85.0000
666.2500,147.5000,36.2500,85.0000
667.5000,150.0000,36.2500,85.0000
665.0000,152.5000,36.2500,85.0000
666.2500,155.0000,36.2500,85.0000
663.7500,157.5000,36.2500,85.0000
665.0000,151.2500,36.2500,85.0000
662.5000,153.7500,36.2500,85.0000
663.7500,156.2500,36.2500,85.0000
661.2500,158.7500,36.2500,85.0000
662.5000,152.5000,36.2500,85.0000
660.0000,155.0000,36.2500,85.0000
661.2500,157.5000,36.2500,85.0000
662.5000,160.0000,36.2500,85.0000
660.0000,162.5000,36.2500,85.0000
661.2500,165.0000,36.2500,85.0000
662.5000,167.5000,36.2500,85.0000
660.0000,170.0000,36.2500,85.0000
661.2500,163.7500,36.2500,85.0000
658.7500,166.2500,36.2500,85.0000
660.0000,168.7500,36.2500,85.0000
661.2500,171.2500,36.2500,85.0000
658.7500,173.7500,36.2500,85.0000
660.0000,167.5000,36.2500,85.0000
661.2500,170.0000,36.2500,85.0000
658.7500,172.5000,36.2500,85.0000
660.0000,175.0000,36.2500,85.0000
657.5000,177.5000,36.2500,85.0000
658.7500,180.0000,36.2500,85.0000
660.0000,173.7500,36.2500,85.0000
657.5000,176.2500,36.2500,85.0000
658.7500,178.7500,36.2500,85.0000
656.2500,181.2500,36.2500,85.0000
657.5000,175.0000,36.2500,85.0000
658.7500,177.5000,36.2500,85.0000
656.2500,180.0000,36.2500,85.0000
657.5000,182.5000,36.2500,85.0000
658.7500,185.0000,36.2500,85.0000
656.2500,178.7500,36.2500,85.0000
653.7500,181.2500,36.2500,85.0000
655.0000,183.7500,36.2500,85.0000
656.2500,186.2500,36.2500,85.0000
653.7500,180.0000,36.2500,85.0000
655.0000,182.5000,36.2500,85.0000
656.2500,185.0000,36.2500,85.0000
653.7500,187.5000,36.2500,85.0000
655.0000,181.2500,36.2500,85.0000
652.5000,183.7500,36.2500,85.0000
653.7500,186.2500,36.2500,85.0000
655.0000,188.7500,36.2500,85.0000
652.5000,191.2500,36.2500,85.0000
653.7500,193.7500,36.2500,85.0000
651.2500,187.5000,36.2500,85.0000
652.5000,190.0000,36.2500,85.0000
653.7500,192.5000,36.2500,85.0000
651.2500,195.0000,36.2500,85.0000
652.5000,197.5000,36.2500,85.0000
653.7500,191.2500,36.2500,85.0000
655.0000,193.7500,36.2500,85.0000
656.2500,187.5000,36.2500,85.0000
657.5000,190.0000,36.2500,85.0000
655.0000,192.5000,36.2500,85.0000
656.2500,195.0000,36.2500,85.0000
657.5000,197.5000,36.2500,85.0000
655.0000,191.2500,36.2500,85.0000
656.2500,193.7500,36.2500,85.0000
657.5000,187.5000,36.2500,85.0000
658.7500,190.0000,36.2500,85.0000
660.0000,192.5000,36.2500,85.0000
661.2500,195.0000,36.2500,85.0000
662.5000,197.5000,36.2500,85.0000
660.0000,191.2500,36.2500,85.0000
661.2500,193.7500,36.2500,85.0000
662.5000,196.2500,36.2500,85.0000
663.7500,198.7500,36.2500,85.0000
665.0000,201.2500,36.2500,85.0000
662.5000,203.7500,36.2500,85.0000
663.7500,197.5000,36.2500,85.0000
665.0000,200.0000,36.2500,85.0000
666.2500,202.5000,36.2500,85.0000
667.5000,205.0000,36.2500,85.0000
668.7500,207.5000,36.2500,85.0000
666.2500,192.5000,36.2500,85.0000
667.5000,203.7500,36.2500,85.0000
668.7500,197.5000,36.2500,85.0000
670.0000,200.0000,36.2500,85.0000
671.2500,202.5000,36.2500,85.0000
672.5000,205.0000,36.2500,85.0000
673.7500,207.5000,36.2500,85.0000
675.0000,201.2500,36.2500,85.0000
676.2500,203.7500,36.2500,85.0000
677.5000,206.2500,36.2500,85.0000
678.7500,208.7500,36.2500,85.0000
676.2500,211.2500,36.2500,85.0000
677.5000,205.0000,36.2500,85.0000
675.0000,207.5000,36.2500,85.0000
672.5000,210.0000,36.2500,85.0000
673.7500,203.7500,36.2500,85.0000
667.5000,206.2500,36.2500,85.0000
668.7500,208.7500,36.2500,85.0000
670.0000,211.2500,36.2500,85.0000
667.5000,213.7500,36.2500,85.0000
665.0000,207.5000,36.2500,85.0000
662.5000,210.0000,36.2500,85.0000
660.0000,212.5000,36.2500,85.0000
657.5000,215.0000,36.2500,85.0000
655.0000,208.7500,36.2500,85.0000
652.5000,211.2500,36.2500,85.0000
646.2500,213.7500,36.2500,85.0000
643.7500,207.5000,36.2500,85.0000
641.2500,210.0000,36.2500,85.0000
635.0000,212.5000,36.2500,85.0000
628.7500,206.2500,36.2500,85.0000
626.2500,208.7500,36.2500,85.0000
620.0000,211.2500,36.2500,85.0000
613.7500,205.0000,36.2500,85.0000
607.5000,207.5000,36.2500,85.0000
605.0000,201.2500,36.2500,85.0000
598.7500,203.7500,36.2500,85.0000
596.2500,206.2500,36.2500,85.0000
590.0000,208.7500,36.2500,85.0000
587.5000,211.2500,36.2500,85.0000
581.2500,213.7500,36.2500,85.0000
575.0000,207.5000,36.2500,85.0000
572.5000,210.0000,36.2500,85.0000
566.2500,212.5000,36.2500,85.0000
560.0000,206.2500,36.2500,85.0000
553.7500,208.7500,36.2500,85.0000
551.2500,211.2500,36.2500,85.0000
545.0000,213.7500,36.2500,85.0000
542.5000,207.5000,36.2500,85.0000
536.2500,210.0000,36.2500,85.0000
533.7500,212.5000,36.2500,85.0000
531.2500,215.0000,36.2500,85.0000
525.0000,208.7500,36.2500,85.0000
522.5000,211.2500,36.2500,85.0000
520.0000,205.0000,36.2500,85.0000
517.5000,207.5000,36.2500,85.0000
518.7500,210.0000,36.2500,85.0000
516.2500,203.7500,36.2500,85.0000
513.7500,206.2500,36.2500,85.0000
511.2500,200.0000,36.2500,85.0000
508.7500,202.5000,36.2500,85.0000
510.0000,205.0000,36.2500,85.0000
507.5000,207.5000,36.2500,85.0000
505.0000,201.2500,36.2500,85.0000
506.2500,203.7500,36.2500,85.0000
507.5000,197.5000,36.2500,85.0000
508.7500,191.2500,36.2500,85.0000
510.0000,193.7500,36.2500,85.0000
507.5000,196.2500,36.2500,85.0000
512.5000,198.7500,36.2500,85.0000
513.7500,201.2500,36.2500,85.0000
515.0000,203.7500,36.2500,85.0000
512.5000,197.5000,36.2500,85.0000
513.7500,200.0000,36.2500,85.0000
515.0000,202.5000,36.2500,85.0000
516.2500,196.2500,36.2500,85.0000
513.7500,198.7500,36.2500,85.0000
515.0000,201.2500,36.2500,85.0000
516.2500,195.0000,36.2500,85.0000
517.5000,197.5000,36.2500,85.0000
518.7500,200.0000,36.2500,85.0000
520.0000,193.7500,36.2500,85.0000
521.2500,196.2500,36.2500,85.0000
518.7500,198.7500,36.2500,85.0000
520.0000,192.5000,36.2500,85.0000
521.2500,195.0000,36.2500,85.0000
522.5000,197.5000,36.2500,85.0000
523.7500,191.2500,36.2500,85.0000
525.0000,193.7500,36.2500,85.0000
526.2500,196.2500,36.2500,85.0000
527.5000,198.7500,36.2500,85.0000
528.7500,192.5000,36.2500,85.0000
530.0000,195.0000,36.2500,85.0000
527.5000,188.7500,36.2500,85.0000
528.7500,191.2500,36.2500,85.0000
530.0000,193.7500,36.2500,85.0000
531.2500,187.5000,36.2500,85.0000
532.5000,190.0000,36.2500,85.0000
533.7500,192.5000,36.2500,85.0000
531.2500,186.2500,36.2500,85.0000
532.5000,188.7500,36.2500,85.0000
530.0000,191.2500,36.2500,85.0000
531.2500,193.7500,36.2500,85.0000
528.7500,187.5000,36.2500,85.0000
526.2500,190.0000,36.2500,85.0000
520.0000,183.7500,36.2500,85.0000
517.5000,186.2500,36.2500,85.0000
511.2500,188.7500,36.2500,85.0000
505.0000,182.5000,36.2500,85.0000
502.5000,185.0000,36.2500,85.0000
496.2500,187.5000,36.2500,85.0000
490.0000,181.2500,36.2500,85.0000
483.7500,183.7500,36.2500,85.0000
481.2500,186.2500,36.2500,85.0000
475.0000,188.7500,36.2500,85.0000
468.7500,182.5000,36.2500,85.0000
462.5000,185.0000,36.2500,85.0000
456.2500,187.5000,36.2500,85.0000
450.0000,181.2500,36.2500,85.0000
447.5000,183.7500,36.2500,85.0000
441.2500,186.2500,36.2500,85.0000
438.7500,188.7500,36.2500,85.0000
432.5000,182.5000,36.2500,85.0000
430.0000,185.0000,36.2500,85.0000
427.5000,187.5000,36.2500,85.0000
421.2500,181.2500,36.2500,85.0000
418.7500,183.7500,36.2500,85.0000
416.2500,186.2500,36.2500,85.0000
413.7500,180.0000,36.2500,85.0000
411.2500,182.5000,36.2500,85.0000
408.7500,176.2500,36.2500,85.0000
410.0000,178.7500,36.2500,85.0000
407.5000,181.2500,36.2500,85.0000
408.7500,183.7500,36.2500,85.0000
406.2500,177.5000,36.2500,85.0000
407.5000,180.0000,36.2500,85.0000
405.0000,173.7500,36.2500,85.0000
402.5000,176.2500,36.2500,85.0000
403.7500,178.7500,36.2500,85.0000
401.2500,172.5000,36.2500,85.0000
402.5000,175.0000,36.2500,85.0000
403.7500,177.5000,36.2500,85.0000
401.2500,171.2500,36.2500,85.0000
402.5000,173.7500,36.2500,85.0000
400.0000,167.5000,36.2500,85.0000
401.2500,170.0000,36.2500,85.0000
402.5000,172.5000,36.2500,85.0000
400.0000,166.2500,36.2500,85.0000
401.2500,168.7500,36.2500,85.0000
402.5000,171.2500,36.2500,85.0000
400.0000,165.0000,36.2500,85.0000
401.2500,167.5000,36.2500,85.0000
402.5000,170.0000,36.2500,85.0000
400.0000,163.7500,36.2500,85.0000
401.2500,166.2500,36.2500,85.0000
402.5000,168.7500,36.2500,85.0000
400.0000,162.5000,36.2500,85.0000
401.2500,165.0000,36.2500,85.0000
402.5000,158.7500,36.2500,85.0000
403.7500,161.2500,36.2500,85.0000
401.2500,163.7500,36.2500,85.0000
402.5000,157.5000,36.2500,85.0000
403.7500,160.0000,36.2500,85.0000
405.0000,162.5000,36.2500,85.0000
406.2500,156.2500,36.2500,85.0000
407.5000,158.7500,36.2500,85.0000
408.7500,161.2500,36.2500,85.0000
406.2500,155.0000,36.2500,85.0000
407.5000,157.5000,36.2500,85.0000
408.7500,151.2500,36.2500,85.0000
410.0000,153.7500,36.2500,85.0000
411.2500,156.2500,36.2500,85.0000
408.7500,150.0000,36.2500,85.0000
410.0000,152.5000,36.2500,85.0000
411.2500,155.0000,36.2500,85.0000
412.5000,148.7500,36.2500,85.0000
413.7500,151.2500,36.2500,85.0000
415.0000,153.7500,36.2500,85.0000
412.5000,147.5000,36.2500,85.0000
413.7500,150.0000,36.2500,85.0000
415.0000,152.5000,36.2500,85.0000
416.2500,155.0000,36.2500,85.0000
413.7500,148.7500,36.2500,85.0000
415.0000,151.2500,36.2500,85.0000
412.5000,153.7500,36.2500,85.0000
410.0000,156.2500,36.2500,85.0000
407.5000,158.7500,36.2500,85.0000
405.0000,152.5000,36.2500,85.0000
398.7500,155.0000,36.2500,85.0000
396.2500,166.2500,36.2500,85.0000
390.0000,160.0000,36.2500,85.0000
387.5000,162.5000,36.2500,85.0000
381.2500,156.2500,36.2500,85.0000
375.0000,158.7500,36.2500,85.0000
372.5000,161.2500,36.2500,85.0000
366.2500,163.7500,36.2500,85.0000
360.0000,166.2500,36.2500,85.0000
353.7500,168.7500,36.2500,85.0000
347.5000,171.2500,36.2500,85.0000
341.2500,173.7500,36.2500,85.0000
335.0000,167.5000,36.2500,85.0000
328.7500,170.0000,36.2500,85.0000
326.2500,172.5000,36.2500,85.0000
320.0000,175.0000,36.2500,85.0000
313.7500,168.7500,36.2500,85.0000
311.2500,171.2500,36.2500,85.0000
305.0000,173.7500,36.2500,85.0000
302.5000,176.2500,36.2500,85.0000
300.0000,178.7500,36.2500,85.0000
297.5000,172.5000,36.2500,85.0000
295.0000,175.0000,36.2500,85.0000
296.2500,177.5000,36.2500,85.0000
293.7500,180.0000,36.2500,85.0000
295.0000,182.5000,36.2500,85.0000
292.5000,185.0000,36.2500,85.0000
293.7500,178.7500,36.2500,85.0000
291.2500,181.2500,36.2500,85.0000
292.5000,183.7500,36.2500,85.0000
293.7500,186.2500,36.2500,85.0000
295.0000,188.7500,36.2500,85.0000
296.2500,182.5000,36.2500,85.0000
297.5000,185.0000,36.2500,85.0000
298.7500,187.5000,36.2500,85.0000
303.7500,181.2500,36.2500,85.0000
305.0000,183.7500,36.2500,85.0000
306.2500,186.2500,36.2500,85.0000
307.5000,188.7500,36.2500,85.0000
308.7500,182.5000,36.2500,85.0000
310.0000,185.0000,36.2500,85.0000
311.2500,178.7500,36.2500,85.0000
316.2500,181.2500,36.2500,85.0000
317.5000,183.7500,36.2500,85.0000
318.7500,177.5000,36.2500,85.0000
323.7500,180.0000,36.2500,85.0000
325.0000,182.5000,36.2500,85.0000
326.2500,185.0000,36.2500,85.0000
327.5000,178.7500,36.2500,85.0000
332.5000,181.2500,36.2500,85.0000
333.7500,183.7500,36.2500,85.0000
335.0000,186.2500,36.2500,85.0000
336.2500,180.0000,36.2500,85.0000
337.5000,182.5000,36.2500,85.0000
338.7500,176.2500,36.2500,85.0000
340.0000,178.7500,36.2500,85.0000
2
0
0
0
0
0
2
0
0
0
0
0
2
0
0
0
0
0
2
0
0
0
0
0
2
0
0
0
0
0
2
0
0
0
0
0
2
0
0
0
0
0
2
0
0
0
0
0
2
0
0
0
0
0
2
0
0
0
0
0
327.5000,215.0000,36.2500,85.0000
332.5000,217.5000,36.2500,85.0000
337.5000,220.0000,36.2500,85.0000
338.7500,222.5000,36.2500,85.0000
343.7500,225.0000,36.2500,85.0000
348.7500,227.5000,36.2500,85.0000
350.0000,230.0000,36.2500,85.0000
351.2500,232.5000,36.2500,85.0000
356.2500,235.0000,36.2500,85.0000
357.5000,228.7500,36.2500,85.0000
358.7500,222.5000,36.2500,85.0000
367.5000,233.7500,36.2500,85.0000
368.7500,227.5000,36.2500,85.0000
370.0000,230.0000,36.2500,85.0000
375.0000,223.7500,36.2500,85.0000
380.0000,226.2500,36.2500,85.0000
381.2500,228.7500,36.2500,85.0000
386.2500,231.2500,36.2500,85.0000
391.2500,233.7500,36.2500,85.0000
396.2500,236.2500,36.2500,85.0000
397.5000,230.0000,36.2500,85.0000
402.5000,232.5000,36.2500,85.0000
407.5000,235.0000,36.2500,85.0000
412.5000,237.5000,36.2500,85.0000
417.5000,240.0000,36.2500,85.0000
422.5000,251.2500,36.2500,85.0000
423.7500,245.0000,36.2500,85.0000
425.0000,230.0000,36.2500,85.0000
426.2500,232.5000,36.2500,85.0000
431.2500,235.0000,36.2500,85.0000
432.5000,237.5000,36.2500,85.0000
437.5000,231.2500,36.2500,85.0000
442.5000,233.7500,36.2500,85.0000
447.5000,236.2500,36.2500,85.0000
448.7500,238.7500,36.2500,85.0000
453.7500,241.2500,36.2500,85.0000
458.7500,235.0000,36.2500,85.0000
463.7500,237.5000,36.2500,85.0000
465.0000,240.0000,36.2500,85.0000
466.2500,233.7500,36.2500,85.0000
471.2500,236.2500,36.2500,85.0000
476.2500,238.7500,36.2500,85.0000
473.7500,232.5000,36.2500,85.0000
478.7500,235.0000,36.2500,85.0000
480.0000,237.5000,36.2500,85.0000
481.2500,222.5000,36.2500,85.0000
482.5000,225.0000,36.2500,85.0000
483.7500,218.7500,36.2500,85.0000
488.7500,221.2500,36.2500,85.0000
490.0000,223.7500,36.2500,85.0000
495.0000,226.2500,36.2500,85.0000
496.2500,220.0000,36.2500,85.0000
501.2500,222.5000,36.2500,85.0000
502.5000,216.2500,36.2500,85.0000
507.5000,227.5000,36.2500,85.0000
508.7500,212.5000,36.2500,85.0000
513.7500,215.0000,36.2500,85.0000
515.0000,226.2500,36.2500,85.0000
520.0000,228.7500,36.2500,85.0000
525.0000,222.5000,36.2500,85.0000
526.2500,216.2500,36.2500,85.0000
531.2500,218.7500,36.2500,85.0000
532.5000,212.5000,36.2500,85.0000
537.5000,215.0000,36.2500,85.0000
538.7500,208.7500,36.2500,85.0000
543.7500,211.2500,36.2500,85.0000
545.0000,213.7500,36.2500,85.0000
550.0000,207.5000,36.2500,85.0000
551.2500,210.0000,36.2500,85.0000
552.5000,203.7500,36.2500,85.0000
557.5000,206.2500,36.2500,85.0000
562.5000,208.7500,36.2500,85.0000
567.5000,202.5000,36.2500,85.0000
568.7500,205.0000,36.2500,85.0000
573.7500,207.5000,36.2500,85.0000
578.7500,201.2500,36.2500,85.0000
580.0000,195.0000,36.2500,85.0000
585.0000,197.5000,36.2500,85.0000
586.2500,191.2500,36.2500,85.0000
591.2500,193.7500,36.2500,85.0000
596.2500,187.5000,36.2500,85.0000
601.2500,190.0000,36.2500,85.0000
602.5000,192.5000,36.2500,85.0000
607.5000,186.2500,36.2500,85.0000
608.7500,188.7500,36.2500,85.0000
613.7500,191.2500,36.2500,85.0000
615.0000,193.7500,36.2500,85.0000
620.0000,196.2500,36.2500,85.0000
625.0000,181.2500,36.2500,85.0000
626.2500,192.5000,36.2500,85.0000
631.2500,195.0000,36.2500,85.0000
636.2500,188.7500,36.2500,85.0000
637.5000,182.5000,36.2500,85.0000
642.5000,185.0000,36.2500,85.0000
643.7500,178.7500,36.2500,85.0000
648.7500,181.2500,36.2500,85.0000
650.0000,183.7500,36.2500,85.0000
655.0000,186.2500,36.2500,85.0000
660.0000,180.0000,36.2500,85.0000
661.2500,182.5000,36.2500,85.0000
666.2500,176.2500,36.2500,85.0000
667.5000,178.7500,36.2500,85.0000
668.7500,181.2500,36.2500,85.0000
673.7500,183.7500,36.2500,85.0000
675.0000,177.5000,36.2500,85.0000
676.2500,180.0000,36.2500,85.0000
677.5000,182.5000,36.2500,85.0000
675.0000,176.2500,36.2500,85.0000
676.2500,170.0000,36.2500,85.0000
673.7500,172.5000,36.2500,85.0000
671.2500,166.2500,36.2500,85.0000
672.5000,168.7500,36.2500,85.0000
670.0000,171.2500,36.2500,85.0000
667.5000,165.0000,36.2500,85.0000
665.0000,167.5000,36.2500,85.0000
662.5000,170.0000,36.2500,85.0000
656.2500,172.5000,36.2500,85.0000
653.7500,175.0000,36.2500,85.0000
651.2500,160.0000,36.2500,85.0000
648.7500,162.5000,36.2500,85.0000
642.5000,173.7500,36.2500,85.0000
640.0000,176.2500,36.2500,85.0000
633.7500,170.0000,36.2500,85.0000
631.2500,163.7500,36.2500,85.0000
628.7500,166.2500,36.2500,85.0000
626.2500,168.7500,36.2500,85.0000
623.7500,162.5000,36.2500,85.0000
621.2500,165.0000,36.2500,85.0000
618.7500,167.5000,36.2500,85.0000
620.0000,161.2500,36.2500,85.0000
617.5000,172.5000,36.2500,85.0000
618.7500,175.0000,36.2500,85.0000
620.0000,168.7500,36.2500,85.0000
621.2500,162.5000,36.2500,85.0000
626.2500,165.0000,36.2500,85.0000
627.5000,167.5000,36.2500,85.0000
628.7500,170.0000,36.2500,85.0000
633.7500,163.7500,36.2500,85.0000
635.0000,157.5000,36.2500,85.0000
640.0000,160.0000,36.2500,85.0000
641.2500,162.5000,36.2500,85.0000
646.2500,156.2500,36.2500,85.0000
647.5000,158.7500,36.2500,85.0000
652.5000,161.2500,36.2500,85.0000
657.5000,155.0000,36.2500,85.0000
658.7500,157.5000,36.2500,85.0000
663.7500,160.0000,36.2500,85.0000
665.0000,162.5000,36.2500,85.0000
670.0000,165.0000,36.2500,85.0000
671.2500,167.5000,36.2500,85.0000
676.2500,161.2500,36.2500,85.0000
681.2500,155.0000,36.2500,85.0000
682.5000,166.2500,36.2500,85.0000
687.5000,168.7500,36.2500,85.0000
688.7500,162.5000,36.2500,85.0000
693.7500,165.0000,36.2500,85.0000
698.7500,158.7500,36.2500,85.0000
700.0000,161.2500,36.2500,85.0000
705.0000,155.0000,36.2500,85.0000
706.2500,157.5000,36.2500,85.0000
711.2500,160.0000,36.2500,85.0000
716.2500,162.5000,36.2500,85.0000
717.5000,156.2500,36.2500,85.0000
722.5000,158.7500,36.2500,85.0000
723.7500,161.2500,36.2500,85.0000
728.7500,163.7500,36.2500,85.0000
733.7500,157.5000,36.2500,85.0000
735.0000,160.0000,36.2500,85.0000
740.0000,162.5000,36.2500,85.0000
741.2500,156.2500,36.2500,85.0000
746.2500,158.7500,36.2500,85.0000
747.5000,152.5000,36.2500,85.0000
752.5000,155.0000,36.2500,85.0000
757.5000,157.5000,36.2500,85.0000
758.7500,160.0000,36.2500,85.0000
763.7500,153.7500,36.2500,85.0000
768.7500,156.2500,36.2500,85.0000
773.7500,158.7500,36.2500,85.0000
775.0000,161.2500,36.2500,85.0000
780.0000,155.0000,36.2500,85.0000
781.2500,157.5000,36.2500,85.0000
786.2500,160.0000,36.2500,85.0000
791.2500,153.7500,36.2500,85.0000
796.2500,156.2500,36.2500,85.0000
797.5000,158.7500,36.2500,85.0000
798.7500,161.2500,36.2500,85.0000
803.7500,155.0000,36.2500,85.0000
805.0000,157.5000,36.2500,85.0000
810.0000,160.0000,36.2500,85.0000
815.0000,153.7500,36.2500,85.0000
816.2500,156.2500,36.2500,85.0000
821.2500,150.0000,36.2500,85.0000
822.5000,152.5000,36.2500,85.0000
827.5000,155.0000,36.2500,85.0000
832.5000,148.7500,36.2500,85.0000
833.7500,151.2500,36.2500,85.0000
838.7500,153.7500,36.2500,85.0000
840.0000,156.2500,36.2500,85.0000
845.0000,150.0000,36.2500,85.0000
846.2500,152.5000,36.2500,85.0000
847.5000,155.0000,36.2500,85.0000
852.5000,148.7500,36.2500,85.0000
853.7500,151.2500,36.2500,85.0000
858.7500,145.0000,36.2500,85.0000
860.0000,147.5000,36.2500,85.0000
865.0000,150.0000,36.2500,85.0000
866.2500,143.7500,36.2500,85.0000
871.2500,146.2500,36.2500,85.0000
872.5000,148.7500,36.2500,85.0000
877.5000,151.2500,36.2500,85.0000
882.5000,145.0000,36.2500,85.0000
883.7500,147.5000,36.2500,85.0000
885.0000,150.0000,36.2500,85.0000
890.0000,143.7500,36.2500,85.0000
891.2500,146.2500,36.2500,85.0000
896.2500,148.7500,36.2500,85.0000
897.5000,151.2500,36.2500,85.0000
898.7500,153.7500,36.2500,85.0000
900.0000,156.2500,36.2500,85.0000
901.2500,158.7500,36.2500,85.0000
906.2500,152.5000,36.2500,85.0000
907.5000,155.0000,36.2500,85.0000
908.7500,157.5000,36.2500,85.0000
910.0000,160.0000,36.2500,85.0000
915.0000,162.5000,36.2500,85.0000
916.2500,173.7500,36.2500,85.0000
917.5000,176.2500,36.2500,85.0000
918.7500,178.7500,36.2500,85.0000
920.0000,172.5000,36.2500,85.0000
921.2500,175.0000,36.2500,85.0000
926.2500,186.2500,36.2500,85.0000
927.5000,180.0000,36.2500,85.0000
928.7500,182.5000,36.2500,85.0000
930.0000,185.0000,36.2500,85.0000
2
0
0
0
0
0
2
0
0
0
0
0
2
0
0
0
0
0
2
0
0
0
0
0
2
0
0
0
0
0
2
0
0
0
0
0
2
0
0
0
0
0
2
0
0
0
0
0
941.2500,233.7500,36.2500,85.0000
938.7500,227.5000,36.2500,85.0000
940.0000,230.0000,36.2500,85.0000
937.5000,232.5000,36.2500,85.0000
935.0000,226.2500,36.2500,85.0000
932.5000,220.0000,36.2500,85.0000
933.7500,222.5000,36.2500,85.0000
931.2500,225.0000,36.2500,85.0000
932.5000,227.5000,36.2500,85.0000
933.7500,221.2500,36.2500,85.0000
931.2500,223.7500,36.2500,85.0000
928.7500,226.2500,36.2500,85.0000
930.0000,220.0000,36.2500,85.0000
927.5000,222.5000,36.2500,85.0000
928.7500,225.0000,36.2500,85.0000
926.2500,227.5000,36.2500,85.0000
923.7500,221.2500,36.2500,85.0000
921.2500,223.7500,36.2500,85.0000
918.7500,226.2500,36.2500,85.0000
916.2500,228.7500,36.2500,85.0000
913.7500,222.5000,36.2500,85.0000
915.0000,225.0000,36.2500,85.0000
916.2500,227.5000,36.2500,85.0000
913.7500,212.5000,36.2500,85.0000
915.0000,215.0000,36.2500,85.0000
912.5000,217.5000,36.2500,85.0000
910.0000,211.2500,36.2500,85.0000
907.5000,213.7500,36.2500,85.0000
905.0000,216.2500,36.2500,85.0000
902.5000,218.7500,36.2500,85.0000
900.0000,221.2500,36.2500,85.0000
897.5000,215.0000,36.2500,85.0000
895.0000,217.5000,36.2500,85.0000
892.5000,220.0000,36.2500,85.0000
890.0000,231.2500,36.2500,85.0000
887.5000,233.7500,36.2500,85.0000
888.7500,218.7500,36.2500,85.0000
882.5000,230.0000,36.2500,85.0000
880.0000,232.5000,36.2500,85.0000
877.5000,226.2500,36.2500,85.0000
878.7500,220.0000,36.2500,85.0000
876.2500,222.5000,36.2500,85.0000
873.7500,225.0000,36.2500,85.0000
871.2500,218.7500,36.2500,85.0000
868.7500,221.2500,36.2500,85.0000
866.2500,223.7500,36.2500,85.0000
863.7500,226.2500,36.2500,85.0000
861.2500,228.7500,36.2500,85.0000
858.7500,231.2500,36.2500,85.0000
856.2500,225.0000,36.2500,85.0000
853.7500,236.2500,36.2500,85.0000
851.2500,230.0000,36.2500,85.0000
848.7500,232.5000,36.2500,85.0000
846.2500,235.0000,36.2500,85.0000
843.7500,228.7500,36.2500,85.0000
845.0000,222.5000,36.2500,85.0000
842.5000,225.0000,36.2500,85.0000
840.0000,227.5000,36.2500,85.0000
837.5000,230.0000,36.2500,85.0000
835.0000,232.5000,36.2500,85.0000
832.5000,226.2500,36.2500,85.0000
830.0000,228.7500,36.2500,85.0000
827.5000,231.2500,36.2500,85.0000
825.0000,233.7500,36.2500,85.0000
822.5000,236.2500,36.2500,85.0000
820.0000,238.7500,36.2500,85.0000
821.2500,241.2500,36.2500,85.0000
818.7500,235.0000,36.2500,85.0000
816.2500,237.5000,36.2500,85.0000
813.7500,240.0000,36.2500,85.0000
811.2500,242.5000,36.2500,85.0000
808.7500,236.2500,36.2500,85.0000
810.0000,238.7500,36.2500,85.0000
807.5000,232.5000,36.2500,85.0000
805.0000,235.0000,36.2500,85.0000
802.5000,237.5000,36.2500,85.0000
803.7500,240.0000,36.2500,85.0000
801.2500,233.7500,36.2500,85.0000
798.7500,236.2500,36.2500,85.0000
796.2500,238.7500,36.2500,85.0000
793.7500,241.2500,36.2500,85.0000
787.5000,243.7500,36.2500,85.0000
785.0000,246.2500,36.2500,85.0000
786.2500,240.0000,36.2500,85.0000
780.0000,242.5000,36.2500,85.0000
777.5000,253.7500,36.2500,85.0000
778.7500,238.7500,36.2500,85.0000
780.0000,241.2500,36.2500,85.0000
777.5000,243.7500,36.2500,85.0000
775.0000,246.2500,36.2500,85.0000
772.5000,240.0000,36.2500,85.0000
770.0000,242.5000,36.2500,85.0000
767.5000,245.0000,36.2500,85.0000
765.0000,247.5000,36.2500,85.0000
758.7500,250.0000,36.2500,85.0000
756.2500,243.7500,36.2500,85.0000
753.7500,246.2500,36.2500,85.0000
751.2500,248.7500,36.2500,85.0000
748.7500,251.2500,36.2500,85.0000
746.2500,253.7500,36.2500,85.0000
743.7500,256.2500,36.2500,85.0000
745.0000,250.0000,36.2500,85.0000
738.7500,261.2500,36.2500,85.0000
740.0000,255.0000,36.2500,85.0000
737.5000,248.7500,36.2500,85.0000
735.0000,251.2500,36.2500,85.0000
732.5000,253.7500,36.2500,85.0000
730.0000,256.2500,36.2500,85.0000
727.5000,250.0000,36.2500,85.0000
725.0000,252.5000,36.2500,85.0000
722.5000,255.0000,36.2500,85.0000
720.0000,257.5000,36.2500,85.0000
717.5000,260.0000,36.2500,85.0000
715.0000,262.5000,36.2500,85.0000
712.5000,265.0000,36.2500,85.0000
710.0000,267.5000,36.2500,85.0000
707.5000,261.2500,36.2500,85.0000
701.2500,272.5000,36.2500,85.0000
702.5000,266.2500,36.2500,85.0000
700.0000,268.7500,36.2500,85.0000
697.5000,262.5000,36.2500,85.0000
695.0000,265.0000,36.2500,85.0000
692.5000,267.5000,36.2500,85.0000
690.0000,270.0000,36.2500,85.0000
687.5000,263.7500,36.2500,85.0000
685.0000,266.2500,36.2500,85.0000
678.7500,268.7500,36.2500,85.0000
676.2500,271.2500,36.2500,85.0000
673.7500,273.7500,36.2500,85.0000
671.2500,276.2500,36.2500,85.0000
668.7500,278.7500,36.2500,85.0000
666.2500,281.2500,36.2500,85.0000
667.5000,283.7500,36.2500,85.0000
665.0000,277.5000,36.2500,85.0000
662.5000,280.0000,36.2500,85.0000
660.0000,291.2500,36.2500,85.0000
657.5000,293.7500,36.2500,85.0000
658.7500,287.5000,36.2500,85.0000
656.2500,290.0000,36.2500,85.0000
653.7500,292.5000,36.2500,85.0000
651.2500,295.0000,36.2500,85.0000
652.5000,288.7500,36.2500,85.0000
650.0000,291.2500,36.2500,85.0000
647.5000,293.7500,36.2500,85.0000
645.0000,296.2500,36.2500,85.0000
646.2500,298.7500,36.2500,85.0000
643.7500,301.2500,36.2500,85.0000
641.2500,303.7500,36.2500,85.0000
638.7500,297.5000,36.2500,85.0000
636.2500,300.0000,36.2500,85.0000
633.7500,302.5000,36.2500,85.0000
631.2500,305.0000,36.2500,85.0000
632.5000,307.5000,36.2500,85.0000
630.0000,301.2500,36.2500,85.0000
627.5000,303.7500,36.2500,85.0000
628.7500,306.2500,36.2500,85.0000
626.2500,300.0000,36.2500,85.0000
623.7500,302.5000,36.2500,85.0000
621.2500,305.0000,36.2500,85.0000
618.7500,307.5000,36.2500,85.0000
620.0000,310.0000,36.2500,85.0000
617.5000,321.2500,36.2500,85.0000
615.0000,315.0000,36.2500,85.0000
612.5000,317.5000,36.2500,85.0000
613.7500,320.0000,36.2500,85.0000
611.2500,322.5000,36.2500,85.0000
608.7500,325.0000,36.2500,85.0000
610.0000,327.5000,36.2500,85.0000
607.5000,330.0000,36.2500,85.0000
605.0000,332.5000,36.2500,85.0000
606.2500,335.0000,36.2500,85.0000
603.7500,337.5000,36.2500,85.0000
601.2500,331.2500,36.2500,85.0000
602.5000,333.7500,36.2500,85.0000
600.0000,336.2500,36.2500,85.0000
597.5000,338.7500,36.2500,85.0000
598.7500,341.2500,36.2500,85.0000
596.2500,343.7500,36.2500,85.0000
593.7500,337.5000,36.2500,85.0000
591.2500,340.0000,36.2500,85.0000
588.7500,342.5000,36.2500,85.0000
590.0000,345.0000,36.2500,85.0000
587.5000,338.7500,36.2500,85.0000
585.0000,341.2500,36.2500,85.0000
586.2500,343.7500,36.2500,85.0000
583.7500,346.2500,36.2500,85.0000
581.2500,348.7500,36.2500,85.0000
582.5000,351.2500,36.2500,85.0000
580.0000,345.0000,36.2500,85.0000
577.5000,347.5000,36.2500,85.0000
575.0000,350.0000,36.2500,85.0000
576.2500,352.5000,36.2500,85.0000
573.7500,355.0000,36.2500,85.0000
571.2500,348.7500,36.2500,85.0000
572.5000,351.2500,36.2500,85.0000
570.0000,353.7500,36.2500,85.0000
571.2500,356.2500,36.2500,85.0000
568.7500,358.7500,36.2500,85.0000
570.0000,361.2500,36.2500,85.0000
567.5000,363.7500,36.2500,85.0000
568.7500,357.5000,36.2500,85.0000
566.2500,360.0000,36.2500,85.0000
567.5000,362.5000,36.2500,85.0000
565.0000,356.2500,36.2500,85.0000
566.2500,358.7500,36.2500,85.0000
563.7500,361.2500,36.2500,85.0000
565.0000,363.7500,36.2500,85.0000
566.2500,366.2500,36.2500,85.0000
563.7500,368.7500,36.2500,85.0000
565.0000,371.2500,36.2500,85.0000
562.5000,365.0000,36.2500,85.0000
563.7500,367.5000,36.2500,85.0000
561.2500,361.2500,36.2500,85.0000
558.7500,363.7500,36.2500,85.0000
560.0000,366.2500,36.2500,85.0000
557.5000,368.7500,36.2500,85.0000
558.7500,371.2500,36.2500,85.0000
560.0000,373.7500,36.2500,85.0000
557.5000,376.2500,36.2500,85.0000
555.0000,378.7500,36.2500,85.0000
556.2500,381.2500,36.2500,85.0000
557.5000,383.7500,36.2500,85.0000
555.0000,377.5000,36.2500,85.0000
556.2500,380.0000,36.2500,85.0000
553.7500,382.5000,36.2500,85.0000
555.0000,385.0000,36.2500,85.0000
556.2500,378.7500,36.2500,85.0000
553.7500,381.2500,36.2500,85.0000
555.0000,383.7500,36.2500,85.0000
552.5000,377.5000,36.2500,85.0000
553.7500,380.0000,36.2500,85.0000
551.2500,382.5000,36.2500,85.0000
548.7500,385.0000,36.2500,85.0000
550.0000,396.2500,36.2500,85.0000
551.2500,398.7500,36.2500,85.0000
548.7500,392.5000,36.2500,85.0000
550.0000,395.0000,36.2500,85.0000
551.2500,397.5000,36.2500,85.0000
552.5000,400.0000,36.2500,85.0000
550.0000,402.5000,36.2500,85.0000
547.5000,396.2500,36.2500,85.0000
548.7500,398.7500,36.2500,85.0000
550.0000,401.2500,36.2500,85.0000
547.5000,403.7500,36.2500,85.0000
548.7500,406.2500,36.2500,85.0000
550.0000,408.7500,36.2500,85.0000
547.5000,411.2500,36.2500,85.0000
548.7500,413.7500,36.2500,85.0000
546.2500,416.2500,36.2500,85.0000
547.5000,418.7500,36.2500,85.0000
545.0000,421.2500,36.2500,85.0000
546.2500,423.7500,36.2500,85.0000
543.7500,426.2500,36.2500,85.0000
545.0000,428.7500,36.2500,85.0000
542.5000,431.2500,36.2500,85.0000
543.7500,433.7500,36.2500,85.0000
541.2500,427.5000,36.2500,85.0000
538.7500,430.0000,36.2500,85.0000
540.0000,432.5000,36.2500,85.0000
537.5000,435.0000,36.2500,85.0000
538.7500,437.5000,36.2500,85.0000
536.2500,431.2500,36.2500,85.0000
533.7500,433.7500,36.2500,85.0000
531.2500,445.0000,36.2500,85.0000
532.5000,447.5000,36.2500,85.0000
533.7500,450.0000,36.2500,85.0000
531.2500,452.5000,36.2500,85.0000
528.7500,455.0000,36.2500,85.0000
526.2500,448.7500,36.2500,85.0000
527.5000,451.2500,36.2500,85.0000
525.0000,453.7500,36.2500,85.0000
522.5000,456.2500,36.2500,85.0000
520.0000,458.7500,36.2500,85.0000
517.5000,452.5000,36.2500,85.0000
518.7500,463.7500,36.2500,85.0000
516.2500,457.5000,36.2500,85.0000
513.7500,460.0000,36.2500,85.0000
511.2500,462.5000,36.2500,85.0000
508.7500,465.0000,36.2500,85.0000
506.2500,458.7500,36.2500,85.0000
503.7500,470.0000,36.2500,85.0000
501.2500,472.5000,36.2500,85.0000
498.7500,466.2500,36.2500,85.0000
496.2500,468.7500,36.2500,85.0000
493.7500,471.2500,36.2500,85.0000
495.0000,473.7500,36.2500,85.0000
492.5000,476.2500,36.2500,85.0000
490.0000,478.7500,36.2500,85.0000
487.5000,481.2500,36.2500,85.0000
485.0000,475.0000,36.2500,85.0000
482.5000,477.5000,36.2500,85.0000
480.0000,471.2500,36.2500,85.0000
477.5000,473.7500,36.2500,85.0000
478.7500,485.0000,36.2500,85.0000
476.2500,478.7500,36.2500,85.0000
473.7500,481.2500,36.2500,85.0000
471.2500,483.7500,36.2500,85.0000
468.7500,477.5000,36.2500,85.0000
466.2500,480.0000,36.2500,85.0000
467.5000,482.5000,36.2500,85.0000
468.7500,485.0000,36.2500,85.0000
466.2500,478.7500,36.2500,85.0000
467.5000,481.2500,36.2500,85.0000
465.0000,483.7500,36.2500,85.0000
466.2500,477.5000,36.2500,85.0000
463.7500,480.0000,36.2500,85.0000
461.2500,473.7500,36.2500,85.0000
462.5000,476.2500,36.2500,85.0000
463.7500,478.7500,36.2500,85.0000
461.2500,481.2500,36.2500,85.0000
462.5000,475.0000,36.2500,85.0000
460.0000,477.5000,36.2500,85.0000
461.2500,480.0000,36.2500,85.0000
458.7500,482.5000,36.2500,85.0000
456.2500,485.0000,36.2500,85.0000
457.5000,478.7500,36.2500,85.0000
455.0000,481.2500,36.2500,85.0000
456.2500,483.7500,36.2500,85.0000
453.7500,477.5000,36.2500,85.0000
451.2500,480.0000,36.2500,85.0000
448.7500,482.5000,36.2500,85.0000
450.0000,485.0000,36.2500,85.0000
451.2500,487.5000,36.2500,85.0000
448.7500,481.2500,36.2500,85.0000
450.0000,475.0000,36.2500,85.0000
447.5000,477.5000,36.2500,85.0000
448.7500,471.2500,36.2500,85.0000
450.0000,473.7500,36.2500,85.0000
447.5000,467.5000,36.2500,85.0000
448.7500,470.0000,36.2500,85.0000
450.0000,472.5000,36.2500,85.0000
447.5000,466.2500,36.2500,85.0000
445.0000,468.7500,36.2500,85.0000
446.2500,462.5000,36.2500,85.0000
447.5000,465.0000,36.2500,85.0000
448.7500,467.5000,36.2500,85.0000
