1
226.0000,304.0000,68.0000,126.0000
226.0000,298.0000,68.0000,126.0000
226.0000,304.0000,68.0000,126.0000
226.0000,310.0000,68.0000,126.0000
238.0000,328.0000,68.0000,126.0000
238.0000,346.0000,68.0000,126.0000
238.0000,352.0000,68.0000,126.0000
244.0000,346.0000,68.0000,126.0000
244.0000,340.0000,68.0000,126.0000
244.0000,346.0000,68.0000,126.0000
244.0000,364.0000,68.0000,126.0000
244.0000,382.0000,68.0000,126.0000
244.0000,376.0000,68.0000,126.0000
244.0000,406.0000,68.0000,126.0000
244.0000,424.0000,68.0000,126.0000
244.0000,418.0000,68.0000,126.0000
238.0000,424.0000,68.0000,126.0000
238.0000,418.0000,68.0000,126.0000
238.0000,412.0000,68.0000,126.0000
238.0000,406.0000,68.0000,126.0000
238.0000,388.0000,68.0000,126.0000
250.0000,334.0000,68.0000,126.0000
244.0000,340.0000,68.0000,126.0000
244.0000,334.0000,68.0000,126.0000
232.0000,340.0000,68.0000,126.0000
226.0000,346.0000,68.0000,126.0000
220.0000,352.0000,68.0000,126.0000
214.0000,346.0000,68.0000,126.0000
220.0000,340.0000,68.0000,126.0000
214.0000,346.0000,68.0000,126.0000
214.0000,340.0000,68.0000,126.0000
232.0000,322.0000,68.0000,126.0000
232.0000,316.0000,68.0000,126.0000
226.0000,322.0000,68.0000,126.0000
226.0000,316.0000,68.0000,126.0000
220.0000,322.0000,68.0000,126.0000
214.0000,328.0000,68.0000,126.0000
208.0000,322.0000,68.0000,126.0000
202.0000,328.0000,68.0000,126.0000
196.0000,322.0000,68.0000,126.0000
190.0000,316.0000,68.0000,126.0000
184.0000,322.0000,68.0000,126.0000
178.0000,316.0000,68.0000,126.0000
172.0000,322.0000,68.0000,126.0000
178.0000,316.0000,68.0000,126.0000
178.0000,322.0000,68.0000,126.0000
178.0000,328.0000,68.0000,126.0000
178.0000,322.0000,68.0000,126.0000
178.0000,328.0000,68.0000,126.0000
178.0000,334.0000,68.0000,126.0000
178.0000,340.0000,68.0000,126.0000
178.0000,334.0000,68.0000,126.0000
178.0000,340.0000,68.0000,126.0000
2
0
0
0
0
0
2
0
0
0
0
0
2
0
0
0
0
0
2
0
0
0
0
0
2
0
0
0
0
0
2
0
0
0
0
0
2
0
0
0
0
0
2
0
0
0
0
0
2
0
0
0
0
0
2
0
0
0
0
0
2
0
0
0
0
0
2
0
0
0
0
0
2
0
0
0
0
0
2
0
0
0
0
0
2
0
0
0
0
0
2
0
0
0
0
0
2
0
0
0
0
0
2
0
0
0
0
0
2
0
0
0
0
0
2
0
0
0
0
0
2
0
0
0
0
0
2
0
0
0
0
0
2
0
0
0
0
0
2
0
0
0
0
0
2
0
0
0
0
0
2
0
0
0
0
0
2
0
0
0
0
0
2
0
0
0
0
0
2
0
0
0
0
0
2
0
0
0
0
0
2
0
0
0
0
0
2
0
0
0
0
0
2
0
0
0
0
0
2
0
0
0
0
0
2
0
0
0
0
0
2
0
0
0
0
0
2
0
0
0
0
0
2
0
0
0
0
0
2
0
0
0
0
0
2
0
0
0
0
0
2
0
0
0
0
0
2
0
0
0
0
0
2
0
0
0
0
0
2
0
0
0
0
0
2
0
0
0
0
0
2
0
0
0
0
0
2
0
0
0
0
0
2
0
0
0
0
0
2
0
0
0
0
0
2
0
0
0
0
0
2
0
0
0
0
0
2
0
0
0
0
0
2
0
0
0
0
0
2
0
0
0
0
0
2
0
0
0
0
0
2
0
0
0
0
0
2
0
0
0
0
0
2
0
0
0
0
0
2
0
0
0
0
0
2
0
0
0
0
0
2
0
0
0
0
0
2
0
0
0
0
0
2
0
0
0
0
0
2
0
0
0
0
0
2
0
0
0
0
0
2
0
0
0
0
0
2
0
0
0
0
0
2
0
0
0
0
0
2
0
0
0
0
0
2
0
0
0
0
0
2
0
0
0
0
0
2
0
0
0
0
0
2
0
0
0
0
0
2
0
0
0
0
0
2
0
0
0
0
0
2
0
0
0
0
0
2
0
0
0
0
0
2
0
0
0
0
0
2
0
0
0
0
0
2
0
0
0
0
0
2
0
0
0
0
0
2
0
0
0
0
0
2
0
0
0
0
0
2
0
0
0
0
0
2
0
0
0
0
0
2
0
0
0
0
0
2
0
0
0
0
0
2
0
0
0
0
0
2
0
0
0
0
0
2
0
0
0
0
0
2
0
0
0
0
0
2
0
0
0
0
0
2
0
0
0
0
0
2
0
0
0
0
0
2
0
0
0
0
0
2
0
0
0
0
0
2
0
0
0
0
0
2
0
0
0
0
0
2
0
0
0
0
0
2
0
0
0
0
0
2
0
0
0
0
0
2
0
0
0
0
0
2
0
0
0
0
0
2
0
0
0
0
0
2
0
0
0
0
0
2
0
0
0
0
0
2
0
0
0
0
0
2
0
0
0
0
0
2
0
0
0
0
0
2
0
0
0
0
0
2
0
0
0
0
0
2
0
0
0
0
0
2
0
0
0
0
0
2
0
0
0
0
0
2
0
0
0
0
0
2
0
0
0
0
0
2
0
0
0
0
0
2
0
0
0
0
0
2
0
0
0
0
0
2
0
0
0
0
0
2
0
0
0
0
0
2
0
0
0
0
0
2
0
0
0
0
0
2
0
0
0
0
0
2
0
0
0
0
0
2
0
0
0
0
0
2
0
0
0
0
0
2
0
0
0
0
0
2
0
0
0
0
0
2
0
0
0
0
0
2
0
0
0
0
0
2
0
0
0
0
0
2
0
0
0
0
0
2
0
0
0
0
0
2
0
0
0
0
0
2
0
0
0
0
0
2
0
0
0
0
0
2
0
0
0
0
0
2
0
0
0
0
0
2
0
0
0
0
0
2
0
0
0
0
0
2
0
0
0
0
0
2
0
0
0
0
0
2
0
0
0
0
0
2
0
0
0
0
0
2
0
0
0
0
0
2
0
0
0
0
0
2
0
0
0
0
0
2
0
0
0
0
0
2
0
0
0
0
0
2
0
0
0
0
0
2
0
0
0
0
0
2
0
0
0
0
0
2
0
0
0
0
0
2
0
0
0
0
0
2
0
0
0
0
0
2
0
0
0
0
0
2
0
0
0
0
0
2
0
0
0
0
0
2
0
0
0
0
0
2
0
0
0
0
0
2
0
0
0
0
0
2
0
0
0
0
0
2
0
0
0
0
0
2
0
0
0
0
0
2
0
0
0
0
0
2
0
0
0
0
0
2
0
0
0
0
0
2
0
0
0
0
0
2
0
0
0
0
0
2
0
0
0
0
0
2
0
0
0
0
0
2
0
0
0
0
0
2
0
0
0
0
0
2
0
0
0
0
0
2
0
0
0
0
0
2
0
0
0
0
0
2
0
0
0
0
0
2
0
0
0
0
0
2
0
0
0
0
0
2
0
0
0
0
0
2
0
0
0
0
0
2
0
0
0
0
0
2
0
0
0
0
0
2
0
0
0
0
0
2
0
0
0
0
0
2
0
0
0
0
0
2
0
0
0
0
0
2
0
0
0
0
0
2
0
0
0
0
0
2
0
0
0
0
0
2
0
0
0
0
0
2
0
0
0
0
0
2
0
0
0
0
0
2
0
0
0
0
0
2
0
0
0
0
0
2
0
0
0
0
0
2
0
0
0
0
0
2
0
0
0
0
0
2
0
0
0
0
0
2
0
0
0
0
0
2
0
0
0
0
0
2
0
0
0
0
0
2
0
0
0
0
0
2
0
0
0
0
0
2
0
0
0
0
0
2
0
0
0
0
0
2
0
0
0
0
0
2
0
0
0
0
0
2
0
0
0
0
0
2
0
0
0
0
0
2
0
0
0
0
0
2
0
0
0
0
0
2
0
0
0
0
0
2
0
0
0
0
0
2
0
0
0
0
0
2
0
0
0
0
0
2
0
0
0
0
0
2
0
0
0
0
0
2
0
0
0
0
0
2
0
0
0
0
0
2
0
0
0
0
0
2
0
0
0
0
0
634.0000,592.0000,68.0000,126.0000
2
0
0
0
0
0
622.0000,592.0000,68.0000,126.0000
2
0
0
0
0
0
2
0
0
0
0
0
2
0
0
0
0
0
592.0000,580.0000,68.0000,126.0000
610.0000,586.0000,68.0000,126.0000
628.0000,592.0000,68.0000,126.0000
640.0000,598.0000,68.0000,126.0000
652.0000,592.0000,68.0000,126.0000
604.0000,586.0000,68.0000,126.0000
2
0
0
0
0
0
580.0000,586.0000,68.0000,126.0000
598.0000,580.0000,68.0000,126.0000
640.0000,586.0000,68.0000,126.0000
604.0000,580.0000,68.0000,126.0000
610.0000,574.0000,68.0000,126.0000
604.0000,580.0000,68.0000,126.0000
604.0000,586.0000,68.0000,126.0000
604.0000,592.0000,68.0000,126.0000
604.0000,586.0000,68.0000,126.0000
598.0000,580.0000,68.0000,126.0000
598.0000,574.0000,68.0000,126.0000
592.0000,580.0000,68.0000,126.0000
592.0000,574.0000,68.0000,126.0000
592.0000,568.0000,68.0000,126.0000
592.0000,562.0000,68.0000,126.0000
586.0000,556.0000,68.0000,126.0000
586.0000,550.0000,68.0000,126.0000
586.0000,556.0000,68.0000,126.0000
586.0000,550.0000,68.0000,126.0000
580.0000,544.0000,68.0000,126.0000
580.0000,550.0000,68.0000,126.0000
580.0000,520.0000,68.0000,126.0000
574.0000,490.0000,68.0000,126.0000
574.0000,472.0000,68.0000,126.0000
562.0000,442.0000,68.0000,126.0000
556.0000,424.0000,68.0000,126.0000
544.0000,418.0000,68.0000,126.0000
532.0000,424.0000,68.0000,126.0000
520.0000,418.0000,68.0000,126.0000
502.0000,424.0000,68.0000,126.0000
484.0000,418.0000,68.0000,126.0000
466.0000,424.0000,68.0000,126.0000
448.0000,418.0000,68.0000,126.0000
436.0000,424.0000,68.0000,126.0000
430.0000,418.0000,68.0000,126.0000
424.0000,424.0000,68.0000,126.0000
418.0000,418.0000,68.0000,126.0000
406.0000,412.0000,68.0000,126.0000
394.0000,406.0000,68.0000,126.0000
382.0000,412.0000,68.0000,126.0000
370.0000,406.0000,68.0000,126.0000
358.0000,400.0000,68.0000,126.0000
346.0000,406.0000,68.0000,126.0000
334.0000,400.0000,68.0000,126.0000
322.0000,394.0000,68.0000,126.0000
322.0000,400.0000,68.0000,126.0000
322.0000,394.0000,68.0000,126.0000
316.0000,400.0000,68.0000,126.0000
316.0000,394.0000,68.0000,126.0000
310.0000,400.0000,68.0000,126.0000
304.0000,394.0000,68.0000,126.0000
304.0000,400.0000,68.0000,126.0000
298.0000,394.0000,68.0000,126.0000
298.0000,400.0000,68.0000,126.0000
292.0000,394.0000,68.0000,126.0000
286.0000,388.0000,68.0000,126.0000
286.0000,394.0000,68.0000,126.0000
280.0000,400.0000,68.0000,126.0000
274.0000,394.0000,68.0000,126.0000
268.0000,400.0000,68.0000,126.0000
262.0000,394.0000,68.0000,126.0000
256.0000,400.0000,68.0000,126.0000
250.0000,394.0000,68.0000,126.0000
238.0000,400.0000,68.0000,126.0000
232.0000,394.0000,68.0000,126.0000
226.0000,400.0000,68.0000,126.0000
226.0000,406.0000,68.0000,126.0000
214.0000,400.0000,68.0000,126.0000
208.0000,394.0000,68.0000,126.0000
214.0000,400.0000,68.0000,126.0000
220.0000,394.0000,68.0000,126.0000
196.0000,400.0000,68.0000,126.0000
184.0000,406.0000,68.0000,126.0000
190.0000,400.0000,68.0000,126.0000
202.0000,406.0000,68.0000,126.0000
172.0000,412.0000,68.0000,126.0000
184.0000,418.0000,68.0000,126.0000
202.0000,412.0000,68.0000,126.0000
196.0000,418.0000,68.0000,126.0000
196.0000,424.0000,68.0000,126.0000
190.0000,430.0000,68.0000,126.0000
202.0000,424.0000,68.0000,126.0000
208.0000,430.0000,68.0000,126.0000
214.0000,436.0000,68.0000,126.0000
220.0000,430.0000,68.0000,126.0000
226.0000,436.0000,68.0000,126.0000
238.0000,442.0000,68.0000,126.0000
244.0000,448.0000,68.0000,126.0000
250.0000,454.0000,68.0000,126.0000
256.0000,460.0000,68.0000,126.0000
250.0000,466.0000,68.0000,126.0000
250.0000,460.0000,68.0000,126.0000
244.0000,466.0000,68.0000,126.0000
238.0000,484.0000,68.0000,126.0000
232.0000,490.0000,68.0000,126.0000
232.0000,496.0000,68.0000,126.0000
232.0000,502.0000,68.0000,126.0000
2
0
0
0
0
0
2
0
0
0
0
0
2
0
0
0
0
0
2
0
0
0
0
0
2
0
0
0
0
0
2
0
0
0
0
0
2
0
0
0
0
0
2
0
0
0
0
0
2
0
0
0
0
0
2
0
0
0
0
0
2
0
0
0
0
0
2
0
0
0
0
0
2
