1
532.0000,384.0000,17.0000,11.0000
535.0000,386.0000,17.0000,11.0000
532.0000,385.0000,17.0000,11.0000
535.0000,386.0000,17.0000,11.0000
534.0000,386.0000,17.0000,11.0000
531.0000,386.0000,17.0000,11.0000
532.0000,386.0000,17.0000,11.0000
529.0000,386.0000,17.0000,11.0000
534.0000,387.0000,17.0000,11.0000
531.0000,387.0000,17.0000,11.0000
530.0000,386.0000,17.0000,11.0000
527.0000,387.0000,17.0000,11.0000
526.0000,387.0000,17.0000,11.0000
525.0000,387.0000,17.0000,11.0000
524.0000,388.0000,17.0000,11.0000
519.0000,387.0000,17.0000,11.0000
522.0000,388.0000,17.0000,11.0000
523.0000,388.0000,17.0000,11.0000
522.0000,388.0000,17.0000,11.0000
525.0000,389.0000,17.0000,11.0000
522.0000,389.0000,17.0000,11.0000
521.0000,389.0000,17.0000,11.0000
522.0000,390.0000,17.0000,11.0000
515.0000,390.0000,17.0000,11.0000
518.0000,390.0000,17.0000,11.0000
515.0000,390.0000,17.0000,11.0000
516.0000,390.0000,17.0000,11.0000
517.0000,390.0000,17.0000,11.0000
518.0000,391.0000,17.0000,11.0000
513.0000,390.0000,17.0000,11.0000
516.0000,391.0000,17.0000,11.0000
509.0000,392.0000,17.0000,11.0000
514.0000,391.0000,17.0000,11.0000
519.0000,392.0000,17.0000,11.0000
520.0000,392.0000,17.0000,11.0000
515.0000,392.0000,17.0000,11.0000
2
0
0
0
0
0
511.0000,394.0000,17.0000,11.0000
510.0000,394.0000,17.0000,11.0000
2
0
0
0
0
0
2
0
0
0
0
0
2
0
0
0
0
0
2
0
0
0
0
0
2
0
0
0
0
0
2
0
0
0
0
0
2
0
0
0
0
0
2
0
0
0
0
0
2
0
0
0
0
0
2
0
0
0
0
0
2
0
0
0
0
0
2
0
0
0
0
0
2
0
0
0
0
0
2
0
0
0
0
0
2
0
0
0
0
0
2
0
0
0
0
0
2
0
0
0
0
0
2
0
0
0
0
0
2
0
0
0
0
0
2
0
0
0
0
0
2
0
0
0
0
0
2
0
0
0
0
0
2
0
0
0
0
0
2
0
0
0
0
0
2
0
0
0
0
0
2
0
0
0
0
0
2
0
0
0
0
0
2
0
0
0
0
0
2
0
0
0
0
0
2
0
0
0
0
0
2
0
0
0
0
0
2
0
0
0
0
0
2
0
0
0
0
0
2
0
0
0
0
0
2
0
0
0
0
0
2
0
0
0
0
0
2
0
0
0
0
0
2
0
0
0
0
0
2
0
0
0
0
0
2
0
0
0
0
0
2
0
0
0
0
0
2
0
0
0
0
0
2
0
0
0
0
0
2
0
0
0
0
0
2
0
0
0
0
0
2
0
0
0
0
0
2
0
0
0
0
0
2
0
0
0
0
0
2
0
0
0
