1
263.7600,148.4900,32.4800,69.0200
267.9418,148.8351,32.1552,68.3298
267.9418,148.8351,32.1552,68.3298
267.9418,148.8351,32.1552,68.3298
267.7810,148.4935,32.4768,69.0131
271.9624,148.8385,32.1520,68.3230
271.7213,148.3261,32.6343,69.3478
271.8029,148.4995,32.4711,69.0011
275.8008,148.3270,32.6334,69.3461
276.0456,148.8471,32.1439,68.3059
280.1239,149.0178,31.9832,67.9644
280.0439,148.8479,32.1431,68.3042
280.1243,149.0187,31.9824,67.9627
284.2420,149.3585,31.6626,67.2830
284.3212,149.5267,31.5043,66.9466
284.3212,149.5267,31.5043,66.9466
284.1636,149.1920,31.8193,67.6161
288.2007,149.3610,31.6602,67.2780
288.4382,149.8656,31.1853,66.2688
288.3602,149.6999,31.3413,66.6002
292.2191,149.5334,31.4980,66.9332
292.2191,149.5334,31.4980,66.9332
291.9829,149.0314,31.9704,67.9372
296.1590,149.5409,31.4909,66.9181
296.0016,149.2063,31.8058,67.5873
296.2401,149.7133,31.3287,66.5735
300.2737,150.0461,31.0154,65.9078
300.0410,149.5518,31.4806,66.8964
300.1985,149.8863,31.1658,66.2274
304.2111,150.2174,30.8542,65.5651
304.4424,150.7092,30.3914,64.5817
304.5184,150.8706,30.2394,64.2588
308.4118,151.1919,29.9370,63.6162
308.2621,150.8738,30.2364,64.2523
308.4133,151.1951,29.9340,63.6098
308.4133,151.1951,29.9340,63.6098
312.0428,150.8770,30.2334,64.2459
312.0428,150.8770,30.2334,64.2459
312.2695,151.3589,29.7799,63.2822
316.1037,151.6753,29.4821,62.6494
315.8825,151.2054,29.9243,63.5891
315.8825,151.2054,29.9243,63.5891
319.6231,151.2054,29.9243,63.5891
319.4735,154.6654,30.2235,64.2250
319.2468,154.1837,30.6769,65.1884
319.0934,153.8578,30.9837,65.8403
322.8502,153.5286,31.2935,66.4987
322.9284,153.6949,31.1370,66.1662
326.6454,153.1986,31.6041,67.1587
326.5664,153.0307,31.7621,67.4945
326.5664,153.0307,31.7621,67.4945
326.8046,153.5369,31.2857,66.4821
330.5980,153.2045,31.5985,67.1469
330.6770,153.3724,31.4405,66.8111
330.8342,153.7064,31.1261,66.1430
330.8342,153.7064,31.1261,66.1430
334.6666,153.5411,31.2818,66.4737
334.8230,153.8734,30.9689,65.8090
338.5780,153.5444,31.2786,66.4671
338.5780,153.5444,31.2786,66.4671
338.5780,153.5444,31.2786,66.4671
338.5780,153.5444,31.2786,66.4671
342.6051,153.8767,30.9658,65.8024
342.4503,153.5477,31.2755,66.4604
342.2157,153.0493,31.7446,67.4574
342.1364,152.8806,31.9034,67.7946
346.3037,153.3891,31.4248,66.7777
346.2252,153.2221,31.5819,67.1116
345.9883,152.7188,32.0557,68.1183
350.1155,153.0594,31.7351,67.4371
350.1948,153.2280,31.5764,67.0999
350.3527,153.5635,31.2607,66.4289
350.1182,153.0653,31.7296,67.4254
354.2629,153.5710,31.2536,66.4140
354.4973,154.0691,30.7848,65.4178
354.4973,154.0691,30.7848,65.4178
354.6512,154.3961,30.4770,64.7636
358.4608,154.3961,30.4770,64.7636
358.5370,154.5581,30.3246,64.4398
358.4612,154.3970,30.4762,64.7620
358.4612,154.3970,30.4762,64.7620
362.4422,154.8827,30.0191,63.7905
362.2170,154.4043,30.4694,64.7474
366.0829,154.5661,30.3170,64.4237
366.0829,154.5661,30.3170,64.4237
366.0829,154.5661,30.3170,64.4237
366.0070,154.4051,30.4686,64.7458
369.9299,154.7288,30.1639,64.0983
369.8545,154.5685,30.3147,64.4188
369.7787,158.2158,30.4663,64.7409
369.5502,157.7302,30.9233,65.7120
373.2417,157.2374,31.3872,66.6977
373.2417,157.2374,31.3872,66.6977
373.2417,157.2374,31.3872,66.6977
373.0063,156.7372,31.8580,67.6982
373.0063,156.7372,31.8580,67.6982
377.1677,157.2449,31.3801,66.6827
377.0893,157.0782,31.5370,67.0161
377.0893,157.0782,31.5370,67.0161
381.0905,157.2457,31.3793,66.6810
381.0905,157.2457,31.3793,66.6810
381.0905,157.2457,31.3793,66.6810
381.0905,157.2457,31.3793,66.6810
385.0129,157.2457,31.3793,66.6810
385.0129,157.2457,31.3793,66.6810
385.0129,157.2457,31.3793,66.6810
385.0129,157.2457,31.3793,66.6810
388.9942,157.4124,31.2224,66.3476
388.9161,157.2466,31.3785,66.6794
388.8377,157.0798,31.5354,67.0128
388.8377,157.0798,31.5354,67.0128
392.8387,157.2474,31.3777,66.6777
392.8387,157.2474,31.3777,66.6777
392.8387,157.2474,31.3777,66.6777
396.7610,157.2474,31.3777,66.6777
396.9178,157.5808,31.0640,66.0109
397.1508,158.0759,30.5980,65.0208
396.9213,157.5882,31.0570,65.9961
400.6870,157.2582,31.3675,66.6560
400.8438,157.5915,31.0539,65.9895
400.8438,157.5915,31.0539,65.9895
400.8438,157.5915,31.0539,65.9895
404.6091,157.2616,31.3644,66.6494
404.7659,157.5948,31.0508,65.9829
404.9988,158.0897,30.5850,64.9931
405.0753,158.2522,30.4321,64.6682
405.1513,158.4138,30.2799,64.3448
408.9363,158.4138,30.2799,64.3448
408.9363,158.4138,30.2799,64.3448
408.8606,158.2530,30.4313,64.6665
408.8606,158.2530,30.4313,64.6665
408.9367,158.4146,30.2792,64.3432
412.6648,158.2538,30.4306,64.6649
412.7409,158.4154,30.2784,64.3416
412.7409,158.4154,30.2784,64.3416
412.7409,158.4154,30.2784,64.3416
412.7409,158.4154,30.2784,64.3416
416.5257,158.4154,30.2784,64.3416
416.6771,158.7371,29.9756,63.6982
416.5272,158.4187,30.2754,64.3352
416.3002,161.7773,30.7295,65.3002
420.0261,161.4508,31.0368,65.9532
420.0261,161.4508,31.0368,65.9532
420.0261,161.4508,31.0368,65.9532
423.7311,160.9562,31.5023,66.9425
423.7311,160.9562,31.5023,66.9425
423.8099,161.1235,31.3448,66.6078
423.5748,160.6240,31.8150,67.6069
427.5517,160.6240,31.8150,67.6069
427.7903,161.1310,31.3378,66.5928
427.8686,161.2975,31.1811,66.2598
427.6348,160.8006,31.6488,67.2537
431.6502,160.9687,31.4906,66.9175
431.8864,161.4706,31.0182,65.9137
431.8864,161.4706,31.0182,65.9137
431.8864,161.4706,31.0182,65.9137
431.6538,160.9762,31.4835,66.9024
431.4963,160.6417,31.7983,67.5714
435.5904,160.9796,31.4803,66.8957
435.8265,161.4813,31.0081,65.8923
435.8265,161.4813,31.0081,65.8923
435.5939,160.9871,31.4732,66.8807
435.8300,161.4887,31.0012,65.8774
439.5307,160.9946,31.4662,66.8656
439.7667,161.4961,30.9942,65.8626
439.7667,161.4961,30.9942,65.8626
439.6118,161.1668,31.3041,66.5212
439.5335,161.0005,31.4606,66.8539
439.7694,161.5019,30.9887,65.8511
439.6145,161.1726,31.2986,66.5096
439.6145,161.1726,31.2986,66.5096
439.6927,161.3389,31.1421,66.1770
443.5855,161.3389,31.1421,66.1770
443.6634,161.5043,30.9864,65.8461
443.8958,161.9982,30.5216,64.8584
444.0484,162.3225,30.2164,64.2099
444.0484,162.3225,30.2164,64.2099
444.0484,162.3225,30.2164,64.2099
447.9388,162.6435,29.9142,63.5678
447.7892,162.3257,30.2134,64.2034
447.7892,162.3257,30.2134,64.2034
447.9402,162.6467,29.9112,63.5614
447.7907,162.3289,30.2104,64.1970
451.5103,162.1684,30.3614,64.5180
451.3585,161.8458,30.6650,65.1632
451.3585,161.8458,30.6650,65.1632
451.3585,161.8458,30.6650,65.1632
451.3585,161.8458,30.6650,65.1632
451.5885,162.3345,30.2050,64.1857
455.4774,162.6555,29.9030,63.5439
455.2531,162.1789,30.3515,64.4970
455.4049,162.5014,30.0480,63.8521
455.1795,165.8348,30.4987,64.8098
455.1033,165.6728,30.6512,65.1339
458.7623,165.1843,31.1110,66.1109
458.5290,164.6885,31.5777,67.1026
458.4500,164.5207,31.7356,67.4381
458.2120,164.0149,32.2116,68.4496
458.4536,164.5283,31.7284,67.4229
458.4536,164.5283,31.7284,67.4229
458.4536,164.5283,31.7284,67.4229
462.4196,164.5283,31.7284,67.4229
462.4196,164.5283,31.7284,67.4229
462.4196,164.5283,31.7284,67.4229
462.5783,164.8654,31.4111,66.7487
462.4998,164.6986,31.5682,67.0824
462.5787,164.8663,31.4104,66.7470
466.5050,164.8663,31.4104,66.7470
466.6620,165.2000,31.0963,66.0795
466.6620,165.2000,31.0963,66.0795
466.6620,165.2000,31.0963,66.0795
466.5065,164.8696,31.4072,66.7403
470.4913,165.0365,31.2502,66.4066
470.4913,165.0365,31.2502,66.4066
470.5695,165.2025,31.0939,66.0746
470.5695,165.2025,31.0939,66.0746
470.7249,165.5328,30.7830,65.4138
470.8788,165.8599,30.4752,64.7597
474.7454,166.0218,30.3228,64.4359
474.7454,166.0218,30.3228,64.4359
474.7454,166.0218,30.3228,64.4359
474.5179,165.5385,30.7776,65.4025
478.4806,165.8656,30.4698,64.7484
478.4806,165.8656,30.4698,64.7484
478.7091,166.3512,30.0128,63.7772
478.8592,166.6700,29.7127,63.1394
478.7849,166.5122,29.8612,63.4551
482.5735,166.6708,29.7119,63.1378
482.7964,167.1444,29.2662,62.1908
482.8695,167.2999,29.1199,61.8798
482.8695,167.2999,29.1199,61.8798
482.8695,167.2999,29.1199,61.8798
486.6733,167.7639,28.6831,60.9516
486.6016,167.6116,28.8265,61.2564
486.6016,167.6116,28.8265,61.2564
486.6016,167.6116,28.8265,61.2564
490.1509,167.4584,28.9707,61.5627
490.3681,167.9202,28.5361,60.6392
490.5108,168.2233,28.2507,60.0328
493.9362,167.9232,28.5333,60.6332
494.0076,168.0748,28.3906,60.3300
494.0076,168.0748,28.3906,60.3300
494.0786,168.2256,28.2486,60.0283
497.7685,168.6758,27.8249,59.1279
497.8381,168.8236,27.6858,58.8323
497.8381,168.8236,27.6858,58.8323
497.8381,168.8236,27.6858,58.8323
497.9765,169.1178,27.4089,58.2440
501.4026,169.1178,27.4089,58.2440
501.5397,169.4090,27.1348,57.6615
501.4040,169.1207,27.4062,58.2381
501.5410,169.4119,27.1321,57.6558
505.0343,169.7002,26.8608,57.0792
505.1014,169.8429,26.7265,56.7938
505.1014,169.8429,26.7265,56.7938
508.3922,169.7009,26.8601,57.0778
508.2578,169.4155,27.1287,57.6485
508.4613,169.8479,26.7218,56.7838
511.6512,169.4220,27.1226,57.6356
511.5156,169.1338,27.3939,58.2119
511.3102,172.1728,27.8048,59.0851
511.1016,171.7297,28.2218,59.9714
514.4706,171.2799,28.6452,60.8710
514.2557,170.8233,29.0748,61.7840
514.1830,170.6689,29.2202,62.0929
514.1100,170.5137,29.3663,62.4034
517.7808,170.5137,29.3663,62.4034
517.7808,170.5137,29.3663,62.4034
517.5605,170.0456,29.8068,63.3395
517.5605,170.0456,29.8068,63.3395
521.4541,170.5207,29.3597,62.3894
521.3073,170.2087,29.6533,63.0133
521.5297,170.6813,29.2085,62.0681
525.1807,170.6813,29.2085,62.0681
525.3998,171.1468,28.7704,61.1370
525.1840,170.6883,29.2019,62.0541
525.3300,170.9986,28.9099,61.4336
528.9980,171.1522,28.7654,61.1264
529.0699,171.3050,28.6215,60.8208
528.8552,170.8488,29.0509,61.7331
529.0005,171.1575,28.7603,61.1157
528.7848,170.6991,29.1918,62.0325
532.4338,170.6991,29.1918,62.0325
532.6527,171.1644,28.7539,61.1020
532.7964,171.4699,28.4663,60.4910
532.6541,171.1674,28.7510,61.0959
536.2480,171.1674,28.7510,61.0959
536.4636,171.6256,28.3197,60.1794
536.3928,171.4752,28.4613,60.4803
536.3928,171.4752,28.4613,60.4803
540.0038,171.6264,28.3190,60.1779
539.7915,171.1750,28.7438,61.0806
539.7915,171.1750,28.7438,61.0806
539.9352,171.4805,28.4564,60.4698
539.9352,171.4805,28.4564,60.4698
543.6523,171.9340,28.0295,59.5627
543.8625,172.3807,27.6091,58.6693
543.8625,172.3807,27.6091,58.6693
547.3137,172.3807,27.6091,58.6693
547.1756,172.0874,27.8852,59.2560
547.1059,171.9392,28.0246,59.5523
547.0358,171.7903,28.1647,59.8500
550.6620,172.0896,27.8831,59.2515
550.8015,172.3858,27.6042,58.6590
550.8015,172.3858,27.6042,58.6590
550.8705,172.5325,27.4662,58.3657
554.3038,172.5325,27.4662,58.3657
554.0978,172.0947,27.8782,59.2412
554.0281,171.9466,28.0176,59.5374
554.0281,171.9466,28.0176,59.5374
557.3727,175.0549,28.4379,60.4305
557.2305,174.7527,28.7223,61.0348
557.0151,174.2949,29.1531,61.9503
556.9422,174.1401,29.2989,62.2601
556.9422,174.1401,29.2989,62.2601
560.6046,174.1401,29.2989,62.2601
560.6046,174.1401,29.2989,62.2601
560.6046,174.1401,29.2989,62.2601
564.1021,173.6731,29.7383,63.1940
564.1021,173.6731,29.7383,63.1940
564.3251,174.1471,29.2923,62.2461
564.5448,174.6139,28.8529,61.3124
564.4727,174.4606,28.9971,61.6189
568.2061,174.7687,28.7072,61.0027
568.2778,174.9212,28.5636,60.6977
568.2778,174.9212,28.5636,60.6977
568.2778,174.9212,28.5636,60.6977
571.9019,175.0730,28.4208,60.3942
571.6887,174.6200,28.8471,61.3001
571.4724,174.1603,29.2798,62.2197
571.6187,174.4714,28.9870,61.5975
571.4013,174.0094,29.4218,62.5214
575.1894,174.3220,29.1276,61.8962
575.3350,174.6315,28.8363,61.2772
575.3350,174.6315,28.8363,61.2772
575.3350,174.6315,28.8363,61.2772
578.9396,174.6315,28.8363,61.2772
579.1558,175.0910,28.4038,60.3581
579.0848,174.9402,28.5458,60.6599
579.0848,174.9402,28.5458,60.6599
579.1562,175.0918,28.4031,60.3566
582.7066,175.0918,28.4031,60.3566
582.5646,174.7900,28.6871,60.9601
582.7080,175.0948,28.4003,60.3505
582.7080,175.0948,28.4003,60.3505
582.9210,175.5475,27.9742,59.4453
586.5751,175.9933,27.5546,58.5536
586.5063,175.8469,27.6924,58.8464
586.5063,175.8469,27.6924,58.8464
586.5063,175.8469,27.6924,58.8464
589.9159,175.6998,27.8309,59.1406
589.8463,175.5519,27.9700,59.4363
589.9163,175.7005,27.8302,59.1391
593.5516,176.1441,27.4127,58.2520
593.4145,175.8528,27.6868,58.8346
593.2761,175.5586,27.9637,59.4229
593.3459,175.7072,27.8239,59.1258
596.8761,175.8550,27.6848,58.8302
597.0145,176.1492,27.4079,58.2419
597.0145,176.1492,27.4079,58.2419
596.8775,175.8580,27.6820,58.8243
596.8083,175.7109,27.8204,59.1184
600.2858,175.7109,27.8204,59.1184
600.4945,176.1543,27.4031,58.2316
600.6315,176.4454,27.1291,57.6493
600.5637,176.3013,27.2647,57.9375
603.8184,175.8668,27.6737,58.8066
603.8876,176.0138,27.5353,58.5126
603.7499,175.7212,27.8107,59.0977
603.7499,175.7212,27.8107,59.0977
607.3306,176.0167,27.5326,58.5067
607.4682,176.3093,27.2573,57.9217
607.4682,176.3093,27.2573,57.9217
610.9265,176.4541,27.1210,57.6320
611.0621,176.7422,26.8498,57.0557
611.0621,176.7422,26.8498,57.0557
611.0621,176.7422,26.8498,57.0557
614.2673,176.3143,27.2525,57.9116
614.2673,176.3143,27.2525,57.9116
614.2673,176.3143,27.2525,57.9116
617.6227,176.1695,27.3888,58.2011
617.6227,176.1695,27.3888,58.2011
617.5543,176.0240,27.5257,58.4921
620.9950,176.0240,27.5257,58.4921
621.1326,176.3165,27.2505,57.9072
621.1326,176.3165,27.2505,57.9072
620.9963,176.0269,27.5230,58.4863
624.5399,176.3194,27.2477,57.9014
624.5399,176.3194,27.2477,57.9014
624.5399,176.3194,27.2477,57.9014
624.7443,176.7536,26.8390,57.0329
627.9985,176.4685,27.1074,57.6032
628.1341,176.7565,26.8363,57.0272
628.2012,176.8991,26.7021,56.7421
628.2012,176.8991,26.7021,56.7421
628.2679,177.0409,26.5686,56.4583
631.7385,177.4644,26.1701,55.6115
631.6730,177.3253,26.3010,55.8895
631.7388,177.4651,26.1695,55.6101
631.7388,177.4651,26.1695,55.6101
634.8627,177.0480,26.5620,56.4442
634.7299,180.1192,26.8276,57.0087
634.5287,179.6916,27.2300,57.8638
634.5287,179.6916,27.2300,57.8638
634.5287,179.6916,27.2300,57.8638
637.7793,179.2577,27.6385,58.7318
637.7102,179.1108,27.7767,59.0254
637.7102,179.1108,27.7767,59.0254
641.2344,179.2584,27.6378,58.7303
641.0962,178.9647,27.9142,59.3176
641.0264,178.8165,28.0537,59.6142
641.0966,178.9655,27.9135,59.3161
644.5334,178.8172,28.0530,59.6127
644.6736,179.1153,27.7725,59.0166
644.6736,179.1153,27.7725,59.0166
644.7431,179.2628,27.6336,58.7215
648.1454,179.1160,27.7718,59.0151
648.3538,179.5586,27.3552,58.1299
648.4905,179.8493,27.0817,57.5486
648.4229,179.7054,27.2171,57.8363
648.4909,179.8500,27.0810,57.5471
651.8760,179.8500,27.0810,57.5471
651.6729,179.4184,27.4872,58.4103
651.6042,179.2724,27.6247,58.7024
651.6732,179.4191,27.4865,58.4089
651.6732,179.4191,27.4865,58.4089
655.0575,179.2731,27.6240,58.7009
655.2647,179.7133,27.2096,57.8204
655.2647,179.7133,27.2096,57.8204
655.2647,179.7133,27.2096,57.8204
655.2647,179.7133,27.2096,57.8204
658.6659,179.7133,27.2096,57.8204
658.4619,179.2797,27.6177,58.6877
658.5309,179.4264,27.4797,58.3943
658.5309,179.4264,27.4797,58.3943
662.0688,179.7184,27.2049,57.8103
662.2049,180.0074,26.9328,57.2322
662.2049,180.0074,26.9328,57.2322
662.2049,180.0074,26.9328,57.2322
662.1376,179.8643,27.0675,57.5184
665.5718,180.0081,26.9321,57.2308
665.4371,179.7220,27.2015,57.8031
665.5051,179.8665,27.0655,57.5141
668.8883,179.8665,27.0655,57.5141
669.0912,180.2979,26.6595,56.6514
668.8913,179.8730,27.0594,57.5011
668.6884,179.4417,27.4653,58.3637
668.6884,179.4417,27.4653,58.3637
672.1215,179.4417,27.4653,58.3637
672.1902,179.5876,27.3279,58.0718
672.3951,180.0232,26.9180,57.2008
672.3951,180.0232,26.9180,57.2008
675.7599,180.0232,26.9180,57.2008
675.5580,179.5941,27.3218,58.0588
675.5580,179.5941,27.3218,58.0588
675.6946,179.8844,27.0486,57.4782
675.6946,179.8844,27.0486,57.4782
679.0757,179.8844,27.0486,57.4782
679.2786,180.3155,26.6428,56.6160
679.1453,180.0325,26.9093,57.1822
679.2799,180.3184,26.6402,56.6104
679.2799,180.3184,26.6402,56.6104
682.7598,180.7429,26.2406,55.7612
682.7598,180.7429,26.2406,55.7612
682.7598,180.7429,26.2406,55.7612
682.8910,181.0217,25.9782,55.2036
686.0895,180.8837,26.1081,55.4796
685.8937,180.4676,26.4997,56.3118
