1
547.5000,234.0000,41.0000,82.0000
544.0000,235.0000,41.0000,82.0000
541.5000,236.0000,41.0000,82.0000
538.0000,237.0000,41.0000,82.0000
534.5000,237.0000,41.0000,82.0000
532.0000,238.0000,41.0000,82.0000
528.5000,239.0000,41.0000,82.0000
526.0000,240.0000,41.0000,82.0000
523.5000,240.0000,41.0000,82.0000
521.0000,241.0000,41.0000,82.0000
518.5000,241.0000,41.0000,82.0000
516.0000,241.0000,41.0000,82.0000
514.5000,242.0000,41.0000,82.0000
513.0000,242.0000,41.0000,82.0000
512.5000,242.0000,41.0000,82.0000
512.0000,242.0000,41.0000,82.0000
512.5000,242.0000,41.0000,82.0000
513.0000,241.0000,41.0000,82.0000
514.5000,241.0000,41.0000,82.0000
516.0000,241.0000,41.0000,82.0000
517.5000,240.0000,41.0000,82.0000
520.0000,239.0000,41.0000,82.0000
523.5000,239.0000,41.0000,82.0000
527.0000,238.0000,41.0000,82.0000
530.5000,238.0000,41.0000,82.0000
534.0000,237.0000,41.0000,82.0000
538.5000,236.0000,41.0000,82.0000
542.0000,235.0000,41.0000,82.0000
546.5000,235.0000,41.0000,82.0000
550.0000,234.0000,41.0000,82.0000
554.5000,233.0000,41.0000,82.0000
558.0000,232.0000,41.0000,82.0000
562.5000,232.0000,41.0000,82.0000
566.0000,231.0000,41.0000,82.0000
569.5000,230.0000,41.0000,82.0000
573.0000,230.0000,41.0000,82.0000
575.5000,229.0000,41.0000,82.0000
578.0000,228.0000,41.0000,82.0000
580.5000,228.0000,41.0000,82.0000
583.0000,227.0000,41.0000,82.0000
585.5000,227.0000,41.0000,82.0000
587.0000,226.0000,41.0000,82.0000
588.5000,226.0000,41.0000,82.0000
589.0000,226.0000,41.0000,82.0000
589.5000,225.0000,41.0000,82.0000
590.0000,225.0000,41.0000,82.0000
590.5000,224.0000,41.0000,82.0000
590.0000,224.0000,41.0000,82.0000
589.5000,224.0000,41.0000,82.0000
588.0000,223.0000,41.0000,82.0000
586.5000,223.0000,41.0000,82.0000
585.0000,223.0000,41.0000,82.0000
583.5000,222.0000,41.0000,82.0000
581.0000,222.0000,41.0000,82.0000
579.5000,222.0000,41.0000,82.0000
578.0000,221.0000,41.0000,82.0000
576.5000,221.0000,41.0000,82.0000
575.0000,221.0000,41.0000,82.0000
573.5000,220.0000,41.0000,82.0000
572.0000,220.0000,41.0000,82.0000
570.5000,220.0000,41.0000,82.0000
569.0000,219.0000,41.0000,82.0000
567.5000,219.0000,41.0000,82.0000
565.0000,219.0000,41.0000,82.0000
562.5000,218.0000,41.0000,82.0000
561.0000,218.0000,41.0000,82.0000
558.5000,217.0000,41.0000,82.0000
557.0000,217.0000,41.0000,82.0000
554.5000,216.0000,41.0000,82.0000
553.0000,216.0000,41.0000,82.0000
550.5000,215.0000,41.0000,82.0000
549.0000,215.0000,41.0000,82.0000
546.5000,214.0000,41.0000,82.0000
545.0000,214.0000,41.0000,82.0000
543.5000,213.0000,41.0000,82.0000
541.0000,213.0000,41.0000,82.0000
539.5000,212.0000,41.0000,82.0000
538.0000,211.0000,41.0000,82.0000
536.5000,211.0000,41.0000,82.0000
535.0000,210.0000,41.0000,82.0000
533.5000,209.0000,41.0000,82.0000
531.0000,209.0000,41.0000,82.0000
529.5000,208.0000,41.0000,82.0000
528.0000,207.0000,41.0000,82.0000
525.5000,206.0000,41.0000,82.0000
524.0000,205.0000,41.0000,82.0000
521.5000,204.0000,41.0000,82.0000
520.0000,203.0000,41.0000,82.0000
518.5000,202.0000,41.0000,82.0000
517.0000,201.0000,41.0000,82.0000
514.5000,200.0000,41.0000,82.0000
513.0000,199.0000,41.0000,82.0000
511.5000,198.0000,41.0000,82.0000
510.0000,197.0000,41.0000,82.0000
509.5000,196.0000,41.0000,82.0000
508.0000,194.0000,41.0000,82.0000
506.5000,193.0000,41.0000,82.0000
506.0000,192.0000,41.0000,82.0000
504.5000,191.0000,41.0000,82.0000
504.0000,189.0000,41.0000,82.0000
503.5000,188.0000,41.0000,82.0000
502.0000,187.0000,41.0000,82.0000
501.5000,185.0000,41.0000,82.0000
501.0000,184.0000,41.0000,82.0000
499.5000,183.0000,41.0000,82.0000
499.0000,182.0000,41.0000,82.0000
498.5000,180.0000,41.0000,82.0000
498.0000,179.0000,41.0000,82.0000
497.5000,178.0000,41.0000,82.0000
497.0000,177.0000,41.0000,82.0000
496.5000,175.0000,41.0000,82.0000
497.0000,174.0000,41.0000,82.0000
496.5000,173.0000,41.0000,82.0000
497.0000,171.0000,41.0000,82.0000
497.5000,170.0000,41.0000,82.0000
498.0000,169.0000,41.0000,82.0000
499.5000,167.0000,41.0000,82.0000
501.0000,166.0000,41.0000,82.0000
502.5000,164.0000,41.0000,82.0000
504.0000,163.0000,41.0000,82.0000
505.5000,162.0000,41.0000,82.0000
507.0000,160.0000,41.0000,82.0000
508.5000,159.0000,41.0000,82.0000
510.0000,158.0000,41.0000,82.0000
510.5000,157.0000,41.0000,82.0000
512.0000,156.0000,41.0000,82.0000
513.5000,155.0000,41.0000,82.0000
514.0000,154.0000,41.0000,82.0000
515.5000,153.0000,41.0000,82.0000
516.0000,152.0000,41.0000,82.0000
517.5000,151.0000,41.0000,82.0000
518.0000,150.0000,41.0000,82.0000
519.5000,149.0000,41.0000,82.0000
520.0000,148.0000,41.0000,82.0000
521.5000,148.0000,41.0000,82.0000
522.0000,147.0000,41.0000,82.0000
522.5000,146.0000,41.0000,82.0000
524.0000,146.0000,41.0000,82.0000
524.5000,145.0000,41.0000,82.0000
525.0000,144.0000,41.0000,82.0000
525.5000,144.0000,41.0000,82.0000
527.0000,143.0000,41.0000,82.0000
527.5000,143.0000,41.0000,82.0000
528.0000,142.0000,41.0000,82.0000
528.5000,142.0000,41.0000,82.0000
528.0000,141.0000,41.0000,82.0000
528.5000,141.0000,41.0000,82.0000
528.0000,140.0000,41.0000,82.0000
528.5000,140.0000,41.0000,82.0000
528.0000,139.0000,41.0000,82.0000
527.5000,139.0000,41.0000,82.0000
528.0000,139.0000,41.0000,82.0000
527.5000,138.0000,41.0000,82.0000
527.0000,138.0000,41.0000,82.0000
526.5000,138.0000,41.0000,82.0000
526.0000,137.0000,41.0000,82.0000
526.5000,137.0000,41.0000,82.0000
526.0000,137.0000,41.0000,82.0000
525.5000,137.0000,41.0000,82.0000
526.0000,137.0000,41.0000,82.0000
526.5000,136.0000,41.0000,82.0000
526.0000,136.0000,41.0000,82.0000
526.5000,136.0000,41.0000,82.0000
527.0000,136.0000,41.0000,82.0000
528.5000,136.0000,41.0000,82.0000
529.0000,136.0000,41.0000,82.0000
530.5000,136.0000,41.0000,82.0000
531.0000,136.0000,41.0000,82.0000
532.5000,136.0000,41.0000,82.0000
533.0000,136.0000,41.0000,82.0000
534.5000,136.0000,41.0000,82.0000
535.0000,136.0000,41.0000,82.0000
536.5000,136.0000,41.0000,82.0000
537.0000,136.0000,41.0000,82.0000
537.5000,136.0000,41.0000,82.0000
538.0000,136.0000,41.0000,82.0000
537.5000,136.0000,41.0000,82.0000
537.0000,136.0000,41.0000,82.0000
535.5000,136.0000,41.0000,82.0000
535.0000,137.0000,41.0000,82.0000
534.5000,137.0000,41.0000,82.0000
534.0000,137.0000,41.0000,82.0000
533.5000,138.0000,41.0000,82.0000
533.0000,138.0000,41.0000,82.0000
533.5000,138.0000,41.0000,82.0000
532.0000,139.0000,41.0000,82.0000
531.5000,139.0000,41.0000,82.0000
531.0000,140.0000,41.0000,82.0000
530.5000,140.0000,41.0000,82.0000
529.0000,140.0000,41.0000,82.0000
528.5000,141.0000,41.0000,82.0000
528.0000,141.0000,41.0000,82.0000
526.5000,142.0000,41.0000,82.0000
526.0000,142.0000,41.0000,82.0000
524.5000,143.0000,41.0000,82.0000
524.0000,143.0000,41.0000,82.0000
522.5000,144.0000,41.0000,82.0000
522.0000,144.0000,41.0000,82.0000
521.5000,145.0000,41.0000,82.0000
521.0000,145.0000,41.0000,82.0000
520.5000,146.0000,41.0000,82.0000
520.0000,146.0000,41.0000,82.0000
519.5000,147.0000,41.0000,82.0000
520.0000,147.0000,41.0000,82.0000
520.5000,147.0000,41.0000,82.0000
520.0000,147.0000,41.0000,82.0000
520.5000,147.0000,41.0000,82.0000
521.0000,147.0000,41.0000,82.0000
521.5000,147.0000,41.0000,82.0000
523.0000,146.0000,41.0000,82.0000
523.5000,145.0000,41.0000,82.0000
525.0000,144.0000,41.0000,82.0000
526.5000,143.0000,41.0000,82.0000
529.0000,142.0000,41.0000,82.0000
530.5000,141.0000,41.0000,82.0000
533.0000,140.0000,41.0000,82.0000
535.5000,139.0000,41.0000,82.0000
538.0000,138.0000,41.0000,82.0000
540.5000,138.0000,41.0000,82.0000
543.0000,137.0000,41.0000,82.0000
546.5000,137.0000,41.0000,82.0000
549.0000,138.0000,41.0000,82.0000
552.5000,138.0000,41.0000,82.0000
555.0000,138.0000,41.0000,82.0000
558.5000,139.0000,41.0000,82.0000
562.0000,139.0000,41.0000,82.0000
564.5000,140.0000,41.0000,82.0000
568.0000,140.0000,41.0000,82.0000
570.5000,141.0000,41.0000,82.0000
573.0000,141.0000,41.0000,82.0000
575.5000,142.0000,41.0000,82.0000
578.0000,142.0000,41.0000,82.0000
580.5000,143.0000,41.0000,82.0000
583.0000,144.0000,41.0000,82.0000
584.5000,144.0000,41.0000,82.0000
585.0000,145.0000,41.0000,82.0000
585.5000,146.0000,41.0000,82.0000
585.0000,147.0000,41.0000,82.0000
584.5000,148.0000,41.0000,82.0000
583.0000,149.0000,41.0000,82.0000
582.5000,150.0000,41.0000,82.0000
583.0000,151.0000,41.0000,82.0000
583.5000,152.0000,41.0000,82.0000
584.0000,153.0000,41.0000,82.0000
585.5000,154.0000,41.0000,82.0000
587.0000,155.0000,41.0000,82.0000
588.5000,156.0000,41.0000,82.0000
589.0000,158.0000,41.0000,82.0000
590.5000,159.0000,41.0000,82.0000
592.0000,160.0000,41.0000,82.0000
594.5000,161.0000,41.0000,82.0000
596.0000,163.0000,41.0000,82.0000
597.5000,164.0000,41.0000,82.0000
600.0000,166.0000,41.0000,82.0000
601.5000,168.0000,41.0000,82.0000
604.0000,169.0000,41.0000,82.0000
605.5000,171.0000,41.0000,82.0000
608.0000,173.0000,41.0000,82.0000
609.5000,175.0000,41.0000,82.0000
612.0000,177.0000,41.0000,82.0000
614.5000,179.0000,41.0000,82.0000
616.0000,181.0000,41.0000,82.0000
618.5000,183.0000,41.0000,82.0000
621.0000,185.0000,41.0000,82.0000
623.5000,187.0000,41.0000,82.0000
626.0000,189.0000,41.0000,82.0000
628.5000,191.0000,41.0000,82.0000
631.0000,193.0000,41.0000,82.0000
633.5000,195.0000,41.0000,82.0000
637.0000,197.0000,41.0000,82.0000
639.5000,199.0000,41.0000,82.0000
642.0000,201.0000,41.0000,82.0000
645.5000,203.0000,41.0000,82.0000
648.0000,206.0000,41.0000,82.0000
651.5000,208.0000,41.0000,82.0000
654.0000,211.0000,41.0000,82.0000
657.5000,213.0000,41.0000,82.0000
661.0000,215.0000,41.0000,82.0000
663.5000,218.0000,41.0000,82.0000
666.0000,221.0000,41.0000,82.0000
669.5000,223.0000,41.0000,82.0000
672.0000,226.0000,41.0000,82.0000
674.5000,229.0000,41.0000,82.0000
678.0000,232.0000,41.0000,82.0000
680.5000,235.0000,41.0000,82.0000
684.0000,238.0000,41.0000,82.0000
686.5000,241.0000,41.0000,82.0000
690.0000,245.0000,41.0000,82.0000
692.5000,248.0000,41.0000,82.0000
696.0000,251.0000,41.0000,82.0000
698.5000,255.0000,41.0000,82.0000
702.0000,258.0000,41.0000,82.0000
704.5000,262.0000,41.0000,82.0000
708.0000,265.0000,41.0000,82.0000
709.5000,269.0000,41.0000,82.0000
711.0000,272.0000,41.0000,82.0000
712.5000,275.0000,41.0000,82.0000
713.0000,279.0000,41.0000,82.0000
713.5000,282.0000,41.0000,82.0000
714.0000,285.0000,41.0000,82.0000
715.5000,288.0000,41.0000,82.0000
717.0000,291.0000,41.0000,82.0000
718.5000,294.0000,41.0000,82.0000
721.0000,296.0000,41.0000,82.0000
722.5000,299.0000,41.0000,82.0000
725.0000,302.0000,41.0000,82.0000
727.5000,304.0000,41.0000,82.0000
730.0000,307.0000,41.0000,82.0000
732.5000,309.0000,41.0000,82.0000
735.0000,312.0000,41.0000,82.0000
737.5000,314.0000,41.0000,82.0000
740.0000,316.0000,41.0000,82.0000
742.5000,318.0000,41.0000,82.0000
745.0000,320.0000,41.0000,82.0000
747.5000,322.0000,41.0000,82.0000
750.0000,324.0000,41.0000,82.0000
752.5000,326.0000,41.0000,82.0000
755.0000,328.0000,41.0000,82.0000
756.5000,330.0000,41.0000,82.0000
759.0000,331.0000,41.0000,82.0000
760.5000,333.0000,41.0000,82.0000
762.0000,335.0000,41.0000,82.0000
762.5000,337.0000,41.0000,82.0000
764.0000,339.0000,41.0000,82.0000
764.5000,341.0000,41.0000,82.0000
765.0000,343.0000,41.0000,82.0000
765.5000,343.0000,41.0000,82.0000
766.0000,344.0000,41.0000,82.0000
767.5000,346.0000,41.0000,82.0000
768.0000,347.0000,41.0000,82.0000
768.5000,348.0000,41.0000,82.0000
768.0000,349.0000,41.0000,82.0000
766.5000,350.0000,41.0000,82.0000
765.0000,351.0000,41.0000,82.0000
763.5000,351.0000,41.0000,82.0000
763.0000,352.0000,41.0000,82.0000
762.5000,353.0000,41.0000,82.0000
760.0000,354.0000,41.0000,82.0000
758.5000,354.0000,41.0000,82.0000
756.0000,355.0000,41.0000,82.0000
753.5000,356.0000,41.0000,82.0000
751.0000,356.0000,41.0000,82.0000
748.5000,356.0000,41.0000,82.0000
747.0000,355.0000,41.0000,82.0000
745.5000,354.0000,41.0000,82.0000
744.0000,353.0000,41.0000,82.0000
742.5000,352.0000,41.0000,82.0000
742.0000,352.0000,41.0000,82.0000
741.5000,352.0000,41.0000,82.0000
741.0000,351.0000,41.0000,82.0000
741.5000,349.0000,41.0000,82.0000
742.0000,348.0000,41.0000,82.0000
741.5000,346.0000,41.0000,82.0000
742.0000,344.0000,41.0000,82.0000
742.5000,342.0000,41.0000,82.0000
744.0000,340.0000,41.0000,82.0000
744.5000,338.0000,41.0000,82.0000
746.0000,337.0000,41.0000,82.0000
747.5000,336.0000,41.0000,82.0000
749.0000,336.0000,41.0000,82.0000
751.5000,336.0000,41.0000,82.0000
754.0000,336.0000,41.0000,82.0000
757.5000,335.0000,41.0000,82.0000
762.0000,335.0000,41.0000,82.0000
766.5000,335.0000,41.0000,82.0000
772.0000,335.0000,41.0000,82.0000
774.5000,335.0000,41.0000,82.0000
775.0000,338.0000,41.0000,82.0000
775.5000,357.0000,41.0000,82.0000
782.0000,356.0000,41.0000,82.0000
2
0
0
0
0
0
2
0
0
0
0
0
2
0
0
0
0
0
2
0
0
0
0
0
2
0
0
0
0
0
2
0
0
0
0
0
2
0
0
0
0
0
2
0
0
0
0
0
2
0
0
0
0
0
2
0
0
0
0
0
2
0
0
0
0
0
2
0
0
0
0
0
2
0
0
0
0
0
2
0
0
0
0
0
2
0
0
0
0
0
2
0
0
0
0
0
2
0
0
0
0
0
2
0
0
0
0
0
2
0
0
0
0
0
2
0
0
0
0
0
2
0
0
0
0
0
2
0
0
0
0
0
2
0
0
0
0
0
2
0
0
0
0
0
2
0
0
0
0
0
2
0
0
0
0
0
2
0
0
0
0
0
2
0
0
0
0
0
2
0
0
0
0
0
2
0
0
0
0
0
2
0
0
0
0
0
2
0
0
0
0
0
2
0
0
0
0
0
2
0
0
0
0
0
2
0
0
0
0
0
2
0
0
0
0
0
2
0
0
0
0
0
2
0
0
0
0
0
2
0
0
0
0
0
2
0
0
0
0
0
2
0
0
0
0
0
2
0
0
0
0
0
2
0
0
0
0
0
2
0
0
0
0
0
2
0
0
0
0
0
2
0
0
0
0
0
2
0
0
0
0
0
2
0
0
0
0
0
2
0
0
0
0
0
2
0
0
0
0
0
2
0
0
0
0
0
2
0
0
0
0
0
2
0
0
0
0
0
2
0
0
0
0
0
2
0
0
0
0
0
2
0
0
0
0
0
2
0
0
0
0
0
2
0
0
0
0
0
2
0
