1
385.0000,271.0000,11.0000,13.0000
386.0000,272.0000,11.0000,13.0000
386.0000,272.0000,11.0000,13.0000
386.0000,272.0000,11.0000,13.0000
387.0000,272.0000,11.0000,13.0000
387.0000,272.0000,11.0000,13.0000
388.0000,272.0000,11.0000,13.0000
388.0000,271.0000,11.0000,13.0000
389.0000,272.0000,11.0000,13.0000
391.0000,272.0000,11.0000,13.0000
392.0000,271.0000,11.0000,13.0000
392.0000,271.0000,11.0000,13.0000
393.0000,271.0000,11.0000,13.0000
393.0000,271.0000,11.0000,13.0000
395.0000,270.0000,11.0000,13.0000
398.0000,269.0000,11.0000,13.0000
396.0000,270.0000,11.0000,13.0000
397.0000,270.0000,11.0000,13.0000
396.0000,270.0000,11.0000,13.0000
396.0000,270.0000,11.0000,13.0000
397.0000,270.0000,11.0000,13.0000
397.0000,270.0000,11.0000,13.0000
397.0000,270.0000,11.0000,13.0000
398.0000,270.0000,11.0000,13.0000
398.0000,269.0000,11.0000,13.0000
398.0000,269.0000,11.0000,13.0000
398.0000,267.0000,11.0000,13.0000
398.0000,268.0000,11.0000,13.0000
398.0000,268.0000,11.0000,13.0000
399.0000,268.0000,11.0000,13.0000
399.0000,268.0000,11.0000,13.0000
399.0000,268.0000,11.0000,13.0000
397.0000,269.0000,11.0000,13.0000
396.0000,269.0000,11.0000,13.0000
396.0000,268.0000,11.0000,13.0000
396.0000,268.0000,11.0000,13.0000
396.0000,269.0000,11.0000,13.0000
2
0
0
0
0
0
2
0
0
0
0
0
2
0
0
0
0
0
2
0
0
0
0
0
2
0
0
0
0
0
2
0
0
0
0
0
2
0
0
0
0
0
2
0
0
0
0
0
2
0
0
0
0
0
2
0
0
0
0
0
2
0
0
0
0
0
2
0
0
0
0
0
2
0
0
0
0
0
2
0
0
0
0
0
2
0
0
0
0
0
2
0
0
0
0
0
2
0
0
0
0
0
2
0
0
0
0
0
2
0
0
0
0
0
2
0
0
0
0
0
2
0
0
0
0
0
2
0
0
0
0
0
2
0
0
0
0
0
2
0
0
0
0
0
2
0
0
0
0
0
2
0
0
0
0
0
2
0
0
0
0
0
2
0
0
0
0
0
2
0
0
0
0
0
2
0
0
0
0
0
2
0
0
0
0
0
2
0
0
0
0
0
2
0
0
0
0
0
2
0
0
0
0
0
2
0
0
0
0
0
2
0
0
0
0
0
2
0
0
0
0
0
2
0
0
0
0
0
2
0
0
0
0
0
2
0
0
0
0
0
2
0
0
0
0
0
2
0
0
0
0
0
2
0
0
0
0
0
2
0
0
0
0
0
2
0
0
0
0
0
2
0
0
0
0
0
2
0
0
0
0
0
2
0
0
0
0
0
2
0
0
0
0
0
2
0
0
0
0
0
2
0
0
0
0
0
2
0
0
0
0
0
2
0
0
0
0
0
2
0
0
0
0
0
2
0
0
0
0
0
2
0
0
0
0
0
2
0
0
0
0
0
2
0
0
0
0
0
2
0
0
0
0
0
2
0
0
0
0
0
2
0
0
0
0
0
2
0
0
0
0
0
2
0
0
0
0
0
2
0
0
0
0
0
2
0
0
0
0
0
2
0
0
0
0
0
2
0
0
0
0
0
2
0
0
0
0
0
2
0
0
0
0
0
2
0
0
0
0
0
2
0
0
0
0
0
2
0
0
0
0
0
2
0
0
0
0
0
2
0
0
0
0
0
2
0
0
0
0
0
2
0
0
0
0
0
2
0
0
0
0
0
2
0
0
0
0
0
2
0
0
0
0
0
2
0
0
0
0
0
2
0
0
0
0
0
2
0
0
0
0
0
2
0
0
0
0
0
2
0
0
0
0
0
2
0
0
0
0
0
2
0
0
0
0
