1
812.8608,367.9202,75.2783,43.1596
813.7173,367.8379,75.5654,43.3242
815.8430,368.9100,75.3140,43.1800
815.8223,368.8981,75.3555,43.2038
817.9954,368.9973,75.0093,43.0053
820.0111,369.0064,74.9778,42.9873
821.8430,368.9099,75.3141,43.1801
822.6598,369.8050,75.6804,43.3901
824.7897,369.8794,75.4207,43.2412
826.7181,369.8384,75.5638,43.3232
828.6555,369.8025,75.6890,43.3950
829.4641,370.6927,76.0718,43.6145
831.6086,370.7756,75.7827,43.4487
833.7062,370.8315,75.5876,43.3369
834.5953,370.7680,75.8093,43.4640
837.6962,371.8259,75.6075,43.3483
837.6226,371.7836,75.7549,43.4328
838.5214,371.7256,75.9573,43.5488
840.5838,371.7614,75.8324,43.4772
842.4862,372.7054,76.0276,43.5892
844.4094,372.6614,76.1811,43.6772
845.2146,372.5497,76.5709,43.9006
847.2497,372.5698,76.5006,43.8603
849.1121,373.4909,76.7759,44.0182
851.0914,373.4791,76.8171,44.0418
850.9658,373.4071,77.0683,44.1859
851.8945,373.3662,77.2110,44.2676
853.9706,373.4098,77.0588,44.1804
855.9391,374.3918,77.1217,44.2165
858.0781,374.4714,76.8439,44.0572
857.9870,374.4192,77.0260,44.1616
859.9382,374.3912,77.1236,44.2175
861.9050,374.3722,77.1901,44.2557
862.8535,375.3427,77.2930,44.3147
864.9566,375.4018,77.0868,44.1964
864.8221,375.3247,77.3558,44.3507
866.8564,375.3443,77.2872,44.3113
868.8385,375.3341,77.3230,44.3318
870.7521,376.2845,77.4958,44.4309
872.7145,376.2630,77.5710,44.4740
872.5987,376.1966,77.8026,44.6068
873.4882,376.1332,78.0237,44.7336
875.5458,376.1663,77.9083,44.6674
877.4538,377.1135,78.0924,44.7730
879.5897,377.1914,77.8207,44.6172
879.3823,377.0725,78.2355,44.8550
881.4355,377.1031,78.1289,44.7939
883.4677,378.1215,78.0645,44.7570
885.4998,378.1399,78.0005,44.7203
887.5887,378.1909,77.8225,44.6182
887.3692,378.0650,78.2617,44.8700
889.3726,378.0669,78.2549,44.8661
891.3030,379.0271,78.3939,44.9458
894.3658,379.0631,78.2683,44.8739
896.2767,379.0120,78.4466,44.9760
896.1163,378.9200,78.7674,45.1600
898.1487,378.9386,78.7026,45.1228
900.0668,378.8917,78.8663,45.2167
902.0336,379.8726,78.9327,45.2548
904.0023,379.8546,78.9954,45.2907
903.8355,379.7590,79.3290,45.4820
905.9200,379.8075,79.1599,45.3850
908.9774,379.8404,79.0452,45.3192
910.8585,380.7722,79.2829,45.4555
912.8168,380.7483,79.3665,45.5035
912.6747,380.6668,79.6506,45.6663
914.6877,380.6743,79.6245,45.6514
916.6701,381.6642,79.6597,45.6716
919.7352,381.7015,79.5296,45.5970
921.7175,381.6914,79.5650,45.6172
921.5312,381.5845,79.9377,45.8309
923.4642,381.5462,80.0715,45.9077
925.3497,381.4805,80.3007,46.0391
928.3531,382.4825,80.2937,46.0351
930.3741,382.4944,80.2519,46.0111
930.2192,382.4057,80.5616,46.1887
932.2292,382.4114,80.5415,46.1772
934.2353,382.4149,80.5294,46.1702
937.2640,383.4314,80.4720,46.1373
939.2686,383.4340,80.4629,46.1320
939.1310,383.3551,80.7380,46.2898
941.0958,383.3349,80.8085,46.3302
944.0546,383.3113,80.8909,46.3774
945.9199,384.2340,81.1603,46.5319
947.9467,384.2494,81.1067,46.5011
948.7641,384.1448,81.4718,46.7105
950.8842,384.2136,81.2316,46.5728
952.8204,384.1770,81.3592,46.6459
955.7416,384.1318,81.5169,46.7364
957.7159,384.1171,81.5683,46.7658
957.5331,384.0123,81.9337,46.9753
959.5237,385.0069,81.9527,46.9862
962.6030,385.0524,81.7939,46.8952
964.6375,385.0722,81.7249,46.8556
967.6023,385.0520,81.7954,46.8960
967.3713,384.9195,82.2575,47.1609
969.3029,384.8803,82.3943,47.2394
972.2042,385.8237,82.5916,47.3525
974.2163,385.8307,82.5673,47.3386
977.1694,385.8038,82.6613,47.3925
977.0483,385.7343,82.9035,47.5313
979.1555,385.7958,82.6891,47.4084
981.1409,385.7875,82.7181,47.4250
984.1216,385.7764,82.7567,47.4472
986.0474,385.7338,82.9052,47.5323
985.8135,385.5998,83.3729,47.8005
988.7524,385.5647,83.4953,47.8706
989.7134,385.5424,83.5731,47.9153
991.8203,385.6036,83.3595,47.7928
992.9086,384.6542,83.1829,47.6915
992.6506,384.5063,83.6989,47.9873
993.6533,384.5079,83.6934,47.9842
995.8006,383.5923,83.3988,47.8153
996.7382,383.5566,83.5235,47.8868
998.7999,382.5920,83.4001,47.8161
998.5729,382.4618,83.8541,48.0764
999.6703,382.5177,83.6593,47.9646
1001.7943,381.5887,83.4116,47.8226
1002.7783,381.5796,83.4434,47.8409
1004.8188,380.6028,83.3623,47.7944
1004.4821,380.4098,84.0357,48.1805
1005.5554,379.4518,83.8892,48.0965
1007.5929,379.4733,83.8142,48.0535
1008.6435,378.5023,83.7130,47.9954
1010.6770,378.5215,83.6460,47.9570
1010.4150,378.3712,84.1701,48.2575
1011.4965,377.4180,84.0069,48.1640
1013.5624,376.4558,83.8751,48.0884
1015.5783,376.4649,83.8434,48.0702
1016.6431,375.5020,83.7138,47.9959
1016.4191,375.3737,84.1617,48.2527
1017.4360,374.3833,84.1279,48.2334
1019.3538,373.3362,84.2925,48.3277
1021.3179,372.3156,84.3641,48.3688
1022.2443,371.2734,84.5115,48.4532
1021.9905,371.1279,85.0190,48.7442
1024.0334,370.1525,84.9331,48.6950
1026.0547,369.1646,84.8907,48.6707
1028.0742,368.1759,84.8516,48.6483
1029.1586,367.2242,84.6828,48.5515
1029.0129,367.1407,84.9741,48.7185
1031.0386,365.1554,84.9229,48.6891
1033.0370,364.1545,84.9261,48.6910
1035.0770,362.1775,84.8459,48.6450
1037.0487,361.1613,84.9026,48.6775
1036.7803,361.0074,85.4394,48.9853
1038.8595,360.0528,85.2810,48.8944
1039.9576,358.1091,85.0847,48.7819
1041.9391,357.0984,85.1218,48.8032
1043.9070,355.0800,85.1861,48.8400
1043.6405,354.9272,85.7190,49.1456
1045.6707,353.9445,85.6587,49.1110
1046.7297,351.9784,85.5406,49.0433
1048.6871,350.9540,85.6256,49.0920
1050.6704,348.9444,85.6592,49.1113
1050.4509,348.8185,86.0982,49.3630
1052.3727,346.7737,86.2547,49.4527
1054.3477,344.7593,86.3047,49.4813
1056.4022,342.7906,86.1955,49.4187
1058.3087,341.7370,86.3826,49.5260
1058.2083,341.6794,86.5836,49.6413
1060.2644,339.7116,86.4713,49.5769
1062.3348,337.7520,86.3304,49.4961
1064.3839,335.7801,86.2323,49.4398
1065.3785,333.7771,86.2428,49.4459
1065.0588,333.5938,86.8823,49.8125
1067.9344,331.5224,87.1312,49.9552
1068.8739,330.4877,87.2521,50.0245
1071.8257,328.4601,87.3485,50.0798
1073.8021,327.4466,87.3957,50.1068
1073.7290,326.4046,87.5421,50.1908
1074.7216,325.4004,87.5569,50.1993
1077.6841,323.3789,87.6317,50.2422
1079.6399,322.3535,87.7203,50.2930
1081.5790,321.3186,87.8420,50.3628
1081.4447,321.2416,88.1107,50.5168
1083.3827,320.2061,88.2346,50.5878
1085.3096,318.1642,88.3808,50.6716
1087.2625,317.1371,88.4750,50.7257
1090.2452,315.1273,88.5095,50.7455
1089.9799,314.9751,89.0403,51.0498
1091.9349,313.9494,89.1300,51.1012
1093.9025,312.9308,89.1950,51.1385
1095.9042,311.9317,89.1918,51.1366
1097.8735,309.9142,89.2529,51.1717
1097.6631,309.7935,89.6739,51.4130
1100.5421,308.7242,89.9157,51.5517
1101.6237,307.7709,89.7526,51.4582
1103.5780,306.7447,89.8441,51.5106
1105.5754,304.7433,89.8491,51.5135
1105.4193,304.6537,90.1613,51.6925
1106.4475,303.6699,90.1051,51.6602
1108.4219,302.6552,90.1562,51.6896
1110.3890,300.6364,90.2219,51.7272
1112.2882,299.5786,90.4237,51.8429
1112.1875,299.5208,90.6250,51.9583
1114.1663,298.5087,90.6674,51.9827
1115.2219,296.5406,90.5561,51.9188
1117.0883,295.4640,90.8234,52.0721
1118.0861,294.4627,90.8279,52.0746
1117.9854,293.4049,91.0294,52.1902
1119.9193,292.3671,91.1614,52.2659
1120.8943,291.3527,91.2114,52.2945
1121.8982,289.3550,91.2036,52.2901
1123.7634,288.2777,91.4732,52.4447
1123.6406,288.2073,91.7188,52.5855
1125.6449,287.2097,91.7103,52.5806
1126.7018,285.2424,91.5964,52.5153
1128.6223,284.1968,91.7553,52.6064
1129.5430,283.1513,91.9140,52.6974
1129.4139,282.0773,92.1722,52.8454
1131.3260,281.0269,92.3480,52.9462
1133.2258,279.9695,92.5483,53.0610
1134.2192,278.9657,92.5615,53.0686
1135.2521,276.9845,92.4959,53.0310
1135.1743,276.9399,92.6515,53.1202
1137.1125,275.9046,92.7748,53.1909
1139.0402,274.8631,92.9196,53.2739
1141.0533,272.8706,92.8932,53.2588
1141.9723,271.8241,93.0554,53.3518
1141.8354,271.7457,93.3291,53.5087
1143.8579,270.7585,93.2841,53.4829
1144.9078,268.7871,93.1844,53.4257
1146.7390,267.6904,93.5220,53.6193
1148.7437,266.6930,93.5127,53.6140
1148.6862,265.6600,93.6278,53.6799
1149.6223,264.6235,93.7554,53.7531
1151.5756,263.5967,93.8488,53.8067
1152.5671,261.5918,93.8657,53.8163
1154.4415,260.5198,94.1170,53.9604
1154.3127,260.4460,94.3746,54.1081
1155.3480,259.4662,94.3039,54.0676
1156.4130,257.5034,94.1742,53.9932
1157.3807,256.4850,94.2384,54.0300
1158.3827,254.4861,94.2346,54.0279
1158.2338,254.4007,94.5325,54.1986
1159.1699,253.3641,94.6603,54.2719
1160.1838,251.3721,94.6324,54.2559
1161.1074,250.3283,94.7851,54.3435
1163.0808,248.3130,94.8385,54.3741
1162.9584,248.2428,95.0833,54.5144
1163.9685,247.2486,95.0631,54.5028
1165.0455,245.2928,94.9089,54.4144
1165.9906,244.2613,95.0189,54.4775
1167.0289,242.2833,94.9421,54.4335
1166.9891,242.2605,95.0217,54.4791
1167.8611,241.1871,95.2777,54.6259
1168.8851,239.2008,95.2297,54.5984
1169.7659,238.1324,95.4683,54.7351
1169.7148,238.1032,95.5704,54.7937
1170.7086,237.0996,95.5827,54.8007
1171.7455,235.1207,95.5091,54.7585
1173.5991,234.0368,95.8018,54.9264
1173.7150,232.1033,95.5700,54.7935
1173.5586,232.0136,95.8827,54.9727
1175.5013,230.9808,95.9972,55.0384
1176.5515,229.0096,95.8969,54.9809
1177.5182,227.9904,95.9636,55.0191
1178.5144,225.9883,95.9711,55.0234
1178.4568,225.9552,96.0864,55.0895
1179.3324,224.8839,96.3353,55.2322
1180.3541,222.8963,96.2918,55.2073
1181.2360,221.8286,96.5281,55.3428
1182.2581,219.8413,96.4838,55.3174
1182.1676,219.7894,96.6647,55.4211
1183.1052,217.7537,96.7894,55.4926
1183.9939,216.6898,97.0122,55.6203
1184.9681,214.6751,97.0638,55.6499
1185.8317,213.5968,97.3367,55.8064
1185.7782,213.5661,97.4437,55.8677
1186.6920,211.5168,97.6160,55.9665
1187.5774,210.4510,97.8452,56.0979
1188.4963,209.4046,98.0074,56.1909
1188.5878,207.4570,97.8246,56.0861
1188.4075,207.3536,98.1852,56.2928
1188.3693,206.3317,98.2615,56.3366
1189.3461,205.3184,98.3079,56.3632
1189.4437,203.3744,98.1126,56.2512
1190.3766,202.3359,98.2467,56.3281
1190.3428,202.3165,98.3145,56.3670
1190.3206,200.3038,98.3588,56.3924
1190.2148,199.2432,98.5704,56.5137
1191.0974,198.1758,98.8052,56.6483
1191.1443,197.2027,98.7115,56.5946
1191.0594,197.1541,98.8811,56.6919
1191.1274,195.1930,98.7452,56.6139
1191.0962,194.1751,98.8077,56.6497
1191.0394,194.1426,98.9213,56.7149
1191.1433,193.2022,98.7133,56.5956
1191.1588,193.2111,98.6824,56.5779
1191.2147,192.2431,98.5705,56.5137
1190.2469,191.2616,98.5060,56.4768
1190.1512,190.2067,98.6975,56.5866
1190.0828,189.1674,98.8346,56.6652
1189.9446,189.0882,99.1109,56.8236
1189.9469,188.0896,99.1061,56.8209
1189.0161,187.1292,98.9678,56.7415
1189.1118,186.1841,98.7764,56.6318
1188.1781,186.2221,98.6438,56.5558
1188.0455,186.1461,98.9088,56.7077
1188.2052,184.2377,98.5895,56.5247
1187.2544,183.2658,98.4913,56.4683
1186.3005,183.2923,98.3989,56.4154
1185.3878,181.3423,98.2243,56.3153
1185.1637,181.2139,98.6726,56.5723
1184.1764,180.2211,98.6473,56.5578
1184.1578,179.2105,98.6843,56.5790
1183.2244,178.2487,98.5512,56.5027
1181.1130,177.1848,98.7738,56.6303
1180.9392,177.0851,99.1216,56.8297
1179.9606,176.0974,99.0788,56.8052
1177.9618,175.0981,99.0765,56.8039
1176.9919,174.1154,99.0162,56.7693
1174.8898,173.0568,99.2205,56.8864
1173.9523,172.0926,99.0955,56.8148
1172.9851,171.1115,99.0297,56.7770
1170.8794,170.0508,99.2412,56.8983
1168.9210,169.0747,99.1579,56.8506
1167.9760,168.1062,99.0481,56.7876
1167.9479,168.0901,99.1043,56.8198
1165.8856,167.0544,99.2289,56.8912
1162.8967,165.0608,99.2065,56.8784
1160.8711,164.0461,99.2579,56.9078
1158.8921,163.0582,99.2157,56.8837
1158.8601,163.0398,99.2798,56.9204
1156.8636,162.0418,99.2727,56.9164
1154.8635,161.0417,99.2730,56.9165
1152.9106,159.0688,99.1786,56.8624
1150.8632,158.0415,99.2737,56.9169
1150.8541,158.0364,99.2916,56.9272
1148.8444,157.0307,99.3113,56.9385
1145.7772,155.9922,99.4456,57.0155
1143.8451,155.0312,99.3098,56.9376
1141.9286,154.0791,99.1427,56.8418
1141.9106,153.0688,99.1786,56.8624
1139.9480,152.0902,99.1040,56.8196
1137.9744,151.1053,99.0512,56.7894
1137.0817,150.1668,98.8367,56.6664
1135.0524,149.1500,98.8952,56.6999
1135.0000,149.1200,99.0001,56.7601
1133.0702,148.1603,98.8595,56.6795
1132.2050,147.2375,98.5901,56.5250
1130.2217,146.2471,98.5566,56.5058
1128.3146,144.3004,98.3707,56.3992
1128.1512,144.2067,98.6975,56.5866
1126.2043,143.2372,98.5912,56.5256
1125.2764,142.2785,98.4472,56.4430
1123.2811,141.2812,98.4378,56.4377
1121.2841,140.2829,98.4319,56.4343
1121.2042,140.2371,98.5915,56.5258
1120.3339,139.3114,98.3322,56.3771
1118.3573,138.3248,98.2854,56.3503
1116.3632,137.3282,98.2736,56.3435
1114.4388,135.3716,98.1224,56.2568
1114.2924,135.2876,98.4152,56.4247
1113.3395,134.3146,98.3211,56.3707
1111.2865,133.2842,98.4270,56.4315
1109.2523,132.2646,98.4954,56.4707
1108.3997,131.3491,98.2007,56.3018
1108.3519,131.3218,98.2961,56.3564
1106.4307,130.3669,98.1386,56.2661
1104.5123,129.4137,97.9754,56.1726
1103.5641,128.4434,97.8719,56.1132
1101.5751,127.4497,97.8499,56.1006
1101.5209,127.4186,97.9582,56.1627
1100.5765,126.4506,97.8469,56.0989
1098.6211,125.4761,97.7579,56.0479
1096.6954,124.5187,97.6091,55.9625
1094.7783,122.5663,97.4433,55.8675
1094.5911,122.4589,97.8180,56.0823
1093.5950,121.4611,97.8100,56.0777
1091.5199,120.4181,97.9602,56.1638
1090.5027,119.4082,97.9946,56.1836
1088.5266,118.4219,97.9467,56.1561
1087.4446,118.3749,98.1109,56.2502
1086.6173,117.4739,97.7655,56.0522
1084.6165,116.4734,97.7671,56.0532
1083.6517,115.4936,97.6966,56.0127
1081.6946,114.5182,97.6108,55.9635
1081.6124,114.4711,97.7751,56.0577
1079.6759,113.5075,97.6481,55.9849
1077.7413,112.5450,97.5174,55.9100
1075.8400,111.6016,97.3201,55.7969
1073.9001,110.6361,97.1997,55.7278
1073.8655,110.6162,97.2690,55.7676
1072.9153,109.6448,97.1694,55.7104
1070.9880,108.6865,97.0240,55.6271
1069.1007,107.7511,96.7986,55.4978
1067.1195,106.7618,96.7610,55.4763
1067.0764,106.7372,96.8471,55.5257
1065.1404,105.7738,96.7193,55.4524
1063.0779,104.7380,96.8442,55.5240
1062.1730,103.7925,96.6539,55.4149
1060.1285,102.7670,96.7430,55.4660
1059.0631,102.7295,96.8737,55.5409
1058.1819,101.7976,96.6362,55.4047
1056.1707,100.7912,96.6588,55.4177
1054.1086,99.7556,96.7827,55.4888
1052.1989,98.8074,96.6022,55.3853
1052.1094,98.7561,96.7812,55.4879
1050.1835,97.7985,96.6332,55.4030
1048.2084,96.8128,96.5833,55.3744
1046.2107,95.8141,96.5786,55.3717
1045.2371,94.8292,96.5259,55.3415
1044.1257,94.7654,96.7486,55.4692
1043.1790,93.7959,96.6421,55.4081
1041.1978,92.8067,96.6044,55.3865
1039.2625,91.8438,96.4752,55.3124
1037.3378,90.8870,96.3244,55.2260
1037.2959,90.8630,96.4083,55.2741
1035.2927,89.8611,96.4147,55.2777
1033.2993,88.8649,96.4014,55.2701
1032.3739,87.9077,96.2521,55.1846
1030.4165,86.9322,96.1669,55.1357
1030.3540,86.8963,96.2919,55.2074
1028.3986,85.9218,96.2029,55.1563
1026.4326,84.9413,96.1348,55.1173
1025.4619,83.9581,96.0762,55.0837
1023.4949,82.9771,96.0102,55.0458
1023.3986,82.9218,96.2029,55.1563
1021.4100,81.9284,96.1801,55.1433
1019.4241,80.9365,96.1517,55.1270
1017.3804,80.9114,96.2393,55.1772
1015.4872,79.9727,96.0255,55.0546
1015.5114,79.9865,95.9773,55.0270
1014.5997,79.0371,95.8007,54.9257
1012.6035,78.0393,95.7930,54.9213
1010.5186,76.9907,95.9627,55.0186
1008.4814,75.9694,96.0371,55.0613
1008.4388,75.9449,96.1224,55.1102
1006.3661,75.9032,96.2678,55.1936
1004.4885,74.9734,96.0231,55.0532
1002.5197,73.9913,95.9606,55.0174
1001.5202,72.9916,95.9596,55.0168
1000.4954,72.9774,96.0092,55.0453
999.4417,72.9465,96.1167,55.1069
997.5742,72.0225,95.8516,54.9549
995.6125,71.0445,95.7751,54.9110
993.5996,71.0371,95.8007,54.9258
993.7592,70.1286,95.4817,54.7429
991.6174,70.0473,95.7652,54.9054
989.6840,69.0855,95.6320,54.8290
987.6525,69.0674,95.6950,54.8652
986.7153,68.1034,95.5695,54.7932
986.6290,68.0539,95.7421,54.8921
984.6284,67.0536,95.7431,54.8927
982.5432,67.0047,95.9137,54.9905
980.6489,66.0654,95.7022,54.8692
978.6272,65.0529,95.7456,54.8941
978.4995,64.9797,96.0011,55.0406
977.4727,64.9644,96.0545,55.0713
975.5432,64.0048,95.9136,54.9905
973.5211,63.9921,95.9579,55.0159
971.6453,63.0633,95.7095,54.8734
971.6726,63.0790,95.6548,54.8421
969.6249,63.0516,95.7502,54.8968
967.6810,62.0838,95.6379,54.8324
965.6688,62.0768,95.6624,54.8464
964.7552,61.1264,95.4894,54.7473
963.6594,61.0714,95.6813,54.8573
961.6389,61.0597,95.7222,54.8807
960.7154,60.1035,95.5692,54.7930
958.6445,60.0629,95.7109,54.8743
956.7455,59.1208,95.5090,54.7585
956.7254,59.1092,95.5491,54.7815
954.7117,59.1013,95.5767,54.7973
953.7203,58.1063,95.5593,54.7874
950.6956,58.0921,95.6089,54.8158
949.7227,57.1077,95.5546,54.7847
949.6077,57.0417,95.7846,54.9165
947.6016,57.0382,95.7968,54.9235
945.6362,56.0581,95.7277,54.8839
943.6696,56.0772,95.6608,54.8455
942.8058,55.1554,95.3883,54.6893
941.6579,55.0705,95.6842,54.8589
940.5970,55.0356,95.8059,54.9287
938.6440,54.0625,95.7121,54.8749
936.6104,54.0433,95.7792,54.9134
934.6365,54.0582,95.7271,54.8835
934.7791,54.1400,95.4417,54.7199
932.8329,53.1709,95.3342,54.6583
930.7924,53.1477,95.4152,54.7047
929.7942,52.1487,95.4116,54.7027
927.7097,52.1002,95.5806,54.7995
927.6555,52.0692,95.6890,54.8617
925.6879,52.0877,95.6243,54.8246
923.8010,51.1526,95.3980,54.6949
921.7708,51.1353,95.4584,54.7295
919.7548,51.1260,95.4905,54.7479
919.9609,50.2443,95.0781,54.5115
918.8356,50.1724,95.3289,54.6552
916.8147,50.1604,95.3706,54.6791
914.8691,49.1916,95.2617,54.6167
912.7308,49.1123,95.5384,54.7754
912.7719,49.1359,95.4561,54.7282
911.7853,49.1436,95.4294,54.7128
909.8570,48.1847,95.2860,54.6306
907.7763,48.1384,95.4474,54.7232
907.8480,48.1795,95.3040,54.6410
906.8276,48.1678,95.3448,54.6643
904.8691,47.1916,95.2618,54.6168
903.8877,47.2023,95.2246,54.5954
902.9783,47.2542,95.0435,54.4916
903.0978,47.3228,94.8043,54.3545
902.0806,46.3128,94.8389,54.3743
900.9981,46.2656,95.0038,54.4688
898.9873,46.2594,95.0253,54.4812
898.0446,45.2922,94.9109,54.4156
897.9185,45.2199,95.1631,54.5602
896.8775,45.1964,95.2450,54.6071
895.9213,45.2215,95.1575,54.5569
894.0110,45.2730,94.9780,54.4541
893.1036,44.3261,94.7927,54.3478
893.0245,44.2807,94.9511,54.4386
891.9694,44.2491,95.0612,54.5018
891.0140,44.2747,94.9719,54.4505
889.0610,43.3016,94.8780,54.3967
888.0286,43.2831,94.9428,54.4339
887.9974,43.2652,95.0052,54.4697
887.0748,43.3096,94.8503,54.3809
886.1127,42.3313,94.7746,54.3374
884.1180,42.3344,94.7639,54.3313
883.1235,42.3375,94.7530,54.3250
883.2180,42.3916,94.5641,54.2167
882.2340,41.4008,94.5319,54.1983
881.1805,41.3702,94.6389,54.2597
879.2048,41.3841,94.5903,54.2318
878.3209,40.4507,94.3581,54.0986
878.1872,40.3740,94.6256,54.2520
876.2464,40.4079,94.5072,54.1841
874.3083,39.4434,94.3834,54.1131
873.1643,39.3609,94.6713,54.2782
871.1740,39.3664,94.6519,54.2671
871.1506,39.3530,94.6988,54.2940
869.2468,38.4082,94.5064,54.1837
868.2245,38.3954,94.5510,54.2093
866.2686,38.4207,94.4628,54.1587
864.3372,37.4600,94.3256,54.0800
864.1923,37.3769,94.6154,54.2462
863.1900,37.3756,94.6199,54.2488
861.2291,37.3980,94.5419,54.2040
859.3593,36.4726,94.2815,54.0548
858.2797,36.4270,94.4407,54.1460
857.2807,36.4276,94.4386,54.1448
856.3698,35.4787,94.2603,54.0426
854.3046,35.4413,94.3909,54.1174
852.2726,35.4230,94.4548,54.1541
851.4254,34.5106,94.1491,53.9788
851.3039,34.4409,94.3922,54.1182
849.3151,34.4473,94.3699,54.1054
847.3301,34.4559,94.3397,54.0881
846.3530,33.4691,94.2940,54.0619
844.2511,33.4106,94.4978,54.1787
844.2874,33.4314,94.4252,54.1371
842.3174,32.4487,94.3652,54.1027
840.2545,32.4126,94.4910,54.1749
839.2925,32.4344,94.4149,54.1312
837.3878,31.4890,94.2245,54.0221
837.3177,31.4488,94.3646,54.1024
835.2630,31.4175,94.4740,54.1651
834.3245,30.4527,94.3509,54.0945
832.2638,30.4179,94.4724,54.1642
831.3411,30.4622,94.3178,54.0756
831.3035,30.4407,94.3930,54.1186
829.3736,29.4809,94.2528,54.0383
828.2947,29.4356,94.4106,54.1287
826.3255,29.4533,94.3490,54.0934
824.4133,28.5036,94.1735,53.9928
824.3756,28.4820,94.2488,54.0360
823.3308,28.4563,94.3384,54.0873
821.2975,28.4373,94.4049,54.1255
820.2834,28.4292,94.4331,54.1417
818.4048,28.4987,94.1904,54.0025
818.4746,27.5388,94.0507,53.9224
816.4097,27.5015,94.1807,53.9969
815.3946,27.4929,94.2108,54.0142
813.4738,27.5383,94.0525,53.9235
812.4985,27.5525,94.0031,53.8951
811.4833,27.5437,94.0334,53.9125
810.5403,26.5765,93.9193,53.8471
808.5370,26.5745,93.9261,53.8509
806.5274,26.5691,93.9452,53.8619
805.4827,26.5434,94.0346,53.9132
805.4188,26.5068,94.1624,53.9864
803.5659,26.5911,93.8681,53.8177
802.6425,26.6350,93.7150,53.7299
800.7902,26.7197,93.4197,53.5606
799.9760,25.8262,93.0481,53.3476
798.7937,25.7217,93.4126,53.5566
797.7096,25.6735,93.5808,53.6530
795.7723,25.7095,93.4553,53.5811
793.8745,25.7680,93.2510,53.4639
792.8530,25.7557,93.2939,53.4885
792.8975,25.7812,93.2050,53.4375
790.9755,25.8259,93.0490,53.3481
789.9961,25.8378,93.0078,53.3245
788.1301,24.9146,92.7399,53.1709
787.0244,24.8540,92.9513,53.2921
786.8015,24.7262,93.3971,53.5477
784.9830,24.8302,93.0341,53.3396
784.0045,24.8426,92.9911,53.3149
782.0945,24.8942,92.8110,53.2116
780.1929,24.9506,92.6143,53.0989
780.1538,24.9282,92.6924,53.1436
779.1693,23.9371,92.6614,53.1259
777.1470,23.9243,92.7059,53.1514
776.0635,23.8764,92.8730,53.2472
775.0692,23.8796,92.8617,53.2407
775.0293,23.8568,92.9413,53.2864
773.1107,23.9034,92.7787,53.1931
772.0477,23.8674,92.9045,53.2652
771.1787,22.9425,92.6426,53.1151
770.1369,22.9185,92.7262,53.1630
769.9918,22.8353,93.0164,53.3294
767.9622,22.8183,93.0756,53.3633
766.9280,22.7987,93.1439,53.4025
765.9331,22.8016,93.1338,53.3967
764.0551,22.8716,92.8898,53.2568
764.0934,22.8935,92.8133,53.2129
763.0355,22.8604,92.9290,53.2793
762.1223,21.9101,92.7554,53.1797
761.1541,21.9283,92.6919,53.1433
760.2153,21.9635,92.5693,53.0731
760.1570,21.9300,92.6861,53.1400
758.3381,22.0338,92.3238,52.9323
757.4246,21.0834,92.1508,52.8331
756.3531,21.0425,92.2937,52.9150
754.3570,21.0447,92.2860,52.9106
754.3684,21.0512,92.2632,52.8975
753.2817,21.0015,92.4365,52.9969
752.2976,21.0106,92.4048,52.9787
751.4395,21.0920,92.1210,52.8160
749.6170,21.1938,91.7660,52.6125
749.5583,21.1601,91.8834,52.6798
748.4970,21.1250,92.0059,52.7501
747.6337,21.2033,91.7327,52.5934
746.7562,21.2736,91.4876,52.4529
745.9493,20.3843,91.1014,52.2315
744.8130,20.3061,91.3739,52.3877
743.6494,20.2123,91.7013,52.5754
742.6345,20.2038,91.7311,52.5925
741.6829,20.2315,91.6342,52.5369
740.8946,19.3529,91.2109,52.2942
739.6998,19.2412,91.6004,52.5176
738.5909,19.1788,91.8182,52.6424
737.5431,19.1514,91.9138,52.6972
736.5879,19.1771,91.8242,52.6459
735.6864,19.2335,91.6272,52.5329
734.6505,19.2130,91.6989,52.5740
733.6136,19.1918,91.7729,52.6164
732.7243,19.2553,91.5515,52.4895
731.8268,19.3141,91.3463,52.3719
731.0253,19.4279,90.9493,52.1443
730.0042,19.4157,90.9917,52.1686
729.0225,19.4262,90.9550,52.1475
728.1400,19.4936,90.7199,52.0128
727.3871,18.6353,90.2257,51.7294
726.3855,18.6344,90.2290,51.7313
725.1576,18.5037,90.6849,51.9927
724.1446,18.4962,90.7109,52.0076
723.2686,18.5673,90.4629,51.8654
722.3984,18.6418,90.2031,51.7164
720.5899,17.7515,89.8202,51.4969
720.3969,17.6409,90.2062,51.7182
719.2651,17.5653,90.4699,51.8694
718.2595,17.5621,90.4810,51.8757
717.3248,17.5996,90.3504,51.8009
715.5209,17.7120,89.9582,51.5760
715.3856,17.6344,90.2289,51.7312
714.4670,17.6811,90.0661,51.6379
713.6238,17.7710,89.7523,51.4580
712.9604,16.9640,89.0791,51.0720
710.9951,16.9839,89.0098,51.0323
710.7070,16.8187,89.5860,51.3626
709.5718,16.7412,89.8563,51.5176
708.6158,16.7664,89.7684,51.4672
707.8353,16.8922,89.3295,51.2156
706.9311,15.9472,89.1378,51.1057
706.6563,15.7896,89.6874,51.4208
705.6244,15.7713,89.7512,51.4574
703.8342,15.8916,89.3317,51.2168
702.7566,15.8471,89.4868,51.3058
701.7114,15.8212,89.5773,51.3576
701.5878,15.7503,89.8245,51.4994
700.8081,15.8767,89.3837,51.2467
700.0236,16.0002,88.9528,50.9996
699.2449,15.1271,88.5103,50.7459
698.1898,15.0955,88.6205,50.8091
698.0686,15.0260,88.8628,50.9480
697.2187,15.1120,88.5627,50.7759
695.4014,15.2168,88.1971,50.5663
694.3280,15.1747,88.3439,50.6505
693.4123,15.2231,88.1754,50.5539
693.3248,15.1729,88.3503,50.6542
692.4755,14.2593,88.0490,50.4814
691.5090,14.2785,87.9819,50.4429
689.5350,14.2934,87.9300,50.4132
688.6027,14.3322,87.7947,50.3356
688.4459,14.2423,88.1083,50.5154
687.4802,14.2620,88.0396,50.4760
686.6122,14.3377,87.7755,50.3246
685.7921,14.4408,87.4159,50.1184
683.9887,14.5535,87.0226,49.8929
683.8455,14.4714,87.3090,50.0571
682.9023,13.5040,87.1953,49.9920
681.8515,13.4749,87.2969,50.0502
680.8754,13.4886,87.2491,50.0228
679.9022,13.5039,87.1956,49.9921
679.7372,13.4093,87.5257,50.1814
677.8960,13.5004,87.2080,49.9993
677.0193,13.5710,86.9615,49.8579
676.1049,13.6201,86.7902,49.7597
674.3359,13.7526,86.3282,49.4948
674.2322,13.6931,86.5356,49.6138
673.2842,13.7229,86.4317,49.5542
672.5143,12.8549,85.9714,49.2902
670.4524,12.8194,86.0952,49.3613
669.4025,12.7908,86.1950,49.4185
668.2339,12.6941,86.5323,49.6118
667.3184,12.7426,86.3632,49.5149
666.4503,12.8181,86.0995,49.3637
664.4935,12.8430,86.0129,49.3141
663.5237,12.8602,85.9527,49.2795
663.4202,12.8009,86.1596,49.3982
661.5315,12.8647,85.9371,49.2706
660.5958,12.9016,85.8083,49.1968
658.7532,12.9918,85.4937,49.0164
657.8806,13.0649,85.2388,48.8702
656.8526,13.0488,85.2948,48.9023
655.8962,12.0738,85.2075,48.8523
654.8911,12.0709,85.2178,48.8582
652.8595,12.0528,85.2811,48.8945
650.8823,12.0659,85.2354,48.8683
650.6584,11.9375,85.6832,49.1251
649.6399,11.9269,85.7202,49.1462
647.6845,11.9525,85.6309,49.0951
646.7690,12.0009,85.4619,48.9982
644.9282,12.0922,85.1436,48.8156
644.8632,12.0549,85.2736,48.8902
643.9932,12.1294,85.0136,48.7411
642.0766,12.1772,84.8468,48.6455
641.1163,12.2000,84.7674,48.6000
639.1415,12.2145,84.7169,48.5710
639.0828,12.1808,84.8343,48.6383
638.1540,12.2216,84.6920,48.5568
636.1949,12.2451,84.6101,48.5098
635.3760,12.3489,84.2479,48.3021
635.3913,12.3577,84.2174,48.2847
633.4756,11.4060,84.0489,48.1880
631.4208,11.3746,84.1583,48.2508
630.4099,11.3683,84.1804,48.2634
628.4266,11.3779,84.1467,48.2441
628.2759,11.2915,84.4481,48.4169
627.2809,11.2944,84.4381,48.4112
625.2714,11.2889,84.4573,48.4222
624.3170,11.3150,84.3661,48.3699
623.3738,11.3477,84.2523,48.3046
622.4116,11.3693,84.1768,48.2614
621.4807,11.4089,84.0386,48.1821
620.5900,11.4716,83.8201,48.0568
618.6979,11.5335,83.6042,47.9330
617.6813,11.5239,83.6374,47.9521
617.6028,11.4789,83.7945,48.0422
616.6976,11.5333,83.6048,47.9334
615.7794,10.5802,83.4412,47.8396
614.6591,10.5112,83.6818,47.9776
613.6530,10.5077,83.6940,47.9845
613.6104,10.4833,83.7792,48.0334
612.6040,10.4796,83.7920,48.0408
611.5829,10.4675,83.8342,48.0649
610.6539,10.5083,83.6921,47.9835
609.6591,10.5112,83.6817,47.9775
609.6141,10.4854,83.7718,48.0292
608.6052,10.4803,83.7896,48.0393
607.6908,10.5294,83.6184,47.9412
606.7376,10.5562,83.5248,47.8875
605.8318,10.6102,83.3364,47.7795
605.7825,10.5820,83.4350,47.8361
604.9124,9.6564,83.1753,47.6872
603.9067,9.6532,83.1865,47.6936
602.9177,9.6595,83.1646,47.6810
601.8950,9.6465,83.2100,47.7071
601.8294,9.6089,83.3411,47.7823
600.8550,9.6235,83.2900,47.7530
599.8673,9.6306,83.2654,47.7388
598.9909,9.7014,83.0182,47.5971
