1
1151.5000,503.5000,45.0000,17.0000
1152.0000,503.0000,45.0000,17.0000
1151.5000,503.5000,45.0000,17.0000
1152.0000,503.0000,45.0000,17.0000
1145.5000,502.5000,45.0000,17.0000
1145.0000,502.0000,45.0000,17.0000
1138.5000,501.5000,45.0000,17.0000
1132.0000,501.0000,45.0000,17.0000
1126.5000,500.5000,45.0000,17.0000
1120.0000,500.0000,45.0000,17.0000
1113.5000,499.5000,45.0000,17.0000
1107.0000,500.0000,45.0000,17.0000
1100.5000,501.5000,45.0000,17.0000
1095.0000,503.0000,45.0000,17.0000
1088.5000,503.5000,45.0000,17.0000
1083.0000,504.0000,45.0000,17.0000
1077.5000,503.5000,45.0000,17.0000
1071.0000,504.0000,45.0000,17.0000
1065.5000,503.5000,45.0000,17.0000
1060.0000,503.0000,45.0000,17.0000
1060.5000,502.5000,45.0000,17.0000
1055.0000,503.0000,45.0000,17.0000
1049.5000,502.5000,45.0000,17.0000
1044.0000,503.0000,45.0000,17.0000
1038.5000,502.5000,45.0000,17.0000
1038.0000,503.0000,45.0000,17.0000
1033.5000,502.5000,45.0000,17.0000
1028.0000,503.0000,45.0000,17.0000
1023.5000,502.5000,45.0000,17.0000
1019.0000,503.0000,45.0000,17.0000
1018.5000,502.5000,45.0000,17.0000
1014.0000,502.0000,45.0000,17.0000
1009.5000,502.5000,45.0000,17.0000
1004.0000,502.0000,45.0000,17.0000
999.5000,502.5000,45.0000,17.0000
999.0000,502.0000,45.0000,17.0000
994.5000,502.5000,45.0000,17.0000
990.0000,502.0000,45.0000,17.0000
985.5000,502.5000,45.0000,17.0000
982.0000,502.0000,45.0000,17.0000
981.5000,502.5000,45.0000,17.0000
978.0000,502.0000,45.0000,17.0000
974.5000,502.5000,45.0000,17.0000
972.0000,502.0000,45.0000,17.0000
968.5000,502.5000,45.0000,17.0000
2
0
0
0
0
0
2
0
0
0
0
0
2
0
0
0
0
0
2
0
0
0
0
0
2
0
0
0
0
0
2
0
0
0
0
0
2
0
0
0
0
0
2
0
0
0
0
0
2
0
0
0
0
0
2
0
0
0
0
0
2
0
0
0
0
0
2
0
0
0
0
0
2
0
0
0
0
0
2
0
0
0
0
0
2
0
0
0
0
0
2
0
0
0
0
0
2
0
0
0
0
0
2
0
0
0
0
0
2
0
0
0
0
0
2
0
0
0
0
0
2
0
0
0
0
0
2
0
0
0
0
0
2
0
0
0
0
0
2
0
0
0
0
0
2
0
0
0
0
0
2
0
0
0
0
0
2
0
0
0
0
0
2
0
0
0
0
0
2
0
0
0
0
0
2
0
0
0
0
0
2
0
0
0
0
0
2
0
0
0
0
0
2
0
0
0
0
0
2
0
0
0
0
0
2
0
0
0
0
0
2
0
0
0
0
0
2
0
0
0
0
0
2
0
0
0
0
0
2
0
0
0
0
0
2
0
0
0
0
0
2
0
0
0
0
0
2
0
0
0
0
0
2
0
0
0
0
0
2
0
0
0
0
0
2
0
0
0
0
0
2
0
0
0
0
0
2
0
0
0
0
0
2
0
0
0
0
0
2
0
0
0
0
0
2
0
0
0
0
0
2
0
0
0
0
0
2
0
0
0
0
0
2
0
0
0
0
0
2
0
0
0
0
0
2
0
0
0
0
0
2
0
0
0
0
0
2
0
0
