1
851.2500,442.5000,81.2500,32.5000
816.5972,420.9722,81.2500,32.5000
813.2639,406.5278,81.2500,32.5000
833.2639,408.7500,81.2500,32.5000
2
0
0
0
0
0
2
0
0
0
0
0
2
0
0
0
0
0
2
0
0
0
0
0
2
0
0
0
0
0
2
0
0
0
0
0
2
0
0
0
0
0
2
0
0
0
0
0
2
0
0
0
0
0
2
0
0
0
0
0
2
0
0
0
0
0
2
0
0
0
0
0
2
0
0
0
0
0
2
0
0
0
0
0
2
0
0
0
0
0
2
0
0
0
0
0
2
0
0
0
0
0
2
0
0
0
0
0
2
0
0
0
0
0
2
0
0
0
0
0
2
0
0
0
0
0
2
0
0
0
0
0
2
0
0
0
0
0
2
0
0
0
0
0
2
0
0
0
0
0
2
0
0
0
0
0
2
0
0
0
0
0
2
0
0
0
0
0
2
0
0
0
0
0
2
0
0
0
0
0
2
0
0
0
0
0
2
0
0
0
0
0
2
0
0
0
0
0
2
0
0
0
0
0
2
0
0
0
0
0
2
0
0
0
0
0
2
0
0
0
0
0
2
0
0
0
0
0
827.7083,398.7500,81.2500,32.5000
839.9305,397.6389,81.2500,32.5000
859.9305,406.5278,81.2500,32.5000
872.1528,425.4167,81.2500,32.5000
892.1528,427.6389,81.2500,32.5000
896.5972,426.5278,81.2500,32.5000
893.2639,438.7500,81.2500,32.5000
905.4861,444.3055,81.2500,32.5000
902.1528,453.1945,81.2500,32.5000
922.1528,468.7500,81.2500,32.5000
903.2639,484.3055,81.2500,32.5000
907.7083,496.5278,81.2500,32.5000
904.3750,502.0833,81.2500,32.5000
893.2639,524.3055,81.2500,32.5000
882.1528,533.1945,81.2500,32.5000
878.8195,538.7500,81.2500,32.5000
852.1528,557.6389,81.2500,32.5000
2
0
0
