1
359.1792,527.2114,49.6416,58.5771
350.3060,522.3611,49.3880,58.2778
341.9561,517.9482,50.0877,59.1035
334.4995,514.5894,49.0010,57.8212
322.8152,508.9619,48.3696,57.0761
314.3575,503.4219,49.2849,58.1562
307.8383,499.9891,48.3235,57.0217
299.7914,494.9338,48.4173,57.1324
291.6587,489.7772,48.6827,57.4456
282.5397,482.6369,48.9205,57.7262
275.8520,478.0054,48.2960,56.9892
268.3401,472.4014,49.3197,58.1973
262.0121,467.0143,49.9758,58.9714
254.0507,459.6998,53.8986,63.6004
246.9811,453.6177,54.0378,63.7646
241.9577,447.5901,54.0845,63.8197
236.9640,446.9575,50.0720,59.0850
230.1591,443.1878,49.6817,58.6244
224.3784,438.4465,49.2433,58.1071
216.2664,433.3144,49.4671,58.3712
210.3301,430.3896,49.3397,58.2209
205.0259,425.0306,49.9482,58.9389
199.6895,422.6336,50.6210,59.7328
226.7085,405.6561,50.5829,59.6878
220.9270,402.7339,52.1460,61.5322
218.1054,401.9444,51.7892,61.1112
209.8008,402.5850,52.3983,61.8300
206.6978,400.4634,52.6043,62.0731
203.0865,401.9221,51.8270,61.1558
195.0007,403.8208,51.9987,61.3584
192.7533,401.5288,52.4935,61.9423
198.5910,395.3374,52.8180,62.3252
199.3790,397.0872,53.2420,62.8255
200.2685,397.9568,53.4630,63.0863
2
0
0
0
0
0
169.6001,408.1682,54.7998,64.6637
163.2867,407.7983,55.4266,65.4034
156.0785,411.5526,55.8430,65.8948
157.4149,408.9496,55.1701,65.1007
163.1309,401.6144,55.7383,65.7711
151.6588,405.0574,56.6824,66.8852
150.7590,402.1756,56.4821,66.6489
149.8398,398.2710,56.3203,66.4580
143.7274,398.1383,56.5452,66.7233
149.9660,392.4199,56.0680,66.1603
150.7003,389.1064,56.5993,66.7872
143.7455,390.1597,56.5089,66.6805
141.7064,388.1136,56.5872,66.7728
144.2283,385.5494,57.5434,67.9012
143.1400,384.4452,57.7199,68.1095
137.9355,385.2038,58.1291,68.5923
136.8977,385.1593,58.2046,68.6815
133.8245,385.0729,58.3510,68.8542
135.8420,383.0935,58.3161,68.8130
134.6929,380.9177,58.6141,69.1646
134.6866,379.9102,58.6268,69.1797
143.5419,375.7395,58.9161,69.5210
2
0
0
0
0
0
2
0
0
0
0
0
134.7339,372.9660,58.5322,69.0680
134.5881,370.7940,58.8238,69.4120
133.4624,372.6457,59.0751,69.7086
135.4218,375.5977,59.1565,69.8047
135.1343,369.2584,59.7315,70.4831
136.2856,367.4370,59.4289,70.1261
137.0831,370.1981,59.8338,70.6039
128.0511,398.1602,59.8979,70.6795
126.0510,399.1602,59.8980,70.6797
125.9083,397.9918,60.1834,71.0164
124.9212,398.0070,60.1576,70.9859
130.0250,395.1295,59.9501,70.7411
128.9140,394.9986,60.1719,71.0028
132.1445,395.2706,59.7109,70.4589
132.9778,394.0738,60.0444,70.8524
137.1888,396.3228,59.6223,70.3543
137.2479,402.3925,59.5042,70.2150
145.2243,401.3647,59.5513,70.2705
150.9548,405.0467,60.0904,70.9067
151.1603,409.2892,59.6793,70.4216
154.6494,417.8663,58.7012,69.2675
156.6627,426.8820,58.6747,69.2361
163.8455,427.0977,58.3089,68.8045
165.6324,436.8462,58.7352,69.3075
170.6451,443.8612,58.7099,69.2777
173.7068,455.9340,58.5865,69.1320
181.7461,460.9803,58.5079,69.0393
181.6703,473.8909,58.6594,69.2181
179.6599,485.8787,58.6801,69.2426
184.4983,491.6880,59.0035,69.6241
188.6633,502.8827,58.6734,69.2346
192.4128,509.5871,59.1745,69.8259
194.4061,517.5792,59.1877,69.8415
199.2797,524.4300,59.4407,70.1400
197.3029,537.4574,59.3942,70.0852
205.4762,545.6619,59.0477,69.6763
206.5976,555.8052,58.8048,69.3897
212.7601,559.9969,58.4798,69.0062
215.7547,564.9905,58.4907,69.0190
222.9229,566.1890,58.1543,68.6220
225.9066,572.1699,58.1867,68.6603
231.8578,574.1122,58.2844,68.7755
232.7605,578.9974,58.4790,69.0052
238.4745,580.6600,59.0509,69.6801
243.5410,583.7384,58.9180,69.5232
254.6321,584.8459,58.7357,69.3082
257.5522,587.7516,58.8955,69.4967
263.5208,588.7145,58.9585,69.5710
2
0
0
0
0
0
2
0
0
0
0
0
2
0
0
0
0
0
2
0
0
0
0
0
2
0
0
0
0
0
2
0
0
0
0
0
2
0
0
0
0
0
2
0
0
0
0
0
2
0
0
0
0
0
2
0
0
0
0
0
2
0
0
0
0
0
2
0
0
0
0
0
2
0
0
0
0
0
2
0
0
0
0
0
2
0
0
0
0
0
2
0
0
0
0
0
2
0
0
0
0
0
2
0
0
0
0
0
2
0
0
0
0
0
2
0
0
0
0
0
2
0
0
0
0
0
2
0
0
0
0
0
2
0
0
0
0
0
2
0
0
0
0
0
2
0
0
0
0
0
2
0
0
0
0
0
2
0
0
0
0
0
2
0
0
0
0
0
2
0
0
0
0
0
2
0
0
0
0
0
2
0
0
0
0
0
2
0
0
0
0
0
2
0
0
0
0
0
2
0
0
0
0
0
2
0
0
0
0
0
2
0
0
0
0
0
2
0
0
0
0
0
2
0
0
0
0
0
2
0
0
0
0
0
2
0
0
0
0
0
2
0
0
0
0
0
2
0
0
0
0
0
2
0
0
0
0
0
2
0
0
0
0
0
2
0
0
0
0
0
2
0
0
0
0
0
2
0
0
0
0
0
2
0
0
0
0
0
2
0
0
0
0
0
2
0
0
0
0
0
2
0
0
0
0
0
2
0
0
0
0
0
2
0
0
0
0
0
2
0
0
0
0
0
2
0
0
0
0
0
2
0
0
0
0
0
2
0
0
0
0
0
2
0
0
0
0
0
2
0
0
0
0
0
2
0
0
0
0
0
2
0
0
0
0
0
2
0
0
0
0
0
2
0
0
0
0
0
2
0
0
0
0
0
2
0
0
0
0
0
2
0
0
0
0
0
2
0
0
0
0
0
2
0
0
0
0
0
2
0
0
0
0
0
2
0
0
0
0
0
2
0
0
0
0
0
2
0
0
0
0
0
2
0
0
0
0
0
2
0
0
0
0
0
2
0
0
0
0
0
2
0
0
0
0
0
2
0
0
0
0
0
2
0
0
0
0
0
2
0
0
0
0
0
2
0
0
0
0
0
2
0
0
0
0
0
2
0
0
0
0
0
2
0
0
0
0
0
2
0
0
0
0
0
2
0
0
0
0
0
2
0
0
0
0
0
2
0
0
0
0
0
2
0
0
0
0
0
2
0
0
0
0
0
2
0
0
0
0
0
2
0
0
0
0
0
2
0
0
0
0
0
2
0
0
0
0
0
2
0
0
0
0
0
2
0
0
0
0
0
2
0
0
0
