1
747.0550,457.1850,10.8900,36.6300
747.0550,457.1850,10.8900,36.6300
747.1367,457.4597,10.7267,36.0806
747.2171,457.7303,10.5658,35.5393
747.2171,457.7303,10.5658,35.5393
747.1643,457.5526,10.6714,35.8947
747.1643,457.5526,10.6714,35.8947
743.2119,457.5526,10.6714,35.8947
739.2595,457.5526,10.6714,35.8947
735.3536,461.5750,10.6181,35.7153
731.3748,461.4857,10.6711,35.8938
727.4689,461.5754,10.6178,35.7144
723.3978,461.3076,10.7771,36.2501
723.4786,461.5794,10.6154,35.7063
2
0
0
0
0
0
2
0
0
0
0
0
2
0
0
0
0
0
2
0
0
0
0
0
2
0
0
0
0
0
2
0
0
0
0
0
2
0
0
0
0
0
2
0
0
0
0
0
2
0
0
0
0
0
2
0
0
0
0
0
2
0
0
0
0
0
2
0
0
0
0
0
2
0
0
0
0
0
2
0
0
0
0
0
2
0
0
0
0
0
2
0
0
0
0
0
2
0
0
0
0
0
2
0
0
0
0
0
2
0
0
0
0
0
2
0
0
0
0
0
2
0
0
0
0
0
2
0
0
0
0
0
2
0
0
0
0
0
2
0
0
0
0
0
2
0
0
0
0
0
2
0
0
0
0
0
2
0
0
0
0
0
2
0
0
0
0
0
2
0
0
0
0
0
2
0
0
0
0
0
2
0
0
0
0
0
2
0
0
0
0
0
2
0
0
0
0
0
2
0
0
0
0
0
2
0
0
0
0
0
2
0
0
0
0
0
2
0
0
0
0
0
723.3895,498.7069,10.6461,35.8096
723.4427,506.6931,10.5396,35.4515
723.3900,498.6306,10.6450,35.8060
723.3101,498.3621,10.8047,36.3431
723.3912,498.6346,10.6426,35.7979
727.3260,494.5837,10.6958,35.9769
731.2943,494.6737,10.6424,35.7970
731.2943,498.6153,10.6424,35.7970
731.3741,495.0013,10.4827,35.2601
731.4004,495.0894,10.4303,35.0838
731.4786,491.5474,10.2739,34.5575
731.4529,483.8127,10.3252,34.7303
731.5303,480.3064,10.1704,34.2094
731.5049,480.2209,10.2212,34.3804
731.5049,480.2209,10.2212,34.3804
731.4538,480.0490,10.3234,34.7242
735.2639,479.8753,10.4267,35.0715
735.3421,480.1384,10.2703,34.5454
739.1526,480.2247,10.2189,34.3727
739.1781,480.3107,10.1678,34.2008
742.9440,480.3107,10.1678,34.2008
742.9948,480.4817,10.0661,33.8588
746.7230,480.4817,10.0661,33.8588
750.4316,480.2277,10.2171,34.3667
750.4316,480.2277,10.2171,34.3667
754.2025,480.0559,10.3193,34.7103
754.2025,480.0559,10.3193,34.7103
758.0378,480.2295,10.2161,34.3632
758.0378,480.2295,10.2161,34.3632
757.9868,480.0576,10.3183,34.7069
757.9352,479.8841,10.4214,35.0539
757.9352,479.8841,10.4214,35.0539
757.9872,483.8806,10.3172,34.7034
757.9357,491.4259,10.4204,35.0504
757.9357,503.0041,10.4204,35.0504
2
0
0
0
0
0
2
0
0
0
0
0
2
0
0
0
0
0
2
0
0
0
0
0
2
0
0
0
0
0
2
0
0
0
0
0
2
0
0
0
0
0
2
0
0
0
0
0
2
0
0
0
0
0
2
0
0
0
0
0
2
0
0
0
0
0
2
0
0
0
0
0
2
0
0
0
0
0
2
0
0
0
0
0
2
0
0
0
0
0
2
0
0
0
0
0
2
0
0
0
0
0
2
0
0
0
0
0
2
0
0
0
0
0
2
0
0
0
0
0
2
0
0
0
0
0
2
0
0
0
0
0
2
0
0
0
0
0
2
0
0
0
0
0
2
0
0
0
0
0
2
0
0
0
0
0
2
0
0
0
0
0
2
0
0
0
0
0
2
0
0
0
0
0
2
0
0
0
0
0
2
0
0
0
0
0
2
0
0
0
0
0
2
0
0
0
0
0
2
0
0
0
0
0
2
0
0
0
0
0
2
0
0
0
0
0
2
0
0
0
0
0
2
0
0
0
0
0
2
0
0
0
0
0
2
0
0
0
0
0
2
0
0
0
0
0
2
0
0
0
0
0
2
0
0
0
0
0
2
0
0
0
0
0
2
0
0
0
0
0
2
0
0
0
0
0
2
0
0
0
0
0
2
0
0
0
0
0
2
0
0
0
0
0
2
0
0
0
0
0
2
0
0
0
0
0
2
0
0
0
0
0
2
0
0
0
0
0
2
0
0
0
0
0
2
0
0
0
0
0
2
0
0
0
0
0
2
0
0
0
0
0
2
0
0
0
0
0
2
0
0
0
0
0
2
0
0
0
0
0
2
0
0
0
0
0
2
0
0
0
0
0
2
0
0
0
0
0
2
0
0
0
0
0
2
0
0
0
0
0
2
0
0
0
0
0
2
0
0
0
0
0
2
0
0
0
0
0
2
0
0
0
0
0
2
0
0
0
0
0
2
0
0
0
0
0
2
0
0
0
0
0
2
0
0
0
0
0
2
0
0
0
0
0
2
0
0
0
0
0
2
0
0
0
0
0
2
0
0
0
0
0
2
0
0
0
0
0
2
0
0
0
0
0
2
0
0
0
0
0
2
0
0
0
0
0
2
0
0
0
0
0
2
0
0
0
0
0
2
0
0
0
0
0
2
0
0
0
0
0
2
0
0
0
0
0
2
0
0
0
0
0
2
0
0
0
0
0
2
0
0
0
0
0
2
0
0
0
0
0
2
0
0
0
0
0
2
0
0
0
0
0
2
0
0
0
0
0
2
0
0
0
0
0
2
0
0
0
0
0
2
0
0
0
0
0
2
0
0
0
0
0
2
0
0
0
0
0
2
0
0
0
0
0
2
0
0
0
0
0
2
0
0
0
0
0
2
0
0
0
0
0
2
0
0
0
0
0
2
0
0
0
0
0
2
0
0
0
0
0
2
0
0
0
0
0
2
0
0
0
0
0
2
0
0
0
0
0
2
0
0
0
0
0
2
0
0
0
0
0
2
0
0
0
0
0
2
0
0
0
0
0
2
0
0
0
0
0
2
0
0
0
0
0
2
0
0
0
0
0
2
0
0
0
0
0
2
0
0
0
0
0
2
0
0
0
0
0
2
0
0
0
0
0
2
0
0
0
0
0
2
0
0
0
0
0
2
0
0
0
0
0
2
0
0
0
0
0
2
0
0
0
0
0
2
0
0
0
0
0
2
0
0
0
0
0
2
0
0
0
0
0
2
0
0
0
0
0
2
0
0
0
0
0
2
0
0
0
0
0
2
0
0
0
0
0
2
0
0
0
0
0
2
0
0
0
0
0
2
0
0
0
0
0
2
0
0
0
0
0
2
0
0
0
0
0
2
0
0
0
0
0
2
0
0
0
0
0
2
0
0
0
0
0
2
0
0
0
0
0
2
0
0
0
0
0
2
0
0
0
0
0
2
0
0
0
0
0
2
0
0
0
0
0
2
0
0
0
0
0
2
0
0
0
0
0
2
0
0
0
0
0
2
0
0
0
0
0
2
0
0
0
0
