1
819.6925,399.3331,123.6150,236.1750
820.3105,384.5167,122.3789,233.8132
821.2284,370.5131,120.5432,230.3060
812.3275,360.7889,122.3513,233.7606
811.4099,342.8022,124.1866,237.2670
811.4099,326.5687,124.1866,237.2670
811.0994,317.8181,124.8075,238.4534
804.0005,311.5715,122.9354,234.8766
803.0785,301.6544,124.7794,238.3997
795.9811,295.4092,122.9077,234.8237
788.2954,288.0033,122.2932,233.6496
788.9069,289.1715,121.0703,231.3131
789.5122,274.6602,119.8596,229.0000
782.6947,268.6613,118.0617,225.5650
783.5801,262.7523,116.2907,222.1815
784.1616,256.3385,115.1278,219.9597
784.7372,249.9888,113.9766,217.7601
784.4523,241.9577,114.5464,218.8489
783.5932,232.7174,116.2646,222.1316
775.9942,225.1184,116.2646,222.1316
776.8662,219.2994,114.5207,218.7997
776.0073,217.6584,116.2385,222.0817
776.0073,210.0611,116.2385,222.0817
776.2979,203.0570,115.6573,220.9713
777.1653,197.2684,113.9224,217.6567
777.1653,189.8224,113.9224,217.6567
777.1653,182.3765,113.9224,217.6567
777.7349,176.0934,112.7832,215.4801
777.7349,168.7219,112.7832,215.4801
777.7349,161.3505,112.7832,215.4801
777.7349,161.3505,112.7832,215.4801
778.5808,155.7057,111.0915,212.2479
779.4140,150.1456,109.4251,209.0642
779.6876,150.6682,108.8780,208.0189
779.9598,151.1883,108.3336,206.9788
779.1473,149.6359,109.9586,210.0835
779.1473,142.4491,109.9586,210.0835
772.8929,144.0247,108.3092,206.9322
773.7052,138.6039,106.6846,203.8282
766.7324,138.6039,106.6846,203.8282
767.2658,132.7199,105.6177,201.7899
760.6613,133.2244,105.0896,200.7810
761.1867,127.4284,104.0387,198.7732
761.1867,120.6284,104.0387,198.7732
755.2690,115.4213,102.4781,195.7916
754.5005,113.9529,104.0153,198.7285
753.9804,106.0929,105.0555,200.7157
753.1925,104.5875,106.6313,203.7265
746.2231,104.5875,106.6313,203.7265
745.4234,103.0596,108.2308,206.7824
745.9645,104.0935,107.1485,204.7146
745.9645,104.0935,107.1485,204.7146
738.0527,95.4499,108.7557,207.7853
738.8683,97.0083,107.1244,204.6685
738.0649,95.4733,108.7312,207.7385
731.8804,97.0313,107.1003,204.6225
732.1481,90.5779,106.5648,203.5993
731.8818,90.0688,107.0976,204.6173
725.7902,91.6035,105.4911,201.5481
726.5813,86.3237,103.9088,198.5248
726.3215,85.8274,104.4283,199.5175
726.0605,85.3286,104.9504,200.5151
725.5357,84.3260,105.9999,202.5202
718.6076,84.3260,105.9999,202.5202
718.6076,84.3260,105.9999,202.5202
717.8126,82.8071,107.5899,205.5580
717.8126,82.8071,107.5899,205.5580
717.5436,82.2932,108.1279,206.5858
716.7327,80.7438,109.7498,209.6846
717.0071,81.2680,109.2011,208.6362
710.7958,82.8328,107.5630,205.5066
710.7958,89.8630,107.5630,205.5066
711.0647,90.3768,107.0252,204.4791
711.5999,91.3992,105.9550,202.4343
711.0701,90.3870,107.0145,204.4586
711.0701,83.3926,107.0145,204.4586
711.6052,84.4149,105.9444,202.4141
710.8105,82.8968,107.5335,205.4503
703.7822,82.8968,107.5335,205.4503
704.3199,83.9241,106.4582,203.3958
704.5861,84.4325,105.9259,202.3788
703.7916,82.9147,107.5148,205.4145
702.9852,88.5066,109.1275,208.4957
702.7124,87.9854,109.6732,209.5382
703.2608,89.0331,108.5764,207.4428
695.5504,87.9959,109.6622,209.5172
696.3729,89.5672,108.0173,206.3745
695.5627,95.1853,109.6375,209.4701
689.0168,96.2326,108.5412,207.3754
688.2027,94.6773,110.1693,210.4860
681.9364,96.2560,108.5167,207.3287
681.9364,96.2560,108.5167,207.3287
681.9364,96.2560,108.5167,207.3287
675.7640,90.8247,106.8890,204.2188
676.0312,91.3353,106.3545,203.1977
675.2336,89.8113,107.9499,206.2457
674.4240,95.4258,109.5691,209.3393
667.8821,96.4725,108.4734,207.2459
667.8821,96.4725,108.4734,207.2459
667.0685,102.1143,110.1005,210.3546
667.3438,102.6402,109.5500,209.3029
666.5222,108.3379,111.1933,212.4424
660.1976,109.9312,109.5254,209.2558
660.4714,110.4544,108.9777,208.2095
661.0163,111.4954,107.8880,206.1274
660.4768,117.5868,108.9668,208.1887
659.9320,116.5459,110.0565,210.2706
653.6721,118.1229,108.4057,207.1165
654.4851,119.6763,106.7796,204.0098
653.6843,118.1462,108.3813,207.0699
653.6843,118.1462,108.3813,207.0699
653.1424,117.1108,109.4651,209.1406
653.1424,117.1108,109.4651,209.1406
645.9878,117.1108,109.4651,209.1406
645.7141,116.5880,110.0124,210.1863
646.5392,125.2469,108.3622,207.0335
646.2683,124.7293,108.9040,208.0687
639.1504,131.8472,108.9040,208.0687
639.4227,132.3674,108.3595,207.0283
639.6935,132.8850,107.8177,205.9932
639.4240,132.3700,108.3568,207.0231
632.6482,132.8875,107.8150,205.9880
632.6482,139.9343,107.8150,205.9880
625.9062,140.4492,107.2759,204.9581
626.4426,141.4740,106.2032,202.9085
620.4019,142.9958,104.6101,199.8649
621.1865,144.4948,103.0410,196.8669
621.9592,145.9713,101.4954,193.9139
615.8994,146.9409,100.4804,191.9748
616.4018,147.9008,99.4756,190.0550
615.9044,146.9505,100.4704,191.9556
615.4020,145.9907,101.4751,193.8751
614.6410,151.2685,102.9972,196.7832
607.6180,150.7765,103.5122,197.7672
607.6180,157.5420,103.5122,197.7672
608.1356,158.5309,102.4771,195.7895
608.1356,158.5309,102.4771,195.7895
607.3669,163.8608,104.0142,198.7263
606.5869,162.3703,105.5744,201.7072
607.1147,163.3789,104.5187,199.6902
607.8986,164.8765,102.9509,196.6948
607.3839,170.6892,103.9804,198.6618
607.6438,171.1858,103.4605,197.6684
607.6438,171.1858,103.4605,197.6684
601.7591,172.6683,101.9086,194.7034
601.5043,172.1816,102.4181,195.6769
601.5043,172.1816,102.4181,195.6769
601.5043,172.1816,102.4181,195.6769
601.7604,172.6708,101.9061,194.6985
601.5056,172.1840,102.4156,195.6720
594.8118,172.1840,102.4156,195.6720
594.2997,177.9664,103.4397,197.6288
594.5583,178.4605,102.9225,196.6406
594.5583,178.4605,102.9225,196.6406
594.5583,185.1875,102.9225,196.6406
588.7042,186.6623,101.3787,193.6910
588.9576,187.1465,100.8718,192.7226
588.9576,187.1465,100.8718,192.7226
583.2201,188.5919,99.3587,189.8317
583.2201,188.5919,99.3587,189.8317
577.5687,190.0157,97.8683,186.9842
577.3240,189.5482,98.3577,187.9192
577.3240,189.5482,98.3577,187.9192
577.0781,189.0784,98.8495,188.8588
570.8968,189.5505,98.3552,187.9145
571.1426,190.0203,97.8635,186.9749
571.1426,190.0203,97.8635,186.9749
570.4087,195.1103,99.3314,189.7795
569.6637,193.6869,100.8214,192.6262
569.1596,199.3793,101.8296,194.5525
561.9283,198.4066,102.8479,196.4980
562.1855,198.8978,102.3336,195.5155
561.6738,204.6756,103.3570,197.4707
561.9322,205.1693,102.8402,196.4833
562.7035,206.6429,101.2976,193.5361
563.4633,208.0944,99.7781,190.6330
563.9621,209.0476,98.7803,188.7267
564.4561,209.9912,97.7925,186.8394
563.9670,209.0570,98.7705,188.7078
564.7078,210.4723,97.2889,185.8772
565.1943,211.4017,96.3160,184.0184
565.6758,212.3218,95.3529,182.1782
565.1991,211.4109,96.3064,184.0000
565.1991,211.4109,96.3064,184.0000
565.1991,211.4109,96.3064,184.0000
564.7176,210.4909,97.2695,185.8400
563.9880,215.5499,98.7285,188.6276
564.2349,216.0215,98.2349,187.6845
564.4805,216.4907,97.7437,186.7461
564.2361,222.4443,98.2324,187.6798
563.7449,221.5059,99.2147,189.5566
563.7449,221.5059,99.2147,189.5566
564.4891,222.9276,97.7265,186.7132
564.2448,228.8801,98.2151,187.6468
563.9992,228.4109,98.7062,188.5851
564.7395,229.8253,97.2256,185.7563
565.2256,230.7541,96.2534,183.8987
565.7069,231.6736,95.2908,182.0597
566.4216,233.0390,93.8615,179.3288
572.9643,233.9357,92.9229,177.5355
572.9643,233.9357,92.9229,177.5355
573.4289,234.8234,91.9936,175.7602
579.0417,233.9446,92.9136,177.5178
579.0417,240.0174,92.9136,177.5178
584.7106,239.1298,93.8427,179.2930
584.7106,245.2633,93.8427,179.2930
590.8441,245.2633,93.8427,179.2930
590.3749,244.3668,94.7811,181.0859
595.9518,249.2964,96.2028,183.8022
602.2396,249.2964,96.2028,183.8022
601.7586,248.3774,97.1649,185.6402
608.1093,248.3774,97.1649,185.6402
613.8264,253.4310,98.6223,188.4248
620.0580,252.9600,99.1155,189.3669
626.5361,252.9600,99.1155,189.3669
633.4451,253.9068,98.1243,187.4733
640.4981,255.3129,96.6524,184.6612
640.9814,256.2361,95.6859,182.8145
647.4433,256.6932,95.2075,181.9005
654.0798,257.6027,94.2554,180.0815
654.5511,258.5031,93.3129,178.2807
660.2444,257.6117,94.2460,180.0635
665.9947,256.7114,95.1884,181.8641
665.2808,261.6622,96.6163,184.5921
671.1756,260.7392,97.5824,186.4380
670.6877,266.2487,98.5583,188.3024
676.4869,264.8365,100.0366,191.1269
677.2371,266.2699,98.5361,188.2600
683.4633,265.7993,99.0288,189.2013
689.5053,264.8533,100.0191,191.0933
689.5053,264.8533,100.0191,191.0933
695.6078,270.5004,101.0192,193.0042
695.1027,269.5354,102.0294,194.9343
695.8679,270.9974,100.4990,192.0103
703.0917,272.4374,98.9915,189.1301
703.0917,272.4374,98.9915,189.1301
709.3466,271.9646,99.4865,190.0758
710.0927,273.3902,97.9942,187.2246
716.4976,266.9854,97.9942,187.2246
722.9024,266.9854,97.9942,187.2246
723.6374,274.6983,96.5243,184.4163
729.7364,274.2373,97.0069,185.3383
729.7364,274.2373,97.0069,185.3383
736.7092,275.6273,95.5518,182.5583
742.3314,280.5970,96.9850,185.2966
741.8465,279.6705,97.9549,187.1496
747.8230,278.7348,98.9344,189.0211
753.6443,283.8804,100.4185,191.8564
752.8912,282.4415,101.9247,194.7343
759.5529,282.4415,101.9247,194.7343
766.2147,289.1032,101.9247,194.7343
773.3194,290.0769,100.9055,192.7869
780.5724,291.5228,99.3919,189.8951
780.0754,297.1345,100.3858,191.7941
787.2911,298.5730,98.8800,188.9172
794.1836,299.5175,97.8912,187.0280
793.6942,298.5824,98.8702,188.8983
794.1885,299.5269,97.8815,187.0093
794.1885,305.9244,97.8815,187.0093
800.1605,304.9893,98.8603,188.8794
800.4077,305.4615,98.3660,187.9350
800.4077,305.4615,98.3660,187.9350
799.6699,310.5776,99.8415,190.7540
799.1707,309.6238,100.8399,192.6615
798.6666,308.6605,101.8483,194.5882
797.9027,313.9577,103.3760,197.5070
798.1611,314.4515,102.8591,196.5194
798.4183,314.9428,102.3448,195.5368
791.4398,321.1766,102.8565,196.5145
790.6683,319.7027,104.3994,199.4622
789.8853,318.2068,105.9654,202.4542
789.8853,318.2068,105.9654,202.4542
789.0906,323.7181,107.5549,205.4910
782.9730,325.2592,105.9415,202.4086
783.5027,326.2713,104.8821,200.3845
784.2893,327.7742,103.3089,197.3788
784.2893,334.5264,103.3089,197.3788
778.1212,335.5133,102.2758,195.4050
777.3541,334.0478,103.8099,198.3361
778.1326,335.5353,102.2528,195.3610
777.3658,334.0701,103.7866,198.2914
778.1442,335.5573,102.2298,195.3171
785.4924,337.0221,100.6963,192.3873
785.9958,337.9841,99.6894,190.4634
786.4943,338.9364,98.6925,188.5588
780.8807,346.7043,97.2121,185.7304
780.6377,346.2400,97.6982,186.6591
779.9050,344.8401,99.1636,189.4590
780.6487,346.2610,97.6762,186.6171
779.9161,351.3412,99.1413,189.4163
779.9161,351.3412,99.1413,189.4163
785.9650,350.3941,100.1327,191.3105
785.2141,348.9593,101.6347,194.1801
785.2141,348.9593,101.6347,194.1801
785.9763,350.4156,100.1102,191.2674
786.7271,351.8501,98.6085,188.3984
786.7271,351.8501,98.6085,188.3984
786.4806,351.3791,99.1016,189.3404
792.5271,350.4324,100.0926,191.2338
793.2778,345.4228,98.5912,188.3653
793.7708,346.3647,97.6053,186.4817
794.5028,347.7632,96.1412,183.6844
793.7817,346.3856,97.5833,186.4397
793.7817,346.3856,97.5833,186.4397
794.2697,347.3178,96.6075,184.5753
794.5112,347.7793,96.1245,183.6524
787.9568,347.3201,96.6051,184.5707
787.2322,345.9359,98.0542,187.3393
786.7420,344.9991,99.0347,189.2127
786.7420,338.5263,99.0347,189.2127
780.8290,339.4724,98.0444,187.3205
780.8290,339.4724,98.0444,187.3205
774.9752,334.0649,97.0639,185.4473
774.4899,333.1377,98.0346,187.3018
767.2510,325.2293,99.5051,190.1113
760.4661,324.7540,100.0026,191.0619
759.9661,317.1972,101.0026,192.9725
753.9357,318.1621,99.9926,191.0428
748.2482,313.1575,98.4927,188.1771
742.6460,308.2280,97.0153,185.3545
737.1279,303.3723,95.5601,182.5742
736.6501,296.1513,96.5157,184.3999
731.1603,291.3207,95.0680,181.6339
730.6850,290.4125,96.0186,183.4502
723.5950,282.6668,97.4589,186.2020
718.0516,277.7890,95.9970,183.4090
717.5717,276.8719,96.9570,185.2431
710.6865,275.9457,97.9266,187.0955
705.1165,271.0445,96.4577,184.2890
697.9940,269.6623,97.9045,187.0534
697.9940,263.2633,97.9045,187.0534
691.0416,255.8651,98.8836,188.9239
691.7831,250.9160,97.4003,186.0901
686.2431,239.7706,95.9393,183.2987
686.9626,234.9688,94.5002,180.5492
681.5876,230.2391,93.0827,177.8410
682.0530,225.1053,92.1519,176.0626
676.5510,214.0601,91.2304,174.3020
671.1040,209.0285,90.3181,172.5589
671.1040,203.1253,90.3181,172.5589
665.9668,204.4195,88.9633,169.9706
666.4116,199.5129,88.0737,168.2708
661.4020,200.7749,86.7526,165.7468
661.4020,200.7749,86.7526,165.7468
661.4020,200.7749,86.7526,165.7468
654.9963,193.7767,88.0539,168.2330
649.9879,189.3696,86.7331,165.7095
644.5642,184.1434,86.2994,164.8810
638.1918,177.1817,87.5939,167.3542
632.7144,171.9036,87.1559,166.5174
626.7715,165.7624,87.5917,167.3500
621.2942,160.4844,87.1537,166.5132
615.8442,149.5650,86.7180,165.6807
610.1764,143.8972,86.7180,165.6807
604.2634,137.7868,87.1516,166.5091
592.8710,126.3945,87.1516,166.5091
586.9285,125.9782,87.5873,167.3416
581.6990,121.1475,86.7114,165.6682
576.0316,121.1475,86.7114,165.6682
565.2437,116.3651,85.8443,164.0115
559.6329,116.3651,85.8443,164.0115
554.5076,117.1851,84.9859,162.3714
548.9529,117.1851,84.9859,162.3714
543.8788,117.9970,84.1360,160.7477
538.6175,112.9273,83.7153,159.9439
533.8558,108.7373,82.4596,157.5448
529.1656,104.6102,81.2227,155.1816
524.0865,99.7161,80.8166,154.4057
519.0329,94.8464,80.4125,153.6337
514.0045,95.2304,80.0105,152.8655
513.6044,94.4661,80.8106,154.3942
508.3227,89.1844,80.8106,154.3942
502.5841,93.7470,81.6187,155.9381
502.5841,93.7470,81.6187,155.9381
497.2495,99.0815,81.6187,155.9381
497.0455,98.6917,82.0268,156.7178
497.0455,98.6917,82.0268,156.7178
491.6842,93.3304,82.0268,156.7178
491.8893,93.7222,81.6166,155.9342
491.8893,93.7222,81.6166,155.9342
491.8893,93.7222,81.6166,155.9342
491.8893,93.7222,81.6166,155.9342
486.5549,93.7222,81.6166,155.9342
486.5549,93.7222,81.6166,155.9342
486.5549,99.0567,81.6166,155.9342
485.9428,97.8872,82.8409,158.2732
485.9428,103.3016,82.8409,158.2732
480.2942,102.9059,83.2551,159.0646
479.8779,107.6065,84.0876,160.6552
474.3820,107.6065,84.0876,160.6552
474.8024,108.4098,83.2468,159.0487
474.3862,107.6145,84.0792,160.6392
468.8908,113.1099,84.0792,160.6392
468.6806,112.7083,84.4996,161.4424
469.1031,113.5155,83.6546,159.8279
468.4757,112.3168,84.9094,162.2254
462.2060,116.7330,86.1831,164.6587
462.2060,116.7330,86.1831,164.6587
462.2060,116.7330,86.1831,164.6587
462.2060,122.3659,86.1831,164.6587
462.6369,123.1892,85.3213,163.0121
462.2103,128.0064,86.1745,164.6423
462.4257,128.4180,85.7436,163.8191
461.9970,133.2591,86.6010,165.4572
461.9970,133.2591,86.6010,165.4572
462.4300,134.0864,85.7350,163.8027
462.4300,134.0864,85.7350,163.8027
462.8587,134.9054,84.8777,162.1646
462.8587,134.9054,84.8777,162.1646
462.8587,140.4530,84.8777,162.1646
462.2221,139.2368,86.1508,164.5971
462.8682,140.4713,84.8586,162.1282
462.4439,139.6606,85.7072,163.7495
456.8422,139.6606,85.7072,163.7495
457.2707,140.4794,84.8501,162.1120
456.8465,145.2700,85.6986,163.7331
457.0607,145.6794,85.2701,162.9144
457.0607,151.2525,85.2701,162.9144
457.0607,151.2525,85.2701,162.9144
456.6343,156.0669,86.1228,164.5435
456.4190,155.6556,86.5534,165.3663
451.2513,156.4824,85.6879,163.7126
451.2513,156.4824,85.6879,163.7126
450.6086,160.9391,86.9732,166.1683
449.9563,159.6928,88.2778,168.6608
450.3977,160.5361,87.3950,166.9742
450.3977,160.5361,87.3950,166.9742
450.3977,166.2482,87.3950,166.9742
450.3977,166.2482,87.3950,166.9742
450.3977,171.9603,87.3950,166.9742
450.6162,172.3777,86.9580,166.1393
449.9640,176.9005,88.2624,168.6314
449.7434,176.4789,88.7037,169.4746
455.1555,181.4871,89.5908,171.1693
455.6034,182.3430,88.6948,169.4576
455.6034,182.3430,88.6948,169.4576
455.6034,188.1400,88.6948,169.4576
461.4005,188.1400,88.6948,169.4576
461.4005,188.1400,88.6948,169.4576
461.4005,193.9371,88.6948,169.4576
467.5830,194.7844,87.8079,167.7631
467.5830,194.7844,87.8079,167.7631
468.0221,195.6232,86.9298,166.0854
468.6740,196.8688,85.6259,163.5941
473.7122,201.3223,86.9103,166.0481
473.0604,200.0769,88.2139,168.5388
473.0604,205.8425,88.2139,168.5388
473.0604,205.8425,88.2139,168.5388
473.0604,205.8425,88.2139,168.5388
478.8260,211.6081,88.2139,168.5388
478.3849,210.7654,89.0961,170.2242
477.9395,215.7958,89.9870,171.9264
477.9395,215.7958,89.9870,171.9264
477.4895,214.9362,90.8869,173.6457
477.9440,215.8044,89.9780,171.9092
483.4338,220.8846,90.8778,173.6283
482.9794,220.0165,91.7866,175.3646
482.5205,219.1396,92.7044,177.1182
482.9840,220.0252,91.7774,175.3471
483.4429,220.9020,90.8596,173.5936
483.8972,221.7699,89.9510,171.8577
484.3470,222.6292,89.0515,170.1391
483.9017,227.6571,89.9420,171.8405
489.3893,226.7979,90.8415,173.5589
489.3893,226.7979,90.8415,173.5589
489.3893,232.7352,90.8415,173.5589
489.3893,232.7352,90.8415,173.5589
489.8435,233.6030,89.9330,171.8233
495.3306,232.7439,90.8324,173.5415
495.1035,232.3101,91.2865,174.4092
494.4189,231.0020,92.6558,177.0254
494.4189,231.0020,92.6558,177.0254
500.2735,230.5594,93.1191,177.9105
500.5063,231.0042,92.6535,177.0209
499.8114,229.6765,94.0433,179.6763
499.5763,229.2274,94.5135,180.5746
499.5763,229.2274,94.5135,180.5746
499.8126,223.5323,94.0410,179.6718
499.5775,229.2603,94.5112,180.5701
499.5775,229.2603,94.5112,180.5701
498.8686,227.9061,95.9288,183.2787
498.8686,227.9061,95.9288,183.2787
499.5881,229.2807,94.4899,180.5295
498.8794,234.1951,95.9072,183.2374
498.8794,234.1951,95.9072,183.2374
498.8794,234.1951,95.9072,183.2374
498.8794,234.1951,95.9072,183.2374
499.3589,235.1113,94.9482,181.4051
500.0710,230.3592,93.5240,178.6840
500.5387,231.2526,92.5887,176.8971
500.0757,230.3681,93.5146,178.6661
500.5433,231.2615,92.5795,176.8795
500.5433,231.2615,92.5795,176.8795
500.5433,231.2615,92.5795,176.8795
506.5942,231.2615,92.5795,176.8795
506.5942,237.3124,92.5795,176.8795
506.5942,237.3124,92.5795,176.8795
506.5942,237.3124,92.5795,176.8795
512.6452,237.3124,92.5795,176.8795
512.6452,237.3124,92.5795,176.8795
518.6962,237.3124,92.5795,176.8795
518.6962,237.3124,92.5795,176.8795
524.7471,237.3124,92.5795,176.8795
530.7980,237.3124,92.5795,176.8795
530.7980,237.3124,92.5795,176.8795
536.8490,237.3124,92.5795,176.8795
536.8490,237.3124,92.5795,176.8795
542.8999,237.3124,92.5795,176.8795
542.8999,243.3633,92.5795,176.8795
548.9509,243.3633,92.5795,176.8795
548.9509,243.3633,92.5795,176.8795
554.5994,248.5904,93.5052,178.6482
555.0670,249.4836,92.5702,176.8618
561.1173,249.4836,92.5702,176.8618
560.6544,254.7102,93.4959,178.6304
566.7653,254.7102,93.4959,178.6304
572.8761,254.7102,93.4959,178.6304
578.3774,253.3705,94.8983,181.3098
579.0892,254.7303,93.4749,178.5902
585.1986,254.7303,93.4749,178.5902
590.9018,253.8373,94.4096,180.3761
596.8672,253.3864,94.8817,181.2780
597.5788,254.7460,93.4584,178.5588
603.6872,254.7460,93.4584,178.5588
609.1863,259.6068,94.8603,181.2372
609.4235,260.0599,94.3860,180.3310
616.0027,267.0689,93.4422,178.5277
621.9070,266.6226,93.9094,179.4203
627.8408,272.3426,94.3789,180.3174
634.6246,273.6949,92.9632,177.6127
641.3067,275.0270,91.5688,174.9485
646.8936,280.1970,92.4845,176.6980
653.5413,281.5222,91.0972,174.0475
665.9540,282.8276,89.7307,171.4368
671.8188,288.6924,89.7307,171.4368
671.8188,288.6924,89.7307,171.4368
677.8785,294.9564,89.2821,170.5796
683.3259,294.1035,90.1749,172.2854
689.6116,294.9649,89.2732,170.5625
689.1653,294.1121,90.1659,172.2682
695.0585,300.0053,90.1659,172.2682
695.0585,300.0053,90.1659,172.2682
700.9517,300.0053,90.1659,172.2682
706.8448,300.0053,90.1659,172.2682
706.8448,305.8985,90.1659,172.2682
712.7381,305.8985,90.1659,172.2682
712.7381,311.7917,90.1659,172.2682
718.0434,310.4997,91.5184,174.8522
724.6217,311.8111,90.1456,172.2294
730.5135,311.8111,90.1456,172.2294
730.9643,312.6722,89.2441,170.5071
736.4094,311.8197,90.1366,172.2122
741.9089,310.9586,91.0380,173.9343
747.8590,310.9586,91.0380,173.9343
753.6114,316.5037,91.4931,174.8040
759.5913,316.5037,91.4931,174.8040
765.7701,316.9407,91.0357,173.9299
771.7202,322.8908,91.0357,173.9299
771.0374,321.5863,92.4012,176.5389
777.4783,328.4479,91.4772,174.7735
777.7070,328.8849,91.0198,173.8996
784.2494,336.0489,89.6545,171.2912
790.6937,337.3336,88.3097,168.7218
796.6575,337.7553,87.8681,167.8782
802.5914,343.8893,87.4288,167.0388
807.7358,342.6366,88.7402,169.5444
813.5358,342.6366,88.7402,169.5444
819.3358,348.4366,88.7402,169.5444
825.1358,348.4366,88.7402,169.5444
831.3215,355.0263,87.8528,167.8489
831.3215,355.0263,87.8528,167.8489
837.0635,355.0263,87.8528,167.8489
837.0635,355.0263,87.8528,167.8489
842.8055,355.0263,87.8528,167.8489
842.8055,355.0263,87.8528,167.8489
848.5475,355.0263,87.8528,167.8489
848.5475,355.0263,87.8528,167.8489
853.9077,359.9865,88.7314,169.5274
859.3215,359.1389,89.6187,171.2227
858.8734,358.2827,90.5149,172.9349
864.1993,356.9857,91.8726,175.5289
863.5103,355.6693,93.2507,178.1619
869.4024,349.0986,93.7169,179.0527
868.9338,348.2033,94.6541,180.8432
868.9338,348.2033,94.6541,180.8432
874.5033,340.5677,96.0739,183.5558
880.3651,339.6499,97.0347,185.3914
880.1224,332.8126,97.5198,186.3184
880.1224,332.8126,97.5198,186.3184
886.4963,326.4387,97.5198,186.3184
886.0087,325.5071,98.4950,188.1815
892.8744,326.4480,97.5101,186.2997
893.3619,321.0700,96.5350,184.4367
899.0421,319.6868,97.9830,187.2033
899.0421,319.6868,97.9830,187.2033
899.7769,321.0908,96.5133,184.3952
906.0850,314.7827,96.5133,184.3952
912.3930,314.7827,96.5133,184.3952
918.7010,308.4747,96.5133,184.3952
924.3799,307.0917,97.9610,187.1612
930.7826,300.6890,97.9610,187.1612
937.3981,294.7863,97.4711,186.2254
936.9108,293.8552,98.4459,188.0876
943.3452,287.4208,98.4459,188.0876
950.4213,282.4936,96.9692,185.2663
956.3378,275.1660,97.9389,187.1190
955.8480,274.2304,98.9183,188.9902
961.6684,266.2508,100.4020,191.8250
960.9153,264.8121,101.9081,194.7024
968.2404,259.7116,100.3794,191.7818
967.4875,258.2733,101.8851,194.6586
973.9253,257.7866,102.3946,195.6319
974.6933,252.6618,100.8586,192.6974
973.9368,251.2165,102.3715,195.5878
973.9368,244.5256,102.3715,195.5878
981.2952,239.4019,100.8359,192.6540
982.0515,234.3551,99.3234,189.7642
982.7964,229.3840,97.8335,186.9178
988.7655,228.4494,98.8119,188.7869
988.0244,220.4783,100.2941,191.6187
987.2722,212.3877,101.7985,194.4930
988.0357,207.2927,100.2715,191.5756
988.7878,202.2741,98.7674,188.7020
988.2939,194.8107,99.7551,190.5890
989.0421,189.8179,98.2588,187.7302
989.7791,191.2259,96.7849,184.9142
990.2629,185.8879,95.8170,183.0651
990.5025,186.3456,95.3380,182.1497
991.2175,181.5740,93.9079,179.4175
984.2834,173.9985,95.3165,182.1088
984.9982,169.2279,93.8868,179.3771
984.9982,163.0915,93.8868,179.3771
984.9982,163.0915,93.8868,179.3771
984.9982,156.9551,93.8868,179.3771
978.8619,150.8187,93.8868,179.3771
979.5660,146.1197,92.4785,176.6865
979.7972,140.5473,92.0161,175.8031
974.5634,135.9419,90.6358,173.1660
973.8837,134.6432,91.9954,175.7635
967.8709,128.6304,91.9954,175.7635
968.5609,124.0261,90.6154,173.1270
961.8698,122.7276,91.9747,175.7240
962.5596,118.1243,90.5950,173.0881
956.6384,118.1243,90.5950,173.0881
950.9732,112.6654,90.1421,172.2227
944.8268,112.2348,90.5928,173.0838
944.8268,106.3137,90.5928,173.0838
938.9057,106.3137,90.5928,173.0838
932.9846,100.3926,90.5928,173.0838
932.9846,100.3926,90.5928,173.0838
927.0635,94.4715,90.5928,173.0838
921.6546,89.4751,89.6869,171.3529
922.1030,84.5286,88.7900,169.6394
916.2997,78.7253,88.7900,169.6394
910.7474,73.3752,88.3460,168.7912
904.4738,72.5312,89.2295,170.4791
899.1462,67.6099,88.3372,168.7743
893.3726,67.6099,88.3372,168.7743
888.0983,62.7379,87.4538,167.0866
882.3824,62.7379,87.4538,167.0866
876.6664,62.7379,87.4538,167.0866
870.9505,57.0219,87.4538,167.0866
871.6064,58.2751,86.1420,164.5803
866.7067,53.9637,84.8499,162.1116
860.4414,52.7478,86.1226,164.5432
855.2994,47.9979,85.2614,162.8978
850.4498,43.7306,83.9825,160.4543
844.4859,42.9283,84.8223,162.0589
844.4859,37.3844,84.8223,162.0589
839.6613,33.1390,83.5500,159.6280
833.7281,32.3409,84.3855,161.2243
828.2128,26.8255,84.3855,161.2243
822.6974,26.8255,84.3855,161.2243
817.8976,22.6020,83.1197,158.8059
807.5566,23.3961,82.2885,157.2179
802.6434,24.1821,81.4656,155.6457
797.7795,19.6891,80.6510,154.0892
793.1921,20.8447,79.4412,151.7779
783.3087,21.6036,78.6468,150.2601
778.1684,21.6036,78.6468,150.2601
773.4727,17.2660,77.8603,148.7575
763.5404,17.6379,77.4710,148.0137
758.4770,12.5745,77.4710,148.0137
752.9755,11.8344,78.2457,149.4939
742.9941,7.1196,77.8545,148.7464
737.9055,2.0311,77.8545,148.7464
727.2374,1.2873,78.6330,150.2339
722.3203,-3.4508,78.2399,149.4827
712.8331,-2.3297,77.0663,147.2404
707.7961,-7.3667,77.0663,147.2404
698.4512,-6.2624,75.9103,145.0318
693.0605,-6.9876,76.6694,146.4822
683.0384,-6.9876,76.6694,146.4822
673.7416,-5.8889,75.5193,144.2849
668.5922,-6.2496,75.8969,145.0063
659.3891,-5.1621,74.7585,142.8313
654.2916,-5.5192,75.1323,143.5454
644.7073,-10.0464,74.7566,142.8277
640.4552,-8.9752,73.6353,140.6853
630.8297,-8.9752,73.6353,140.6853
626.4332,-13.0364,72.8989,139.2784
616.4442,-13.7328,73.6279,140.6712
611.6319,-13.7328,73.6279,140.6712
602.4717,-17.7936,72.8916,139.2645
598.3257,-16.7491,71.7982,137.1755
593.8360,-16.4061,71.4393,136.4896
584.4975,-16.4061,71.4393,136.4896
579.8283,-16.4061,71.4393,136.4896
574.5532,-17.4298,72.5108,138.5370
570.2239,-16.7371,71.7857,137.1516
565.1262,-12.6841,72.5036,138.5231
559.7725,-13.7230,73.5911,140.6010
554.7546,-14.0745,73.9591,141.3040
550.5479,-13.0147,72.8497,139.1844
550.1837,-13.7107,73.5782,140.5763
544.7506,-14.7650,74.6819,142.6849
544.7506,-14.7650,74.6819,142.6849
544.7506,-14.7650,74.6819,142.6849
544.9373,-19.2650,74.3085,141.9715
544.9373,-19.2650,74.3085,141.9715
545.4946,-18.2002,73.1939,139.8419
545.4946,-18.2002,73.1939,139.8419
545.4946,-18.2002,73.1939,139.8419
550.2786,-18.2002,73.1939,139.8419
550.6445,-17.5010,72.4619,138.4435
555.0657,-13.4098,73.1865,139.8279
560.0081,-13.0603,72.8206,139.1288
559.8260,-13.4081,73.1847,139.8244
564.7684,-13.0585,72.8188,139.1253
569.5278,-13.0585,72.8188,139.1253
569.5278,-13.0585,72.8188,139.1253
574.2872,-13.0585,72.8188,139.1253
579.5214,-12.0151,71.7265,137.0384
583.8976,-12.7003,72.4438,138.4088
583.7166,-13.0463,72.8060,139.1009
588.4751,-13.0463,72.8060,139.1009
593.5501,-12.3508,72.0779,137.7099
593.3699,-12.6951,72.4383,138.3984
597.9470,-13.0411,72.8005,139.0904
598.1290,-12.6933,72.4365,138.3949
602.5486,-13.3853,73.1609,139.7789
603.0973,-12.3370,72.0635,137.6822
607.8073,-7.6269,72.0635,137.6822
607.2668,-8.6595,73.1444,139.7474
612.2065,-8.3102,72.7787,139.0487
612.5704,-7.6149,72.0509,137.6582
617.5927,-2.2645,71.3304,136.2816
617.9494,-1.5831,70.6171,134.9188
622.5649,-1.5831,70.6171,134.9188
622.3884,-1.9204,70.9702,135.5934
627.0269,-1.9204,70.9702,135.5934
626.6721,-2.5984,71.6799,136.9494
631.0455,-3.2831,72.3967,138.3188
631.0455,-3.2831,72.3967,138.3188
635.7773,-3.2831,72.3967,138.3188
635.4153,-3.9747,73.1206,139.7020
635.4153,-3.9747,73.1206,139.7020
640.1945,0.8044,73.1206,139.7020
640.7429,1.8522,72.0238,137.6065
645.4503,6.5596,72.0238,137.6065
645.0901,5.8716,72.7441,138.9826
650.1608,6.5665,72.0166,137.5927
650.5209,7.2545,71.2965,136.2168
655.1808,7.2545,71.2965,136.2168
660.1506,7.9355,70.5835,134.8546
660.3271,8.2727,70.2306,134.1804
664.9173,8.2727,70.2306,134.1804
669.8128,8.9436,69.5283,132.8386
669.4651,8.2794,70.2236,134.1669
674.0549,8.2794,70.2236,134.1669
674.0549,8.2794,70.2236,134.1669
679.1025,9.2856,69.1702,132.1544
683.4731,8.9552,69.5161,132.8152
683.2993,8.6232,69.8636,133.4793
687.8656,8.6232,69.8636,133.4793
688.2149,9.2906,69.1650,132.1445
692.7355,13.8112,69.1650,132.1445
692.7355,13.8112,69.1650,132.1445
697.7070,14.8023,68.1275,130.1623
702.1598,14.8023,68.1275,130.1623
702.5004,15.4531,67.4462,128.8607
707.3484,16.4195,66.4346,126.9278
711.9793,17.0542,65.7702,125.6585
711.9793,17.0542,65.7702,125.6585
716.2780,21.3529,65.7702,125.6585
720.5767,21.3529,65.7702,125.6585
724.5895,20.7246,66.4279,126.9151
724.5895,16.3829,66.4279,126.9151
728.4982,15.4310,67.4243,128.8188
732.6119,14.7869,68.0986,130.1070
732.9524,15.4375,67.4176,128.8060
736.9193,18.9439,68.4288,130.7380
741.0943,18.2902,69.1131,132.0454
741.6127,19.2806,68.0764,130.0647
746.0621,19.2806,68.0764,130.0647
750.0677,22.8213,69.0976,132.0157
754.4337,22.4912,69.4431,132.6758
759.2743,23.1546,68.7486,131.3490
763.4689,22.4979,69.4361,132.6625
768.0072,22.4979,69.4361,132.6625
772.0928,21.5029,70.4777,134.6525
771.7404,20.8296,71.1824,135.9990
776.0835,20.1496,71.8943,137.3590
780.3137,19.1194,72.9727,139.4194
784.7660,18.4223,73.7024,140.8136
784.3975,17.7183,74.4394,142.2217
789.2628,17.7183,74.4394,142.2217
793.8046,17.0072,75.1838,143.6439
793.8046,17.0072,75.1838,143.6439
798.7186,17.0072,75.1838,143.6439
799.0945,17.7254,74.4320,142.2075
803.9594,22.5902,74.4320,142.2075
809.3094,23.6568,73.3155,140.0744
809.6760,24.3571,72.5824,138.6736
814.4200,24.3571,72.5824,138.6736
814.0571,23.6638,73.3082,140.0603
818.8484,23.6638,73.3082,140.0603
823.6398,23.6638,73.3082,140.0603
823.2733,22.9635,74.0413,141.4610
827.7908,22.2562,74.7817,142.8756
832.5159,21.8990,75.1556,143.5899
832.7038,22.2580,74.7798,142.8720
837.5914,22.2580,74.7798,142.8720
837.4044,21.9008,75.1537,143.5863
842.3165,21.9008,75.1537,143.5863
842.8801,22.9777,74.0264,141.4326
847.7184,22.9777,74.0264,141.4326
848.0886,23.6848,73.2861,140.0182
852.8785,23.6848,73.2861,140.0182
853.2449,24.3849,72.5533,138.6180
857.9870,29.1270,72.5533,138.6180
857.9870,29.1270,72.5533,138.6180
863.2020,30.1666,71.4650,136.5388
863.0234,29.8253,71.8223,137.2215
867.7177,29.8253,71.8223,137.2215
871.9437,28.7961,72.8996,139.2798
871.7614,28.4479,73.2641,139.9762
876.0723,27.3981,74.3631,142.0758
875.7004,26.6877,75.1067,143.4966
880.6094,26.6877,75.1067,143.4966
885.0287,25.6115,76.2333,145.6490
884.8381,25.2474,76.6145,146.3773
884.8381,25.2474,76.6145,146.3773
884.8381,25.2474,76.6145,146.3773
884.8381,25.2474,76.6145,146.3773
884.8381,25.2474,76.6145,146.3773
879.6140,24.8814,76.9976,147.1092
875.2344,25.9847,75.8426,144.9025
869.8486,30.2668,76.6010,146.3516
859.1107,29.1692,77.7500,148.5468
853.3697,28.0551,78.9163,150.7750
848.6579,23.7026,78.1271,149.2673
838.9380,24.4489,77.3459,147.7746
828.8274,24.4489,77.3459,147.7746
819.2047,20.1831,76.5724,146.2969
808.4708,19.0859,77.7210,148.4913
798.8014,14.7993,76.9438,147.0064
788.0154,13.6968,78.0979,149.2115
777.8065,13.6968,78.0979,149.2115
763.3087,9.7880,76.9265,146.9733
753.7381,10.5228,76.1572,145.5036
738.8053,10.5228,76.1572,145.5036
729.3304,11.2504,75.3956,144.0486
718.7615,10.1700,76.5266,146.2093
704.5554,11.2666,75.3787,144.0161
694.2265,10.5465,76.1325,145.4563
684.2745,10.5465,76.1325,145.4563
669.8765,11.2738,75.3711,144.0018
660.4995,11.9938,74.6174,142.5617
650.7455,11.9938,74.6174,142.5617
640.9916,11.9938,74.6174,142.5617
630.7672,11.2810,75.3636,143.9874
620.4404,10.5610,76.1172,145.4272
610.0103,9.8339,76.8784,146.8815
600.4457,10.5683,76.1096,145.4127
590.9768,6.3706,75.3485,143.9586
581.3649,6.7305,74.9718,143.2388
572.0375,7.4467,74.2221,141.8064
561.8672,11.6373,74.9643,143.2244
552.3043,11.9954,74.5895,142.5083
542.5541,11.9954,74.5895,142.5083
532.8038,16.8705,74.5895,142.5083
522.3479,15.8017,75.7083,144.6459
512.4514,15.8017,75.7083,144.6459
502.5549,20.7499,75.7083,144.6459
492.4196,20.3883,76.0868,145.3692
482.9535,21.1152,75.3260,143.9155
473.1070,21.1152,75.3260,143.9155
463.2605,21.1152,75.3260,143.9155
453.4139,21.1152,75.3260,143.9155
443.5674,21.1152,75.3260,143.9155
433.7209,21.1152,75.3260,143.9155
423.8743,26.0384,75.3260,143.9155
413.3152,24.9591,76.4559,146.0742
402.5976,23.8635,77.6027,148.2653
391.9640,28.2450,78.3787,149.7480
380.9769,32.3215,79.5544,151.9942
370.3267,31.9415,79.9522,152.7542
359.3712,36.4556,80.7517,154.2817
348.8154,36.4556,80.7517,154.2817
332.9818,41.7335,80.7517,154.2817
322.6806,42.1192,80.3479,153.5103
312.1776,47.3707,80.3479,153.5103
301.4212,46.9870,80.7497,154.2778
290.8657,46.9870,80.7497,154.2778
279.8009,51.5461,81.5572,155.8206
264.3770,52.3252,80.7416,154.2624
253.5679,51.9395,81.1453,155.0337
242.4489,56.5210,81.9568,156.5841
232.2525,57.3040,81.1372,155.0182
222.1581,58.0790,80.3258,153.4680
211.1513,62.6143,81.1291,155.0027
200.8021,68.2778,80.7234,154.2277
190.5046,68.6634,80.3198,153.4566
180.2585,74.2704,79.9182,152.6893
170.3158,80.2051,79.1190,151.1624
160.4724,86.0803,78.3279,149.6508
149.7395,90.5027,79.1111,151.1473
134.7782,96.3774,78.3200,149.6358
123.7993,95.2552,79.4948,151.8804
112.9064,99.7435,80.2898,153.3992
101.6514,103.9194,81.4941,155.7001
90.4846,108.5206,82.3091,157.2571
78.9465,112.8015,83.5437,159.6160
67.4988,117.5184,84.3791,161.2122
61.7454,139.2856,84.8010,162.0182
50.6603,150.3707,84.8010,162.0182
38.7729,154.7812,86.0730,164.4485
22.7945,167.0972,84.7819,161.9818
11.9793,173.0157,84.3580,161.1719
0.1540,177.4033,85.6234,163.5894
-22.2312,182.9996,85.6234,163.5894
-39.9141,198.8134,86.9078,166.0433
2
0
0
0
0
0
2
0
0
0
0
0
2
0
0
0
0
0
2
0
0
0
0
0
2
0
0
0
0
0
2
0
0
0
0
0
2
0
0
0
0
0
2
0
0
0
0
0
2
0
0
0
0
0
2
0
0
0
0
0
2
0
0
0
0
0
2
0
0
0
0
0
2
0
0
0
0
0
2
0
0
0
0
0
-0.1014,133.8238,85.1335,162.6535
22.2573,128.6940,84.7079,161.8402
39.2529,119.0009,83.4373,159.4126
55.2327,112.2701,84.6888,161.8038
77.3736,101.1997,84.6888,161.8038
99.8175,96.9610,83.4185,159.3768
116.4276,86.9626,82.5843,157.7830
138.0183,81.5649,82.5843,157.7830
138.4312,82.3538,81.7585,156.2052
160.0010,77.8446,80.9409,154.6431
176.2408,73.7935,79.7268,152.3235
196.9893,68.1758,80.1254,153.0851
218.2238,64.1655,78.9235,150.7888
238.9515,64.5425,78.5289,150.0349
259.2946,58.6084,79.3142,151.5352
280.0304,53.4244,79.3142,151.5352
295.8232,49.0500,78.5210,150.0199
316.1643,43.1165,79.3063,151.5201
336.9925,38.3378,78.9097,150.7625
352.1053,37.2071,80.0934,153.0239
372.8536,31.1548,80.8943,154.5541
388.9611,26.6932,80.0854,153.0086
404.7858,27.0757,79.6849,152.2436
420.4103,27.0757,79.6849,152.2436
435.7927,21.0542,80.4818,153.7660
446.7589,22.2075,79.2746,151.4595
457.1216,22.2075,79.2746,151.4595
467.1916,21.4502,80.0673,152.9741
477.6579,16.2170,80.0673,152.9741
483.4131,17.3643,78.8663,150.6795
488.9105,18.1177,78.0776,149.1727
493.6743,17.3719,78.8584,150.6644
499.3425,18.5019,77.6755,148.4044
504.4193,18.5019,77.6755,148.4044
509.8338,19.2439,76.8988,146.9204
510.2183,19.9785,76.1298,145.4512
515.1941,19.9785,76.1298,145.4512
515.5748,20.7057,75.3685,143.9967
520.5008,20.7057,75.3685,143.9967
525.0992,19.9858,76.1222,145.4367
525.4799,20.7129,75.3609,143.9823
530.4054,25.6385,75.3609,143.9823
530.0286,24.9186,76.1146,145.4221
534.5072,23.8279,77.2563,147.6035
533.9277,22.7209,78.4151,149.8175
539.0529,27.8461,78.4151,149.8175
538.4648,26.7224,79.5913,152.0648
543.6669,26.7224,79.5913,152.0648
543.2689,25.9621,80.3873,153.5854
548.5229,31.2162,80.3873,153.5854
553.2529,30.0643,81.5931,155.8892
553.6609,36.1233,80.7771,154.3303
559.4671,37.2808,79.5655,152.0154
565.0133,43.1892,78.7698,150.4952
569.6481,42.0605,79.9514,152.7526
574.5262,46.5745,80.7509,154.2802
574.1224,45.8031,81.5584,155.8230
