1
452.5000,366.5000,69.0000,159.0000
452.5000,370.5000,69.0000,159.0000
452.5000,370.5000,69.0000,159.0000
448.5000,370.5000,69.0000,159.0000
448.5000,370.5000,69.0000,159.0000
444.5000,370.5000,69.0000,159.0000
444.5000,370.5000,69.0000,159.0000
444.5000,370.5000,69.0000,159.0000
440.5000,370.5000,69.0000,159.0000
436.5000,370.5000,69.0000,159.0000
436.5000,370.5000,69.0000,159.0000
432.5000,370.5000,69.0000,159.0000
432.5000,374.5000,69.0000,159.0000
432.5000,374.5000,69.0000,159.0000
428.5000,374.5000,69.0000,159.0000
424.5000,374.5000,69.0000,159.0000
420.5000,374.5000,69.0000,159.0000
420.5000,378.5000,69.0000,159.0000
416.5000,378.5000,69.0000,159.0000
412.5000,378.5000,69.0000,159.0000
408.5000,382.5000,69.0000,159.0000
408.5000,382.5000,69.0000,159.0000
404.5000,382.5000,69.0000,159.0000
400.5000,382.5000,69.0000,159.0000
400.5000,382.5000,69.0000,159.0000
396.5000,382.5000,69.0000,159.0000
396.5000,382.5000,69.0000,159.0000
392.5000,382.5000,69.0000,159.0000
392.5000,382.5000,69.0000,159.0000
388.5000,382.5000,69.0000,159.0000
388.5000,382.5000,69.0000,159.0000
384.5000,382.5000,69.0000,159.0000
384.5000,382.5000,69.0000,159.0000
380.5000,382.5000,69.0000,159.0000
380.5000,386.5000,69.0000,159.0000
376.5000,386.5000,69.0000,159.0000
376.5000,386.5000,69.0000,159.0000
376.5000,386.5000,69.0000,159.0000
372.5000,386.5000,69.0000,159.0000
372.5000,386.5000,69.0000,159.0000
372.5000,390.5000,69.0000,159.0000
368.5000,386.5000,69.0000,159.0000
368.5000,386.5000,69.0000,159.0000
368.5000,386.5000,69.0000,159.0000
368.5000,386.5000,69.0000,159.0000
368.5000,382.5000,69.0000,159.0000
368.5000,382.5000,69.0000,159.0000
368.5000,386.5000,69.0000,159.0000
368.5000,386.5000,69.0000,159.0000
368.5000,386.5000,69.0000,159.0000
368.5000,386.5000,69.0000,159.0000
364.5000,386.5000,69.0000,159.0000
364.5000,386.5000,69.0000,159.0000
364.5000,386.5000,69.0000,159.0000
360.5000,386.5000,69.0000,159.0000
360.5000,386.5000,69.0000,159.0000
360.5000,386.5000,69.0000,159.0000
356.5000,386.5000,69.0000,159.0000
356.5000,386.5000,69.0000,159.0000
356.5000,386.5000,69.0000,159.0000
352.5000,382.5000,69.0000,159.0000
352.5000,382.5000,69.0000,159.0000
352.5000,382.5000,69.0000,159.0000
352.5000,382.5000,69.0000,159.0000
352.5000,378.5000,69.0000,159.0000
352.5000,378.5000,69.0000,159.0000
352.5000,378.5000,69.0000,159.0000
352.5000,378.5000,69.0000,159.0000
352.5000,378.5000,69.0000,159.0000
352.5000,378.5000,69.0000,159.0000
348.5000,378.5000,69.0000,159.0000
348.5000,378.5000,69.0000,159.0000
348.5000,378.5000,69.0000,159.0000
348.5000,378.5000,69.0000,159.0000
348.5000,378.5000,69.0000,159.0000
348.5000,374.5000,69.0000,159.0000
348.5000,374.5000,69.0000,159.0000
352.5000,374.5000,69.0000,159.0000
352.5000,370.5000,69.0000,159.0000
352.5000,370.5000,69.0000,159.0000
352.5000,370.5000,69.0000,159.0000
352.5000,366.5000,69.0000,159.0000
356.5000,366.5000,69.0000,159.0000
356.5000,366.5000,69.0000,159.0000
356.5000,366.5000,69.0000,159.0000
356.5000,366.5000,69.0000,159.0000
356.5000,366.5000,69.0000,159.0000
356.5000,366.5000,69.0000,159.0000
356.5000,362.5000,69.0000,159.0000
356.5000,362.5000,69.0000,159.0000
356.5000,362.5000,69.0000,159.0000
356.5000,362.5000,69.0000,159.0000
356.5000,362.5000,69.0000,159.0000
356.5000,362.5000,69.0000,159.0000
356.5000,358.5000,69.0000,159.0000
356.5000,358.5000,69.0000,159.0000
356.5000,358.5000,69.0000,159.0000
356.5000,354.5000,69.0000,159.0000
356.5000,354.5000,69.0000,159.0000
356.5000,354.5000,69.0000,159.0000
356.5000,350.5000,69.0000,159.0000
352.5000,350.5000,69.0000,159.0000
352.5000,350.5000,69.0000,159.0000
352.5000,350.5000,69.0000,159.0000
352.5000,350.5000,69.0000,159.0000
352.5000,346.5000,69.0000,159.0000
352.5000,346.5000,69.0000,159.0000
352.5000,346.5000,69.0000,159.0000
352.5000,346.5000,69.0000,159.0000
352.5000,346.5000,69.0000,159.0000
352.5000,346.5000,69.0000,159.0000
352.5000,346.5000,69.0000,159.0000
352.5000,346.5000,69.0000,159.0000
356.5000,346.5000,69.0000,159.0000
356.5000,342.5000,69.0000,159.0000
356.5000,342.5000,69.0000,159.0000
356.5000,342.5000,69.0000,159.0000
356.5000,342.5000,69.0000,159.0000
360.5000,342.5000,69.0000,159.0000
360.5000,342.5000,69.0000,159.0000
360.5000,342.5000,69.0000,159.0000
360.5000,346.5000,69.0000,159.0000
360.5000,346.5000,69.0000,159.0000
360.5000,350.5000,69.0000,159.0000
360.5000,354.5000,69.0000,159.0000
360.5000,358.5000,69.0000,159.0000
360.5000,362.5000,69.0000,159.0000
360.5000,366.5000,69.0000,159.0000
360.5000,370.5000,69.0000,159.0000
360.5000,374.5000,69.0000,159.0000
360.5000,374.5000,69.0000,159.0000
356.5000,378.5000,69.0000,159.0000
356.5000,378.5000,69.0000,159.0000
356.5000,382.5000,69.0000,159.0000
356.5000,386.5000,69.0000,159.0000
356.5000,390.5000,69.0000,159.0000
356.5000,394.5000,69.0000,159.0000
356.5000,398.5000,69.0000,159.0000
356.5000,402.5000,69.0000,159.0000
356.5000,406.5000,69.0000,159.0000
356.5000,410.5000,69.0000,159.0000
356.5000,414.5000,69.0000,159.0000
356.5000,414.5000,69.0000,159.0000
360.5000,418.5000,69.0000,159.0000
364.5000,418.5000,69.0000,159.0000
368.5000,418.5000,69.0000,159.0000
372.5000,422.5000,69.0000,159.0000
376.5000,422.5000,69.0000,159.0000
380.5000,422.5000,69.0000,159.0000
384.5000,422.5000,69.0000,159.0000
388.5000,422.5000,69.0000,159.0000
392.5000,422.5000,69.0000,159.0000
396.5000,422.5000,69.0000,159.0000
396.5000,426.5000,69.0000,159.0000
400.5000,426.5000,69.0000,159.0000
404.5000,426.5000,69.0000,159.0000
408.5000,426.5000,69.0000,159.0000
412.5000,426.5000,69.0000,159.0000
412.5000,430.5000,69.0000,159.0000
416.5000,430.5000,69.0000,159.0000
416.5000,430.5000,69.0000,159.0000
420.5000,434.5000,69.0000,159.0000
420.5000,434.5000,69.0000,159.0000
420.5000,434.5000,69.0000,159.0000
424.5000,434.5000,69.0000,159.0000
424.5000,434.5000,69.0000,159.0000
428.5000,434.5000,69.0000,159.0000
428.5000,434.5000,69.0000,159.0000
428.5000,434.5000,69.0000,159.0000
428.5000,430.5000,69.0000,159.0000
428.5000,430.5000,69.0000,159.0000
428.5000,430.5000,69.0000,159.0000
424.5000,430.5000,69.0000,159.0000
424.5000,430.5000,69.0000,159.0000
424.5000,430.5000,69.0000,159.0000
424.5000,430.5000,69.0000,159.0000
424.5000,434.5000,69.0000,159.0000
424.5000,434.5000,69.0000,159.0000
420.5000,438.5000,69.0000,159.0000
420.5000,438.5000,69.0000,159.0000
420.5000,442.5000,69.0000,159.0000
420.5000,442.5000,69.0000,159.0000
420.5000,442.5000,69.0000,159.0000
420.5000,442.5000,69.0000,159.0000
420.5000,442.5000,69.0000,159.0000
420.5000,442.5000,69.0000,159.0000
420.5000,442.5000,69.0000,159.0000
420.5000,442.5000,69.0000,159.0000
420.5000,446.5000,69.0000,159.0000
420.5000,446.5000,69.0000,159.0000
420.5000,446.5000,69.0000,159.0000
420.5000,446.5000,69.0000,159.0000
420.5000,450.5000,69.0000,159.0000
420.5000,450.5000,69.0000,159.0000
416.5000,450.5000,69.0000,159.0000
416.5000,450.5000,69.0000,159.0000
416.5000,454.5000,69.0000,159.0000
416.5000,454.5000,69.0000,159.0000
412.5000,454.5000,69.0000,159.0000
412.5000,454.5000,69.0000,159.0000
408.5000,454.5000,69.0000,159.0000
408.5000,454.5000,69.0000,159.0000
408.5000,454.5000,69.0000,159.0000
404.5000,454.5000,69.0000,159.0000
404.5000,454.5000,69.0000,159.0000
404.5000,454.5000,69.0000,159.0000
400.5000,454.5000,69.0000,159.0000
400.5000,454.5000,69.0000,159.0000
396.5000,454.5000,69.0000,159.0000
396.5000,454.5000,69.0000,159.0000
396.5000,454.5000,69.0000,159.0000
392.5000,454.5000,69.0000,159.0000
392.5000,458.5000,69.0000,159.0000
392.5000,458.5000,69.0000,159.0000
388.5000,458.5000,69.0000,159.0000
388.5000,458.5000,69.0000,159.0000
388.5000,458.5000,69.0000,159.0000
388.5000,458.5000,69.0000,159.0000
388.5000,458.5000,69.0000,159.0000
384.5000,458.5000,69.0000,159.0000
384.5000,458.5000,69.0000,159.0000
384.5000,454.5000,69.0000,159.0000
384.5000,454.5000,69.0000,159.0000
384.5000,454.5000,69.0000,159.0000
384.5000,454.5000,69.0000,159.0000
384.5000,454.5000,69.0000,159.0000
384.5000,454.5000,69.0000,159.0000
380.5000,450.5000,69.0000,159.0000
380.5000,450.5000,69.0000,159.0000
380.5000,450.5000,69.0000,159.0000
380.5000,450.5000,69.0000,159.0000
376.5000,450.5000,69.0000,159.0000
376.5000,454.5000,69.0000,159.0000
376.5000,454.5000,69.0000,159.0000
372.5000,450.5000,69.0000,159.0000
372.5000,450.5000,69.0000,159.0000
368.5000,450.5000,69.0000,159.0000
368.5000,450.5000,69.0000,159.0000
368.5000,450.5000,69.0000,159.0000
364.5000,446.5000,69.0000,159.0000
364.5000,446.5000,69.0000,159.0000
360.5000,446.5000,69.0000,159.0000
360.5000,446.5000,69.0000,159.0000
356.5000,446.5000,69.0000,159.0000
352.5000,442.5000,69.0000,159.0000
352.5000,442.5000,69.0000,159.0000
352.5000,442.5000,69.0000,159.0000
348.5000,442.5000,69.0000,159.0000
348.5000,442.5000,69.0000,159.0000
344.5000,442.5000,69.0000,159.0000
344.5000,442.5000,69.0000,159.0000
344.5000,442.5000,69.0000,159.0000
344.5000,442.5000,69.0000,159.0000
340.5000,442.5000,69.0000,159.0000
340.5000,438.5000,69.0000,159.0000
340.5000,438.5000,69.0000,159.0000
340.5000,438.5000,69.0000,159.0000
340.5000,434.5000,69.0000,159.0000
340.5000,434.5000,69.0000,159.0000
340.5000,430.5000,69.0000,159.0000
340.5000,430.5000,69.0000,159.0000
340.5000,430.5000,69.0000,159.0000
340.5000,430.5000,69.0000,159.0000
336.5000,426.5000,69.0000,159.0000
336.5000,426.5000,69.0000,159.0000
336.5000,422.5000,69.0000,159.0000
336.5000,422.5000,69.0000,159.0000
332.5000,422.5000,69.0000,159.0000
332.5000,422.5000,69.0000,159.0000
328.5000,418.5000,69.0000,159.0000
328.5000,418.5000,69.0000,159.0000
328.5000,418.5000,69.0000,159.0000
324.5000,414.5000,69.0000,159.0000
324.5000,414.5000,69.0000,159.0000
320.5000,410.5000,69.0000,159.0000
320.5000,406.5000,69.0000,159.0000
320.5000,406.5000,69.0000,159.0000
316.5000,402.5000,69.0000,159.0000
316.5000,402.5000,69.0000,159.0000
312.5000,398.5000,69.0000,159.0000
312.5000,398.5000,69.0000,159.0000
312.5000,394.5000,69.0000,159.0000
308.5000,394.5000,69.0000,159.0000
308.5000,394.5000,69.0000,159.0000
304.5000,390.5000,69.0000,159.0000
304.5000,390.5000,69.0000,159.0000
304.5000,390.5000,69.0000,159.0000
304.5000,386.5000,69.0000,159.0000
304.5000,386.5000,69.0000,159.0000
304.5000,382.5000,69.0000,159.0000
304.5000,382.5000,69.0000,159.0000
304.5000,378.5000,69.0000,159.0000
304.5000,378.5000,69.0000,159.0000
304.5000,374.5000,69.0000,159.0000
304.5000,370.5000,69.0000,159.0000
304.5000,370.5000,69.0000,159.0000
304.5000,370.5000,69.0000,159.0000
304.5000,366.5000,69.0000,159.0000
300.5000,362.5000,69.0000,159.0000
300.5000,362.5000,69.0000,159.0000
300.5000,362.5000,69.0000,159.0000
300.5000,358.5000,69.0000,159.0000
300.5000,358.5000,69.0000,159.0000
296.5000,354.5000,69.0000,159.0000
296.5000,354.5000,69.0000,159.0000
296.5000,354.5000,69.0000,159.0000
292.5000,350.5000,69.0000,159.0000
292.5000,350.5000,69.0000,159.0000
292.5000,346.5000,69.0000,159.0000
288.5000,342.5000,69.0000,159.0000
288.5000,342.5000,69.0000,159.0000
288.5000,338.5000,69.0000,159.0000
284.5000,334.5000,69.0000,159.0000
284.5000,334.5000,69.0000,159.0000
280.5000,330.5000,69.0000,159.0000
280.5000,326.5000,69.0000,159.0000
280.5000,326.5000,69.0000,159.0000
276.5000,322.5000,69.0000,159.0000
276.5000,322.5000,69.0000,159.0000
276.5000,322.5000,69.0000,159.0000
276.5000,322.5000,69.0000,159.0000
272.5000,318.5000,69.0000,159.0000
272.5000,318.5000,69.0000,159.0000
272.5000,318.5000,69.0000,159.0000
272.5000,314.5000,69.0000,159.0000
272.5000,314.5000,69.0000,159.0000
272.5000,310.5000,69.0000,159.0000
272.5000,310.5000,69.0000,159.0000
272.5000,306.5000,69.0000,159.0000
272.5000,306.5000,69.0000,159.0000
272.5000,302.5000,69.0000,159.0000
272.5000,302.5000,69.0000,159.0000
272.5000,298.5000,69.0000,159.0000
272.5000,298.5000,69.0000,159.0000
272.5000,294.5000,69.0000,159.0000
268.5000,294.5000,69.0000,159.0000
268.5000,294.5000,69.0000,159.0000
268.5000,294.5000,69.0000,159.0000
268.5000,290.5000,69.0000,159.0000
268.5000,290.5000,69.0000,159.0000
264.5000,290.5000,69.0000,159.0000
264.5000,290.5000,69.0000,159.0000
264.5000,286.5000,69.0000,159.0000
260.5000,286.5000,69.0000,159.0000
260.5000,286.5000,69.0000,159.0000
256.5000,282.5000,69.0000,159.0000
256.5000,278.5000,69.0000,159.0000
252.5000,278.5000,69.0000,159.0000
252.5000,274.5000,69.0000,159.0000
248.5000,274.5000,69.0000,159.0000
248.5000,274.5000,69.0000,159.0000
244.5000,270.5000,69.0000,159.0000
240.5000,270.5000,69.0000,159.0000
240.5000,270.5000,69.0000,159.0000
240.5000,270.5000,69.0000,159.0000
236.5000,266.5000,69.0000,159.0000
236.5000,266.5000,69.0000,159.0000
236.5000,266.5000,69.0000,159.0000
232.5000,262.5000,69.0000,159.0000
232.5000,262.5000,69.0000,159.0000
232.5000,262.5000,69.0000,159.0000
232.5000,258.5000,69.0000,159.0000
232.5000,258.5000,69.0000,159.0000
232.5000,254.5000,69.0000,159.0000
232.5000,254.5000,69.0000,159.0000
232.5000,250.5000,69.0000,159.0000
232.5000,250.5000,69.0000,159.0000
232.5000,246.5000,69.0000,159.0000
232.5000,250.5000,69.0000,159.0000
228.5000,246.5000,69.0000,159.0000
228.5000,246.5000,69.0000,159.0000
228.5000,246.5000,69.0000,159.0000
228.5000,246.5000,69.0000,159.0000
224.5000,246.5000,69.0000,159.0000
224.5000,246.5000,69.0000,159.0000
224.5000,246.5000,69.0000,159.0000
220.5000,246.5000,69.0000,159.0000
220.5000,246.5000,69.0000,159.0000
220.5000,246.5000,69.0000,159.0000
216.5000,246.5000,69.0000,159.0000
212.5000,242.5000,69.0000,159.0000
212.5000,242.5000,69.0000,159.0000
212.5000,242.5000,69.0000,159.0000
208.5000,242.5000,69.0000,159.0000
208.5000,242.5000,69.0000,159.0000
204.5000,242.5000,69.0000,159.0000
200.5000,238.5000,69.0000,159.0000
200.5000,238.5000,69.0000,159.0000
196.5000,238.5000,69.0000,159.0000
192.5000,238.5000,69.0000,159.0000
192.5000,238.5000,69.0000,159.0000
192.5000,238.5000,69.0000,159.0000
188.5000,238.5000,69.0000,159.0000
188.5000,242.5000,69.0000,159.0000
188.5000,242.5000,69.0000,159.0000
188.5000,242.5000,69.0000,159.0000
188.5000,242.5000,69.0000,159.0000
188.5000,242.5000,69.0000,159.0000
188.5000,242.5000,69.0000,159.0000
188.5000,238.5000,69.0000,159.0000
192.5000,238.5000,69.0000,159.0000
192.5000,238.5000,69.0000,159.0000
192.5000,238.5000,69.0000,159.0000
192.5000,234.5000,69.0000,159.0000
196.5000,234.5000,69.0000,159.0000
196.5000,234.5000,69.0000,159.0000
196.5000,234.5000,69.0000,159.0000
196.5000,230.5000,69.0000,159.0000
196.5000,234.5000,69.0000,159.0000
196.5000,234.5000,69.0000,159.0000
196.5000,234.5000,69.0000,159.0000
196.5000,234.5000,69.0000,159.0000
196.5000,234.5000,69.0000,159.0000
196.5000,234.5000,69.0000,159.0000
196.5000,234.5000,69.0000,159.0000
196.5000,234.5000,69.0000,159.0000
196.5000,234.5000,69.0000,159.0000
196.5000,234.5000,69.0000,159.0000
192.5000,230.5000,69.0000,159.0000
192.5000,230.5000,69.0000,159.0000
192.5000,230.5000,69.0000,159.0000
192.5000,230.5000,69.0000,159.0000
192.5000,226.5000,69.0000,159.0000
192.5000,226.5000,69.0000,159.0000
188.5000,226.5000,69.0000,159.0000
188.5000,226.5000,69.0000,159.0000
188.5000,226.5000,69.0000,159.0000
188.5000,226.5000,69.0000,159.0000
188.5000,226.5000,69.0000,159.0000
188.5000,226.5000,69.0000,159.0000
188.5000,226.5000,69.0000,159.0000
188.5000,226.5000,69.0000,159.0000
188.5000,226.5000,69.0000,159.0000
192.5000,226.5000,69.0000,159.0000
192.5000,226.5000,69.0000,159.0000
196.5000,226.5000,69.0000,159.0000
196.5000,222.5000,69.0000,159.0000
196.5000,222.5000,69.0000,159.0000
196.5000,222.5000,69.0000,159.0000
196.5000,218.5000,69.0000,159.0000
200.5000,218.5000,69.0000,159.0000
200.5000,218.5000,69.0000,159.0000
200.5000,218.5000,69.0000,159.0000
200.5000,218.5000,69.0000,159.0000
200.5000,218.5000,69.0000,159.0000
200.5000,218.5000,69.0000,159.0000
200.5000,218.5000,69.0000,159.0000
200.5000,214.5000,69.0000,159.0000
200.5000,214.5000,69.0000,159.0000
200.5000,214.5000,69.0000,159.0000
200.5000,214.5000,69.0000,159.0000
200.5000,214.5000,69.0000,159.0000
200.5000,214.5000,69.0000,159.0000
196.5000,210.5000,69.0000,159.0000
196.5000,210.5000,69.0000,159.0000
192.5000,206.5000,69.0000,159.0000
188.5000,202.5000,69.0000,159.0000
188.5000,202.5000,69.0000,159.0000
188.5000,202.5000,69.0000,159.0000
184.5000,198.5000,69.0000,159.0000
184.5000,198.5000,69.0000,159.0000
184.5000,198.5000,69.0000,159.0000
184.5000,198.5000,69.0000,159.0000
180.5000,198.5000,69.0000,159.0000
180.5000,198.5000,69.0000,159.0000
180.5000,198.5000,69.0000,159.0000
176.5000,198.5000,69.0000,159.0000
176.5000,198.5000,69.0000,159.0000
176.5000,198.5000,69.0000,159.0000
176.5000,198.5000,69.0000,159.0000
176.5000,194.5000,69.0000,159.0000
176.5000,194.5000,69.0000,159.0000
176.5000,190.5000,69.0000,159.0000
180.5000,190.5000,69.0000,159.0000
180.5000,186.5000,69.0000,159.0000
180.5000,186.5000,69.0000,159.0000
180.5000,182.5000,69.0000,159.0000
176.5000,178.5000,69.0000,159.0000
176.5000,178.5000,69.0000,159.0000
176.5000,174.5000,69.0000,159.0000
176.5000,174.5000,69.0000,159.0000
176.5000,174.5000,69.0000,159.0000
176.5000,174.5000,69.0000,159.0000
176.5000,174.5000,69.0000,159.0000
172.5000,170.5000,69.0000,159.0000
172.5000,170.5000,69.0000,159.0000
172.5000,170.5000,69.0000,159.0000
172.5000,170.5000,69.0000,159.0000
168.5000,170.5000,69.0000,159.0000
168.5000,170.5000,69.0000,159.0000
168.5000,170.5000,69.0000,159.0000
164.5000,166.5000,69.0000,159.0000
164.5000,166.5000,69.0000,159.0000
160.5000,166.5000,69.0000,159.0000
160.5000,166.5000,69.0000,159.0000
156.5000,162.5000,69.0000,159.0000
156.5000,162.5000,69.0000,159.0000
160.5000,158.5000,69.0000,159.0000
164.5000,158.5000,69.0000,159.0000
172.5000,154.5000,69.0000,159.0000
180.5000,154.5000,69.0000,159.0000
188.5000,158.5000,69.0000,159.0000
192.5000,158.5000,69.0000,159.0000
200.5000,158.5000,69.0000,159.0000
212.5000,158.5000,69.0000,159.0000
224.5000,158.5000,69.0000,159.0000
232.5000,158.5000,69.0000,159.0000
244.5000,158.5000,69.0000,159.0000
264.5000,154.5000,69.0000,159.0000
284.5000,150.5000,69.0000,159.0000
300.5000,146.5000,69.0000,159.0000
316.5000,142.5000,69.0000,159.0000
332.5000,142.5000,69.0000,159.0000
348.5000,146.5000,69.0000,159.0000
368.5000,150.5000,69.0000,159.0000
380.5000,150.5000,69.0000,159.0000
392.5000,154.5000,69.0000,159.0000
400.5000,154.5000,69.0000,159.0000
412.5000,158.5000,69.0000,159.0000
424.5000,158.5000,69.0000,159.0000
432.5000,162.5000,69.0000,159.0000
440.5000,162.5000,69.0000,159.0000
452.5000,166.5000,69.0000,159.0000
460.5000,170.5000,69.0000,159.0000
472.5000,174.5000,69.0000,159.0000
480.5000,174.5000,69.0000,159.0000
484.5000,178.5000,69.0000,159.0000
488.5000,178.5000,69.0000,159.0000
496.5000,182.5000,69.0000,159.0000
500.5000,186.5000,69.0000,159.0000
504.5000,190.5000,69.0000,159.0000
508.5000,198.5000,69.0000,159.0000
508.5000,202.5000,69.0000,159.0000
508.5000,210.5000,69.0000,159.0000
508.5000,222.5000,69.0000,159.0000
508.5000,230.5000,69.0000,159.0000
508.5000,238.5000,69.0000,159.0000
508.5000,246.5000,69.0000,159.0000
508.5000,254.5000,69.0000,159.0000
508.5000,266.5000,69.0000,159.0000
508.5000,278.5000,69.0000,159.0000
508.5000,286.5000,69.0000,159.0000
508.5000,298.5000,69.0000,159.0000
508.5000,306.5000,69.0000,159.0000
512.5000,318.5000,69.0000,159.0000
512.5000,330.5000,69.0000,159.0000
516.5000,338.5000,69.0000,159.0000
516.5000,346.5000,69.0000,159.0000
516.5000,354.5000,69.0000,159.0000
520.5000,362.5000,69.0000,159.0000
520.5000,366.5000,69.0000,159.0000
520.5000,366.5000,69.0000,159.0000
520.5000,370.5000,69.0000,159.0000
520.5000,370.5000,69.0000,159.0000
520.5000,370.5000,69.0000,159.0000
520.5000,374.5000,69.0000,159.0000
520.5000,374.5000,69.0000,159.0000
520.5000,374.5000,69.0000,159.0000
516.5000,378.5000,69.0000,159.0000
516.5000,378.5000,69.0000,159.0000
516.5000,378.5000,69.0000,159.0000
516.5000,382.5000,69.0000,159.0000
516.5000,378.5000,69.0000,159.0000
516.5000,378.5000,69.0000,159.0000
516.5000,378.5000,69.0000,159.0000
516.5000,374.5000,69.0000,159.0000
516.5000,374.5000,69.0000,159.0000
512.5000,370.5000,69.0000,159.0000
512.5000,370.5000,69.0000,159.0000
508.5000,366.5000,69.0000,159.0000
508.5000,366.5000,69.0000,159.0000
504.5000,362.5000,69.0000,159.0000
504.5000,362.5000,69.0000,159.0000
500.5000,362.5000,69.0000,159.0000
500.5000,362.5000,69.0000,159.0000
496.5000,362.5000,69.0000,159.0000
496.5000,362.5000,69.0000,159.0000
492.5000,362.5000,69.0000,159.0000
492.5000,362.5000,69.0000,159.0000
492.5000,366.5000,69.0000,159.0000
488.5000,366.5000,69.0000,159.0000
488.5000,366.5000,69.0000,159.0000
488.5000,366.5000,69.0000,159.0000
488.5000,370.5000,69.0000,159.0000
488.5000,370.5000,69.0000,159.0000
488.5000,370.5000,69.0000,159.0000
484.5000,374.5000,69.0000,159.0000
484.5000,374.5000,69.0000,159.0000
484.5000,374.5000,69.0000,159.0000
484.5000,378.5000,69.0000,159.0000
480.5000,374.5000,69.0000,159.0000
480.5000,378.5000,69.0000,159.0000
476.5000,378.5000,69.0000,159.0000
476.5000,378.5000,69.0000,159.0000
472.5000,378.5000,69.0000,159.0000
472.5000,378.5000,69.0000,159.0000
472.5000,382.5000,69.0000,159.0000
468.5000,382.5000,69.0000,159.0000
468.5000,382.5000,69.0000,159.0000
464.5000,382.5000,69.0000,159.0000
464.5000,386.5000,69.0000,159.0000
464.5000,386.5000,69.0000,159.0000
460.5000,382.5000,69.0000,159.0000
456.5000,382.5000,69.0000,159.0000
456.5000,382.5000,69.0000,159.0000
452.5000,378.5000,69.0000,159.0000
452.5000,378.5000,69.0000,159.0000
448.5000,378.5000,69.0000,159.0000
444.5000,378.5000,69.0000,159.0000
444.5000,378.5000,69.0000,159.0000
440.5000,382.5000,69.0000,159.0000
440.5000,382.5000,69.0000,159.0000
436.5000,382.5000,69.0000,159.0000
436.5000,382.5000,69.0000,159.0000
436.5000,382.5000,69.0000,159.0000
436.5000,382.5000,69.0000,159.0000
432.5000,386.5000,69.0000,159.0000
432.5000,386.5000,69.0000,159.0000
432.5000,386.5000,69.0000,159.0000
432.5000,386.5000,69.0000,159.0000
432.5000,386.5000,69.0000,159.0000
432.5000,390.5000,69.0000,159.0000
432.5000,390.5000,69.0000,159.0000
432.5000,390.5000,69.0000,159.0000
432.5000,390.5000,69.0000,159.0000
432.5000,394.5000,69.0000,159.0000
432.5000,394.5000,69.0000,159.0000
428.5000,394.5000,69.0000,159.0000
424.5000,394.5000,69.0000,159.0000
424.5000,394.5000,69.0000,159.0000
424.5000,394.5000,69.0000,159.0000
420.5000,394.5000,69.0000,159.0000
420.5000,394.5000,69.0000,159.0000
420.5000,394.5000,69.0000,159.0000
416.5000,394.5000,69.0000,159.0000
416.5000,394.5000,69.0000,159.0000
412.5000,390.5000,69.0000,159.0000
412.5000,390.5000,69.0000,159.0000
408.5000,386.5000,69.0000,159.0000
404.5000,382.5000,69.0000,159.0000
404.5000,378.5000,69.0000,159.0000
400.5000,374.5000,69.0000,159.0000
396.5000,374.5000,69.0000,159.0000
392.5000,374.5000,69.0000,159.0000
388.5000,370.5000,69.0000,159.0000
388.5000,370.5000,69.0000,159.0000
384.5000,370.5000,69.0000,159.0000
380.5000,366.5000,69.0000,159.0000
380.5000,366.5000,69.0000,159.0000
376.5000,366.5000,69.0000,159.0000
376.5000,366.5000,69.0000,159.0000
372.5000,366.5000,69.0000,159.0000
372.5000,366.5000,69.0000,159.0000
372.5000,366.5000,69.0000,159.0000
368.5000,362.5000,69.0000,159.0000
368.5000,358.5000,69.0000,159.0000
368.5000,358.5000,69.0000,159.0000
368.5000,354.5000,69.0000,159.0000
364.5000,350.5000,69.0000,159.0000
364.5000,350.5000,69.0000,159.0000
364.5000,350.5000,69.0000,159.0000
360.5000,346.5000,69.0000,159.0000
360.5000,346.5000,69.0000,159.0000
356.5000,346.5000,69.0000,159.0000
352.5000,346.5000,69.0000,159.0000
352.5000,346.5000,69.0000,159.0000
348.5000,346.5000,69.0000,159.0000
348.5000,346.5000,69.0000,159.0000
344.5000,342.5000,69.0000,159.0000
340.5000,342.5000,69.0000,159.0000
340.5000,342.5000,69.0000,159.0000
336.5000,342.5000,69.0000,159.0000
336.5000,342.5000,69.0000,159.0000
332.5000,338.5000,69.0000,159.0000
328.5000,334.5000,69.0000,159.0000
328.5000,334.5000,69.0000,159.0000
324.5000,330.5000,69.0000,159.0000
320.5000,326.5000,69.0000,159.0000
316.5000,326.5000,69.0000,159.0000
312.5000,322.5000,69.0000,159.0000
308.5000,322.5000,69.0000,159.0000
304.5000,322.5000,69.0000,159.0000
300.5000,318.5000,69.0000,159.0000
296.5000,318.5000,69.0000,159.0000
292.5000,318.5000,69.0000,159.0000
292.5000,318.5000,69.0000,159.0000
288.5000,318.5000,69.0000,159.0000
284.5000,318.5000,69.0000,159.0000
284.5000,318.5000,69.0000,159.0000
280.5000,314.5000,69.0000,159.0000
280.5000,314.5000,69.0000,159.0000
276.5000,314.5000,69.0000,159.0000
272.5000,314.5000,69.0000,159.0000
272.5000,310.5000,69.0000,159.0000
268.5000,306.5000,69.0000,159.0000
268.5000,306.5000,69.0000,159.0000
264.5000,306.5000,69.0000,159.0000
260.5000,302.5000,69.0000,159.0000
256.5000,302.5000,69.0000,159.0000
252.5000,302.5000,69.0000,159.0000
248.5000,298.5000,69.0000,159.0000
244.5000,298.5000,69.0000,159.0000
240.5000,298.5000,69.0000,159.0000
236.5000,298.5000,69.0000,159.0000
228.5000,298.5000,69.0000,159.0000
224.5000,298.5000,69.0000,159.0000
220.5000,302.5000,69.0000,159.0000
216.5000,302.5000,69.0000,159.0000
212.5000,302.5000,69.0000,159.0000
204.5000,302.5000,69.0000,159.0000
196.5000,298.5000,69.0000,159.0000
192.5000,294.5000,69.0000,159.0000
188.5000,294.5000,69.0000,159.0000
180.5000,290.5000,69.0000,159.0000
172.5000,290.5000,69.0000,159.0000
168.5000,290.5000,69.0000,159.0000
160.5000,290.5000,69.0000,159.0000
152.5000,290.5000,69.0000,159.0000
148.5000,290.5000,69.0000,159.0000
140.5000,290.5000,69.0000,159.0000
132.5000,290.5000,69.0000,159.0000
128.5000,294.5000,69.0000,159.0000
124.5000,294.5000,69.0000,159.0000
124.5000,294.5000,69.0000,159.0000
124.5000,298.5000,69.0000,159.0000
124.5000,298.5000,69.0000,159.0000
124.5000,302.5000,69.0000,159.0000
124.5000,302.5000,69.0000,159.0000
128.5000,302.5000,69.0000,159.0000
132.5000,302.5000,69.0000,159.0000
136.5000,302.5000,69.0000,159.0000
140.5000,302.5000,69.0000,159.0000
148.5000,298.5000,69.0000,159.0000
160.5000,298.5000,69.0000,159.0000
168.5000,294.5000,69.0000,159.0000
176.5000,294.5000,69.0000,159.0000
184.5000,294.5000,69.0000,159.0000
192.5000,294.5000,69.0000,159.0000
200.5000,294.5000,69.0000,159.0000
212.5000,294.5000,69.0000,159.0000
224.5000,294.5000,69.0000,159.0000
240.5000,294.5000,69.0000,159.0000
256.5000,294.5000,69.0000,159.0000
272.5000,294.5000,69.0000,159.0000
296.5000,298.5000,69.0000,159.0000
312.5000,298.5000,69.0000,159.0000
324.5000,298.5000,69.0000,159.0000
340.5000,294.5000,69.0000,159.0000
352.5000,294.5000,69.0000,159.0000
368.5000,290.5000,69.0000,159.0000
376.5000,290.5000,69.0000,159.0000
388.5000,290.5000,69.0000,159.0000
396.5000,286.5000,69.0000,159.0000
404.5000,286.5000,69.0000,159.0000
416.5000,286.5000,69.0000,159.0000
428.5000,286.5000,69.0000,159.0000
436.5000,282.5000,69.0000,159.0000
444.5000,282.5000,69.0000,159.0000
456.5000,282.5000,69.0000,159.0000
468.5000,282.5000,69.0000,159.0000
476.5000,282.5000,69.0000,159.0000
488.5000,282.5000,69.0000,159.0000
500.5000,282.5000,69.0000,159.0000
512.5000,282.5000,69.0000,159.0000
528.5000,282.5000,69.0000,159.0000
544.5000,282.5000,69.0000,159.0000
556.5000,278.5000,69.0000,159.0000
568.5000,274.5000,69.0000,159.0000
576.5000,274.5000,69.0000,159.0000
588.5000,270.5000,69.0000,159.0000
596.5000,266.5000,69.0000,159.0000
604.5000,266.5000,69.0000,159.0000
608.5000,262.5000,69.0000,159.0000
612.5000,262.5000,69.0000,159.0000
612.5000,258.5000,69.0000,159.0000
616.5000,258.5000,69.0000,159.0000
616.5000,258.5000,69.0000,159.0000
616.5000,258.5000,69.0000,159.0000
620.5000,258.5000,69.0000,159.0000
620.5000,258.5000,69.0000,159.0000
624.5000,258.5000,69.0000,159.0000
624.5000,258.5000,69.0000,159.0000
628.5000,258.5000,69.0000,159.0000
628.5000,258.5000,69.0000,159.0000
628.5000,254.5000,69.0000,159.0000
632.5000,250.5000,69.0000,159.0000
632.5000,250.5000,69.0000,159.0000
636.5000,246.5000,69.0000,159.0000
636.5000,242.5000,69.0000,159.0000
636.5000,242.5000,69.0000,159.0000
636.5000,238.5000,69.0000,159.0000
636.5000,238.5000,69.0000,159.0000
632.5000,238.5000,69.0000,159.0000
632.5000,238.5000,69.0000,159.0000
632.5000,238.5000,69.0000,159.0000
632.5000,238.5000,69.0000,159.0000
632.5000,238.5000,69.0000,159.0000
636.5000,238.5000,69.0000,159.0000
636.5000,238.5000,69.0000,159.0000
640.5000,238.5000,69.0000,159.0000
640.5000,242.5000,69.0000,159.0000
644.5000,242.5000,69.0000,159.0000
644.5000,242.5000,69.0000,159.0000
648.5000,238.5000,69.0000,159.0000
652.5000,238.5000,69.0000,159.0000
656.5000,234.5000,69.0000,159.0000
656.5000,234.5000,69.0000,159.0000
660.5000,230.5000,69.0000,159.0000
660.5000,230.5000,69.0000,159.0000
664.5000,230.5000,69.0000,159.0000
664.5000,230.5000,69.0000,159.0000
664.5000,230.5000,69.0000,159.0000
664.5000,230.5000,69.0000,159.0000
664.5000,230.5000,69.0000,159.0000
664.5000,234.5000,69.0000,159.0000
664.5000,234.5000,69.0000,159.0000
664.5000,234.5000,69.0000,159.0000
664.5000,238.5000,69.0000,159.0000
664.5000,242.5000,69.0000,159.0000
664.5000,242.5000,69.0000,159.0000
664.5000,246.5000,69.0000,159.0000
664.5000,246.5000,69.0000,159.0000
664.5000,246.5000,69.0000,159.0000
664.5000,242.5000,69.0000,159.0000
660.5000,242.5000,69.0000,159.0000
660.5000,242.5000,69.0000,159.0000
660.5000,242.5000,69.0000,159.0000
656.5000,242.5000,69.0000,159.0000
652.5000,246.5000,69.0000,159.0000
648.5000,250.5000,69.0000,159.0000
648.5000,250.5000,69.0000,159.0000
644.5000,254.5000,69.0000,159.0000
640.5000,254.5000,69.0000,159.0000
640.5000,258.5000,69.0000,159.0000
636.5000,266.5000,69.0000,159.0000
636.5000,270.5000,69.0000,159.0000
632.5000,270.5000,69.0000,159.0000
628.5000,274.5000,69.0000,159.0000
628.5000,278.5000,69.0000,159.0000
624.5000,278.5000,69.0000,159.0000
620.5000,282.5000,69.0000,159.0000
616.5000,278.5000,69.0000,159.0000
612.5000,278.5000,69.0000,159.0000
608.5000,278.5000,69.0000,159.0000
604.5000,278.5000,69.0000,159.0000
600.5000,278.5000,69.0000,159.0000
596.5000,278.5000,69.0000,159.0000
592.5000,278.5000,69.0000,159.0000
588.5000,278.5000,69.0000,159.0000
580.5000,278.5000,69.0000,159.0000
576.5000,282.5000,69.0000,159.0000
572.5000,282.5000,69.0000,159.0000
572.5000,282.5000,69.0000,159.0000
568.5000,286.5000,69.0000,159.0000
568.5000,286.5000,69.0000,159.0000
568.5000,286.5000,69.0000,159.0000
564.5000,286.5000,69.0000,159.0000
564.5000,290.5000,69.0000,159.0000
564.5000,286.5000,69.0000,159.0000
564.5000,286.5000,69.0000,159.0000
560.5000,282.5000,69.0000,159.0000
560.5000,282.5000,69.0000,159.0000
556.5000,282.5000,69.0000,159.0000
556.5000,282.5000,69.0000,159.0000
552.5000,282.5000,69.0000,159.0000
548.5000,282.5000,69.0000,159.0000
548.5000,282.5000,69.0000,159.0000
544.5000,282.5000,69.0000,159.0000
544.5000,282.5000,69.0000,159.0000
540.5000,286.5000,69.0000,159.0000
540.5000,286.5000,69.0000,159.0000
540.5000,286.5000,69.0000,159.0000
536.5000,290.5000,69.0000,159.0000
536.5000,290.5000,69.0000,159.0000
536.5000,294.5000,69.0000,159.0000
540.5000,294.5000,69.0000,159.0000
540.5000,294.5000,69.0000,159.0000
540.5000,294.5000,69.0000,159.0000
540.5000,294.5000,69.0000,159.0000
540.5000,294.5000,69.0000,159.0000
540.5000,290.5000,69.0000,159.0000
540.5000,290.5000,69.0000,159.0000
540.5000,290.5000,69.0000,159.0000
540.5000,290.5000,69.0000,159.0000
540.5000,290.5000,69.0000,159.0000
540.5000,290.5000,69.0000,159.0000
540.5000,294.5000,69.0000,159.0000
536.5000,294.5000,69.0000,159.0000
536.5000,294.5000,69.0000,159.0000
536.5000,298.5000,69.0000,159.0000
536.5000,298.5000,69.0000,159.0000
536.5000,302.5000,69.0000,159.0000
536.5000,302.5000,69.0000,159.0000
536.5000,306.5000,69.0000,159.0000
536.5000,306.5000,69.0000,159.0000
536.5000,306.5000,69.0000,159.0000
536.5000,302.5000,69.0000,159.0000
536.5000,302.5000,69.0000,159.0000
536.5000,302.5000,69.0000,159.0000
536.5000,302.5000,69.0000,159.0000
532.5000,298.5000,69.0000,159.0000
532.5000,302.5000,69.0000,159.0000
528.5000,302.5000,69.0000,159.0000
524.5000,302.5000,69.0000,159.0000
524.5000,306.5000,69.0000,159.0000
520.5000,310.5000,69.0000,159.0000
520.5000,310.5000,69.0000,159.0000
520.5000,314.5000,69.0000,159.0000
516.5000,318.5000,69.0000,159.0000
516.5000,322.5000,69.0000,159.0000
516.5000,326.5000,69.0000,159.0000
516.5000,326.5000,69.0000,159.0000
520.5000,330.5000,69.0000,159.0000
520.5000,330.5000,69.0000,159.0000
520.5000,330.5000,69.0000,159.0000
524.5000,330.5000,69.0000,159.0000
524.5000,330.5000,69.0000,159.0000
524.5000,326.5000,69.0000,159.0000
528.5000,326.5000,69.0000,159.0000
528.5000,330.5000,69.0000,159.0000
528.5000,330.5000,69.0000,159.0000
528.5000,330.5000,69.0000,159.0000
528.5000,334.5000,69.0000,159.0000
528.5000,334.5000,69.0000,159.0000
528.5000,338.5000,69.0000,159.0000
528.5000,338.5000,69.0000,159.0000
528.5000,338.5000,69.0000,159.0000
528.5000,342.5000,69.0000,159.0000
528.5000,346.5000,69.0000,159.0000
528.5000,346.5000,69.0000,159.0000
528.5000,346.5000,69.0000,159.0000
528.5000,346.5000,69.0000,159.0000
524.5000,346.5000,69.0000,159.0000
524.5000,342.5000,69.0000,159.0000
524.5000,338.5000,69.0000,159.0000
524.5000,338.5000,69.0000,159.0000
520.5000,338.5000,69.0000,159.0000
516.5000,338.5000,69.0000,159.0000
512.5000,338.5000,69.0000,159.0000
508.5000,338.5000,69.0000,159.0000
508.5000,338.5000,69.0000,159.0000
504.5000,342.5000,69.0000,159.0000
504.5000,342.5000,69.0000,159.0000
500.5000,346.5000,69.0000,159.0000
496.5000,350.5000,69.0000,159.0000
496.5000,350.5000,69.0000,159.0000
496.5000,354.5000,69.0000,159.0000
496.5000,354.5000,69.0000,159.0000
496.5000,354.5000,69.0000,159.0000
496.5000,358.5000,69.0000,159.0000
496.5000,358.5000,69.0000,159.0000
496.5000,358.5000,69.0000,159.0000
496.5000,354.5000,69.0000,159.0000
496.5000,354.5000,69.0000,159.0000
492.5000,354.5000,69.0000,159.0000
492.5000,354.5000,69.0000,159.0000
488.5000,354.5000,69.0000,159.0000
488.5000,354.5000,69.0000,159.0000
484.5000,354.5000,69.0000,159.0000
480.5000,358.5000,69.0000,159.0000
476.5000,358.5000,69.0000,159.0000
472.5000,362.5000,69.0000,159.0000
468.5000,362.5000,69.0000,159.0000
464.5000,366.5000,69.0000,159.0000
460.5000,370.5000,69.0000,159.0000
456.5000,374.5000,69.0000,159.0000
452.5000,374.5000,69.0000,159.0000
448.5000,378.5000,69.0000,159.0000
444.5000,378.5000,69.0000,159.0000
440.5000,374.5000,69.0000,159.0000
436.5000,374.5000,69.0000,159.0000
428.5000,374.5000,69.0000,159.0000
420.5000,370.5000,69.0000,159.0000
412.5000,374.5000,69.0000,159.0000
404.5000,374.5000,69.0000,159.0000
396.5000,374.5000,69.0000,159.0000
388.5000,378.5000,69.0000,159.0000
380.5000,378.5000,69.0000,159.0000
372.5000,382.5000,69.0000,159.0000
360.5000,382.5000,69.0000,159.0000
356.5000,386.5000,69.0000,159.0000
348.5000,390.5000,69.0000,159.0000
344.5000,394.5000,69.0000,159.0000
336.5000,394.5000,69.0000,159.0000
332.5000,398.5000,69.0000,159.0000
328.5000,402.5000,69.0000,159.0000
324.5000,402.5000,69.0000,159.0000
320.5000,406.5000,69.0000,159.0000
316.5000,406.5000,69.0000,159.0000
312.5000,406.5000,69.0000,159.0000
308.5000,406.5000,69.0000,159.0000
304.5000,406.5000,69.0000,159.0000
300.5000,406.5000,69.0000,159.0000
296.5000,406.5000,69.0000,159.0000
288.5000,406.5000,69.0000,159.0000
284.5000,410.5000,69.0000,159.0000
276.5000,410.5000,69.0000,159.0000
272.5000,414.5000,69.0000,159.0000
268.5000,414.5000,69.0000,159.0000
260.5000,418.5000,69.0000,159.0000
256.5000,422.5000,69.0000,159.0000
248.5000,426.5000,69.0000,159.0000
244.5000,430.5000,69.0000,159.0000
240.5000,430.5000,69.0000,159.0000
236.5000,434.5000,69.0000,159.0000
232.5000,434.5000,69.0000,159.0000
224.5000,434.5000,69.0000,159.0000
220.5000,434.5000,69.0000,159.0000
216.5000,434.5000,69.0000,159.0000
212.5000,430.5000,69.0000,159.0000
204.5000,430.5000,69.0000,159.0000
196.5000,430.5000,69.0000,159.0000
188.5000,430.5000,69.0000,159.0000
184.5000,426.5000,69.0000,159.0000
176.5000,430.5000,69.0000,159.0000
168.5000,430.5000,69.0000,159.0000
160.5000,430.5000,69.0000,159.0000
156.5000,434.5000,69.0000,159.0000
152.5000,434.5000,69.0000,159.0000
148.5000,438.5000,69.0000,159.0000
144.5000,442.5000,69.0000,159.0000
140.5000,442.5000,69.0000,159.0000
140.5000,446.5000,69.0000,159.0000
136.5000,446.5000,69.0000,159.0000
136.5000,446.5000,69.0000,159.0000
136.5000,446.5000,69.0000,159.0000
136.5000,442.5000,69.0000,159.0000
132.5000,442.5000,69.0000,159.0000
132.5000,438.5000,69.0000,159.0000
128.5000,438.5000,69.0000,159.0000
128.5000,434.5000,69.0000,159.0000
124.5000,434.5000,69.0000,159.0000
124.5000,434.5000,69.0000,159.0000
120.5000,430.5000,69.0000,159.0000
120.5000,430.5000,69.0000,159.0000
116.5000,430.5000,69.0000,159.0000
112.5000,430.5000,69.0000,159.0000
112.5000,430.5000,69.0000,159.0000
108.5000,434.5000,69.0000,159.0000
108.5000,434.5000,69.0000,159.0000
108.5000,438.5000,69.0000,159.0000
104.5000,438.5000,69.0000,159.0000
104.5000,434.5000,69.0000,159.0000
104.5000,434.5000,69.0000,159.0000
100.5000,430.5000,69.0000,159.0000
100.5000,426.5000,69.0000,159.0000
96.5000,422.5000,69.0000,159.0000
92.5000,418.5000,69.0000,159.0000
88.5000,418.5000,69.0000,159.0000
80.5000,414.5000,69.0000,159.0000
72.5000,414.5000,69.0000,159.0000
68.5000,414.5000,69.0000,159.0000
64.5000,414.5000,69.0000,159.0000
60.5000,414.5000,69.0000,159.0000
52.5000,414.5000,69.0000,159.0000
48.5000,418.5000,69.0000,159.0000
44.5000,418.5000,69.0000,159.0000
40.5000,422.5000,69.0000,159.0000
40.5000,422.5000,69.0000,159.0000
36.5000,422.5000,69.0000,159.0000
36.5000,422.5000,69.0000,159.0000
36.5000,422.5000,69.0000,159.0000
36.5000,422.5000,69.0000,159.0000
32.5000,422.5000,69.0000,159.0000
32.5000,418.5000,69.0000,159.0000
32.5000,418.5000,69.0000,159.0000
32.5000,414.5000,69.0000,159.0000
36.5000,414.5000,69.0000,159.0000
36.5000,414.5000,69.0000,159.0000
40.5000,410.5000,69.0000,159.0000
44.5000,410.5000,69.0000,159.0000
48.5000,410.5000,69.0000,159.0000
52.5000,410.5000,69.0000,159.0000
56.5000,414.5000,69.0000,159.0000
68.5000,418.5000,69.0000,159.0000
76.5000,418.5000,69.0000,159.0000
84.5000,422.5000,69.0000,159.0000
88.5000,422.5000,69.0000,159.0000
92.5000,422.5000,69.0000,159.0000
96.5000,422.5000,69.0000,159.0000
96.5000,418.5000,69.0000,159.0000
96.5000,418.5000,69.0000,159.0000
92.5000,414.5000,69.0000,159.0000
92.5000,414.5000,69.0000,159.0000
88.5000,410.5000,69.0000,159.0000
84.5000,410.5000,69.0000,159.0000
80.5000,410.5000,69.0000,159.0000
72.5000,410.5000,69.0000,159.0000
64.5000,410.5000,69.0000,159.0000
56.5000,414.5000,69.0000,159.0000
52.5000,414.5000,69.0000,159.0000
48.5000,418.5000,69.0000,159.0000
40.5000,422.5000,69.0000,159.0000
36.5000,422.5000,69.0000,159.0000
32.5000,426.5000,69.0000,159.0000
28.5000,426.5000,69.0000,159.0000
24.5000,430.5000,69.0000,159.0000
20.5000,430.5000,69.0000,159.0000
20.5000,430.5000,69.0000,159.0000
16.5000,426.5000,69.0000,159.0000
12.5000,426.5000,69.0000,159.0000
8.5000,422.5000,69.0000,159.0000
4.5000,422.5000,69.0000,159.0000
-3.5000,422.5000,69.0000,159.0000
-7.5000,422.5000,69.0000,159.0000
-11.5000,422.5000,69.0000,159.0000
-15.5000,422.5000,69.0000,159.0000
-19.5000,422.5000,69.0000,159.0000
-23.5000,422.5000,69.0000,159.0000
-31.5000,426.5000,69.0000,159.0000
-35.5000,426.5000,69.0000,159.0000
-35.5000,426.5000,69.0000,159.0000
-39.5000,426.5000,69.0000,159.0000
-43.5000,430.5000,69.0000,159.0000
-43.5000,426.5000,69.0000,159.0000
-39.5000,430.5000,69.0000,159.0000
-43.5000,434.5000,69.0000,159.0000
-47.5000,430.5000,69.0000,159.0000
-51.5000,426.5000,69.0000,159.0000
-55.5000,422.5000,69.0000,159.0000
-31.5000,430.5000,69.0000,159.0000
-31.5000,466.5000,69.0000,159.0000
-35.5000,466.5000,69.0000,159.0000
-27.5000,466.5000,69.0000,159.0000
-27.5000,438.5000,69.0000,159.0000
8.5000,426.5000,69.0000,159.0000
8.5000,430.5000,69.0000,159.0000
4.5000,430.5000,69.0000,159.0000
4.5000,430.5000,69.0000,159.0000
0.5000,430.5000,69.0000,159.0000
0.5000,430.5000,69.0000,159.0000
0.5000,430.5000,69.0000,159.0000
0.5000,430.5000,69.0000,159.0000
0.5000,430.5000,69.0000,159.0000
4.5000,430.5000,69.0000,159.0000
8.5000,430.5000,69.0000,159.0000
8.5000,430.5000,69.0000,159.0000
12.5000,430.5000,69.0000,159.0000
16.5000,430.5000,69.0000,159.0000
20.5000,430.5000,69.0000,159.0000
24.5000,430.5000,69.0000,159.0000
24.5000,430.5000,69.0000,159.0000
28.5000,430.5000,69.0000,159.0000
32.5000,430.5000,69.0000,159.0000
36.5000,430.5000,69.0000,159.0000
40.5000,430.5000,69.0000,159.0000
48.5000,430.5000,69.0000,159.0000
52.5000,430.5000,69.0000,159.0000
56.5000,430.5000,69.0000,159.0000
64.5000,430.5000,69.0000,159.0000
72.5000,430.5000,69.0000,159.0000
80.5000,430.5000,69.0000,159.0000
88.5000,426.5000,69.0000,159.0000
96.5000,426.5000,69.0000,159.0000
104.5000,426.5000,69.0000,159.0000
108.5000,426.5000,69.0000,159.0000
112.5000,426.5000,69.0000,159.0000
112.5000,426.5000,69.0000,159.0000
116.5000,426.5000,69.0000,159.0000
120.5000,426.5000,69.0000,159.0000
124.5000,426.5000,69.0000,159.0000
128.5000,426.5000,69.0000,159.0000
132.5000,426.5000,69.0000,159.0000
136.5000,426.5000,69.0000,159.0000
140.5000,426.5000,69.0000,159.0000
144.5000,426.5000,69.0000,159.0000
152.5000,426.5000,69.0000,159.0000
156.5000,426.5000,69.0000,159.0000
164.5000,426.5000,69.0000,159.0000
172.5000,426.5000,69.0000,159.0000
176.5000,426.5000,69.0000,159.0000
180.5000,422.5000,69.0000,159.0000
184.5000,422.5000,69.0000,159.0000
188.5000,422.5000,69.0000,159.0000
188.5000,418.5000,69.0000,159.0000
188.5000,418.5000,69.0000,159.0000
188.5000,418.5000,69.0000,159.0000
188.5000,422.5000,69.0000,159.0000
184.5000,418.5000,69.0000,159.0000
184.5000,422.5000,69.0000,159.0000
180.5000,422.5000,69.0000,159.0000
180.5000,422.5000,69.0000,159.0000
176.5000,422.5000,69.0000,159.0000
176.5000,422.5000,69.0000,159.0000
172.5000,422.5000,69.0000,159.0000
172.5000,422.5000,69.0000,159.0000
172.5000,422.5000,69.0000,159.0000
172.5000,422.5000,69.0000,159.0000
168.5000,422.5000,69.0000,159.0000
168.5000,422.5000,69.0000,159.0000
164.5000,418.5000,69.0000,159.0000
160.5000,418.5000,69.0000,159.0000
156.5000,418.5000,69.0000,159.0000
152.5000,422.5000,69.0000,159.0000
148.5000,422.5000,69.0000,159.0000
140.5000,422.5000,69.0000,159.0000
136.5000,422.5000,69.0000,159.0000
136.5000,422.5000,69.0000,159.0000
132.5000,422.5000,69.0000,159.0000
128.5000,422.5000,69.0000,159.0000
128.5000,426.5000,69.0000,159.0000
128.5000,426.5000,69.0000,159.0000
124.5000,426.5000,69.0000,159.0000
124.5000,426.5000,69.0000,159.0000
124.5000,426.5000,69.0000,159.0000
124.5000,426.5000,69.0000,159.0000
124.5000,426.5000,69.0000,159.0000
124.5000,426.5000,69.0000,159.0000
124.5000,426.5000,69.0000,159.0000
124.5000,426.5000,69.0000,159.0000
120.5000,426.5000,69.0000,159.0000
116.5000,426.5000,69.0000,159.0000
116.5000,426.5000,69.0000,159.0000
112.5000,426.5000,69.0000,159.0000
104.5000,426.5000,69.0000,159.0000
100.5000,426.5000,69.0000,159.0000
96.5000,426.5000,69.0000,159.0000
92.5000,426.5000,69.0000,159.0000
92.5000,430.5000,69.0000,159.0000
88.5000,430.5000,69.0000,159.0000
84.5000,430.5000,69.0000,159.0000
84.5000,430.5000,69.0000,159.0000
84.5000,430.5000,69.0000,159.0000
80.5000,430.5000,69.0000,159.0000
80.5000,430.5000,69.0000,159.0000
80.5000,430.5000,69.0000,159.0000
80.5000,430.5000,69.0000,159.0000
76.5000,430.5000,69.0000,159.0000
76.5000,430.5000,69.0000,159.0000
72.5000,430.5000,69.0000,159.0000
68.5000,430.5000,69.0000,159.0000
64.5000,430.5000,69.0000,159.0000
64.5000,430.5000,69.0000,159.0000
64.5000,430.5000,69.0000,159.0000
64.5000,430.5000,69.0000,159.0000
68.5000,430.5000,69.0000,159.0000
76.5000,430.5000,69.0000,159.0000
84.5000,430.5000,69.0000,159.0000
92.5000,430.5000,69.0000,159.0000
100.5000,434.5000,69.0000,159.0000
112.5000,434.5000,69.0000,159.0000
120.5000,430.5000,69.0000,159.0000
128.5000,430.5000,69.0000,159.0000
132.5000,430.5000,69.0000,159.0000
136.5000,430.5000,69.0000,159.0000
140.5000,430.5000,69.0000,159.0000
140.5000,426.5000,69.0000,159.0000
144.5000,426.5000,69.0000,159.0000
148.5000,426.5000,69.0000,159.0000
152.5000,426.5000,69.0000,159.0000
152.5000,426.5000,69.0000,159.0000
156.5000,426.5000,69.0000,159.0000
160.5000,426.5000,69.0000,159.0000
164.5000,426.5000,69.0000,159.0000
164.5000,426.5000,69.0000,159.0000
168.5000,430.5000,69.0000,159.0000
168.5000,430.5000,69.0000,159.0000
172.5000,430.5000,69.0000,159.0000
176.5000,430.5000,69.0000,159.0000
180.5000,430.5000,69.0000,159.0000
184.5000,430.5000,69.0000,159.0000
184.5000,426.5000,69.0000,159.0000
188.5000,426.5000,69.0000,159.0000
188.5000,426.5000,69.0000,159.0000
192.5000,422.5000,69.0000,159.0000
192.5000,422.5000,69.0000,159.0000
196.5000,422.5000,69.0000,159.0000
196.5000,422.5000,69.0000,159.0000
200.5000,422.5000,69.0000,159.0000
208.5000,422.5000,69.0000,159.0000
212.5000,422.5000,69.0000,159.0000
220.5000,422.5000,69.0000,159.0000
224.5000,422.5000,69.0000,159.0000
232.5000,422.5000,69.0000,159.0000
240.5000,422.5000,69.0000,159.0000
252.5000,426.5000,69.0000,159.0000
260.5000,426.5000,69.0000,159.0000
272.5000,426.5000,69.0000,159.0000
284.5000,426.5000,69.0000,159.0000
296.5000,422.5000,69.0000,159.0000
308.5000,422.5000,69.0000,159.0000
316.5000,422.5000,69.0000,159.0000
324.5000,422.5000,69.0000,159.0000
332.5000,422.5000,69.0000,159.0000
340.5000,422.5000,69.0000,159.0000
348.5000,422.5000,69.0000,159.0000
356.5000,422.5000,69.0000,159.0000
360.5000,418.5000,69.0000,159.0000
368.5000,422.5000,69.0000,159.0000
376.5000,422.5000,69.0000,159.0000
384.5000,422.5000,69.0000,159.0000
392.5000,422.5000,69.0000,159.0000
400.5000,422.5000,69.0000,159.0000
408.5000,426.5000,69.0000,159.0000
420.5000,426.5000,69.0000,159.0000
432.5000,426.5000,69.0000,159.0000
444.5000,426.5000,69.0000,159.0000
452.5000,422.5000,69.0000,159.0000
464.5000,422.5000,69.0000,159.0000
472.5000,422.5000,69.0000,159.0000
480.5000,418.5000,69.0000,159.0000
488.5000,418.5000,69.0000,159.0000
496.5000,418.5000,69.0000,159.0000
504.5000,418.5000,69.0000,159.0000
512.5000,418.5000,69.0000,159.0000
520.5000,418.5000,69.0000,159.0000
528.5000,418.5000,69.0000,159.0000
536.5000,418.5000,69.0000,159.0000
540.5000,418.5000,69.0000,159.0000
552.5000,422.5000,69.0000,159.0000
560.5000,422.5000,69.0000,159.0000
564.5000,422.5000,69.0000,159.0000
572.5000,426.5000,69.0000,159.0000
580.5000,426.5000,69.0000,159.0000
584.5000,430.5000,69.0000,159.0000
588.5000,430.5000,69.0000,159.0000
592.5000,426.5000,69.0000,159.0000
596.5000,426.5000,69.0000,159.0000
596.5000,426.5000,69.0000,159.0000
600.5000,426.5000,69.0000,159.0000
600.5000,426.5000,69.0000,159.0000
600.5000,426.5000,69.0000,159.0000
600.5000,426.5000,69.0000,159.0000
600.5000,426.5000,69.0000,159.0000
604.5000,426.5000,69.0000,159.0000
604.5000,426.5000,69.0000,159.0000
608.5000,426.5000,69.0000,159.0000
612.5000,426.5000,69.0000,159.0000
620.5000,430.5000,69.0000,159.0000
628.5000,430.5000,69.0000,159.0000
636.5000,434.5000,69.0000,159.0000
644.5000,434.5000,69.0000,159.0000
652.5000,434.5000,69.0000,159.0000
660.5000,434.5000,69.0000,159.0000
672.5000,434.5000,69.0000,159.0000
684.5000,434.5000,69.0000,159.0000
692.5000,430.5000,69.0000,159.0000
696.5000,430.5000,69.0000,159.0000
700.5000,430.5000,69.0000,159.0000
708.5000,430.5000,69.0000,159.0000
712.5000,430.5000,69.0000,159.0000
712.5000,430.5000,69.0000,159.0000
716.5000,430.5000,69.0000,159.0000
716.5000,430.5000,69.0000,159.0000
716.5000,434.5000,69.0000,159.0000
716.5000,434.5000,69.0000,159.0000
716.5000,438.5000,69.0000,159.0000
712.5000,438.5000,69.0000,159.0000
708.5000,442.5000,69.0000,159.0000
708.5000,442.5000,69.0000,159.0000
704.5000,446.5000,69.0000,159.0000
704.5000,446.5000,69.0000,159.0000
700.5000,446.5000,69.0000,159.0000
700.5000,446.5000,69.0000,159.0000
696.5000,442.5000,69.0000,159.0000
692.5000,442.5000,69.0000,159.0000
692.5000,442.5000,69.0000,159.0000
688.5000,442.5000,69.0000,159.0000
684.5000,442.5000,69.0000,159.0000
680.5000,442.5000,69.0000,159.0000
676.5000,442.5000,69.0000,159.0000
676.5000,442.5000,69.0000,159.0000
672.5000,442.5000,69.0000,159.0000
668.5000,446.5000,69.0000,159.0000
668.5000,446.5000,69.0000,159.0000
664.5000,446.5000,69.0000,159.0000
664.5000,450.5000,69.0000,159.0000
664.5000,454.5000,69.0000,159.0000
660.5000,454.5000,69.0000,159.0000
660.5000,454.5000,69.0000,159.0000
660.5000,450.5000,69.0000,159.0000
660.5000,450.5000,69.0000,159.0000
660.5000,446.5000,69.0000,159.0000
656.5000,446.5000,69.0000,159.0000
652.5000,446.5000,69.0000,159.0000
648.5000,442.5000,69.0000,159.0000
640.5000,442.5000,69.0000,159.0000
636.5000,442.5000,69.0000,159.0000
628.5000,442.5000,69.0000,159.0000
616.5000,438.5000,69.0000,159.0000
608.5000,438.5000,69.0000,159.0000
600.5000,438.5000,69.0000,159.0000
592.5000,438.5000,69.0000,159.0000
584.5000,438.5000,69.0000,159.0000
576.5000,442.5000,69.0000,159.0000
568.5000,442.5000,69.0000,159.0000
564.5000,442.5000,69.0000,159.0000
560.5000,446.5000,69.0000,159.0000
556.5000,442.5000,69.0000,159.0000
552.5000,442.5000,69.0000,159.0000
548.5000,438.5000,69.0000,159.0000
548.5000,434.5000,69.0000,159.0000
544.5000,434.5000,69.0000,159.0000
540.5000,430.5000,69.0000,159.0000
536.5000,426.5000,69.0000,159.0000
536.5000,426.5000,69.0000,159.0000
532.5000,426.5000,69.0000,159.0000
528.5000,422.5000,69.0000,159.0000
524.5000,422.5000,69.0000,159.0000
520.5000,422.5000,69.0000,159.0000
516.5000,422.5000,69.0000,159.0000
516.5000,422.5000,69.0000,159.0000
512.5000,422.5000,69.0000,159.0000
512.5000,422.5000,69.0000,159.0000
508.5000,422.5000,69.0000,159.0000
508.5000,422.5000,69.0000,159.0000
508.5000,418.5000,69.0000,159.0000
508.5000,418.5000,69.0000,159.0000
504.5000,414.5000,69.0000,159.0000
504.5000,410.5000,69.0000,159.0000
500.5000,406.5000,69.0000,159.0000
500.5000,402.5000,69.0000,159.0000
496.5000,398.5000,69.0000,159.0000
492.5000,398.5000,69.0000,159.0000
488.5000,394.5000,69.0000,159.0000
484.5000,394.5000,69.0000,159.0000
480.5000,394.5000,69.0000,159.0000
476.5000,394.5000,69.0000,159.0000
472.5000,390.5000,69.0000,159.0000
464.5000,390.5000,69.0000,159.0000
460.5000,390.5000,69.0000,159.0000
456.5000,394.5000,69.0000,159.0000
452.5000,394.5000,69.0000,159.0000
448.5000,394.5000,69.0000,159.0000
444.5000,394.5000,69.0000,159.0000
440.5000,394.5000,69.0000,159.0000
436.5000,390.5000,69.0000,159.0000
432.5000,390.5000,69.0000,159.0000
428.5000,386.5000,69.0000,159.0000
424.5000,382.5000,69.0000,159.0000
420.5000,382.5000,69.0000,159.0000
416.5000,382.5000,69.0000,159.0000
412.5000,378.5000,69.0000,159.0000
408.5000,378.5000,69.0000,159.0000
404.5000,378.5000,69.0000,159.0000
404.5000,378.5000,69.0000,159.0000
400.5000,378.5000,69.0000,159.0000
396.5000,378.5000,69.0000,159.0000
396.5000,378.5000,69.0000,159.0000
396.5000,378.5000,69.0000,159.0000
396.5000,382.5000,69.0000,159.0000
396.5000,382.5000,69.0000,159.0000
396.5000,382.5000,69.0000,159.0000
396.5000,382.5000,69.0000,159.0000
400.5000,378.5000,69.0000,159.0000
404.5000,374.5000,69.0000,159.0000
408.5000,374.5000,69.0000,159.0000
412.5000,370.5000,69.0000,159.0000
416.5000,370.5000,69.0000,159.0000
416.5000,366.5000,69.0000,159.0000
420.5000,366.5000,69.0000,159.0000
424.5000,366.5000,69.0000,159.0000
424.5000,362.5000,69.0000,159.0000
428.5000,362.5000,69.0000,159.0000
432.5000,362.5000,69.0000,159.0000
436.5000,362.5000,69.0000,159.0000
440.5000,362.5000,69.0000,159.0000
444.5000,362.5000,69.0000,159.0000
448.5000,362.5000,69.0000,159.0000
456.5000,366.5000,69.0000,159.0000
460.5000,366.5000,69.0000,159.0000
464.5000,366.5000,69.0000,159.0000
472.5000,366.5000,69.0000,159.0000
476.5000,362.5000,69.0000,159.0000
480.5000,358.5000,69.0000,159.0000
484.5000,354.5000,69.0000,159.0000
488.5000,354.5000,69.0000,159.0000
496.5000,350.5000,69.0000,159.0000
500.5000,350.5000,69.0000,159.0000
508.5000,350.5000,69.0000,159.0000
512.5000,350.5000,69.0000,159.0000
516.5000,346.5000,69.0000,159.0000
520.5000,346.5000,69.0000,159.0000
528.5000,346.5000,69.0000,159.0000
536.5000,350.5000,69.0000,159.0000
544.5000,350.5000,69.0000,159.0000
548.5000,350.5000,69.0000,159.0000
556.5000,350.5000,69.0000,159.0000
564.5000,350.5000,69.0000,159.0000
572.5000,350.5000,69.0000,159.0000
580.5000,346.5000,69.0000,159.0000
584.5000,342.5000,69.0000,159.0000
592.5000,342.5000,69.0000,159.0000
596.5000,338.5000,69.0000,159.0000
600.5000,334.5000,69.0000,159.0000
608.5000,334.5000,69.0000,159.0000
612.5000,334.5000,69.0000,159.0000
612.5000,330.5000,69.0000,159.0000
616.5000,330.5000,69.0000,159.0000
620.5000,330.5000,69.0000,159.0000
624.5000,330.5000,69.0000,159.0000
628.5000,330.5000,69.0000,159.0000
632.5000,330.5000,69.0000,159.0000
636.5000,330.5000,69.0000,159.0000
640.5000,330.5000,69.0000,159.0000
644.5000,330.5000,69.0000,159.0000
648.5000,330.5000,69.0000,159.0000
648.5000,330.5000,69.0000,159.0000
652.5000,330.5000,69.0000,159.0000
656.5000,326.5000,69.0000,159.0000
660.5000,326.5000,69.0000,159.0000
664.5000,326.5000,69.0000,159.0000
664.5000,322.5000,69.0000,159.0000
668.5000,322.5000,69.0000,159.0000
668.5000,322.5000,69.0000,159.0000
672.5000,318.5000,69.0000,159.0000
672.5000,318.5000,69.0000,159.0000
672.5000,318.5000,69.0000,159.0000
672.5000,318.5000,69.0000,159.0000
676.5000,318.5000,69.0000,159.0000
676.5000,322.5000,69.0000,159.0000
676.5000,322.5000,69.0000,159.0000
680.5000,326.5000,69.0000,159.0000
684.5000,330.5000,69.0000,159.0000
684.5000,330.5000,69.0000,159.0000
688.5000,330.5000,69.0000,159.0000
692.5000,330.5000,69.0000,159.0000
692.5000,330.5000,69.0000,159.0000
696.5000,330.5000,69.0000,159.0000
700.5000,326.5000,69.0000,159.0000
700.5000,326.5000,69.0000,159.0000
700.5000,326.5000,69.0000,159.0000
700.5000,326.5000,69.0000,159.0000
700.5000,326.5000,69.0000,159.0000
700.5000,326.5000,69.0000,159.0000
700.5000,326.5000,69.0000,159.0000
704.5000,326.5000,69.0000,159.0000
704.5000,326.5000,69.0000,159.0000
704.5000,330.5000,69.0000,159.0000
704.5000,330.5000,69.0000,159.0000
704.5000,334.5000,69.0000,159.0000
704.5000,334.5000,69.0000,159.0000
708.5000,338.5000,69.0000,159.0000
708.5000,338.5000,69.0000,159.0000
712.5000,338.5000,69.0000,159.0000
712.5000,338.5000,69.0000,159.0000
712.5000,338.5000,69.0000,159.0000
712.5000,338.5000,69.0000,159.0000
712.5000,338.5000,69.0000,159.0000
712.5000,338.5000,69.0000,159.0000
712.5000,342.5000,69.0000,159.0000
716.5000,342.5000,69.0000,159.0000
716.5000,346.5000,69.0000,159.0000
716.5000,350.5000,69.0000,159.0000
716.5000,354.5000,69.0000,159.0000
716.5000,358.5000,69.0000,159.0000
716.5000,362.5000,69.0000,159.0000
720.5000,366.5000,69.0000,159.0000
720.5000,366.5000,69.0000,159.0000
724.5000,370.5000,69.0000,159.0000
724.5000,370.5000,69.0000,159.0000
728.5000,374.5000,69.0000,159.0000
732.5000,374.5000,69.0000,159.0000
736.5000,370.5000,69.0000,159.0000
736.5000,366.5000,69.0000,159.0000
736.5000,366.5000,69.0000,159.0000
740.5000,362.5000,69.0000,159.0000
740.5000,362.5000,69.0000,159.0000
740.5000,358.5000,69.0000,159.0000
740.5000,358.5000,69.0000,159.0000
740.5000,358.5000,69.0000,159.0000
740.5000,358.5000,69.0000,159.0000
740.5000,354.5000,69.0000,159.0000
740.5000,358.5000,69.0000,159.0000
740.5000,358.5000,69.0000,159.0000
740.5000,358.5000,69.0000,159.0000
740.5000,358.5000,69.0000,159.0000
740.5000,358.5000,69.0000,159.0000
740.5000,358.5000,69.0000,159.0000
740.5000,358.5000,69.0000,159.0000
740.5000,358.5000,69.0000,159.0000
740.5000,358.5000,69.0000,159.0000
740.5000,354.5000,69.0000,159.0000
740.5000,350.5000,69.0000,159.0000
740.5000,350.5000,69.0000,159.0000
740.5000,350.5000,69.0000,159.0000
740.5000,346.5000,69.0000,159.0000
740.5000,346.5000,69.0000,159.0000
740.5000,346.5000,69.0000,159.0000
740.5000,346.5000,69.0000,159.0000
740.5000,346.5000,69.0000,159.0000
740.5000,346.5000,69.0000,159.0000
740.5000,350.5000,69.0000,159.0000
740.5000,350.5000,69.0000,159.0000
740.5000,350.5000,69.0000,159.0000
744.5000,354.5000,69.0000,159.0000
744.5000,354.5000,69.0000,159.0000
748.5000,354.5000,69.0000,159.0000
748.5000,354.5000,69.0000,159.0000
752.5000,350.5000,69.0000,159.0000
752.5000,350.5000,69.0000,159.0000
756.5000,350.5000,69.0000,159.0000
756.5000,350.5000,69.0000,159.0000
756.5000,350.5000,69.0000,159.0000
756.5000,346.5000,69.0000,159.0000
756.5000,346.5000,69.0000,159.0000
756.5000,346.5000,69.0000,159.0000
752.5000,346.5000,69.0000,159.0000
752.5000,346.5000,69.0000,159.0000
752.5000,346.5000,69.0000,159.0000
748.5000,346.5000,69.0000,159.0000
748.5000,346.5000,69.0000,159.0000
748.5000,350.5000,69.0000,159.0000
744.5000,350.5000,69.0000,159.0000
744.5000,350.5000,69.0000,159.0000
744.5000,350.5000,69.0000,159.0000
744.5000,350.5000,69.0000,159.0000
744.5000,350.5000,69.0000,159.0000
744.5000,346.5000,69.0000,159.0000
740.5000,346.5000,69.0000,159.0000
740.5000,342.5000,69.0000,159.0000
736.5000,342.5000,69.0000,159.0000
736.5000,342.5000,69.0000,159.0000
732.5000,342.5000,69.0000,159.0000
728.5000,342.5000,69.0000,159.0000
724.5000,342.5000,69.0000,159.0000
724.5000,342.5000,69.0000,159.0000
720.5000,342.5000,69.0000,159.0000
716.5000,342.5000,69.0000,159.0000
716.5000,342.5000,69.0000,159.0000
716.5000,342.5000,69.0000,159.0000
712.5000,342.5000,69.0000,159.0000
712.5000,342.5000,69.0000,159.0000
712.5000,342.5000,69.0000,159.0000
712.5000,342.5000,69.0000,159.0000
712.5000,342.5000,69.0000,159.0000
712.5000,338.5000,69.0000,159.0000
708.5000,338.5000,69.0000,159.0000
708.5000,338.5000,69.0000,159.0000
704.5000,338.5000,69.0000,159.0000
704.5000,338.5000,69.0000,159.0000
700.5000,334.5000,69.0000,159.0000
696.5000,334.5000,69.0000,159.0000
692.5000,330.5000,69.0000,159.0000
688.5000,330.5000,69.0000,159.0000
684.5000,330.5000,69.0000,159.0000
680.5000,330.5000,69.0000,159.0000
676.5000,334.5000,69.0000,159.0000
672.5000,330.5000,69.0000,159.0000
668.5000,334.5000,69.0000,159.0000
668.5000,334.5000,69.0000,159.0000
664.5000,334.5000,69.0000,159.0000
664.5000,334.5000,69.0000,159.0000
660.5000,334.5000,69.0000,159.0000
660.5000,334.5000,69.0000,159.0000
656.5000,330.5000,69.0000,159.0000
656.5000,330.5000,69.0000,159.0000
652.5000,330.5000,69.0000,159.0000
652.5000,330.5000,69.0000,159.0000
648.5000,330.5000,69.0000,159.0000
644.5000,330.5000,69.0000,159.0000
640.5000,330.5000,69.0000,159.0000
636.5000,330.5000,69.0000,159.0000
632.5000,330.5000,69.0000,159.0000
632.5000,330.5000,69.0000,159.0000
628.5000,334.5000,69.0000,159.0000
624.5000,334.5000,69.0000,159.0000
624.5000,334.5000,69.0000,159.0000
620.5000,338.5000,69.0000,159.0000
620.5000,338.5000,69.0000,159.0000
616.5000,338.5000,69.0000,159.0000
616.5000,338.5000,69.0000,159.0000
616.5000,334.5000,69.0000,159.0000
616.5000,334.5000,69.0000,159.0000
612.5000,334.5000,69.0000,159.0000
608.5000,330.5000,69.0000,159.0000
604.5000,330.5000,69.0000,159.0000
600.5000,330.5000,69.0000,159.0000
596.5000,326.5000,69.0000,159.0000
588.5000,322.5000,69.0000,159.0000
584.5000,322.5000,69.0000,159.0000
580.5000,322.5000,69.0000,159.0000
576.5000,322.5000,69.0000,159.0000
576.5000,326.5000,69.0000,159.0000
572.5000,326.5000,69.0000,159.0000
568.5000,330.5000,69.0000,159.0000
564.5000,330.5000,69.0000,159.0000
560.5000,330.5000,69.0000,159.0000
560.5000,330.5000,69.0000,159.0000
556.5000,330.5000,69.0000,159.0000
552.5000,330.5000,69.0000,159.0000
552.5000,330.5000,69.0000,159.0000
548.5000,326.5000,69.0000,159.0000
544.5000,326.5000,69.0000,159.0000
540.5000,322.5000,69.0000,159.0000
540.5000,322.5000,69.0000,159.0000
536.5000,322.5000,69.0000,159.0000
532.5000,322.5000,69.0000,159.0000
532.5000,322.5000,69.0000,159.0000
528.5000,322.5000,69.0000,159.0000
524.5000,318.5000,69.0000,159.0000
520.5000,318.5000,69.0000,159.0000
520.5000,322.5000,69.0000,159.0000
520.5000,322.5000,69.0000,159.0000
516.5000,322.5000,69.0000,159.0000
516.5000,322.5000,69.0000,159.0000
512.5000,322.5000,69.0000,159.0000
512.5000,322.5000,69.0000,159.0000
512.5000,322.5000,69.0000,159.0000
508.5000,322.5000,69.0000,159.0000
508.5000,318.5000,69.0000,159.0000
504.5000,318.5000,69.0000,159.0000
504.5000,318.5000,69.0000,159.0000
500.5000,318.5000,69.0000,159.0000
496.5000,314.5000,69.0000,159.0000
492.5000,314.5000,69.0000,159.0000
492.5000,314.5000,69.0000,159.0000
488.5000,314.5000,69.0000,159.0000
484.5000,314.5000,69.0000,159.0000
480.5000,314.5000,69.0000,159.0000
480.5000,318.5000,69.0000,159.0000
476.5000,314.5000,69.0000,159.0000
476.5000,318.5000,69.0000,159.0000
472.5000,318.5000,69.0000,159.0000
472.5000,318.5000,69.0000,159.0000
468.5000,314.5000,69.0000,159.0000
468.5000,314.5000,69.0000,159.0000
468.5000,314.5000,69.0000,159.0000
464.5000,310.5000,69.0000,159.0000
464.5000,310.5000,69.0000,159.0000
460.5000,306.5000,69.0000,159.0000
460.5000,306.5000,69.0000,159.0000
456.5000,306.5000,69.0000,159.0000
456.5000,302.5000,69.0000,159.0000
456.5000,302.5000,69.0000,159.0000
452.5000,302.5000,69.0000,159.0000
452.5000,302.5000,69.0000,159.0000
452.5000,302.5000,69.0000,159.0000
448.5000,302.5000,69.0000,159.0000
448.5000,302.5000,69.0000,159.0000
448.5000,302.5000,69.0000,159.0000
448.5000,302.5000,69.0000,159.0000
452.5000,302.5000,69.0000,159.0000
452.5000,302.5000,69.0000,159.0000
456.5000,302.5000,69.0000,159.0000
456.5000,298.5000,69.0000,159.0000
456.5000,294.5000,69.0000,159.0000
456.5000,294.5000,69.0000,159.0000
456.5000,290.5000,69.0000,159.0000
456.5000,286.5000,69.0000,159.0000
456.5000,286.5000,69.0000,159.0000
456.5000,286.5000,69.0000,159.0000
452.5000,282.5000,69.0000,159.0000
452.5000,282.5000,69.0000,159.0000
452.5000,282.5000,69.0000,159.0000
452.5000,282.5000,69.0000,159.0000
448.5000,282.5000,69.0000,159.0000
448.5000,286.5000,69.0000,159.0000
448.5000,282.5000,69.0000,159.0000
444.5000,282.5000,69.0000,159.0000
444.5000,282.5000,69.0000,159.0000
444.5000,282.5000,69.0000,159.0000
444.5000,282.5000,69.0000,159.0000
444.5000,278.5000,69.0000,159.0000
440.5000,274.5000,69.0000,159.0000
436.5000,270.5000,69.0000,159.0000
436.5000,270.5000,69.0000,159.0000
436.5000,266.5000,69.0000,159.0000
432.5000,266.5000,69.0000,159.0000
432.5000,266.5000,69.0000,159.0000
428.5000,262.5000,69.0000,159.0000
424.5000,262.5000,69.0000,159.0000
424.5000,262.5000,69.0000,159.0000
420.5000,262.5000,69.0000,159.0000
420.5000,262.5000,69.0000,159.0000
420.5000,262.5000,69.0000,159.0000
420.5000,266.5000,69.0000,159.0000
420.5000,266.5000,69.0000,159.0000
420.5000,266.5000,69.0000,159.0000
420.5000,262.5000,69.0000,159.0000
420.5000,262.5000,69.0000,159.0000
420.5000,258.5000,69.0000,159.0000
420.5000,254.5000,69.0000,159.0000
420.5000,250.5000,69.0000,159.0000
420.5000,250.5000,69.0000,159.0000
420.5000,246.5000,69.0000,159.0000
416.5000,246.5000,69.0000,159.0000
416.5000,246.5000,69.0000,159.0000
412.5000,242.5000,69.0000,159.0000
412.5000,246.5000,69.0000,159.0000
408.5000,246.5000,69.0000,159.0000
404.5000,246.5000,69.0000,159.0000
