1
451.0000,428.0000,156.0000,134.0000
455.0000,428.0000,156.0000,134.0000
455.0000,428.0000,156.0000,134.0000
459.0000,424.0000,156.0000,134.0000
459.0000,424.0000,156.0000,134.0000
463.0000,424.0000,156.0000,134.0000
467.0000,424.0000,156.0000,134.0000
467.0000,424.0000,156.0000,134.0000
467.0000,420.0000,156.0000,134.0000
471.0000,420.0000,156.0000,134.0000
471.0000,420.0000,156.0000,134.0000
471.0000,420.0000,156.0000,134.0000
467.0000,420.0000,156.0000,134.0000
467.0000,420.0000,156.0000,134.0000
463.0000,420.0000,156.0000,134.0000
459.0000,420.0000,156.0000,134.0000
455.0000,416.0000,156.0000,134.0000
451.0000,416.0000,156.0000,134.0000
447.0000,416.0000,156.0000,134.0000
443.0000,416.0000,156.0000,134.0000
435.0000,416.0000,156.0000,134.0000
431.0000,416.0000,156.0000,134.0000
427.0000,416.0000,156.0000,134.0000
419.0000,416.0000,156.0000,134.0000
411.0000,416.0000,156.0000,134.0000
407.0000,416.0000,156.0000,134.0000
399.0000,416.0000,156.0000,134.0000
395.0000,416.0000,156.0000,134.0000
387.0000,412.0000,156.0000,134.0000
379.0000,412.0000,156.0000,134.0000
375.0000,412.0000,156.0000,134.0000
371.0000,412.0000,156.0000,134.0000
367.0000,412.0000,156.0000,134.0000
359.0000,412.0000,156.0000,134.0000
355.0000,412.0000,156.0000,134.0000
351.0000,412.0000,156.0000,134.0000
351.0000,412.0000,156.0000,134.0000
347.0000,412.0000,156.0000,134.0000
347.0000,408.0000,156.0000,134.0000
343.0000,408.0000,156.0000,134.0000
343.0000,408.0000,156.0000,134.0000
343.0000,408.0000,156.0000,134.0000
343.0000,404.0000,156.0000,134.0000
343.0000,404.0000,156.0000,134.0000
347.0000,400.0000,156.0000,134.0000
347.0000,400.0000,156.0000,134.0000
351.0000,400.0000,156.0000,134.0000
355.0000,396.0000,156.0000,134.0000
359.0000,396.0000,156.0000,134.0000
363.0000,396.0000,156.0000,134.0000
367.0000,392.0000,156.0000,134.0000
367.0000,392.0000,156.0000,134.0000
371.0000,392.0000,156.0000,134.0000
379.0000,388.0000,156.0000,134.0000
379.0000,388.0000,156.0000,134.0000
383.0000,384.0000,156.0000,134.0000
387.0000,384.0000,156.0000,134.0000
391.0000,384.0000,156.0000,134.0000
395.0000,380.0000,156.0000,134.0000
399.0000,380.0000,156.0000,134.0000
403.0000,380.0000,156.0000,134.0000
403.0000,376.0000,156.0000,134.0000
407.0000,376.0000,156.0000,134.0000
411.0000,376.0000,156.0000,134.0000
415.0000,372.0000,156.0000,134.0000
419.0000,372.0000,156.0000,134.0000
423.0000,372.0000,156.0000,134.0000
423.0000,368.0000,156.0000,134.0000
427.0000,368.0000,156.0000,134.0000
431.0000,368.0000,156.0000,134.0000
435.0000,364.0000,156.0000,134.0000
439.0000,364.0000,156.0000,134.0000
439.0000,364.0000,156.0000,134.0000
443.0000,360.0000,156.0000,134.0000
447.0000,360.0000,156.0000,134.0000
451.0000,356.0000,156.0000,134.0000
451.0000,356.0000,156.0000,134.0000
455.0000,356.0000,156.0000,134.0000
459.0000,356.0000,156.0000,134.0000
463.0000,352.0000,156.0000,134.0000
463.0000,352.0000,156.0000,134.0000
463.0000,352.0000,156.0000,134.0000
463.0000,348.0000,156.0000,134.0000
463.0000,348.0000,156.0000,134.0000
463.0000,348.0000,156.0000,134.0000
463.0000,344.0000,156.0000,134.0000
463.0000,344.0000,156.0000,134.0000
459.0000,344.0000,156.0000,134.0000
459.0000,340.0000,156.0000,134.0000
459.0000,340.0000,156.0000,134.0000
455.0000,340.0000,156.0000,134.0000
455.0000,340.0000,156.0000,134.0000
451.0000,336.0000,156.0000,134.0000
451.0000,336.0000,156.0000,134.0000
447.0000,336.0000,156.0000,134.0000
443.0000,336.0000,156.0000,134.0000
443.0000,332.0000,156.0000,134.0000
439.0000,332.0000,156.0000,134.0000
435.0000,332.0000,156.0000,134.0000
435.0000,328.0000,156.0000,134.0000
431.0000,328.0000,156.0000,134.0000
431.0000,328.0000,156.0000,134.0000
427.0000,328.0000,156.0000,134.0000
423.0000,328.0000,156.0000,134.0000
419.0000,324.0000,156.0000,134.0000
419.0000,324.0000,156.0000,134.0000
415.0000,324.0000,156.0000,134.0000
411.0000,324.0000,156.0000,134.0000
407.0000,324.0000,156.0000,134.0000
407.0000,324.0000,156.0000,134.0000
403.0000,320.0000,156.0000,134.0000
403.0000,320.0000,156.0000,134.0000
399.0000,320.0000,156.0000,134.0000
399.0000,320.0000,156.0000,134.0000
399.0000,320.0000,156.0000,134.0000
399.0000,320.0000,156.0000,134.0000
399.0000,320.0000,156.0000,134.0000
399.0000,316.0000,156.0000,134.0000
399.0000,316.0000,156.0000,134.0000
399.0000,316.0000,156.0000,134.0000
399.0000,316.0000,156.0000,134.0000
399.0000,316.0000,156.0000,134.0000
399.0000,312.0000,156.0000,134.0000
399.0000,312.0000,156.0000,134.0000
399.0000,312.0000,156.0000,134.0000
399.0000,312.0000,156.0000,134.0000
399.0000,312.0000,156.0000,134.0000
399.0000,308.0000,156.0000,134.0000
399.0000,308.0000,156.0000,134.0000
399.0000,308.0000,156.0000,134.0000
399.0000,308.0000,156.0000,134.0000
399.0000,308.0000,156.0000,134.0000
399.0000,308.0000,156.0000,134.0000
399.0000,304.0000,156.0000,134.0000
399.0000,304.0000,156.0000,134.0000
399.0000,304.0000,156.0000,134.0000
399.0000,304.0000,156.0000,134.0000
399.0000,304.0000,156.0000,134.0000
395.0000,304.0000,156.0000,134.0000
395.0000,304.0000,156.0000,134.0000
395.0000,304.0000,156.0000,134.0000
395.0000,304.0000,156.0000,134.0000
395.0000,304.0000,156.0000,134.0000
395.0000,300.0000,156.0000,134.0000
391.0000,300.0000,156.0000,134.0000
391.0000,300.0000,156.0000,134.0000
391.0000,300.0000,156.0000,134.0000
391.0000,300.0000,156.0000,134.0000
391.0000,300.0000,156.0000,134.0000
387.0000,300.0000,156.0000,134.0000
387.0000,300.0000,156.0000,134.0000
387.0000,300.0000,156.0000,134.0000
387.0000,300.0000,156.0000,134.0000
383.0000,300.0000,156.0000,134.0000
383.0000,300.0000,156.0000,134.0000
383.0000,300.0000,156.0000,134.0000
383.0000,300.0000,156.0000,134.0000
383.0000,300.0000,156.0000,134.0000
383.0000,300.0000,156.0000,134.0000
383.0000,300.0000,156.0000,134.0000
383.0000,300.0000,156.0000,134.0000
383.0000,296.0000,156.0000,134.0000
383.0000,300.0000,156.0000,134.0000
379.0000,296.0000,156.0000,134.0000
379.0000,296.0000,156.0000,134.0000
383.0000,296.0000,156.0000,134.0000
383.0000,296.0000,156.0000,134.0000
383.0000,296.0000,156.0000,134.0000
383.0000,296.0000,156.0000,134.0000
383.0000,296.0000,156.0000,134.0000
383.0000,296.0000,156.0000,134.0000
383.0000,296.0000,156.0000,134.0000
383.0000,296.0000,156.0000,134.0000
383.0000,296.0000,156.0000,134.0000
383.0000,296.0000,156.0000,134.0000
383.0000,296.0000,156.0000,134.0000
383.0000,296.0000,156.0000,134.0000
383.0000,296.0000,156.0000,134.0000
383.0000,296.0000,156.0000,134.0000
383.0000,296.0000,156.0000,134.0000
383.0000,296.0000,156.0000,134.0000
383.0000,296.0000,156.0000,134.0000
383.0000,296.0000,156.0000,134.0000
383.0000,296.0000,156.0000,134.0000
383.0000,296.0000,156.0000,134.0000
383.0000,296.0000,156.0000,134.0000
383.0000,296.0000,156.0000,134.0000
387.0000,296.0000,156.0000,134.0000
387.0000,296.0000,156.0000,134.0000
387.0000,296.0000,156.0000,134.0000
387.0000,296.0000,156.0000,134.0000
387.0000,296.0000,156.0000,134.0000
387.0000,296.0000,156.0000,134.0000
387.0000,296.0000,156.0000,134.0000
387.0000,296.0000,156.0000,134.0000
387.0000,296.0000,156.0000,134.0000
387.0000,296.0000,156.0000,134.0000
387.0000,296.0000,156.0000,134.0000
391.0000,296.0000,156.0000,134.0000
391.0000,292.0000,156.0000,134.0000
391.0000,292.0000,156.0000,134.0000
391.0000,292.0000,156.0000,134.0000
391.0000,292.0000,156.0000,134.0000
391.0000,292.0000,156.0000,134.0000
391.0000,292.0000,156.0000,134.0000
391.0000,292.0000,156.0000,134.0000
391.0000,292.0000,156.0000,134.0000
391.0000,292.0000,156.0000,134.0000
391.0000,292.0000,156.0000,134.0000
391.0000,292.0000,156.0000,134.0000
391.0000,292.0000,156.0000,134.0000
391.0000,292.0000,156.0000,134.0000
391.0000,292.0000,156.0000,134.0000
391.0000,292.0000,156.0000,134.0000
395.0000,292.0000,156.0000,134.0000
395.0000,292.0000,156.0000,134.0000
395.0000,292.0000,156.0000,134.0000
395.0000,292.0000,156.0000,134.0000
395.0000,292.0000,156.0000,134.0000
395.0000,292.0000,156.0000,134.0000
395.0000,292.0000,156.0000,134.0000
395.0000,292.0000,156.0000,134.0000
395.0000,292.0000,156.0000,134.0000
395.0000,292.0000,156.0000,134.0000
395.0000,292.0000,156.0000,134.0000
395.0000,292.0000,156.0000,134.0000
395.0000,288.0000,156.0000,134.0000
395.0000,288.0000,156.0000,134.0000
395.0000,288.0000,156.0000,134.0000
395.0000,288.0000,156.0000,134.0000
395.0000,288.0000,156.0000,134.0000
399.0000,288.0000,156.0000,134.0000
399.0000,288.0000,156.0000,134.0000
399.0000,288.0000,156.0000,134.0000
399.0000,288.0000,156.0000,134.0000
399.0000,284.0000,156.0000,134.0000
399.0000,284.0000,156.0000,134.0000
399.0000,284.0000,156.0000,134.0000
399.0000,284.0000,156.0000,134.0000
399.0000,284.0000,156.0000,134.0000
399.0000,284.0000,156.0000,134.0000
399.0000,284.0000,156.0000,134.0000
399.0000,284.0000,156.0000,134.0000
399.0000,280.0000,156.0000,134.0000
399.0000,280.0000,156.0000,134.0000
399.0000,280.0000,156.0000,134.0000
399.0000,280.0000,156.0000,134.0000
399.0000,280.0000,156.0000,134.0000
399.0000,276.0000,156.0000,134.0000
399.0000,276.0000,156.0000,134.0000
399.0000,276.0000,156.0000,134.0000
403.0000,276.0000,156.0000,134.0000
403.0000,276.0000,156.0000,134.0000
403.0000,272.0000,156.0000,134.0000
403.0000,272.0000,156.0000,134.0000
403.0000,272.0000,156.0000,134.0000
403.0000,272.0000,156.0000,134.0000
403.0000,272.0000,156.0000,134.0000
403.0000,268.0000,156.0000,134.0000
403.0000,268.0000,156.0000,134.0000
403.0000,268.0000,156.0000,134.0000
403.0000,268.0000,156.0000,134.0000
403.0000,268.0000,156.0000,134.0000
403.0000,264.0000,156.0000,134.0000
403.0000,264.0000,156.0000,134.0000
403.0000,264.0000,156.0000,134.0000
407.0000,264.0000,156.0000,134.0000
407.0000,264.0000,156.0000,134.0000
407.0000,260.0000,156.0000,134.0000
407.0000,260.0000,156.0000,134.0000
407.0000,260.0000,156.0000,134.0000
407.0000,260.0000,156.0000,134.0000
407.0000,256.0000,156.0000,134.0000
407.0000,256.0000,156.0000,134.0000
407.0000,256.0000,156.0000,134.0000
407.0000,252.0000,156.0000,134.0000
407.0000,252.0000,156.0000,134.0000
407.0000,252.0000,156.0000,134.0000
407.0000,252.0000,156.0000,134.0000
407.0000,248.0000,156.0000,134.0000
407.0000,248.0000,156.0000,134.0000
407.0000,248.0000,156.0000,134.0000
407.0000,248.0000,156.0000,134.0000
407.0000,244.0000,156.0000,134.0000
407.0000,244.0000,156.0000,134.0000
407.0000,244.0000,156.0000,134.0000
407.0000,244.0000,156.0000,134.0000
407.0000,240.0000,156.0000,134.0000
407.0000,240.0000,156.0000,134.0000
407.0000,240.0000,156.0000,134.0000
407.0000,240.0000,156.0000,134.0000
407.0000,240.0000,156.0000,134.0000
407.0000,236.0000,156.0000,134.0000
411.0000,236.0000,156.0000,134.0000
411.0000,236.0000,156.0000,134.0000
411.0000,236.0000,156.0000,134.0000
411.0000,236.0000,156.0000,134.0000
411.0000,236.0000,156.0000,134.0000
411.0000,236.0000,156.0000,134.0000
411.0000,236.0000,156.0000,134.0000
411.0000,232.0000,156.0000,134.0000
411.0000,232.0000,156.0000,134.0000
411.0000,232.0000,156.0000,134.0000
411.0000,232.0000,156.0000,134.0000
407.0000,232.0000,156.0000,134.0000
407.0000,232.0000,156.0000,134.0000
407.0000,232.0000,156.0000,134.0000
407.0000,232.0000,156.0000,134.0000
407.0000,232.0000,156.0000,134.0000
407.0000,232.0000,156.0000,134.0000
407.0000,232.0000,156.0000,134.0000
407.0000,232.0000,156.0000,134.0000
403.0000,232.0000,156.0000,134.0000
403.0000,232.0000,156.0000,134.0000
403.0000,232.0000,156.0000,134.0000
403.0000,232.0000,156.0000,134.0000
403.0000,232.0000,156.0000,134.0000
403.0000,232.0000,156.0000,134.0000
399.0000,232.0000,156.0000,134.0000
399.0000,232.0000,156.0000,134.0000
399.0000,232.0000,156.0000,134.0000
399.0000,232.0000,156.0000,134.0000
399.0000,232.0000,156.0000,134.0000
399.0000,232.0000,156.0000,134.0000
399.0000,232.0000,156.0000,134.0000
395.0000,232.0000,156.0000,134.0000
395.0000,232.0000,156.0000,134.0000
395.0000,232.0000,156.0000,134.0000
395.0000,232.0000,156.0000,134.0000
395.0000,232.0000,156.0000,134.0000
391.0000,232.0000,156.0000,134.0000
391.0000,232.0000,156.0000,134.0000
391.0000,232.0000,156.0000,134.0000
391.0000,232.0000,156.0000,134.0000
387.0000,232.0000,156.0000,134.0000
387.0000,232.0000,156.0000,134.0000
387.0000,232.0000,156.0000,134.0000
387.0000,232.0000,156.0000,134.0000
383.0000,232.0000,156.0000,134.0000
383.0000,232.0000,156.0000,134.0000
383.0000,232.0000,156.0000,134.0000
383.0000,232.0000,156.0000,134.0000
379.0000,232.0000,156.0000,134.0000
379.0000,232.0000,156.0000,134.0000
379.0000,232.0000,156.0000,134.0000
375.0000,232.0000,156.0000,134.0000
375.0000,232.0000,156.0000,134.0000
375.0000,232.0000,156.0000,134.0000
371.0000,232.0000,156.0000,134.0000
371.0000,236.0000,156.0000,134.0000
371.0000,236.0000,156.0000,134.0000
367.0000,236.0000,156.0000,134.0000
367.0000,236.0000,156.0000,134.0000
367.0000,236.0000,156.0000,134.0000
363.0000,236.0000,156.0000,134.0000
363.0000,236.0000,156.0000,134.0000
363.0000,236.0000,156.0000,134.0000
359.0000,236.0000,156.0000,134.0000
359.0000,236.0000,156.0000,134.0000
359.0000,236.0000,156.0000,134.0000
355.0000,236.0000,156.0000,134.0000
355.0000,236.0000,156.0000,134.0000
355.0000,236.0000,156.0000,134.0000
351.0000,236.0000,156.0000,134.0000
351.0000,236.0000,156.0000,134.0000
351.0000,236.0000,156.0000,134.0000
347.0000,236.0000,156.0000,134.0000
347.0000,236.0000,156.0000,134.0000
347.0000,236.0000,156.0000,134.0000
343.0000,236.0000,156.0000,134.0000
343.0000,236.0000,156.0000,134.0000
343.0000,240.0000,156.0000,134.0000
343.0000,240.0000,156.0000,134.0000
339.0000,240.0000,156.0000,134.0000
339.0000,240.0000,156.0000,134.0000
339.0000,240.0000,156.0000,134.0000
339.0000,240.0000,156.0000,134.0000
335.0000,240.0000,156.0000,134.0000
335.0000,240.0000,156.0000,134.0000
335.0000,240.0000,156.0000,134.0000
335.0000,240.0000,156.0000,134.0000
331.0000,240.0000,156.0000,134.0000
331.0000,240.0000,156.0000,134.0000
331.0000,240.0000,156.0000,134.0000
331.0000,244.0000,156.0000,134.0000
331.0000,244.0000,156.0000,134.0000
327.0000,244.0000,156.0000,134.0000
327.0000,244.0000,156.0000,134.0000
327.0000,244.0000,156.0000,134.0000
327.0000,244.0000,156.0000,134.0000
323.0000,244.0000,156.0000,134.0000
323.0000,244.0000,156.0000,134.0000
323.0000,244.0000,156.0000,134.0000
323.0000,244.0000,156.0000,134.0000
319.0000,244.0000,156.0000,134.0000
319.0000,244.0000,156.0000,134.0000
319.0000,244.0000,156.0000,134.0000
319.0000,244.0000,156.0000,134.0000
319.0000,244.0000,156.0000,134.0000
319.0000,244.0000,156.0000,134.0000
315.0000,244.0000,156.0000,134.0000
315.0000,244.0000,156.0000,134.0000
315.0000,244.0000,156.0000,134.0000
315.0000,244.0000,156.0000,134.0000
311.0000,244.0000,156.0000,134.0000
311.0000,244.0000,156.0000,134.0000
311.0000,244.0000,156.0000,134.0000
311.0000,244.0000,156.0000,134.0000
311.0000,244.0000,156.0000,134.0000
311.0000,240.0000,156.0000,134.0000
311.0000,240.0000,156.0000,134.0000
307.0000,240.0000,156.0000,134.0000
307.0000,240.0000,156.0000,134.0000
307.0000,240.0000,156.0000,134.0000
307.0000,240.0000,156.0000,134.0000
307.0000,240.0000,156.0000,134.0000
307.0000,240.0000,156.0000,134.0000
307.0000,240.0000,156.0000,134.0000
303.0000,240.0000,156.0000,134.0000
303.0000,236.0000,156.0000,134.0000
303.0000,236.0000,156.0000,134.0000
303.0000,236.0000,156.0000,134.0000
303.0000,236.0000,156.0000,134.0000
303.0000,236.0000,156.0000,134.0000
303.0000,236.0000,156.0000,134.0000
303.0000,236.0000,156.0000,134.0000
303.0000,236.0000,156.0000,134.0000
299.0000,236.0000,156.0000,134.0000
299.0000,232.0000,156.0000,134.0000
299.0000,232.0000,156.0000,134.0000
299.0000,232.0000,156.0000,134.0000
299.0000,232.0000,156.0000,134.0000
299.0000,232.0000,156.0000,134.0000
299.0000,228.0000,156.0000,134.0000
299.0000,228.0000,156.0000,134.0000
299.0000,228.0000,156.0000,134.0000
299.0000,228.0000,156.0000,134.0000
299.0000,228.0000,156.0000,134.0000
299.0000,224.0000,156.0000,134.0000
299.0000,224.0000,156.0000,134.0000
295.0000,224.0000,156.0000,134.0000
295.0000,224.0000,156.0000,134.0000
295.0000,224.0000,156.0000,134.0000
295.0000,224.0000,156.0000,134.0000
295.0000,224.0000,156.0000,134.0000
295.0000,224.0000,156.0000,134.0000
295.0000,224.0000,156.0000,134.0000
295.0000,220.0000,156.0000,134.0000
295.0000,220.0000,156.0000,134.0000
295.0000,220.0000,156.0000,134.0000
295.0000,220.0000,156.0000,134.0000
295.0000,220.0000,156.0000,134.0000
295.0000,220.0000,156.0000,134.0000
295.0000,220.0000,156.0000,134.0000
295.0000,220.0000,156.0000,134.0000
291.0000,220.0000,156.0000,134.0000
291.0000,220.0000,156.0000,134.0000
291.0000,220.0000,156.0000,134.0000
291.0000,216.0000,156.0000,134.0000
291.0000,216.0000,156.0000,134.0000
291.0000,216.0000,156.0000,134.0000
291.0000,216.0000,156.0000,134.0000
291.0000,216.0000,156.0000,134.0000
291.0000,216.0000,156.0000,134.0000
291.0000,216.0000,156.0000,134.0000
291.0000,216.0000,156.0000,134.0000
291.0000,216.0000,156.0000,134.0000
291.0000,216.0000,156.0000,134.0000
291.0000,216.0000,156.0000,134.0000
291.0000,216.0000,156.0000,134.0000
295.0000,216.0000,156.0000,134.0000
295.0000,216.0000,156.0000,134.0000
295.0000,216.0000,156.0000,134.0000
295.0000,212.0000,156.0000,134.0000
299.0000,212.0000,156.0000,134.0000
299.0000,212.0000,156.0000,134.0000
299.0000,212.0000,156.0000,134.0000
303.0000,212.0000,156.0000,134.0000
303.0000,212.0000,156.0000,134.0000
303.0000,212.0000,156.0000,134.0000
303.0000,212.0000,156.0000,134.0000
307.0000,212.0000,156.0000,134.0000
307.0000,208.0000,156.0000,134.0000
307.0000,208.0000,156.0000,134.0000
307.0000,208.0000,156.0000,134.0000
307.0000,208.0000,156.0000,134.0000
307.0000,208.0000,156.0000,134.0000
307.0000,208.0000,156.0000,134.0000
311.0000,208.0000,156.0000,134.0000
311.0000,208.0000,156.0000,134.0000
311.0000,208.0000,156.0000,134.0000
311.0000,208.0000,156.0000,134.0000
311.0000,208.0000,156.0000,134.0000
315.0000,208.0000,156.0000,134.0000
315.0000,208.0000,156.0000,134.0000
315.0000,204.0000,156.0000,134.0000
315.0000,204.0000,156.0000,134.0000
315.0000,204.0000,156.0000,134.0000
319.0000,204.0000,156.0000,134.0000
319.0000,204.0000,156.0000,134.0000
319.0000,204.0000,156.0000,134.0000
319.0000,204.0000,156.0000,134.0000
319.0000,204.0000,156.0000,134.0000
323.0000,204.0000,156.0000,134.0000
323.0000,200.0000,156.0000,134.0000
323.0000,200.0000,156.0000,134.0000
323.0000,200.0000,156.0000,134.0000
327.0000,200.0000,156.0000,134.0000
327.0000,200.0000,156.0000,134.0000
327.0000,200.0000,156.0000,134.0000
327.0000,196.0000,156.0000,134.0000
331.0000,196.0000,156.0000,134.0000
331.0000,196.0000,156.0000,134.0000
331.0000,196.0000,156.0000,134.0000
335.0000,196.0000,156.0000,134.0000
335.0000,196.0000,156.0000,134.0000
335.0000,196.0000,156.0000,134.0000
335.0000,192.0000,156.0000,134.0000
339.0000,192.0000,156.0000,134.0000
339.0000,192.0000,156.0000,134.0000
339.0000,192.0000,156.0000,134.0000
339.0000,192.0000,156.0000,134.0000
343.0000,192.0000,156.0000,134.0000
343.0000,188.0000,156.0000,134.0000
343.0000,188.0000,156.0000,134.0000
347.0000,188.0000,156.0000,134.0000
347.0000,188.0000,156.0000,134.0000
347.0000,188.0000,156.0000,134.0000
347.0000,188.0000,156.0000,134.0000
351.0000,188.0000,156.0000,134.0000
351.0000,188.0000,156.0000,134.0000
351.0000,188.0000,156.0000,134.0000
351.0000,188.0000,156.0000,134.0000
355.0000,188.0000,156.0000,134.0000
355.0000,188.0000,156.0000,134.0000
355.0000,188.0000,156.0000,134.0000
355.0000,188.0000,156.0000,134.0000
359.0000,188.0000,156.0000,134.0000
359.0000,188.0000,156.0000,134.0000
359.0000,188.0000,156.0000,134.0000
363.0000,188.0000,156.0000,134.0000
363.0000,188.0000,156.0000,134.0000
363.0000,188.0000,156.0000,134.0000
363.0000,188.0000,156.0000,134.0000
367.0000,188.0000,156.0000,134.0000
367.0000,188.0000,156.0000,134.0000
367.0000,188.0000,156.0000,134.0000
367.0000,188.0000,156.0000,134.0000
367.0000,188.0000,156.0000,134.0000
367.0000,188.0000,156.0000,134.0000
371.0000,188.0000,156.0000,134.0000
371.0000,188.0000,156.0000,134.0000
371.0000,188.0000,156.0000,134.0000
371.0000,188.0000,156.0000,134.0000
371.0000,188.0000,156.0000,134.0000
371.0000,192.0000,156.0000,134.0000
371.0000,192.0000,156.0000,134.0000
371.0000,192.0000,156.0000,134.0000
375.0000,192.0000,156.0000,134.0000
375.0000,192.0000,156.0000,134.0000
375.0000,196.0000,156.0000,134.0000
375.0000,196.0000,156.0000,134.0000
375.0000,196.0000,156.0000,134.0000
375.0000,196.0000,156.0000,134.0000
371.0000,196.0000,156.0000,134.0000
371.0000,200.0000,156.0000,134.0000
371.0000,200.0000,156.0000,134.0000
371.0000,200.0000,156.0000,134.0000
371.0000,200.0000,156.0000,134.0000
371.0000,200.0000,156.0000,134.0000
367.0000,204.0000,156.0000,134.0000
367.0000,204.0000,156.0000,134.0000
367.0000,204.0000,156.0000,134.0000
367.0000,204.0000,156.0000,134.0000
367.0000,208.0000,156.0000,134.0000
367.0000,208.0000,156.0000,134.0000
363.0000,208.0000,156.0000,134.0000
363.0000,212.0000,156.0000,134.0000
363.0000,212.0000,156.0000,134.0000
363.0000,212.0000,156.0000,134.0000
363.0000,216.0000,156.0000,134.0000
363.0000,216.0000,156.0000,134.0000
363.0000,216.0000,156.0000,134.0000
363.0000,220.0000,156.0000,134.0000
363.0000,220.0000,156.0000,134.0000
363.0000,220.0000,156.0000,134.0000
363.0000,224.0000,156.0000,134.0000
359.0000,224.0000,156.0000,134.0000
359.0000,228.0000,156.0000,134.0000
359.0000,228.0000,156.0000,134.0000
359.0000,228.0000,156.0000,134.0000
359.0000,228.0000,156.0000,134.0000
359.0000,232.0000,156.0000,134.0000
359.0000,232.0000,156.0000,134.0000
359.0000,232.0000,156.0000,134.0000
359.0000,232.0000,156.0000,134.0000
359.0000,232.0000,156.0000,134.0000
359.0000,236.0000,156.0000,134.0000
359.0000,236.0000,156.0000,134.0000
359.0000,236.0000,156.0000,134.0000
359.0000,236.0000,156.0000,134.0000
359.0000,236.0000,156.0000,134.0000
359.0000,236.0000,156.0000,134.0000
363.0000,236.0000,156.0000,134.0000
363.0000,240.0000,156.0000,134.0000
363.0000,240.0000,156.0000,134.0000
363.0000,240.0000,156.0000,134.0000
363.0000,240.0000,156.0000,134.0000
363.0000,240.0000,156.0000,134.0000
363.0000,240.0000,156.0000,134.0000
363.0000,240.0000,156.0000,134.0000
363.0000,240.0000,156.0000,134.0000
363.0000,240.0000,156.0000,134.0000
363.0000,244.0000,156.0000,134.0000
363.0000,244.0000,156.0000,134.0000
363.0000,244.0000,156.0000,134.0000
363.0000,244.0000,156.0000,134.0000
367.0000,244.0000,156.0000,134.0000
367.0000,244.0000,156.0000,134.0000
367.0000,244.0000,156.0000,134.0000
367.0000,244.0000,156.0000,134.0000
367.0000,244.0000,156.0000,134.0000
367.0000,244.0000,156.0000,134.0000
367.0000,244.0000,156.0000,134.0000
367.0000,244.0000,156.0000,134.0000
367.0000,248.0000,156.0000,134.0000
367.0000,248.0000,156.0000,134.0000
371.0000,248.0000,156.0000,134.0000
371.0000,252.0000,156.0000,134.0000
371.0000,252.0000,156.0000,134.0000
371.0000,252.0000,156.0000,134.0000
371.0000,256.0000,156.0000,134.0000
371.0000,256.0000,156.0000,134.0000
371.0000,256.0000,156.0000,134.0000
371.0000,260.0000,156.0000,134.0000
375.0000,260.0000,156.0000,134.0000
375.0000,260.0000,156.0000,134.0000
375.0000,264.0000,156.0000,134.0000
375.0000,268.0000,156.0000,134.0000
375.0000,272.0000,156.0000,134.0000
375.0000,276.0000,156.0000,134.0000
375.0000,276.0000,156.0000,134.0000
375.0000,280.0000,156.0000,134.0000
375.0000,284.0000,156.0000,134.0000
379.0000,284.0000,156.0000,134.0000
379.0000,284.0000,156.0000,134.0000
379.0000,288.0000,156.0000,134.0000
379.0000,292.0000,156.0000,134.0000
379.0000,292.0000,156.0000,134.0000
379.0000,296.0000,156.0000,134.0000
379.0000,296.0000,156.0000,134.0000
379.0000,300.0000,156.0000,134.0000
383.0000,300.0000,156.0000,134.0000
383.0000,304.0000,156.0000,134.0000
383.0000,308.0000,156.0000,134.0000
383.0000,308.0000,156.0000,134.0000
383.0000,308.0000,156.0000,134.0000
383.0000,308.0000,156.0000,134.0000
383.0000,308.0000,156.0000,134.0000
383.0000,312.0000,156.0000,134.0000
383.0000,312.0000,156.0000,134.0000
383.0000,312.0000,156.0000,134.0000
387.0000,312.0000,156.0000,134.0000
387.0000,312.0000,156.0000,134.0000
387.0000,316.0000,156.0000,134.0000
387.0000,316.0000,156.0000,134.0000
387.0000,316.0000,156.0000,134.0000
387.0000,316.0000,156.0000,134.0000
387.0000,316.0000,156.0000,134.0000
387.0000,320.0000,156.0000,134.0000
387.0000,320.0000,156.0000,134.0000
387.0000,320.0000,156.0000,134.0000
387.0000,320.0000,156.0000,134.0000
391.0000,320.0000,156.0000,134.0000
391.0000,324.0000,156.0000,134.0000
391.0000,324.0000,156.0000,134.0000
391.0000,324.0000,156.0000,134.0000
391.0000,324.0000,156.0000,134.0000
391.0000,324.0000,156.0000,134.0000
391.0000,324.0000,156.0000,134.0000
391.0000,328.0000,156.0000,134.0000
391.0000,328.0000,156.0000,134.0000
391.0000,328.0000,156.0000,134.0000
391.0000,328.0000,156.0000,134.0000
391.0000,332.0000,156.0000,134.0000
391.0000,332.0000,156.0000,134.0000
391.0000,332.0000,156.0000,134.0000
391.0000,336.0000,156.0000,134.0000
391.0000,336.0000,156.0000,134.0000
391.0000,336.0000,156.0000,134.0000
391.0000,336.0000,156.0000,134.0000
391.0000,340.0000,156.0000,134.0000
391.0000,340.0000,156.0000,134.0000
391.0000,340.0000,156.0000,134.0000
395.0000,340.0000,156.0000,134.0000
395.0000,340.0000,156.0000,134.0000
391.0000,344.0000,156.0000,134.0000
395.0000,340.0000,156.0000,134.0000
395.0000,340.0000,156.0000,134.0000
395.0000,340.0000,156.0000,134.0000
395.0000,340.0000,156.0000,134.0000
395.0000,340.0000,156.0000,134.0000
395.0000,336.0000,156.0000,134.0000
395.0000,336.0000,156.0000,134.0000
395.0000,336.0000,156.0000,134.0000
395.0000,336.0000,156.0000,134.0000
395.0000,336.0000,156.0000,134.0000
395.0000,332.0000,156.0000,134.0000
395.0000,332.0000,156.0000,134.0000
395.0000,332.0000,156.0000,134.0000
395.0000,332.0000,156.0000,134.0000
395.0000,328.0000,156.0000,134.0000
395.0000,328.0000,156.0000,134.0000
395.0000,328.0000,156.0000,134.0000
395.0000,328.0000,156.0000,134.0000
395.0000,328.0000,156.0000,134.0000
395.0000,328.0000,156.0000,134.0000
395.0000,324.0000,156.0000,134.0000
395.0000,324.0000,156.0000,134.0000
395.0000,324.0000,156.0000,134.0000
395.0000,324.0000,156.0000,134.0000
395.0000,324.0000,156.0000,134.0000
395.0000,324.0000,156.0000,134.0000
395.0000,320.0000,156.0000,134.0000
395.0000,320.0000,156.0000,134.0000
395.0000,320.0000,156.0000,134.0000
395.0000,320.0000,156.0000,134.0000
395.0000,320.0000,156.0000,134.0000
395.0000,320.0000,156.0000,134.0000
395.0000,320.0000,156.0000,134.0000
395.0000,320.0000,156.0000,134.0000
395.0000,316.0000,156.0000,134.0000
395.0000,316.0000,156.0000,134.0000
395.0000,316.0000,156.0000,134.0000
395.0000,316.0000,156.0000,134.0000
395.0000,316.0000,156.0000,134.0000
395.0000,316.0000,156.0000,134.0000
391.0000,316.0000,156.0000,134.0000
391.0000,316.0000,156.0000,134.0000
391.0000,316.0000,156.0000,134.0000
391.0000,316.0000,156.0000,134.0000
391.0000,316.0000,156.0000,134.0000
391.0000,316.0000,156.0000,134.0000
391.0000,316.0000,156.0000,134.0000
391.0000,316.0000,156.0000,134.0000
391.0000,316.0000,156.0000,134.0000
391.0000,316.0000,156.0000,134.0000
391.0000,316.0000,156.0000,134.0000
391.0000,316.0000,156.0000,134.0000
391.0000,316.0000,156.0000,134.0000
391.0000,316.0000,156.0000,134.0000
391.0000,316.0000,156.0000,134.0000
387.0000,316.0000,156.0000,134.0000
387.0000,316.0000,156.0000,134.0000
387.0000,316.0000,156.0000,134.0000
387.0000,316.0000,156.0000,134.0000
387.0000,316.0000,156.0000,134.0000
387.0000,316.0000,156.0000,134.0000
387.0000,320.0000,156.0000,134.0000
387.0000,320.0000,156.0000,134.0000
387.0000,320.0000,156.0000,134.0000
387.0000,320.0000,156.0000,134.0000
387.0000,320.0000,156.0000,134.0000
387.0000,320.0000,156.0000,134.0000
387.0000,320.0000,156.0000,134.0000
387.0000,320.0000,156.0000,134.0000
387.0000,320.0000,156.0000,134.0000
387.0000,320.0000,156.0000,134.0000
387.0000,320.0000,156.0000,134.0000
387.0000,324.0000,156.0000,134.0000
387.0000,324.0000,156.0000,134.0000
387.0000,324.0000,156.0000,134.0000
387.0000,324.0000,156.0000,134.0000
387.0000,324.0000,156.0000,134.0000
387.0000,324.0000,156.0000,134.0000
387.0000,324.0000,156.0000,134.0000
387.0000,324.0000,156.0000,134.0000
387.0000,324.0000,156.0000,134.0000
387.0000,324.0000,156.0000,134.0000
387.0000,324.0000,156.0000,134.0000
387.0000,324.0000,156.0000,134.0000
387.0000,324.0000,156.0000,134.0000
387.0000,324.0000,156.0000,134.0000
387.0000,324.0000,156.0000,134.0000
387.0000,324.0000,156.0000,134.0000
387.0000,324.0000,156.0000,134.0000
387.0000,324.0000,156.0000,134.0000
387.0000,324.0000,156.0000,134.0000
387.0000,324.0000,156.0000,134.0000
387.0000,324.0000,156.0000,134.0000
387.0000,324.0000,156.0000,134.0000
387.0000,324.0000,156.0000,134.0000
387.0000,324.0000,156.0000,134.0000
387.0000,324.0000,156.0000,134.0000
387.0000,324.0000,156.0000,134.0000
387.0000,324.0000,156.0000,134.0000
387.0000,324.0000,156.0000,134.0000
387.0000,324.0000,156.0000,134.0000
387.0000,324.0000,156.0000,134.0000
387.0000,324.0000,156.0000,134.0000
387.0000,324.0000,156.0000,134.0000
387.0000,324.0000,156.0000,134.0000
387.0000,324.0000,156.0000,134.0000
387.0000,324.0000,156.0000,134.0000
387.0000,324.0000,156.0000,134.0000
387.0000,324.0000,156.0000,134.0000
387.0000,324.0000,156.0000,134.0000
387.0000,324.0000,156.0000,134.0000
387.0000,324.0000,156.0000,134.0000
387.0000,324.0000,156.0000,134.0000
387.0000,324.0000,156.0000,134.0000
387.0000,324.0000,156.0000,134.0000
387.0000,324.0000,156.0000,134.0000
387.0000,324.0000,156.0000,134.0000
387.0000,324.0000,156.0000,134.0000
387.0000,324.0000,156.0000,134.0000
387.0000,324.0000,156.0000,134.0000
387.0000,324.0000,156.0000,134.0000
387.0000,324.0000,156.0000,134.0000
387.0000,324.0000,156.0000,134.0000
387.0000,324.0000,156.0000,134.0000
387.0000,320.0000,156.0000,134.0000
387.0000,320.0000,156.0000,134.0000
387.0000,320.0000,156.0000,134.0000
387.0000,320.0000,156.0000,134.0000
387.0000,320.0000,156.0000,134.0000
387.0000,320.0000,156.0000,134.0000
387.0000,320.0000,156.0000,134.0000
387.0000,320.0000,156.0000,134.0000
387.0000,320.0000,156.0000,134.0000
387.0000,320.0000,156.0000,134.0000
387.0000,320.0000,156.0000,134.0000
387.0000,320.0000,156.0000,134.0000
387.0000,320.0000,156.0000,134.0000
387.0000,320.0000,156.0000,134.0000
387.0000,320.0000,156.0000,134.0000
387.0000,320.0000,156.0000,134.0000
387.0000,320.0000,156.0000,134.0000
387.0000,320.0000,156.0000,134.0000
387.0000,320.0000,156.0000,134.0000
387.0000,320.0000,156.0000,134.0000
387.0000,320.0000,156.0000,134.0000
387.0000,320.0000,156.0000,134.0000
387.0000,320.0000,156.0000,134.0000
387.0000,320.0000,156.0000,134.0000
387.0000,320.0000,156.0000,134.0000
387.0000,320.0000,156.0000,134.0000
387.0000,320.0000,156.0000,134.0000
387.0000,320.0000,156.0000,134.0000
387.0000,320.0000,156.0000,134.0000
387.0000,320.0000,156.0000,134.0000
387.0000,320.0000,156.0000,134.0000
387.0000,320.0000,156.0000,134.0000
387.0000,320.0000,156.0000,134.0000
387.0000,320.0000,156.0000,134.0000
387.0000,320.0000,156.0000,134.0000
387.0000,320.0000,156.0000,134.0000
387.0000,324.0000,156.0000,134.0000
387.0000,324.0000,156.0000,134.0000
387.0000,324.0000,156.0000,134.0000
387.0000,324.0000,156.0000,134.0000
387.0000,324.0000,156.0000,134.0000
387.0000,324.0000,156.0000,134.0000
387.0000,324.0000,156.0000,134.0000
387.0000,324.0000,156.0000,134.0000
387.0000,324.0000,156.0000,134.0000
387.0000,328.0000,156.0000,134.0000
387.0000,328.0000,156.0000,134.0000
387.0000,328.0000,156.0000,134.0000
387.0000,328.0000,156.0000,134.0000
387.0000,328.0000,156.0000,134.0000
387.0000,328.0000,156.0000,134.0000
387.0000,328.0000,156.0000,134.0000
387.0000,328.0000,156.0000,134.0000
387.0000,328.0000,156.0000,134.0000
387.0000,328.0000,156.0000,134.0000
387.0000,332.0000,156.0000,134.0000
387.0000,332.0000,156.0000,134.0000
387.0000,332.0000,156.0000,134.0000
387.0000,332.0000,156.0000,134.0000
387.0000,332.0000,156.0000,134.0000
387.0000,332.0000,156.0000,134.0000
387.0000,332.0000,156.0000,134.0000
387.0000,332.0000,156.0000,134.0000
387.0000,332.0000,156.0000,134.0000
387.0000,336.0000,156.0000,134.0000
387.0000,336.0000,156.0000,134.0000
387.0000,336.0000,156.0000,134.0000
387.0000,336.0000,156.0000,134.0000
387.0000,336.0000,156.0000,134.0000
387.0000,336.0000,156.0000,134.0000
387.0000,336.0000,156.0000,134.0000
387.0000,336.0000,156.0000,134.0000
387.0000,340.0000,156.0000,134.0000
387.0000,340.0000,156.0000,134.0000
387.0000,340.0000,156.0000,134.0000
387.0000,340.0000,156.0000,134.0000
387.0000,340.0000,156.0000,134.0000
387.0000,340.0000,156.0000,134.0000
387.0000,340.0000,156.0000,134.0000
387.0000,340.0000,156.0000,134.0000
387.0000,344.0000,156.0000,134.0000
387.0000,344.0000,156.0000,134.0000
387.0000,344.0000,156.0000,134.0000
387.0000,344.0000,156.0000,134.0000
387.0000,344.0000,156.0000,134.0000
387.0000,344.0000,156.0000,134.0000
387.0000,348.0000,156.0000,134.0000
387.0000,348.0000,156.0000,134.0000
387.0000,348.0000,156.0000,134.0000
387.0000,348.0000,156.0000,134.0000
387.0000,348.0000,156.0000,134.0000
387.0000,348.0000,156.0000,134.0000
387.0000,348.0000,156.0000,134.0000
387.0000,352.0000,156.0000,134.0000
387.0000,352.0000,156.0000,134.0000
387.0000,352.0000,156.0000,134.0000
387.0000,352.0000,156.0000,134.0000
387.0000,352.0000,156.0000,134.0000
387.0000,352.0000,156.0000,134.0000
387.0000,352.0000,156.0000,134.0000
387.0000,356.0000,156.0000,134.0000
387.0000,356.0000,156.0000,134.0000
387.0000,356.0000,156.0000,134.0000
387.0000,356.0000,156.0000,134.0000
387.0000,356.0000,156.0000,134.0000
387.0000,356.0000,156.0000,134.0000
387.0000,356.0000,156.0000,134.0000
387.0000,360.0000,156.0000,134.0000
387.0000,360.0000,156.0000,134.0000
387.0000,360.0000,156.0000,134.0000
387.0000,360.0000,156.0000,134.0000
387.0000,360.0000,156.0000,134.0000
387.0000,360.0000,156.0000,134.0000
387.0000,360.0000,156.0000,134.0000
387.0000,360.0000,156.0000,134.0000
387.0000,360.0000,156.0000,134.0000
387.0000,360.0000,156.0000,134.0000
391.0000,360.0000,156.0000,134.0000
391.0000,360.0000,156.0000,134.0000
391.0000,360.0000,156.0000,134.0000
391.0000,360.0000,156.0000,134.0000
391.0000,360.0000,156.0000,134.0000
391.0000,360.0000,156.0000,134.0000
391.0000,360.0000,156.0000,134.0000
391.0000,360.0000,156.0000,134.0000
395.0000,360.0000,156.0000,134.0000
395.0000,360.0000,156.0000,134.0000
395.0000,360.0000,156.0000,134.0000
395.0000,360.0000,156.0000,134.0000
395.0000,360.0000,156.0000,134.0000
395.0000,360.0000,156.0000,134.0000
395.0000,356.0000,156.0000,134.0000
399.0000,356.0000,156.0000,134.0000
399.0000,356.0000,156.0000,134.0000
399.0000,356.0000,156.0000,134.0000
399.0000,356.0000,156.0000,134.0000
399.0000,356.0000,156.0000,134.0000
399.0000,356.0000,156.0000,134.0000
399.0000,356.0000,156.0000,134.0000
403.0000,356.0000,156.0000,134.0000
403.0000,356.0000,156.0000,134.0000
403.0000,356.0000,156.0000,134.0000
403.0000,356.0000,156.0000,134.0000
403.0000,356.0000,156.0000,134.0000
403.0000,356.0000,156.0000,134.0000
407.0000,356.0000,156.0000,134.0000
407.0000,356.0000,156.0000,134.0000
407.0000,352.0000,156.0000,134.0000
407.0000,352.0000,156.0000,134.0000
407.0000,352.0000,156.0000,134.0000
407.0000,352.0000,156.0000,134.0000
411.0000,352.0000,156.0000,134.0000
411.0000,352.0000,156.0000,134.0000
411.0000,352.0000,156.0000,134.0000
411.0000,352.0000,156.0000,134.0000
411.0000,352.0000,156.0000,134.0000
411.0000,352.0000,156.0000,134.0000
415.0000,352.0000,156.0000,134.0000
415.0000,352.0000,156.0000,134.0000
415.0000,352.0000,156.0000,134.0000
415.0000,352.0000,156.0000,134.0000
415.0000,352.0000,156.0000,134.0000
419.0000,348.0000,156.0000,134.0000
419.0000,348.0000,156.0000,134.0000
419.0000,348.0000,156.0000,134.0000
419.0000,348.0000,156.0000,134.0000
419.0000,348.0000,156.0000,134.0000
419.0000,348.0000,156.0000,134.0000
423.0000,348.0000,156.0000,134.0000
423.0000,348.0000,156.0000,134.0000
423.0000,348.0000,156.0000,134.0000
423.0000,348.0000,156.0000,134.0000
423.0000,348.0000,156.0000,134.0000
423.0000,348.0000,156.0000,134.0000
427.0000,348.0000,156.0000,134.0000
427.0000,348.0000,156.0000,134.0000
427.0000,348.0000,156.0000,134.0000
427.0000,348.0000,156.0000,134.0000
427.0000,348.0000,156.0000,134.0000
427.0000,348.0000,156.0000,134.0000
431.0000,348.0000,156.0000,134.0000
431.0000,348.0000,156.0000,134.0000
431.0000,348.0000,156.0000,134.0000
431.0000,348.0000,156.0000,134.0000
431.0000,348.0000,156.0000,134.0000
431.0000,348.0000,156.0000,134.0000
435.0000,352.0000,156.0000,134.0000
435.0000,352.0000,156.0000,134.0000
435.0000,352.0000,156.0000,134.0000
435.0000,352.0000,156.0000,134.0000
435.0000,352.0000,156.0000,134.0000
435.0000,352.0000,156.0000,134.0000
439.0000,352.0000,156.0000,134.0000
439.0000,352.0000,156.0000,134.0000
439.0000,356.0000,156.0000,134.0000
439.0000,356.0000,156.0000,134.0000
439.0000,356.0000,156.0000,134.0000
439.0000,356.0000,156.0000,134.0000
443.0000,356.0000,156.0000,134.0000
443.0000,356.0000,156.0000,134.0000
443.0000,356.0000,156.0000,134.0000
443.0000,360.0000,156.0000,134.0000
443.0000,360.0000,156.0000,134.0000
443.0000,360.0000,156.0000,134.0000
443.0000,360.0000,156.0000,134.0000
443.0000,360.0000,156.0000,134.0000
447.0000,364.0000,156.0000,134.0000
447.0000,364.0000,156.0000,134.0000
447.0000,364.0000,156.0000,134.0000
447.0000,364.0000,156.0000,134.0000
447.0000,364.0000,156.0000,134.0000
447.0000,364.0000,156.0000,134.0000
447.0000,368.0000,156.0000,134.0000
451.0000,368.0000,156.0000,134.0000
451.0000,368.0000,156.0000,134.0000
451.0000,368.0000,156.0000,134.0000
451.0000,372.0000,156.0000,134.0000
451.0000,372.0000,156.0000,134.0000
451.0000,372.0000,156.0000,134.0000
451.0000,372.0000,156.0000,134.0000
451.0000,376.0000,156.0000,134.0000
455.0000,376.0000,156.0000,134.0000
455.0000,376.0000,156.0000,134.0000
455.0000,380.0000,156.0000,134.0000
455.0000,380.0000,156.0000,134.0000
455.0000,380.0000,156.0000,134.0000
455.0000,380.0000,156.0000,134.0000
455.0000,384.0000,156.0000,134.0000
459.0000,384.0000,156.0000,134.0000
459.0000,384.0000,156.0000,134.0000
459.0000,384.0000,156.0000,134.0000
459.0000,388.0000,156.0000,134.0000
459.0000,388.0000,156.0000,134.0000
459.0000,388.0000,156.0000,134.0000
463.0000,388.0000,156.0000,134.0000
463.0000,392.0000,156.0000,134.0000
463.0000,392.0000,156.0000,134.0000
463.0000,392.0000,156.0000,134.0000
463.0000,392.0000,156.0000,134.0000
463.0000,392.0000,156.0000,134.0000
467.0000,396.0000,156.0000,134.0000
467.0000,396.0000,156.0000,134.0000
467.0000,396.0000,156.0000,134.0000
467.0000,396.0000,156.0000,134.0000
467.0000,400.0000,156.0000,134.0000
467.0000,400.0000,156.0000,134.0000
471.0000,400.0000,156.0000,134.0000
471.0000,400.0000,156.0000,134.0000
471.0000,400.0000,156.0000,134.0000
471.0000,400.0000,156.0000,134.0000
471.0000,404.0000,156.0000,134.0000
475.0000,404.0000,156.0000,134.0000
475.0000,404.0000,156.0000,134.0000
475.0000,404.0000,156.0000,134.0000
475.0000,404.0000,156.0000,134.0000
475.0000,404.0000,156.0000,134.0000
479.0000,408.0000,156.0000,134.0000
479.0000,408.0000,156.0000,134.0000
479.0000,408.0000,156.0000,134.0000
479.0000,408.0000,156.0000,134.0000
479.0000,408.0000,156.0000,134.0000
483.0000,408.0000,156.0000,134.0000
483.0000,412.0000,156.0000,134.0000
483.0000,412.0000,156.0000,134.0000
483.0000,412.0000,156.0000,134.0000
483.0000,412.0000,156.0000,134.0000
483.0000,412.0000,156.0000,134.0000
487.0000,416.0000,156.0000,134.0000
487.0000,416.0000,156.0000,134.0000
487.0000,416.0000,156.0000,134.0000
487.0000,416.0000,156.0000,134.0000
487.0000,420.0000,156.0000,134.0000
487.0000,420.0000,156.0000,134.0000
487.0000,420.0000,156.0000,134.0000
487.0000,420.0000,156.0000,134.0000
487.0000,420.0000,156.0000,134.0000
491.0000,424.0000,156.0000,134.0000
491.0000,424.0000,156.0000,134.0000
491.0000,424.0000,156.0000,134.0000
491.0000,428.0000,156.0000,134.0000
491.0000,428.0000,156.0000,134.0000
491.0000,428.0000,156.0000,134.0000
491.0000,428.0000,156.0000,134.0000
495.0000,428.0000,156.0000,134.0000
495.0000,432.0000,156.0000,134.0000
495.0000,432.0000,156.0000,134.0000
495.0000,432.0000,156.0000,134.0000
495.0000,432.0000,156.0000,134.0000
495.0000,436.0000,156.0000,134.0000
495.0000,436.0000,156.0000,134.0000
495.0000,436.0000,156.0000,134.0000
495.0000,436.0000,156.0000,134.0000
499.0000,440.0000,156.0000,134.0000
499.0000,440.0000,156.0000,134.0000
499.0000,440.0000,156.0000,134.0000
499.0000,440.0000,156.0000,134.0000
499.0000,440.0000,156.0000,134.0000
499.0000,444.0000,156.0000,134.0000
503.0000,444.0000,156.0000,134.0000
503.0000,444.0000,156.0000,134.0000
503.0000,444.0000,156.0000,134.0000
503.0000,444.0000,156.0000,134.0000
503.0000,444.0000,156.0000,134.0000
503.0000,448.0000,156.0000,134.0000
507.0000,448.0000,156.0000,134.0000
507.0000,448.0000,156.0000,134.0000
507.0000,448.0000,156.0000,134.0000
507.0000,448.0000,156.0000,134.0000
507.0000,448.0000,156.0000,134.0000
507.0000,448.0000,156.0000,134.0000
511.0000,448.0000,156.0000,134.0000
511.0000,452.0000,156.0000,134.0000
511.0000,452.0000,156.0000,134.0000
511.0000,452.0000,156.0000,134.0000
511.0000,452.0000,156.0000,134.0000
511.0000,452.0000,156.0000,134.0000
515.0000,452.0000,156.0000,134.0000
515.0000,452.0000,156.0000,134.0000
515.0000,452.0000,156.0000,134.0000
515.0000,452.0000,156.0000,134.0000
515.0000,452.0000,156.0000,134.0000
515.0000,452.0000,156.0000,134.0000
519.0000,452.0000,156.0000,134.0000
519.0000,452.0000,156.0000,134.0000
519.0000,452.0000,156.0000,134.0000
519.0000,452.0000,156.0000,134.0000
523.0000,452.0000,156.0000,134.0000
523.0000,448.0000,156.0000,134.0000
523.0000,448.0000,156.0000,134.0000
523.0000,448.0000,156.0000,134.0000
523.0000,448.0000,156.0000,134.0000
527.0000,448.0000,156.0000,134.0000
527.0000,444.0000,156.0000,134.0000
527.0000,444.0000,156.0000,134.0000
527.0000,444.0000,156.0000,134.0000
527.0000,444.0000,156.0000,134.0000
527.0000,444.0000,156.0000,134.0000
527.0000,444.0000,156.0000,134.0000
527.0000,444.0000,156.0000,134.0000
527.0000,444.0000,156.0000,134.0000
531.0000,444.0000,156.0000,134.0000
531.0000,444.0000,156.0000,134.0000
531.0000,444.0000,156.0000,134.0000
531.0000,444.0000,156.0000,134.0000
531.0000,444.0000,156.0000,134.0000
531.0000,444.0000,156.0000,134.0000
531.0000,444.0000,156.0000,134.0000
531.0000,444.0000,156.0000,134.0000
531.0000,444.0000,156.0000,134.0000
531.0000,444.0000,156.0000,134.0000
531.0000,444.0000,156.0000,134.0000
531.0000,444.0000,156.0000,134.0000
531.0000,444.0000,156.0000,134.0000
531.0000,444.0000,156.0000,134.0000
531.0000,444.0000,156.0000,134.0000
531.0000,444.0000,156.0000,134.0000
531.0000,444.0000,156.0000,134.0000
531.0000,444.0000,156.0000,134.0000
531.0000,444.0000,156.0000,134.0000
531.0000,448.0000,156.0000,134.0000
531.0000,448.0000,156.0000,134.0000
531.0000,448.0000,156.0000,134.0000
531.0000,448.0000,156.0000,134.0000
531.0000,448.0000,156.0000,134.0000
531.0000,448.0000,156.0000,134.0000
531.0000,448.0000,156.0000,134.0000
527.0000,452.0000,156.0000,134.0000
527.0000,452.0000,156.0000,134.0000
527.0000,452.0000,156.0000,134.0000
527.0000,452.0000,156.0000,134.0000
527.0000,452.0000,156.0000,134.0000
523.0000,456.0000,156.0000,134.0000
523.0000,456.0000,156.0000,134.0000
523.0000,456.0000,156.0000,134.0000
519.0000,456.0000,156.0000,134.0000
519.0000,460.0000,156.0000,134.0000
519.0000,460.0000,156.0000,134.0000
515.0000,460.0000,156.0000,134.0000
515.0000,460.0000,156.0000,134.0000
511.0000,464.0000,156.0000,134.0000
511.0000,464.0000,156.0000,134.0000
507.0000,464.0000,156.0000,134.0000
503.0000,468.0000,156.0000,134.0000
503.0000,468.0000,156.0000,134.0000
499.0000,468.0000,156.0000,134.0000
499.0000,472.0000,156.0000,134.0000
495.0000,472.0000,156.0000,134.0000
495.0000,472.0000,156.0000,134.0000
491.0000,476.0000,156.0000,134.0000
491.0000,476.0000,156.0000,134.0000
487.0000,476.0000,156.0000,134.0000
483.0000,480.0000,156.0000,134.0000
483.0000,480.0000,156.0000,134.0000
479.0000,484.0000,156.0000,134.0000
475.0000,484.0000,156.0000,134.0000
475.0000,488.0000,156.0000,134.0000
471.0000,488.0000,156.0000,134.0000
