1
530.0000,525.0000,22.0000,62.0000
530.0000,525.0000,22.0000,62.0000
530.0000,525.0000,22.0000,62.0000
530.0000,525.0000,22.0000,62.0000
530.0000,525.0000,22.0000,62.0000
530.0000,525.0000,22.0000,62.0000
530.0000,525.0000,22.0000,62.0000
530.0000,529.0000,22.0000,62.0000
530.0000,529.0000,22.0000,62.0000
530.0000,529.0000,22.0000,62.0000
530.0000,529.0000,22.0000,62.0000
530.0000,529.0000,22.0000,62.0000
530.0000,529.0000,22.0000,62.0000
530.0000,529.0000,22.0000,62.0000
530.0000,529.0000,22.0000,62.0000
530.0000,529.0000,22.0000,62.0000
530.0000,529.0000,22.0000,62.0000
530.0000,529.0000,22.0000,62.0000
530.0000,529.0000,22.0000,62.0000
530.0000,529.0000,22.0000,62.0000
530.0000,533.0000,22.0000,62.0000
530.0000,533.0000,22.0000,62.0000
530.0000,533.0000,22.0000,62.0000
530.0000,533.0000,22.0000,62.0000
530.0000,533.0000,22.0000,62.0000
530.0000,533.0000,22.0000,62.0000
530.0000,533.0000,22.0000,62.0000
530.0000,533.0000,22.0000,62.0000
530.0000,533.0000,22.0000,62.0000
530.0000,533.0000,22.0000,62.0000
530.0000,533.0000,22.0000,62.0000
530.0000,533.0000,22.0000,62.0000
526.0000,537.0000,22.0000,62.0000
526.0000,537.0000,22.0000,62.0000
526.0000,537.0000,22.0000,62.0000
526.0000,537.0000,22.0000,62.0000
526.0000,537.0000,22.0000,62.0000
526.0000,537.0000,22.0000,62.0000
526.0000,537.0000,22.0000,62.0000
526.0000,537.0000,22.0000,62.0000
526.0000,537.0000,22.0000,62.0000
526.0000,537.0000,22.0000,62.0000
526.0000,537.0000,22.0000,62.0000
526.0000,541.0000,22.0000,62.0000
526.0000,541.0000,22.0000,62.0000
526.0000,541.0000,22.0000,62.0000
526.0000,541.0000,22.0000,62.0000
526.0000,541.0000,22.0000,62.0000
526.0000,541.0000,22.0000,62.0000
526.0000,541.0000,22.0000,62.0000
526.0000,541.0000,22.0000,62.0000
526.0000,541.0000,22.0000,62.0000
526.0000,541.0000,22.0000,62.0000
526.0000,541.0000,22.0000,62.0000
526.0000,541.0000,22.0000,62.0000
526.0000,541.0000,22.0000,62.0000
526.0000,545.0000,22.0000,62.0000
526.0000,545.0000,22.0000,62.0000
526.0000,545.0000,22.0000,62.0000
526.0000,545.0000,22.0000,62.0000
526.0000,545.0000,22.0000,62.0000
526.0000,545.0000,22.0000,62.0000
526.0000,545.0000,22.0000,62.0000
526.0000,545.0000,22.0000,62.0000
526.0000,541.0000,22.0000,62.0000
526.0000,541.0000,22.0000,62.0000
526.0000,537.0000,22.0000,62.0000
526.0000,537.0000,22.0000,62.0000
526.0000,533.0000,22.0000,62.0000
526.0000,529.0000,22.0000,62.0000
526.0000,525.0000,22.0000,62.0000
526.0000,521.0000,22.0000,62.0000
526.0000,517.0000,22.0000,62.0000
526.0000,513.0000,22.0000,62.0000
526.0000,509.0000,22.0000,62.0000
526.0000,501.0000,22.0000,62.0000
526.0000,497.0000,22.0000,62.0000
526.0000,489.0000,22.0000,62.0000
526.0000,485.0000,22.0000,62.0000
526.0000,477.0000,22.0000,62.0000
526.0000,469.0000,22.0000,62.0000
526.0000,465.0000,22.0000,62.0000
526.0000,457.0000,22.0000,62.0000
526.0000,453.0000,22.0000,62.0000
526.0000,449.0000,22.0000,62.0000
526.0000,445.0000,22.0000,62.0000
526.0000,445.0000,22.0000,62.0000
526.0000,441.0000,22.0000,62.0000
526.0000,441.0000,22.0000,62.0000
526.0000,441.0000,22.0000,62.0000
526.0000,441.0000,22.0000,62.0000
526.0000,441.0000,22.0000,62.0000
526.0000,441.0000,22.0000,62.0000
526.0000,441.0000,22.0000,62.0000
526.0000,441.0000,22.0000,62.0000
526.0000,441.0000,22.0000,62.0000
522.0000,441.0000,22.0000,62.0000
522.0000,441.0000,22.0000,62.0000
522.0000,441.0000,22.0000,62.0000
522.0000,441.0000,22.0000,62.0000
522.0000,445.0000,22.0000,62.0000
522.0000,445.0000,22.0000,62.0000
522.0000,445.0000,22.0000,62.0000
522.0000,445.0000,22.0000,62.0000
522.0000,445.0000,22.0000,62.0000
522.0000,445.0000,22.0000,62.0000
522.0000,445.0000,22.0000,62.0000
522.0000,445.0000,22.0000,62.0000
522.0000,445.0000,22.0000,62.0000
522.0000,445.0000,22.0000,62.0000
522.0000,445.0000,22.0000,62.0000
522.0000,445.0000,22.0000,62.0000
522.0000,445.0000,22.0000,62.0000
522.0000,449.0000,22.0000,62.0000
522.0000,449.0000,22.0000,62.0000
522.0000,449.0000,22.0000,62.0000
522.0000,449.0000,22.0000,62.0000
522.0000,449.0000,22.0000,62.0000
522.0000,449.0000,22.0000,62.0000
522.0000,449.0000,22.0000,62.0000
522.0000,449.0000,22.0000,62.0000
522.0000,449.0000,22.0000,62.0000
522.0000,449.0000,22.0000,62.0000
522.0000,449.0000,22.0000,62.0000
522.0000,449.0000,22.0000,62.0000
522.0000,449.0000,22.0000,62.0000
522.0000,445.0000,22.0000,62.0000
522.0000,445.0000,22.0000,62.0000
522.0000,445.0000,22.0000,62.0000
522.0000,445.0000,22.0000,62.0000
522.0000,445.0000,22.0000,62.0000
522.0000,445.0000,22.0000,62.0000
522.0000,441.0000,22.0000,62.0000
522.0000,441.0000,22.0000,62.0000
522.0000,441.0000,22.0000,62.0000
522.0000,441.0000,22.0000,62.0000
522.0000,441.0000,22.0000,62.0000
522.0000,441.0000,22.0000,62.0000
522.0000,441.0000,22.0000,62.0000
522.0000,441.0000,22.0000,62.0000
522.0000,441.0000,22.0000,62.0000
522.0000,441.0000,22.0000,62.0000
522.0000,441.0000,22.0000,62.0000
518.0000,441.0000,22.0000,62.0000
518.0000,441.0000,22.0000,62.0000
518.0000,441.0000,22.0000,62.0000
518.0000,441.0000,22.0000,62.0000
518.0000,441.0000,22.0000,62.0000
518.0000,441.0000,22.0000,62.0000
518.0000,441.0000,22.0000,62.0000
518.0000,441.0000,22.0000,62.0000
518.0000,441.0000,22.0000,62.0000
518.0000,437.0000,22.0000,62.0000
518.0000,437.0000,22.0000,62.0000
518.0000,437.0000,22.0000,62.0000
518.0000,437.0000,22.0000,62.0000
518.0000,437.0000,22.0000,62.0000
518.0000,437.0000,22.0000,62.0000
518.0000,437.0000,22.0000,62.0000
518.0000,437.0000,22.0000,62.0000
518.0000,433.0000,22.0000,62.0000
518.0000,433.0000,22.0000,62.0000
518.0000,433.0000,22.0000,62.0000
518.0000,433.0000,22.0000,62.0000
518.0000,433.0000,22.0000,62.0000
518.0000,433.0000,22.0000,62.0000
518.0000,433.0000,22.0000,62.0000
518.0000,433.0000,22.0000,62.0000
518.0000,433.0000,22.0000,62.0000
518.0000,433.0000,22.0000,62.0000
518.0000,433.0000,22.0000,62.0000
518.0000,433.0000,22.0000,62.0000
518.0000,433.0000,22.0000,62.0000
518.0000,429.0000,22.0000,62.0000
518.0000,429.0000,22.0000,62.0000
518.0000,429.0000,22.0000,62.0000
518.0000,429.0000,22.0000,62.0000
518.0000,429.0000,22.0000,62.0000
518.0000,425.0000,22.0000,62.0000
518.0000,425.0000,22.0000,62.0000
518.0000,425.0000,22.0000,62.0000
518.0000,425.0000,22.0000,62.0000
518.0000,425.0000,22.0000,62.0000
514.0000,425.0000,22.0000,62.0000
514.0000,421.0000,22.0000,62.0000
514.0000,421.0000,22.0000,62.0000
514.0000,421.0000,22.0000,62.0000
514.0000,421.0000,22.0000,62.0000
514.0000,421.0000,22.0000,62.0000
514.0000,417.0000,22.0000,62.0000
514.0000,417.0000,22.0000,62.0000
514.0000,417.0000,22.0000,62.0000
514.0000,417.0000,22.0000,62.0000
514.0000,417.0000,22.0000,62.0000
514.0000,413.0000,22.0000,62.0000
514.0000,413.0000,22.0000,62.0000
514.0000,413.0000,22.0000,62.0000
514.0000,413.0000,22.0000,62.0000
514.0000,413.0000,22.0000,62.0000
514.0000,409.0000,22.0000,62.0000
514.0000,409.0000,22.0000,62.0000
514.0000,409.0000,22.0000,62.0000
514.0000,409.0000,22.0000,62.0000
514.0000,409.0000,22.0000,62.0000
514.0000,405.0000,22.0000,62.0000
514.0000,405.0000,22.0000,62.0000
514.0000,405.0000,22.0000,62.0000
514.0000,405.0000,22.0000,62.0000
514.0000,405.0000,22.0000,62.0000
514.0000,401.0000,22.0000,62.0000
514.0000,401.0000,22.0000,62.0000
514.0000,401.0000,22.0000,62.0000
514.0000,401.0000,22.0000,62.0000
514.0000,401.0000,22.0000,62.0000
514.0000,401.0000,22.0000,62.0000
514.0000,397.0000,22.0000,62.0000
514.0000,397.0000,22.0000,62.0000
514.0000,397.0000,22.0000,62.0000
514.0000,397.0000,22.0000,62.0000
514.0000,397.0000,22.0000,62.0000
514.0000,397.0000,22.0000,62.0000
514.0000,397.0000,22.0000,62.0000
514.0000,397.0000,22.0000,62.0000
514.0000,397.0000,22.0000,62.0000
514.0000,397.0000,22.0000,62.0000
514.0000,397.0000,22.0000,62.0000
514.0000,397.0000,22.0000,62.0000
514.0000,397.0000,22.0000,62.0000
514.0000,397.0000,22.0000,62.0000
514.0000,397.0000,22.0000,62.0000
514.0000,397.0000,22.0000,62.0000
514.0000,397.0000,22.0000,62.0000
514.0000,397.0000,22.0000,62.0000
514.0000,397.0000,22.0000,62.0000
514.0000,397.0000,22.0000,62.0000
514.0000,397.0000,22.0000,62.0000
514.0000,397.0000,22.0000,62.0000
514.0000,397.0000,22.0000,62.0000
510.0000,397.0000,22.0000,62.0000
510.0000,397.0000,22.0000,62.0000
510.0000,397.0000,22.0000,62.0000
510.0000,397.0000,22.0000,62.0000
510.0000,397.0000,22.0000,62.0000
510.0000,397.0000,22.0000,62.0000
510.0000,397.0000,22.0000,62.0000
510.0000,397.0000,22.0000,62.0000
510.0000,397.0000,22.0000,62.0000
510.0000,401.0000,22.0000,62.0000
510.0000,401.0000,22.0000,62.0000
510.0000,401.0000,22.0000,62.0000
510.0000,401.0000,22.0000,62.0000
510.0000,401.0000,22.0000,62.0000
510.0000,401.0000,22.0000,62.0000
510.0000,401.0000,22.0000,62.0000
510.0000,401.0000,22.0000,62.0000
510.0000,401.0000,22.0000,62.0000
510.0000,401.0000,22.0000,62.0000
510.0000,401.0000,22.0000,62.0000
510.0000,401.0000,22.0000,62.0000
510.0000,401.0000,22.0000,62.0000
510.0000,401.0000,22.0000,62.0000
510.0000,401.0000,22.0000,62.0000
510.0000,405.0000,22.0000,62.0000
510.0000,405.0000,22.0000,62.0000
510.0000,405.0000,22.0000,62.0000
510.0000,405.0000,22.0000,62.0000
510.0000,405.0000,22.0000,62.0000
510.0000,405.0000,22.0000,62.0000
510.0000,405.0000,22.0000,62.0000
510.0000,405.0000,22.0000,62.0000
510.0000,405.0000,22.0000,62.0000
510.0000,405.0000,22.0000,62.0000
506.0000,405.0000,22.0000,62.0000
506.0000,405.0000,22.0000,62.0000
506.0000,405.0000,22.0000,62.0000
506.0000,405.0000,22.0000,62.0000
506.0000,405.0000,22.0000,62.0000
506.0000,405.0000,22.0000,62.0000
506.0000,405.0000,22.0000,62.0000
506.0000,405.0000,22.0000,62.0000
506.0000,409.0000,22.0000,62.0000
506.0000,409.0000,22.0000,62.0000
506.0000,409.0000,22.0000,62.0000
506.0000,409.0000,22.0000,62.0000
506.0000,409.0000,22.0000,62.0000
506.0000,409.0000,22.0000,62.0000
506.0000,409.0000,22.0000,62.0000
506.0000,409.0000,22.0000,62.0000
506.0000,409.0000,22.0000,62.0000
506.0000,409.0000,22.0000,62.0000
506.0000,409.0000,22.0000,62.0000
506.0000,409.0000,22.0000,62.0000
506.0000,409.0000,22.0000,62.0000
506.0000,409.0000,22.0000,62.0000
506.0000,409.0000,22.0000,62.0000
506.0000,409.0000,22.0000,62.0000
506.0000,409.0000,22.0000,62.0000
502.0000,409.0000,22.0000,62.0000
502.0000,409.0000,22.0000,62.0000
502.0000,409.0000,22.0000,62.0000
502.0000,409.0000,22.0000,62.0000
502.0000,409.0000,22.0000,62.0000
502.0000,409.0000,22.0000,62.0000
502.0000,409.0000,22.0000,62.0000
502.0000,409.0000,22.0000,62.0000
502.0000,409.0000,22.0000,62.0000
502.0000,409.0000,22.0000,62.0000
502.0000,409.0000,22.0000,62.0000
502.0000,409.0000,22.0000,62.0000
502.0000,409.0000,22.0000,62.0000
502.0000,409.0000,22.0000,62.0000
502.0000,409.0000,22.0000,62.0000
502.0000,409.0000,22.0000,62.0000
502.0000,409.0000,22.0000,62.0000
502.0000,409.0000,22.0000,62.0000
502.0000,409.0000,22.0000,62.0000
502.0000,409.0000,22.0000,62.0000
502.0000,409.0000,22.0000,62.0000
502.0000,409.0000,22.0000,62.0000
502.0000,409.0000,22.0000,62.0000
502.0000,409.0000,22.0000,62.0000
502.0000,409.0000,22.0000,62.0000
502.0000,409.0000,22.0000,62.0000
502.0000,409.0000,22.0000,62.0000
502.0000,409.0000,22.0000,62.0000
502.0000,409.0000,22.0000,62.0000
502.0000,409.0000,22.0000,62.0000
502.0000,409.0000,22.0000,62.0000
502.0000,409.0000,22.0000,62.0000
502.0000,409.0000,22.0000,62.0000
502.0000,409.0000,22.0000,62.0000
502.0000,409.0000,22.0000,62.0000
502.0000,409.0000,22.0000,62.0000
502.0000,409.0000,22.0000,62.0000
498.0000,405.0000,22.0000,62.0000
498.0000,405.0000,22.0000,62.0000
498.0000,405.0000,22.0000,62.0000
498.0000,405.0000,22.0000,62.0000
498.0000,405.0000,22.0000,62.0000
498.0000,405.0000,22.0000,62.0000
498.0000,405.0000,22.0000,62.0000
498.0000,405.0000,22.0000,62.0000
498.0000,405.0000,22.0000,62.0000
498.0000,405.0000,22.0000,62.0000
498.0000,405.0000,22.0000,62.0000
498.0000,405.0000,22.0000,62.0000
498.0000,405.0000,22.0000,62.0000
498.0000,401.0000,22.0000,62.0000
498.0000,401.0000,22.0000,62.0000
498.0000,401.0000,22.0000,62.0000
498.0000,401.0000,22.0000,62.0000
498.0000,401.0000,22.0000,62.0000
498.0000,401.0000,22.0000,62.0000
498.0000,401.0000,22.0000,62.0000
498.0000,401.0000,22.0000,62.0000
498.0000,401.0000,22.0000,62.0000
498.0000,401.0000,22.0000,62.0000
498.0000,397.0000,22.0000,62.0000
498.0000,397.0000,22.0000,62.0000
498.0000,397.0000,22.0000,62.0000
498.0000,397.0000,22.0000,62.0000
498.0000,397.0000,22.0000,62.0000
498.0000,397.0000,22.0000,62.0000
498.0000,397.0000,22.0000,62.0000
498.0000,393.0000,22.0000,62.0000
498.0000,393.0000,22.0000,62.0000
498.0000,393.0000,22.0000,62.0000
498.0000,393.0000,22.0000,62.0000
498.0000,393.0000,22.0000,62.0000
498.0000,393.0000,22.0000,62.0000
498.0000,389.0000,22.0000,62.0000
494.0000,389.0000,22.0000,62.0000
494.0000,389.0000,22.0000,62.0000
494.0000,389.0000,22.0000,62.0000
494.0000,389.0000,22.0000,62.0000
494.0000,385.0000,22.0000,62.0000
494.0000,385.0000,22.0000,62.0000
494.0000,385.0000,22.0000,62.0000
494.0000,385.0000,22.0000,62.0000
494.0000,381.0000,22.0000,62.0000
494.0000,381.0000,22.0000,62.0000
494.0000,381.0000,22.0000,62.0000
494.0000,381.0000,22.0000,62.0000
494.0000,381.0000,22.0000,62.0000
494.0000,377.0000,22.0000,62.0000
494.0000,377.0000,22.0000,62.0000
494.0000,377.0000,22.0000,62.0000
494.0000,377.0000,22.0000,62.0000
494.0000,377.0000,22.0000,62.0000
494.0000,373.0000,22.0000,62.0000
494.0000,373.0000,22.0000,62.0000
494.0000,373.0000,22.0000,62.0000
494.0000,373.0000,22.0000,62.0000
494.0000,373.0000,22.0000,62.0000
494.0000,369.0000,22.0000,62.0000
494.0000,369.0000,22.0000,62.0000
494.0000,369.0000,22.0000,62.0000
494.0000,369.0000,22.0000,62.0000
494.0000,369.0000,22.0000,62.0000
494.0000,365.0000,22.0000,62.0000
494.0000,365.0000,22.0000,62.0000
494.0000,365.0000,22.0000,62.0000
490.0000,365.0000,22.0000,62.0000
490.0000,361.0000,22.0000,62.0000
490.0000,361.0000,22.0000,62.0000
486.0000,361.0000,22.0000,62.0000
486.0000,361.0000,22.0000,62.0000
486.0000,361.0000,22.0000,62.0000
482.0000,361.0000,22.0000,62.0000
482.0000,357.0000,22.0000,62.0000
478.0000,357.0000,22.0000,62.0000
478.0000,357.0000,22.0000,62.0000
474.0000,357.0000,22.0000,62.0000
470.0000,357.0000,22.0000,62.0000
466.0000,357.0000,22.0000,62.0000
462.0000,357.0000,22.0000,62.0000
458.0000,357.0000,22.0000,62.0000
454.0000,357.0000,22.0000,62.0000
450.0000,357.0000,22.0000,62.0000
446.0000,357.0000,22.0000,62.0000
442.0000,361.0000,22.0000,62.0000
438.0000,361.0000,22.0000,62.0000
438.0000,361.0000,22.0000,62.0000
434.0000,361.0000,22.0000,62.0000
426.0000,361.0000,22.0000,62.0000
422.0000,361.0000,22.0000,62.0000
418.0000,361.0000,22.0000,62.0000
410.0000,361.0000,22.0000,62.0000
406.0000,365.0000,22.0000,62.0000
398.0000,365.0000,22.0000,62.0000
394.0000,365.0000,22.0000,62.0000
386.0000,365.0000,22.0000,62.0000
382.0000,365.0000,22.0000,62.0000
378.0000,369.0000,22.0000,62.0000
370.0000,369.0000,22.0000,62.0000
366.0000,369.0000,22.0000,62.0000
358.0000,369.0000,22.0000,62.0000
354.0000,369.0000,22.0000,62.0000
350.0000,373.0000,22.0000,62.0000
342.0000,373.0000,22.0000,62.0000
334.0000,373.0000,22.0000,62.0000
330.0000,373.0000,22.0000,62.0000
322.0000,377.0000,22.0000,62.0000
318.0000,377.0000,22.0000,62.0000
310.0000,377.0000,22.0000,62.0000
306.0000,377.0000,22.0000,62.0000
298.0000,381.0000,22.0000,62.0000
294.0000,381.0000,22.0000,62.0000
290.0000,381.0000,22.0000,62.0000
282.0000,381.0000,22.0000,62.0000
274.0000,385.0000,22.0000,62.0000
270.0000,385.0000,22.0000,62.0000
262.0000,385.0000,22.0000,62.0000
258.0000,389.0000,22.0000,62.0000
250.0000,389.0000,22.0000,62.0000
246.0000,389.0000,22.0000,62.0000
238.0000,389.0000,22.0000,62.0000
234.0000,393.0000,22.0000,62.0000
226.0000,393.0000,22.0000,62.0000
218.0000,393.0000,22.0000,62.0000
214.0000,397.0000,22.0000,62.0000
206.0000,397.0000,22.0000,62.0000
202.0000,397.0000,22.0000,62.0000
194.0000,397.0000,22.0000,62.0000
186.0000,401.0000,22.0000,62.0000
182.0000,401.0000,22.0000,62.0000
174.0000,405.0000,22.0000,62.0000
170.0000,405.0000,22.0000,62.0000
162.0000,405.0000,22.0000,62.0000
154.0000,409.0000,22.0000,62.0000
146.0000,409.0000,22.0000,62.0000
142.0000,409.0000,22.0000,62.0000
134.0000,413.0000,22.0000,62.0000
130.0000,413.0000,22.0000,62.0000
122.0000,417.0000,22.0000,62.0000
114.0000,417.0000,22.0000,62.0000
106.0000,417.0000,22.0000,62.0000
102.0000,421.0000,22.0000,62.0000
2
0
