1
623.3333,436.6667,95.0000,81.6667
618.3333,458.3333,95.0000,81.6667
623.3333,463.3333,95.0000,81.6667
618.3333,460.0000,95.0000,81.6667
623.3333,465.0000,95.0000,81.6667
618.3333,461.6667,95.0000,81.6667
623.3333,466.6667,95.0000,81.6667
618.3333,463.3333,95.0000,81.6667
623.3333,468.3333,95.0000,81.6667
618.3333,465.0000,95.0000,81.6667
623.3333,461.6667,95.0000,81.6667
628.3333,466.6667,95.0000,81.6667
623.3333,463.3333,95.0000,81.6667
618.3333,468.3333,95.0000,81.6667
623.3333,465.0000,95.0000,81.6667
618.3333,470.0000,95.0000,81.6667
623.3333,466.6667,95.0000,81.6667
618.3333,471.6667,95.0000,81.6667
623.3333,476.6667,95.0000,81.6667
618.3333,473.3333,95.0000,81.6667
613.3333,470.0000,95.0000,81.6667
618.3333,475.0000,95.0000,81.6667
623.3333,480.0000,95.0000,81.6667
628.3333,476.6667,95.0000,81.6667
623.3333,481.6667,95.0000,81.6667
618.3333,478.3333,95.0000,81.6667
623.3333,483.3333,95.0000,81.6667
628.3333,488.3333,95.0000,81.6667
623.3333,485.0000,95.0000,81.6667
628.3333,490.0000,95.0000,81.6667
633.3333,495.0000,95.0000,81.6667
628.3333,491.6667,95.0000,81.6667
633.3333,496.6667,95.0000,81.6667
628.3333,493.3333,95.0000,81.6667
633.3333,498.3333,95.0000,81.6667
628.3333,495.0000,95.0000,81.6667
633.3333,500.0000,95.0000,81.6667
628.3333,496.6667,95.0000,81.6667
633.3333,501.6667,95.0000,81.6667
638.3333,498.3333,95.0000,81.6667
633.3333,495.0000,95.0000,81.6667
638.3333,500.0000,95.0000,81.6667
633.3333,496.6667,95.0000,81.6667
638.3333,501.6667,95.0000,81.6667
633.3333,498.3333,95.0000,81.6667
638.3333,503.3333,95.0000,81.6667
633.3333,500.0000,95.0000,81.6667
628.3333,496.6667,95.0000,81.6667
633.3333,501.6667,95.0000,81.6667
628.3333,498.3333,95.0000,81.6667
633.3333,503.3333,95.0000,81.6667
628.3333,500.0000,95.0000,81.6667
633.3333,505.0000,95.0000,81.6667
628.3333,501.6667,95.0000,81.6667
633.3333,506.6667,95.0000,81.6667
628.3333,503.3333,95.0000,81.6667
633.3333,508.3333,95.0000,81.6667
628.3333,505.0000,95.0000,81.6667
633.3333,501.6667,95.0000,81.6667
628.3333,506.6667,95.0000,81.6667
633.3333,503.3333,95.0000,81.6667
628.3333,508.3333,95.0000,81.6667
623.3333,505.0000,95.0000,81.6667
628.3333,510.0000,95.0000,81.6667
623.3333,506.6667,95.0000,81.6667
628.3333,511.6667,95.0000,81.6667
633.3333,508.3333,95.0000,81.6667
628.3333,505.0000,95.0000,81.6667
623.3333,510.0000,95.0000,81.6667
628.3333,506.6667,95.0000,81.6667
623.3333,511.6667,95.0000,81.6667
628.3333,508.3333,95.0000,81.6667
623.3333,513.3333,95.0000,81.6667
628.3333,510.0000,95.0000,81.6667
623.3333,506.6667,95.0000,81.6667
628.3333,511.6667,95.0000,81.6667
623.3333,508.3333,95.0000,81.6667
628.3333,513.3333,95.0000,81.6667
623.3333,510.0000,95.0000,81.6667
618.3333,506.6667,95.0000,81.6667
623.3333,511.6667,95.0000,81.6667
618.3333,508.3333,95.0000,81.6667
623.3333,505.0000,95.0000,81.6667
618.3333,510.0000,95.0000,81.6667
623.3333,506.6667,95.0000,81.6667
618.3333,511.6667,95.0000,81.6667
623.3333,508.3333,95.0000,81.6667
618.3333,513.3333,95.0000,81.6667
613.3333,510.0000,95.0000,81.6667
618.3333,506.6667,95.0000,81.6667
613.3333,511.6667,95.0000,81.6667
618.3333,508.3333,95.0000,81.6667
613.3333,505.0000,95.0000,81.6667
618.3333,510.0000,95.0000,81.6667
613.3333,506.6667,95.0000,81.6667
618.3333,511.6667,95.0000,81.6667
613.3333,516.6667,95.0000,81.6667
608.3333,513.3333,95.0000,81.6667
613.3333,518.3333,95.0000,81.6667
608.3333,515.0000,95.0000,81.6667
613.3333,511.6667,95.0000,81.6667
608.3333,508.3333,95.0000,81.6667
613.3333,513.3333,95.0000,81.6667
608.3333,510.0000,95.0000,81.6667
613.3333,515.0000,95.0000,81.6667
608.3333,511.6667,95.0000,81.6667
603.3333,516.6667,95.0000,81.6667
608.3333,513.3333,95.0000,81.6667
603.3333,510.0000,95.0000,81.6667
608.3333,515.0000,95.0000,81.6667
603.3333,511.6667,95.0000,81.6667
608.3333,508.3333,95.0000,81.6667
603.3333,513.3333,95.0000,81.6667
608.3333,510.0000,95.0000,81.6667
603.3333,506.6667,95.0000,81.6667
598.3333,511.6667,95.0000,81.6667
603.3333,508.3333,95.0000,81.6667
598.3333,513.3333,95.0000,81.6667
593.3333,510.0000,95.0000,81.6667
598.3333,506.6667,95.0000,81.6667
593.3333,511.6667,95.0000,81.6667
598.3333,508.3333,95.0000,81.6667
593.3333,505.0000,95.0000,81.6667
598.3333,510.0000,95.0000,81.6667
593.3333,506.6667,95.0000,81.6667
588.3333,511.6667,95.0000,81.6667
593.3333,508.3333,95.0000,81.6667
588.3333,513.3333,95.0000,81.6667
593.3333,510.0000,95.0000,81.6667
588.3333,506.6667,95.0000,81.6667
593.3333,511.6667,95.0000,81.6667
588.3333,508.3333,95.0000,81.6667
593.3333,513.3333,95.0000,81.6667
588.3333,510.0000,95.0000,81.6667
583.3333,506.6667,95.0000,81.6667
588.3333,511.6667,95.0000,81.6667
583.3333,508.3333,95.0000,81.6667
588.3333,513.3333,95.0000,81.6667
583.3333,510.0000,95.0000,81.6667
588.3333,506.6667,95.0000,81.6667
583.3333,511.6667,95.0000,81.6667
588.3333,508.3333,95.0000,81.6667
583.3333,513.3333,95.0000,81.6667
588.3333,510.0000,95.0000,81.6667
583.3333,506.6667,95.0000,81.6667
588.3333,511.6667,95.0000,81.6667
583.3333,508.3333,95.0000,81.6667
588.3333,513.3333,95.0000,81.6667
583.3333,510.0000,95.0000,81.6667
588.3333,515.0000,95.0000,81.6667
583.3333,511.6667,95.0000,81.6667
588.3333,508.3333,95.0000,81.6667
593.3333,513.3333,95.0000,81.6667
588.3333,510.0000,95.0000,81.6667
593.3333,515.0000,95.0000,81.6667
588.3333,511.6667,95.0000,81.6667
593.3333,508.3333,95.0000,81.6667
598.3333,513.3333,95.0000,81.6667
593.3333,510.0000,95.0000,81.6667
598.3333,515.0000,95.0000,81.6667
593.3333,511.6667,95.0000,81.6667
598.3333,516.6667,95.0000,81.6667
593.3333,513.3333,95.0000,81.6667
598.3333,510.0000,95.0000,81.6667
593.3333,515.0000,95.0000,81.6667
598.3333,511.6667,95.0000,81.6667
593.3333,516.6667,95.0000,81.6667
598.3333,513.3333,95.0000,81.6667
593.3333,510.0000,95.0000,81.6667
598.3333,515.0000,95.0000,81.6667
593.3333,511.6667,95.0000,81.6667
598.3333,516.6667,95.0000,81.6667
593.3333,513.3333,95.0000,81.6667
598.3333,518.3333,95.0000,81.6667
593.3333,515.0000,95.0000,81.6667
598.3333,511.6667,95.0000,81.6667
593.3333,516.6667,95.0000,81.6667
598.3333,513.3333,95.0000,81.6667
593.3333,510.0000,95.0000,81.6667
598.3333,515.0000,95.0000,81.6667
593.3333,511.6667,95.0000,81.6667
598.3333,516.6667,95.0000,81.6667
593.3333,513.3333,95.0000,81.6667
588.3333,510.0000,95.0000,81.6667
593.3333,515.0000,95.0000,81.6667
598.3333,511.6667,95.0000,81.6667
593.3333,508.3333,95.0000,81.6667
598.3333,513.3333,95.0000,81.6667
593.3333,510.0000,95.0000,81.6667
598.3333,515.0000,95.0000,81.6667
593.3333,511.6667,95.0000,81.6667
598.3333,508.3333,95.0000,81.6667
593.3333,513.3333,95.0000,81.6667
598.3333,510.0000,95.0000,81.6667
593.3333,506.6667,95.0000,81.6667
598.3333,511.6667,95.0000,81.6667
593.3333,508.3333,95.0000,81.6667
598.3333,505.0000,95.0000,81.6667
603.3333,510.0000,95.0000,81.6667
598.3333,506.6667,95.0000,81.6667
593.3333,503.3333,95.0000,81.6667
598.3333,508.3333,95.0000,81.6667
603.3333,505.0000,95.0000,81.6667
598.3333,501.6667,95.0000,81.6667
603.3333,506.6667,95.0000,81.6667
598.3333,503.3333,95.0000,81.6667
593.3333,500.0000,95.0000,81.6667
598.3333,505.0000,95.0000,81.6667
593.3333,501.6667,95.0000,81.6667
598.3333,498.3333,95.0000,81.6667
593.3333,503.3333,95.0000,81.6667
598.3333,500.0000,95.0000,81.6667
593.3333,496.6667,95.0000,81.6667
598.3333,501.6667,95.0000,81.6667
593.3333,498.3333,95.0000,81.6667
588.3333,495.0000,95.0000,81.6667
593.3333,500.0000,95.0000,81.6667
598.3333,496.6667,95.0000,81.6667
593.3333,493.3333,95.0000,81.6667
588.3333,498.3333,95.0000,81.6667
593.3333,495.0000,95.0000,81.6667
578.3333,491.6667,95.0000,81.6667
593.3333,496.6667,95.0000,81.6667
588.3333,493.3333,95.0000,81.6667
593.3333,498.3333,95.0000,81.6667
588.3333,495.0000,95.0000,81.6667
583.3333,491.6667,95.0000,81.6667
588.3333,496.6667,95.0000,81.6667
593.3333,493.3333,95.0000,81.6667
578.3333,490.0000,95.0000,81.6667
593.3333,495.0000,95.0000,81.6667
588.3333,491.6667,95.0000,81.6667
583.3333,488.3333,95.0000,81.6667
588.3333,493.3333,95.0000,81.6667
583.3333,490.0000,95.0000,81.6667
578.3333,486.6667,95.0000,81.6667
583.3333,491.6667,95.0000,81.6667
588.3333,488.3333,95.0000,81.6667
583.3333,485.0000,95.0000,81.6667
588.3333,490.0000,95.0000,81.6667
583.3333,486.6667,95.0000,81.6667
578.3333,483.3333,95.0000,81.6667
583.3333,488.3333,95.0000,81.6667
578.3333,485.0000,95.0000,81.6667
573.3333,481.6667,95.0000,81.6667
578.3333,486.6667,95.0000,81.6667
573.3333,483.3333,95.0000,81.6667
578.3333,480.0000,95.0000,81.6667
573.3333,476.6667,95.0000,81.6667
578.3333,481.6667,95.0000,81.6667
573.3333,478.3333,95.0000,81.6667
568.3333,475.0000,95.0000,81.6667
573.3333,480.0000,95.0000,81.6667
568.3333,476.6667,95.0000,81.6667
583.3333,481.6667,95.0000,81.6667
578.3333,478.3333,95.0000,81.6667
573.3333,475.0000,95.0000,81.6667
588.3333,480.0000,95.0000,81.6667
583.3333,476.6667,95.0000,81.6667
568.3333,473.3333,95.0000,81.6667
573.3333,470.0000,95.0000,81.6667
578.3333,475.0000,95.0000,81.6667
573.3333,471.6667,95.0000,81.6667
568.3333,468.3333,95.0000,81.6667
573.3333,473.3333,95.0000,81.6667
568.3333,470.0000,95.0000,81.6667
573.3333,475.0000,95.0000,81.6667
568.3333,471.6667,95.0000,81.6667
563.3333,468.3333,95.0000,81.6667
568.3333,473.3333,95.0000,81.6667
563.3333,470.0000,95.0000,81.6667
568.3333,466.6667,95.0000,81.6667
563.3333,471.6667,95.0000,81.6667
568.3333,468.3333,95.0000,81.6667
563.3333,465.0000,95.0000,81.6667
568.3333,470.0000,95.0000,81.6667
563.3333,466.6667,95.0000,81.6667
558.3333,463.3333,95.0000,81.6667
563.3333,468.3333,95.0000,81.6667
558.3333,465.0000,95.0000,81.6667
563.3333,461.6667,95.0000,81.6667
558.3333,466.6667,95.0000,81.6667
563.3333,463.3333,95.0000,81.6667
558.3333,460.0000,95.0000,81.6667
563.3333,465.0000,95.0000,81.6667
558.3333,461.6667,95.0000,81.6667
563.3333,458.3333,95.0000,81.6667
568.3333,463.3333,95.0000,81.6667
563.3333,460.0000,95.0000,81.6667
558.3333,456.6667,95.0000,81.6667
563.3333,461.6667,95.0000,81.6667
558.3333,458.3333,95.0000,81.6667
563.3333,463.3333,95.0000,81.6667
558.3333,460.0000,95.0000,81.6667
563.3333,456.6667,95.0000,81.6667
558.3333,453.3333,95.0000,81.6667
563.3333,458.3333,95.0000,81.6667
558.3333,455.0000,95.0000,81.6667
563.3333,451.6667,95.0000,81.6667
558.3333,456.6667,95.0000,81.6667
563.3333,453.3333,95.0000,81.6667
568.3333,458.3333,95.0000,81.6667
563.3333,455.0000,95.0000,81.6667
558.3333,451.6667,95.0000,81.6667
563.3333,456.6667,95.0000,81.6667
558.3333,453.3333,95.0000,81.6667
563.3333,450.0000,95.0000,81.6667
558.3333,455.0000,95.0000,81.6667
563.3333,451.6667,95.0000,81.6667
558.3333,448.3333,95.0000,81.6667
563.3333,453.3333,95.0000,81.6667
558.3333,450.0000,95.0000,81.6667
553.3333,446.6667,95.0000,81.6667
558.3333,451.6667,95.0000,81.6667
563.3333,448.3333,95.0000,81.6667
558.3333,445.0000,95.0000,81.6667
563.3333,450.0000,95.0000,81.6667
558.3333,446.6667,95.0000,81.6667
563.3333,443.3333,95.0000,81.6667
568.3333,448.3333,95.0000,81.6667
563.3333,445.0000,95.0000,81.6667
558.3333,441.6667,95.0000,81.6667
563.3333,446.6667,95.0000,81.6667
558.3333,443.3333,95.0000,81.6667
563.3333,440.0000,95.0000,81.6667
558.3333,445.0000,95.0000,81.6667
563.3333,441.6667,95.0000,81.6667
568.3333,446.6667,95.0000,81.6667
563.3333,443.3333,95.0000,81.6667
558.3333,440.0000,95.0000,81.6667
563.3333,445.0000,95.0000,81.6667
568.3333,441.6667,95.0000,81.6667
563.3333,438.3333,95.0000,81.6667
568.3333,443.3333,95.0000,81.6667
563.3333,440.0000,95.0000,81.6667
568.3333,445.0000,95.0000,81.6667
573.3333,441.6667,95.0000,81.6667
568.3333,438.3333,95.0000,81.6667
563.3333,443.3333,95.0000,81.6667
568.3333,440.0000,95.0000,81.6667
563.3333,436.6667,95.0000,81.6667
568.3333,441.6667,95.0000,81.6667
563.3333,438.3333,95.0000,81.6667
568.3333,443.3333,95.0000,81.6667
573.3333,440.0000,95.0000,81.6667
568.3333,436.6667,95.0000,81.6667
573.3333,441.6667,95.0000,81.6667
568.3333,438.3333,95.0000,81.6667
573.3333,443.3333,95.0000,81.6667
568.3333,440.0000,95.0000,81.6667
573.3333,436.6667,95.0000,81.6667
568.3333,441.6667,95.0000,81.6667
573.3333,438.3333,95.0000,81.6667
568.3333,435.0000,95.0000,81.6667
573.3333,440.0000,95.0000,81.6667
568.3333,436.6667,95.0000,81.6667
573.3333,441.6667,95.0000,81.6667
578.3333,438.3333,95.0000,81.6667
573.3333,435.0000,95.0000,81.6667
578.3333,440.0000,95.0000,81.6667
573.3333,436.6667,95.0000,81.6667
578.3333,441.6667,95.0000,81.6667
583.3333,438.3333,95.0000,81.6667
578.3333,435.0000,95.0000,81.6667
583.3333,440.0000,95.0000,81.6667
578.3333,436.6667,95.0000,81.6667
583.3333,441.6667,95.0000,81.6667
578.3333,438.3333,95.0000,81.6667
583.3333,435.0000,95.0000,81.6667
588.3333,440.0000,95.0000,81.6667
583.3333,436.6667,95.0000,81.6667
588.3333,441.6667,95.0000,81.6667
583.3333,438.3333,95.0000,81.6667
588.3333,435.0000,95.0000,81.6667
583.3333,440.0000,95.0000,81.6667
588.3333,436.6667,95.0000,81.6667
583.3333,433.3333,95.0000,81.6667
588.3333,438.3333,95.0000,81.6667
583.3333,435.0000,95.0000,81.6667
588.3333,431.6667,95.0000,81.6667
593.3333,436.6667,95.0000,81.6667
588.3333,433.3333,95.0000,81.6667
593.3333,438.3333,95.0000,81.6667
588.3333,435.0000,95.0000,81.6667
583.3333,431.6667,95.0000,81.6667
588.3333,436.6667,95.0000,81.6667
593.3333,433.3333,95.0000,81.6667
588.3333,430.0000,95.0000,81.6667
593.3333,435.0000,95.0000,81.6667
588.3333,431.6667,95.0000,81.6667
593.3333,428.3333,95.0000,81.6667
588.3333,433.3333,95.0000,81.6667
593.3333,430.0000,95.0000,81.6667
588.3333,426.6667,95.0000,81.6667
593.3333,431.6667,95.0000,81.6667
588.3333,428.3333,95.0000,81.6667
593.3333,433.3333,95.0000,81.6667
598.3333,430.0000,95.0000,81.6667
593.3333,426.6667,95.0000,81.6667
598.3333,431.6667,95.0000,81.6667
593.3333,428.3333,95.0000,81.6667
598.3333,433.3333,95.0000,81.6667
603.3333,430.0000,95.0000,81.6667
598.3333,426.6667,95.0000,81.6667
603.3333,431.6667,95.0000,81.6667
598.3333,428.3333,95.0000,81.6667
603.3333,425.0000,95.0000,81.6667
608.3333,430.0000,95.0000,81.6667
603.3333,426.6667,95.0000,81.6667
598.3333,423.3333,95.0000,81.6667
603.3333,428.3333,95.0000,81.6667
598.3333,425.0000,95.0000,81.6667
603.3333,430.0000,95.0000,81.6667
608.3333,426.6667,95.0000,81.6667
603.3333,423.3333,95.0000,81.6667
598.3333,420.0000,95.0000,81.6667
603.3333,425.0000,95.0000,81.6667
608.3333,421.6667,95.0000,81.6667
613.3333,426.6667,95.0000,81.6667
608.3333,423.3333,95.0000,81.6667
613.3333,428.3333,95.0000,81.6667
618.3333,425.0000,95.0000,81.6667
613.3333,421.6667,95.0000,81.6667
618.3333,426.6667,95.0000,81.6667
613.3333,423.3333,95.0000,81.6667
618.3333,428.3333,95.0000,81.6667
613.3333,425.0000,95.0000,81.6667
618.3333,421.6667,95.0000,81.6667
623.3333,426.6667,95.0000,81.6667
618.3333,423.3333,95.0000,81.6667
603.3333,420.0000,95.0000,81.6667
618.3333,425.0000,95.0000,81.6667
613.3333,421.6667,95.0000,81.6667
608.3333,418.3333,95.0000,81.6667
613.3333,415.0000,95.0000,81.6667
618.3333,420.0000,95.0000,81.6667
623.3333,425.0000,95.0000,81.6667
618.3333,421.6667,95.0000,81.6667
623.3333,418.3333,95.0000,81.6667
618.3333,423.3333,95.0000,81.6667
623.3333,420.0000,95.0000,81.6667
618.3333,416.6667,95.0000,81.6667
623.3333,421.6667,95.0000,81.6667
618.3333,418.3333,95.0000,81.6667
623.3333,423.3333,95.0000,81.6667
628.3333,420.0000,95.0000,81.6667
613.3333,416.6667,95.0000,81.6667
628.3333,421.6667,95.0000,81.6667
623.3333,418.3333,95.0000,81.6667
608.3333,415.0000,95.0000,81.6667
623.3333,420.0000,95.0000,81.6667
628.3333,416.6667,95.0000,81.6667
623.3333,421.6667,95.0000,81.6667
628.3333,418.3333,95.0000,81.6667
623.3333,415.0000,95.0000,81.6667
628.3333,420.0000,95.0000,81.6667
623.3333,416.6667,95.0000,81.6667
628.3333,421.6667,95.0000,81.6667
623.3333,418.3333,95.0000,81.6667
618.3333,423.3333,95.0000,81.6667
623.3333,420.0000,95.0000,81.6667
618.3333,416.6667,95.0000,81.6667
623.3333,421.6667,95.0000,81.6667
628.3333,418.3333,95.0000,81.6667
623.3333,423.3333,95.0000,81.6667
628.3333,420.0000,95.0000,81.6667
623.3333,416.6667,95.0000,81.6667
628.3333,421.6667,95.0000,81.6667
623.3333,418.3333,95.0000,81.6667
628.3333,423.3333,95.0000,81.6667
623.3333,420.0000,95.0000,81.6667
628.3333,425.0000,95.0000,81.6667
633.3333,421.6667,95.0000,81.6667
628.3333,418.3333,95.0000,81.6667
633.3333,423.3333,95.0000,81.6667
628.3333,420.0000,95.0000,81.6667
633.3333,425.0000,95.0000,81.6667
628.3333,421.6667,95.0000,81.6667
633.3333,418.3333,95.0000,81.6667
638.3333,423.3333,95.0000,81.6667
633.3333,420.0000,95.0000,81.6667
638.3333,425.0000,95.0000,81.6667
633.3333,421.6667,95.0000,81.6667
628.3333,418.3333,95.0000,81.6667
633.3333,423.3333,95.0000,81.6667
638.3333,420.0000,95.0000,81.6667
633.3333,416.6667,95.0000,81.6667
638.3333,421.6667,95.0000,81.6667
633.3333,418.3333,95.0000,81.6667
638.3333,423.3333,95.0000,81.6667
643.3333,420.0000,95.0000,81.6667
638.3333,416.6667,95.0000,81.6667
643.3333,421.6667,95.0000,81.6667
638.3333,418.3333,95.0000,81.6667
633.3333,423.3333,95.0000,81.6667
638.3333,420.0000,95.0000,81.6667
633.3333,416.6667,95.0000,81.6667
638.3333,421.6667,95.0000,81.6667
633.3333,418.3333,95.0000,81.6667
638.3333,423.3333,95.0000,81.6667
633.3333,420.0000,95.0000,81.6667
638.3333,425.0000,95.0000,81.6667
643.3333,421.6667,95.0000,81.6667
638.3333,426.6667,95.0000,81.6667
633.3333,423.3333,95.0000,81.6667
628.3333,420.0000,95.0000,81.6667
633.3333,425.0000,95.0000,81.6667
628.3333,421.6667,95.0000,81.6667
633.3333,426.6667,95.0000,81.6667
628.3333,423.3333,95.0000,81.6667
633.3333,428.3333,95.0000,81.6667
638.3333,425.0000,95.0000,81.6667
643.3333,421.6667,95.0000,81.6667
638.3333,426.6667,95.0000,81.6667
643.3333,423.3333,95.0000,81.6667
638.3333,428.3333,95.0000,81.6667
643.3333,425.0000,95.0000,81.6667
638.3333,430.0000,95.0000,81.6667
643.3333,426.6667,95.0000,81.6667
638.3333,431.6667,95.0000,81.6667
633.3333,428.3333,95.0000,81.6667
638.3333,425.0000,95.0000,81.6667
643.3333,430.0000,95.0000,81.6667
638.3333,426.6667,95.0000,81.6667
633.3333,431.6667,95.0000,81.6667
638.3333,428.3333,95.0000,81.6667
643.3333,433.3333,95.0000,81.6667
638.3333,430.0000,95.0000,81.6667
633.3333,435.0000,95.0000,81.6667
638.3333,431.6667,95.0000,81.6667
633.3333,436.6667,95.0000,81.6667
638.3333,433.3333,95.0000,81.6667
633.3333,438.3333,95.0000,81.6667
638.3333,435.0000,95.0000,81.6667
633.3333,431.6667,95.0000,81.6667
638.3333,436.6667,95.0000,81.6667
643.3333,433.3333,95.0000,81.6667
628.3333,438.3333,95.0000,81.6667
633.3333,435.0000,95.0000,81.6667
638.3333,431.6667,95.0000,81.6667
633.3333,436.6667,95.0000,81.6667
638.3333,433.3333,95.0000,81.6667
633.3333,438.3333,95.0000,81.6667
638.3333,435.0000,95.0000,81.6667
623.3333,440.0000,95.0000,81.6667
628.3333,436.6667,95.0000,81.6667
623.3333,441.6667,95.0000,81.6667
628.3333,438.3333,95.0000,81.6667
623.3333,443.3333,95.0000,81.6667
628.3333,440.0000,95.0000,81.6667
633.3333,436.6667,95.0000,81.6667
628.3333,441.6667,95.0000,81.6667
