1
109.0000,441.0000,70.0000,26.0000
123.0000,437.0000,70.0000,26.0000
130.0000,433.0000,70.0000,26.0000
144.0000,423.0000,70.0000,26.0000
165.0000,413.0000,70.0000,26.0000
179.0000,406.0000,70.0000,26.0000
179.0000,396.0000,70.0000,26.0000
207.0000,383.0000,70.0000,26.0000
221.0000,376.0000,70.0000,26.0000
235.0000,369.0000,70.0000,26.0000
249.0000,362.0000,70.0000,26.0000
270.0000,352.0000,70.0000,26.0000
284.0000,339.0000,70.0000,26.0000
291.0000,329.0000,70.0000,26.0000
312.0000,316.0000,70.0000,26.0000
340.0000,306.0000,70.0000,26.0000
361.0000,299.0000,70.0000,26.0000
382.0000,295.0000,70.0000,26.0000
403.0000,291.0000,70.0000,26.0000
424.0000,284.0000,70.0000,26.0000
438.0000,283.0000,70.0000,26.0000
459.0000,276.0000,70.0000,26.0000
480.0000,269.0000,70.0000,26.0000
508.0000,262.0000,70.0000,26.0000
515.0000,258.0000,70.0000,26.0000
543.0000,254.0000,70.0000,26.0000
564.0000,253.0000,70.0000,26.0000
578.0000,249.0000,70.0000,26.0000
599.0000,242.0000,70.0000,26.0000
613.0000,241.0000,70.0000,26.0000
648.0000,234.0000,70.0000,26.0000
655.0000,230.0000,70.0000,26.0000
655.0000,226.0000,70.0000,26.0000
676.0000,219.0000,70.0000,26.0000
690.0000,215.0000,70.0000,26.0000
711.0000,208.0000,70.0000,26.0000
2
0
0
0
0
0
2
0
0
0
0
0
2
0
0
0
0
0
2
0
0
0
0
0
2
0
0
0
0
0
2
0
0
0
0
0
2
0
0
0
0
0
2
0
0
0
0
0
2
0
0
0
0
0
2
0
0
0
0
0
2
0
0
0
0
0
2
0
0
0
0
0
2
0
0
0
0
0
2
0
0
0
0
0
2
0
0
0
0
0
2
0
0
0
0
0
2
0
0
0
0
0
2
0
0
0
0
0
2
0
0
0
0
0
2
0
0
0
0
0
2
0
0
0
0
0
2
0
0
0
0
0
2
0
0
0
0
0
2
0
0
0
0
0
2
0
0
0
0
0
2
0
0
0
0
0
2
0
0
0
0
0
2
0
0
0
0
0
2
0
0
0
0
0
2
0
0
0
0
0
2
0
0
0
0
0
2
0
0
0
0
0
2
0
0
0
0
0
2
0
0
0
0
0
2
0
0
0
0
0
2
0
0
0
0
0
2
0
0
0
0
0
2
0
0
0
0
0
2
0
0
0
0
0
2
0
0
0
0
0
2
0
0
0
0
0
2
0
0
0
0
0
2
0
0
0
0
0
2
0
0
0
0
0
2
0
0
0
0
0
2
0
0
0
0
0
2
0
0
0
0
0
2
0
0
0
0
0
2
0
0
0
0
0
2
0
0
0
0
0
2
0
0
0
0
0
2
0
0
0
0
0
2
0
0
0
0
0
2
0
0
0
0
0
2
0
0
0
0
0
2
0
0
0
0
0
2
0
0
0
0
0
2
0
0
0
0
0
2
0
0
0
0
0
2
0
0
0
0
0
2
0
0
0
0
0
2
0
0
0
0
0
2
0
0
0
0
0
2
0
0
0
0
0
2
0
0
0
0
0
2
0
0
0
0
0
2
0
0
0
0
0
2
0
0
0
0
0
2
0
0
0
0
0
2
0
0
0
0
0
2
0
0
0
0
0
2
0
0
0
0
0
2
0
0
0
0
0
2
0
0
0
0
0
2
0
0
0
0
0
2
0
0
0
0
0
2
0
0
0
0
0
844.0000,241.0000,70.0000,26.0000
844.0000,246.0000,70.0000,26.0000
830.0000,242.0000,70.0000,26.0000
823.0000,244.0000,70.0000,26.0000
809.0000,243.0000,70.0000,26.0000
802.0000,239.0000,70.0000,26.0000
802.0000,241.0000,70.0000,26.0000
802.0000,237.0000,70.0000,26.0000
795.0000,236.0000,70.0000,26.0000
788.0000,247.0000,70.0000,26.0000
788.0000,243.0000,70.0000,26.0000
781.0000,248.0000,70.0000,26.0000
774.0000,253.0000,70.0000,26.0000
774.0000,255.0000,70.0000,26.0000
767.0000,260.0000,70.0000,26.0000
753.0000,262.0000,70.0000,26.0000
760.0000,264.0000,70.0000,26.0000
760.0000,266.0000,70.0000,26.0000
746.0000,274.0000,70.0000,26.0000
746.0000,279.0000,70.0000,26.0000
739.0000,284.0000,70.0000,26.0000
732.0000,289.0000,70.0000,26.0000
732.0000,294.0000,70.0000,26.0000
732.0000,299.0000,70.0000,26.0000
725.0000,304.0000,70.0000,26.0000
718.0000,306.0000,70.0000,26.0000
718.0000,314.0000,70.0000,26.0000
718.0000,322.0000,70.0000,26.0000
711.0000,333.0000,70.0000,26.0000
711.0000,341.0000,70.0000,26.0000
711.0000,352.0000,70.0000,26.0000
704.0000,354.0000,70.0000,26.0000
711.0000,365.0000,70.0000,26.0000
683.0000,361.0000,70.0000,26.0000
711.0000,375.0000,70.0000,26.0000
697.0000,374.0000,70.0000,26.0000
704.0000,397.0000,70.0000,26.0000
704.0000,399.0000,70.0000,26.0000
711.0000,398.0000,70.0000,26.0000
711.0000,400.0000,70.0000,26.0000
718.0000,396.0000,70.0000,26.0000
725.0000,389.0000,70.0000,26.0000
739.0000,391.0000,70.0000,26.0000
739.0000,387.0000,70.0000,26.0000
746.0000,395.0000,70.0000,26.0000
753.0000,391.0000,70.0000,26.0000
760.0000,387.0000,70.0000,26.0000
774.0000,386.0000,70.0000,26.0000
767.0000,376.0000,70.0000,26.0000
760.0000,369.0000,70.0000,26.0000
795.0000,356.0000,70.0000,26.0000
809.0000,355.0000,70.0000,26.0000
816.0000,351.0000,70.0000,26.0000
823.0000,350.0000,70.0000,26.0000
830.0000,349.0000,70.0000,26.0000
844.0000,351.0000,70.0000,26.0000
851.0000,347.0000,70.0000,26.0000
851.0000,346.0000,70.0000,26.0000
872.0000,345.0000,70.0000,26.0000
886.0000,347.0000,70.0000,26.0000
893.0000,346.0000,70.0000,26.0000
893.0000,348.0000,70.0000,26.0000
900.0000,347.0000,70.0000,26.0000
900.0000,355.0000,70.0000,26.0000
914.0000,360.0000,70.0000,26.0000
928.0000,362.0000,70.0000,26.0000
949.0000,364.0000,70.0000,26.0000
928.0000,372.0000,70.0000,26.0000
942.0000,377.0000,70.0000,26.0000
935.0000,385.0000,70.0000,26.0000
942.0000,396.0000,70.0000,26.0000
942.0000,407.0000,70.0000,26.0000
935.0000,418.0000,70.0000,26.0000
935.0000,429.0000,70.0000,26.0000
942.0000,434.0000,70.0000,26.0000
942.0000,442.0000,70.0000,26.0000
942.0000,450.0000,70.0000,26.0000
935.0000,458.0000,70.0000,26.0000
935.0000,466.0000,70.0000,26.0000
935.0000,480.0000,70.0000,26.0000
935.0000,491.0000,70.0000,26.0000
928.0000,502.0000,70.0000,26.0000
914.0000,510.0000,70.0000,26.0000
921.0000,515.0000,70.0000,26.0000
921.0000,520.0000,70.0000,26.0000
907.0000,525.0000,70.0000,26.0000
914.0000,533.0000,70.0000,26.0000
907.0000,538.0000,70.0000,26.0000
921.0000,540.0000,70.0000,26.0000
2
0
0
0
0
0
2
0
0
0
0
0
2
0
0
0
0
0
2
0
0
0
0
0
2
0
0
0
0
0
2
0
0
0
0
0
2
0
0
0
0
0
2
0
0
0
0
0
2
0
0
0
0
0
2
0
0
0
0
0
2
0
0
0
0
0
2
0
0
0
0
0
2
0
0
0
0
0
2
0
0
0
0
0
2
0
0
0
0
0
2
0
0
0
0
0
2
0
0
0
0
0
2
0
0
0
0
0
2
0
0
0
0
0
2
