1
801.1100,248.2900,21.7800,57.4200
801.2189,248.5771,21.5622,56.8458
801.1650,252.3750,21.6700,57.1300
801.1650,252.3750,21.6700,57.1300
801.2733,252.6606,21.4533,56.5587
801.2733,252.6606,21.4533,56.5587
801.3806,252.9434,21.2388,55.9931
801.3275,252.8035,21.3450,56.2731
801.2208,252.5221,21.5584,56.8358
801.0591,252.0958,21.8818,57.6884
801.1685,252.3843,21.6630,57.1115
801.2769,252.6698,21.4464,56.5404
801.2769,252.6698,21.4464,56.5404
801.3840,252.9525,21.2319,55.9750
801.2779,256.5716,21.4442,56.5347
801.3851,256.8542,21.2298,55.9694
797.4528,256.7143,21.3359,56.2492
797.6128,257.1362,21.0159,55.4055
797.5078,256.8592,21.2260,55.9595
797.4547,256.7193,21.3322,56.2393
797.5613,257.0005,21.1188,55.6769
793.9375,257.4181,20.8021,54.8418
794.0936,257.8294,20.4900,54.0192
793.9399,257.4242,20.7974,54.8294
793.7839,260.8511,21.1093,55.6519
793.6255,260.4337,21.4260,56.4867
789.8760,260.7161,21.2117,55.9218
789.8230,264.4523,21.3178,56.2014
789.6631,264.0308,21.6375,57.0444
789.7713,264.3160,21.4212,56.4740
786.0956,264.7395,21.0999,55.6269
785.9374,264.3223,21.4163,56.4613
785.8303,264.0400,21.6305,57.0259
785.6680,263.6123,21.9550,57.8813
785.6680,263.6123,21.9550,57.8813
781.7511,263.7570,21.8452,57.5919
781.9149,264.1890,21.5175,56.7280
781.7535,263.7635,21.8403,57.5789
781.5897,267.3622,22.1679,58.4426
781.7560,267.8005,21.8354,57.5660
781.7560,267.8005,21.8354,57.5660
777.8604,267.9444,21.7262,57.2781
777.9690,268.2308,21.5089,56.7054
777.8077,267.8055,21.8316,57.5559
777.9714,268.2372,21.5041,56.6926
777.8101,267.8120,21.8266,57.5430
774.0649,268.2436,21.4992,56.6798
773.9574,267.9602,21.7142,57.2466
774.1202,268.3895,21.3885,56.3879
774.2806,272.6429,21.0677,55.5421
774.1227,272.2263,21.3837,56.3753
770.3805,272.5082,21.1699,55.8115
770.3805,276.3573,21.1699,55.8115
770.2217,275.9387,21.4874,56.6487
770.2755,276.0804,21.3800,56.3654
770.1151,275.6576,21.7007,57.2109
766.1695,275.6576,21.7007,57.2109
766.0068,275.2285,22.0262,58.0691
766.1719,275.6640,21.6958,57.1980
766.1719,275.6640,21.6958,57.1980
766.1719,275.6640,21.6958,57.1980
766.3347,276.0930,21.3704,56.3401
762.2306,279.6143,21.6909,57.1852
762.3391,279.9002,21.4740,56.6133
762.5001,280.3248,21.1519,55.7641
762.6588,280.7430,20.8346,54.9277
762.7629,281.0177,20.6263,54.3784
758.9424,280.8817,20.7294,54.6503
758.7869,284.2974,21.0404,55.4700
758.6291,283.8813,21.3560,56.3021
758.5757,283.7406,21.4627,56.5836
758.6294,283.8820,21.3554,56.3007
754.6738,283.7413,21.4622,56.5822
754.7274,283.8828,21.3549,56.2993
754.8876,288.1295,21.0346,55.4548
750.8480,287.7136,21.3501,56.2866
750.8480,287.7136,21.3501,56.2866
750.8480,291.5954,21.3501,56.2866
746.7478,291.1732,21.6703,57.1309
746.5853,290.7448,21.9954,57.9879
746.6953,291.0347,21.7754,57.4080
746.7497,291.1782,21.6666,57.1209
743.0319,291.6066,21.3416,56.2641
743.0319,291.6066,21.3416,56.2641
743.0853,295.6082,21.2349,55.9828
739.3691,295.8881,21.0225,55.4230
739.2640,299.4715,21.2327,55.9772
739.3702,299.7513,21.0204,55.4174
735.7633,300.1670,20.7051,54.5862
735.9186,304.2845,20.3945,53.7674
735.9695,304.4189,20.2925,53.4985
736.0203,304.5526,20.1911,53.2310
732.5557,304.9519,19.8882,52.4326
732.7048,308.9069,19.5899,51.6461
732.8028,309.1651,19.3940,51.1296
732.7543,309.0373,19.4910,51.3853
729.2105,312.5811,19.4910,51.3853
729.2592,312.7096,19.3935,51.1284
729.3562,316.4561,19.1996,50.6171
725.9308,320.0560,19.1036,50.3640
726.0741,320.4337,18.8170,49.6085
726.0741,320.4337,18.8170,49.6085
722.7811,324.0688,18.6289,49.1124
722.6880,327.2442,18.8151,49.6036
722.6409,327.1202,18.9092,49.8516
722.6882,330.6656,18.8147,49.6023
722.5471,330.2936,19.0969,50.3464
718.9447,333.5488,19.2879,50.8498
718.8965,333.4217,19.3843,51.1041
718.7512,336.6157,19.6751,51.8706
718.6528,336.3563,19.8718,52.3893
718.6528,339.9694,19.8718,52.3893
715.2429,343.9212,19.5737,51.6035
715.3897,347.8137,19.2801,50.8294
715.3416,347.6866,19.3765,51.0836
711.8846,351.3197,19.2797,50.8282
711.8364,354.7155,19.3761,51.0823
711.6910,354.3324,19.6667,51.8485
708.1824,358.0199,19.5684,51.5893
708.3291,361.9114,19.2748,50.8155
708.3291,361.9114,19.2748,50.8155
708.1846,365.0873,19.5640,51.5777
708.1356,368.5333,19.6618,51.8356
708.2339,368.7924,19.4652,51.3172
708.3313,372.5527,19.2705,50.8041
704.8276,376.0565,19.2705,50.8041
704.6830,379.2317,19.5596,51.5661
704.7808,383.0103,19.3640,51.0505
704.7324,382.8827,19.4608,51.3057
704.6838,386.3104,19.5581,51.5622
704.6349,389.7553,19.6559,51.8201
704.5366,393.1057,19.8524,52.3383
700.7240,396.3769,20.1502,53.1233
700.6232,396.1113,20.3517,53.6546
700.4706,399.4647,20.6570,54.4594
700.5739,399.7370,20.4504,53.9148
700.5739,403.4552,20.4504,53.9148
700.4205,406.8249,20.7572,54.7235
700.5762,407.2353,20.4458,53.9027
700.4229,410.6042,20.7525,54.7112
700.2672,410.1939,21.0638,55.5319
700.4252,414.3827,20.7479,54.6989
700.2696,417.8014,21.0591,55.5194
700.1116,421.2714,21.3750,56.3522
696.2982,421.4123,21.2681,56.0704
692.2862,425.0375,21.4808,56.6311
688.1609,428.5769,21.8030,57.4806
684.1968,428.5769,21.8030,57.4806
680.0096,432.1695,22.1300,58.3428
675.7596,435.8159,22.4620,59.2179
671.8288,436.1120,22.2373,58.6257
667.5582,439.7761,22.5709,59.5051
659.6430,440.2224,22.2323,58.6125
655.4492,444.0120,22.4547,59.1987
651.5196,448.3498,22.2301,58.6067
643.6279,448.6429,22.0078,58.0206
635.6251,452.6443,22.0078,58.0206
627.9073,457.0208,21.6777,57.1503
620.2117,461.2086,21.4609,56.5788
612.6858,461.6329,21.1390,55.7301
604.8163,465.2361,21.3504,56.2874
601.1528,469.4820,21.0301,55.4431
593.5054,473.3056,21.0301,55.4431
585.5857,476.7708,21.3456,56.2748
577.8237,480.6519,21.3456,56.2748
570.0616,480.6519,21.3456,56.2748
566.2534,484.6541,21.2389,55.9934
558.3467,488.2744,21.4513,56.5533
550.7315,492.4184,21.2367,55.9878
547.0151,496.5210,21.0244,55.4279
542.9774,499.9852,21.3397,56.2593
539.1702,500.1259,21.2330,55.9780
531.2657,503.7451,21.4454,56.5378
523.2822,507.4006,21.6598,57.1032
519.1226,510.9695,21.9847,57.9597
515.1253,514.9667,21.9847,57.9597
510.9033,518.5892,22.3145,58.8291
503.0780,523.0268,21.9798,57.9467
499.3065,527.3978,21.6501,57.0775
495.3701,531.3341,21.6501,57.0775
491.2123,534.9015,21.9748,57.9337
491.2123,534.9015,21.9748,57.9337
486.9921,538.5223,22.3045,58.8027
482.7086,542.1975,22.6390,59.6847
478.8240,546.6996,22.2994,58.7894
474.7695,550.7540,22.2994,58.7894
470.4870,554.4283,22.6339,59.6713
466.6032,562.9830,22.2944,58.7762
466.5475,566.9098,22.4059,59.0701
462.3210,570.7290,22.6300,59.6608
462.2078,574.5864,22.8563,60.2574
458.2079,579.0018,22.6277,59.6548
453.9395,582.8588,22.8540,60.2514
454.1110,583.3107,22.5112,59.3476
450.2482,587.7874,22.1735,58.4574
450.4146,592.1968,21.8409,57.5805
446.4435,592.1968,21.8409,57.5805
446.4435,596.1679,21.8409,57.5805
442.2490,599.7667,22.1685,58.4442
442.1382,603.5454,22.3902,59.0287
441.9703,607.2347,22.7260,59.9141
441.7998,610.9793,23.0669,60.8128
437.5272,615.0422,23.1823,61.1169
437.4692,614.8895,23.2982,61.4225
437.5857,619.3903,23.0652,60.8082
437.4128,618.9342,23.4112,61.7204
437.2372,622.7917,23.7623,62.6462
437.0589,622.3218,24.1188,63.5859
436.9986,626.5701,24.2394,63.9038
437.0592,626.7298,24.1182,63.5843
436.9989,626.5709,24.2388,63.9022
436.8171,630.5648,24.6023,64.8607
436.6942,634.7583,24.8484,65.5093
436.6942,634.7583,24.8484,65.5093
436.8805,639.6998,24.4756,64.5267
437.0641,640.1837,24.1085,63.5588
437.0641,644.5671,24.1085,63.5588
436.8833,644.0904,24.4701,64.5122
437.0668,644.5742,24.1031,63.5445
432.6844,644.5742,24.1031,63.5445
432.8652,645.0508,23.7415,62.5913
432.6871,644.5814,24.0977,63.5302
432.6871,648.9628,24.0977,63.5302
428.4700,649.2804,23.8567,62.8949
428.4700,649.2804,23.8567,62.8949
428.4104,653.4824,23.9760,63.2094
428.4703,653.6404,23.8561,62.8933
424.3768,654.1122,23.4982,61.9499
424.2006,657.9840,23.8507,62.8792
424.2006,653.6475,23.8507,62.8792
424.3199,653.9619,23.6122,62.2504
420.1877,654.2732,23.3761,61.6279
420.1877,654.2732,23.3761,61.6279
420.0708,653.9650,23.6098,62.2442
420.1299,654.1207,23.4918,61.9329
419.9537,653.6562,23.8442,62.8619
415.3745,657.5850,24.2018,63.8049
415.2535,657.2660,24.4439,64.4429
415.4368,657.7493,24.0772,63.4763
415.6174,658.2254,23.7160,62.5241
415.6767,658.3817,23.5975,62.2115
415.5587,658.0707,23.8334,62.8336
415.4395,657.7565,24.0718,63.4619
415.5599,653.7409,23.8311,62.8273
415.5599,653.7409,23.8311,62.8273
411.0645,653.4268,24.0694,63.4556
410.8840,652.9508,24.4304,64.4074
411.0672,649.0586,24.0639,63.4413
411.2477,649.5344,23.7030,62.4897
411.4254,650.0031,23.3474,61.5524
411.6006,650.4647,22.9972,60.6291
411.7730,650.9194,22.6523,59.7196
411.6031,650.4716,22.9921,60.6154
411.6606,646.4636,22.8771,60.3124
411.6606,646.4636,22.8771,60.3124
411.8322,642.8189,22.5339,59.4077
411.9449,643.1159,22.3086,58.8136
411.7776,638.5579,22.6432,59.6958
411.6643,638.2594,22.8697,60.2928
411.6643,638.2594,22.8697,60.2928
411.6643,638.2594,22.8697,60.2928
411.7787,634.4443,22.6410,59.6898
411.7221,634.2951,22.7542,59.9883
407.8177,634.7450,22.4129,59.0885
407.8177,634.7450,22.4129,59.0885
407.7056,630.3337,22.6370,59.6793
403.4355,630.0353,22.8634,60.2761
403.4926,626.0499,22.7490,59.9747
403.4357,625.8999,22.8628,60.2746
403.4357,621.7430,22.8628,60.2746
399.3568,621.8937,22.7485,59.9732
399.1862,621.4439,23.0897,60.8728
399.0130,620.9874,23.4360,61.7859
398.8372,620.5240,23.7876,62.7127
398.7778,616.0206,23.9065,63.0263
398.5985,615.5479,24.2651,63.9717
398.7805,611.6820,23.9011,63.0121
398.8402,611.8395,23.7816,62.6971
398.9591,607.8723,23.5438,62.0701
398.9591,603.5916,23.5438,62.0701
399.1357,604.0571,23.1907,61.1390
403.4629,600.3624,22.8428,60.2219
403.2916,599.9108,23.1854,61.1253
403.4655,596.2169,22.8377,60.2084
403.2942,595.7654,23.1802,61.1115
407.4719,595.6126,23.2961,61.4171
407.5301,591.5516,23.1797,61.1100
407.6460,591.8572,22.9479,60.4989
411.9279,588.2012,22.6036,59.5914
411.9279,588.2012,22.6036,59.5914
411.9279,584.0914,22.6036,59.5914
411.9279,579.9817,22.6036,59.5914
416.1455,576.3805,22.2646,58.6975
416.0342,576.0870,22.4872,59.2845
416.2029,572.5044,22.1499,58.3952
416.2029,572.5044,22.1499,58.3952
420.3006,572.7964,21.9284,57.8113
420.3554,568.9739,21.8188,57.5222
420.3008,568.8300,21.9279,57.8098
420.1912,568.5410,22.1472,58.3879
420.1912,568.5410,22.1472,58.3879
424.3237,565.0126,21.8149,57.5121
424.2146,564.7250,22.0331,58.0872
424.2146,560.7190,22.0331,58.0872
424.2146,556.7130,22.0331,58.0872
424.1044,556.4225,22.2534,58.6681
424.2713,552.8771,21.9196,57.7881
424.3261,549.0562,21.8100,57.4992
424.2171,548.7687,22.0281,58.0742
420.3622,545.0940,21.8078,57.4934
420.3622,545.0940,21.8078,57.4934
416.6201,545.5251,21.4807,56.6310
416.5127,545.2420,21.6955,57.1973
412.7160,545.5280,21.4786,56.6253
412.5549,545.1033,21.8008,57.4747
408.4425,544.8159,22.0188,58.0495
404.6643,541.3079,21.6885,57.1787
404.6643,541.3079,21.6885,57.1787
400.9427,537.8526,21.3632,56.3210
397.1313,537.9934,21.2563,56.0394
393.4115,534.4474,21.0438,55.4790
389.5854,534.4474,21.0438,55.4790
389.4275,534.0314,21.3594,56.3112
385.7625,530.6284,21.0390,55.4666
382.1523,531.0444,20.7235,54.6346
381.9969,530.6346,21.0343,55.4541
377.9574,530.2188,21.3498,56.2859
373.9300,529.9373,21.5633,56.8488
373.9839,530.0794,21.4555,56.5645
370.2292,530.3622,21.2409,55.9989
370.1761,530.2222,21.3472,56.2789
366.3676,530.3629,21.2404,55.9975
362.6505,526.8196,21.0280,55.4375
362.8082,523.4695,20.7126,54.6059
362.6529,523.0600,21.0233,55.4250
358.8304,519.2375,21.0233,55.4250
358.7253,518.9604,21.2335,55.9793
355.0819,515.5775,20.9150,55.1396
354.9250,515.1640,21.2287,55.9667
354.7658,514.7443,21.5472,56.8062
354.6042,514.3182,21.8704,57.6583
350.8514,510.8339,21.5423,56.7934
350.9591,511.1178,21.3269,56.2255
351.0125,511.2584,21.2203,55.9443
347.0819,511.1185,21.3264,56.2241
347.1885,511.3996,21.1131,55.6618
347.0302,510.9822,21.4298,56.4967
346.9230,506.7644,21.6441,57.0617
347.0312,503.1538,21.4277,56.4911
347.0848,503.2950,21.3205,56.2086
347.1914,499.7383,21.1073,55.6465
347.0331,499.3210,21.4239,56.4812
347.1938,495.9078,21.1026,55.6340
347.1938,495.9078,21.1026,55.6340
347.1938,495.9078,21.1026,55.6340
347.0355,495.4905,21.4191,56.4685
346.9284,495.2082,21.6333,57.0332
346.9825,495.3508,21.5251,56.7481
342.8487,494.9252,21.8480,57.5993
343.0126,491.4444,21.5203,56.7353
343.0663,491.5862,21.4127,56.4516
343.2270,488.1748,21.0915,55.6048
339.5359,484.6563,20.8806,55.0488
339.4315,484.3811,21.0894,55.5993
335.3814,483.9641,21.4057,56.4333
335.3814,480.0721,21.4057,56.4333
331.7084,480.4954,21.0846,55.5868
327.6592,480.0785,21.4009,56.4206
327.8197,480.5016,21.0799,55.5743
323.9151,480.3627,21.1853,55.8521
320.1355,480.5023,21.0794,55.5729
316.5184,480.9192,20.7632,54.7393
309.2372,481.3297,20.4517,53.9182
305.3792,481.0601,20.6562,54.4574
297.7787,480.9240,20.7595,54.7297
293.7919,480.5135,21.0709,55.5506
289.7453,480.0969,21.3870,56.3839
281.6912,479.6740,21.7078,57.2296
277.5963,479.3878,21.9249,57.8019
273.4605,479.0988,22.1441,58.3799
265.1212,482.7476,22.4763,59.2556
260.9580,482.5994,22.5887,59.5519
256.7740,482.4505,22.7016,59.8497
252.4916,482.1513,22.9286,60.4482
248.3228,482.1513,22.9286,60.4482
244.3103,478.3264,22.6993,59.8437
244.1400,477.8776,23.0398,60.7413
239.9510,473.6885,23.0398,60.7413
235.5263,473.2329,23.3854,61.6525
235.6432,473.5412,23.1516,61.0359
231.4338,473.5412,23.1516,61.0359
227.3823,473.8464,22.9200,60.4256
227.4969,474.1485,22.6908,59.8213
223.2166,473.8494,22.9178,60.4195
223.2166,473.8494,22.9178,60.4195
219.0497,473.8494,22.9178,60.4195
218.9351,473.5473,23.1469,61.0237
214.9633,469.8596,22.7997,60.1084
214.9063,469.7093,22.9137,60.4089
210.7402,469.7093,22.9137,60.4089
210.6256,469.4073,23.1429,61.0130
210.7992,465.7202,22.7957,60.0978
206.8876,466.1709,22.4538,59.1963
206.8876,466.1709,22.4538,59.1963
206.8876,466.1709,22.4538,59.1963
206.8315,466.0229,22.5661,59.4923
207.0008,462.4277,22.2276,58.5999
210.9361,461.9883,22.5610,59.4789
211.1053,458.3939,22.2226,58.5868
210.9386,457.9545,22.5559,59.4656
210.8822,453.6842,22.6687,59.7629
210.7689,453.3854,22.8954,60.3605
210.9406,449.7378,22.5519,59.4551
210.9406,449.7378,22.5519,59.4551
210.7714,449.2918,22.8902,60.3469
210.5998,448.8392,23.2336,61.2521
210.5417,448.6861,23.3497,61.5584
206.5351,449.1478,22.9995,60.6350
206.7076,449.6026,22.6545,59.7255
202.5886,449.6026,22.6545,59.7255
202.6452,449.7519,22.5412,59.4269
198.7005,445.9916,22.3158,58.8326
198.5889,445.6974,22.5390,59.4209
194.3372,445.4003,22.7644,60.0151
190.0431,445.1003,22.9920,60.6153
190.0431,445.1003,22.9920,60.6153
185.6275,444.6456,23.3369,61.5245
181.6232,445.1071,22.9868,60.6017
177.2086,444.6526,23.3316,61.5107
173.1256,444.9601,23.0983,60.8956
173.2411,445.2646,22.8673,60.2866
168.8495,444.8124,23.2103,61.1909
164.6295,440.5924,23.2103,61.1909
160.4885,440.7454,23.0943,60.8850
160.3730,440.4409,23.3252,61.4938
156.2116,440.5947,23.2086,61.1863
156.2696,436.5490,23.0926,60.8804
156.0964,436.0924,23.4390,61.7936
156.2136,436.4013,23.2046,61.1757
156.0976,436.0955,23.4366,61.7874
155.9804,435.7865,23.6710,62.4053
155.8621,435.4745,23.9077,63.0294
155.8621,435.4745,23.9077,63.0294
155.8621,431.1277,23.9077,63.0294
155.7425,430.8125,24.1468,63.6597
155.5614,430.3351,24.5090,64.6145
155.5002,425.6951,24.6315,64.9376
155.4386,425.5327,24.7547,65.2623
159.9394,421.0319,24.7547,65.2623
160.1251,421.5213,24.3833,64.2834
160.3080,422.0035,24.0176,63.3191
160.4281,422.3201,23.7774,62.6859
164.8647,418.5319,23.4208,61.7456
164.9233,418.6862,23.3037,61.4369
165.0980,419.1470,22.9541,60.5154
165.2702,415.4900,22.6098,59.6076
169.3811,415.4900,22.6098,59.6076
169.5506,411.8879,22.2706,58.7135
169.3836,411.4475,22.6047,59.5942
169.3836,407.3376,22.6047,59.5942
169.2141,406.8906,22.9438,60.4881
173.4952,403.2353,22.5996,59.5808
173.5517,403.3842,22.4866,59.2829
173.4392,403.0878,22.7115,59.8757
173.4392,403.0878,22.7115,59.8757
169.0776,402.6387,23.0522,60.7739
168.9047,402.1829,23.3979,61.6855
169.0217,402.4914,23.1640,61.0686
168.8480,397.7585,23.5114,61.9847
164.6533,397.9135,23.3939,61.6747
164.5363,397.6051,23.6278,62.2915
164.3591,397.1379,23.9822,63.2258
160.0805,392.9574,23.8623,62.9097
160.2595,393.4292,23.5044,61.9661
160.2595,393.4292,23.5044,61.9661
156.0661,393.5841,23.3869,61.6562
156.0661,393.5841,23.3869,61.6562
152.0531,394.0466,23.0360,60.7314
152.1107,394.1984,22.9209,60.4277
152.0534,394.0473,23.0355,60.7299
147.8651,394.0473,23.0355,60.7299
147.9227,390.0318,22.9203,60.4262
147.8081,389.7297,23.1495,61.0305
147.8660,385.6943,23.0338,60.7253
147.8660,385.6943,23.0338,60.7253
147.6932,385.2389,23.3793,61.6362
147.5763,384.9307,23.6130,62.2526
147.5763,384.9307,23.6130,62.2526
151.7569,384.4638,23.9672,63.1864
151.7569,380.1061,23.9672,63.1864
151.8168,380.2641,23.8474,62.8704
156.2665,380.7356,23.4897,61.9274
156.2665,376.4648,23.4897,61.9274
160.6121,372.5462,23.2548,61.3081
164.9513,373.0060,22.9060,60.3885
164.9513,368.8413,22.9060,60.3885
169.0067,368.3884,23.2496,61.2943
173.3448,364.6843,22.9008,60.3749
177.5815,364.9862,22.6718,59.7712
181.7397,365.1357,22.5585,59.4723
185.8771,365.2843,22.4457,59.1749
185.7649,360.8666,22.6701,59.7667
189.8146,360.5678,22.8968,60.3644
193.9777,356.4047,22.8968,60.3644
198.0314,355.9520,23.2403,61.2698
202.3679,352.2494,22.8917,60.3508
206.6028,348.4306,22.6628,59.7473
210.7233,344.3101,22.6628,59.7473
214.8799,344.4595,22.5494,59.4485
219.0874,340.8670,22.2112,58.5568
223.0551,340.5742,22.4333,59.1424
227.0625,340.2785,22.6576,59.7338
231.2542,336.4987,22.4311,59.1365
235.4396,336.9423,22.0946,58.2494
239.5623,337.3792,21.7632,57.3757
243.6231,333.9119,21.4367,56.5150
247.4525,333.6293,21.6511,57.0802
251.4924,330.1799,21.3263,56.2240
255.3699,330.1799,21.3263,56.2240
259.2474,326.3024,21.3263,56.2240
263.1249,326.3024,21.3263,56.2240
267.1042,322.9047,21.0064,55.3806
271.0238,323.3201,20.6913,54.5499
274.7530,323.1837,20.7948,54.8227
274.8569,323.4578,20.5869,54.2744
278.6983,320.1779,20.2780,53.4603
278.8503,320.5789,19.9739,52.6584
282.5137,317.0971,19.8740,52.3951
282.6628,313.9308,19.5759,51.6092
282.6139,313.8018,19.6738,51.8672
282.6139,313.8018,19.6738,51.8672
278.9027,313.5424,19.8705,52.3859
279.0020,310.2277,19.6718,51.8620
275.2912,309.9684,19.8685,52.3807
271.8142,310.2303,19.6698,51.8569
268.1038,313.5831,19.8665,52.3754
264.2885,313.1902,20.1645,53.1611
256.9559,313.1902,20.1645,53.1611
253.4959,313.5890,19.8621,52.3636
246.1875,313.4581,19.9614,52.6255
242.3540,313.0634,20.2608,53.4148
234.8115,312.7963,20.4634,53.9490
227.1935,312.5266,20.6680,54.4885
219.9456,312.9352,20.3580,53.6712
216.1053,316.4053,20.5616,54.2079
208.4508,316.1343,20.7672,54.7500
201.1681,316.5449,20.4557,53.9287
197.4489,320.2641,20.4557,53.9287
189.8338,319.9945,20.6603,54.4680
185.9365,319.7221,20.8669,55.0127
182.0003,319.4471,21.0755,55.5628
177.9528,319.0304,21.3917,56.3962
174.0634,315.1410,21.3917,56.3962
173.9030,314.7180,21.7126,57.2422
173.8487,314.5749,21.8211,57.5284
169.6581,314.1434,22.1484,58.3913
173.7908,310.6148,21.8162,57.5154
173.8453,310.7586,21.7071,57.2279
173.9538,311.0447,21.4901,56.6556
177.7927,310.7614,21.7050,57.2221
177.7927,310.7614,21.7050,57.2221
181.6355,310.3323,22.0305,58.0805
185.7112,306.6572,21.8102,57.4997
189.5726,306.2259,22.1374,58.3622
189.6279,302.3670,22.0267,58.0704
193.5627,302.0766,22.2470,58.6511
197.6783,298.3654,22.0245,58.0646
201.6127,298.0751,22.2447,58.6452
205.7280,298.3683,22.0223,58.0587
205.7280,298.3683,22.0223,58.0587
209.8372,294.8598,21.6919,57.1879
213.8502,295.1457,21.4750,56.6160
217.7547,295.1457,21.4750,56.6160
221.7618,291.7244,21.1529,55.7667
221.9204,288.3543,20.8356,54.9302
225.6424,288.0797,21.0440,55.4795
229.4686,284.2535,21.0440,55.4795
233.3282,284.3922,20.9387,55.2021
237.0353,283.9782,21.2528,56.0302
241.0009,280.5922,20.9340,55.1897
241.1056,280.8682,20.7247,54.6378
244.7748,280.4584,21.0356,55.4574
248.5995,280.4584,21.0356,55.4574
248.6521,280.5970,20.9304,55.1801
252.4576,276.7915,20.9304,55.1801
256.3297,277.0674,20.7211,54.6283
260.0972,273.2999,20.7211,54.6283
263.7657,272.8902,21.0319,55.4477
263.9235,269.5395,20.7164,54.6160
267.7560,269.8125,20.5093,54.0699
271.4197,269.5422,20.7143,54.6106
271.4197,269.5422,20.7143,54.6106
271.5233,269.8152,20.5072,54.0645
275.3497,266.5481,20.1996,53.2535
275.5013,266.9475,19.8966,52.4547
275.4515,266.8163,19.9961,52.7170
275.3015,266.4210,20.2960,53.5077
275.4537,263.1874,19.9916,52.7051
275.3538,262.9239,20.1915,53.2321
275.4547,259.5556,19.9896,52.6998
275.3048,259.1603,20.2894,53.4903
271.6850,259.2941,20.1880,53.2229
271.6850,259.2941,20.1880,53.2229
271.5336,258.8949,20.4908,54.0212
267.9477,259.1650,20.2859,53.4810
267.7956,258.7639,20.5902,54.2832
263.9817,258.6282,20.6931,54.5546
263.9300,258.4918,20.7966,54.8274
260.2906,258.7659,20.5886,54.2791
260.1876,258.4945,20.7945,54.8219
260.0316,258.0834,21.1064,55.6443
256.4100,254.7207,20.7898,54.8096
256.3580,254.5837,20.8938,55.0836
252.7016,254.8591,20.6849,54.5328
252.8567,255.2681,20.3746,53.7148
252.8058,255.1338,20.4765,53.9834
252.6522,258.5078,20.7836,54.7931
248.6608,258.0969,21.0954,55.6150
248.6608,258.0969,21.0954,55.6150
248.6608,254.2613,21.0954,55.6150
248.6608,254.2613,21.0954,55.6150
248.5026,253.8442,21.4118,56.4493
248.4491,249.7906,21.5188,56.7315
248.3953,249.6488,21.6264,57.0152
248.4494,249.7913,21.5183,56.7301
248.5031,249.9331,21.4107,56.4464
248.5031,249.9331,21.4107,56.4464
248.6102,250.2153,21.1966,55.8820
248.5042,249.9359,21.4086,56.4408
248.3972,249.6537,21.6227,57.0052
248.3972,249.6537,21.6227,57.0052
252.3286,249.6537,21.6227,57.0052
252.3826,245.8845,21.5145,56.7202
252.3826,245.8845,21.5145,56.7202
252.4364,246.0263,21.4070,56.4366
252.4364,242.1341,21.4070,56.4366
252.5970,242.5574,21.0859,55.5900
252.7024,242.8354,20.8750,55.0341
252.8589,243.2481,20.5619,54.2086
252.8076,243.1126,20.6647,54.4796
252.9625,243.5212,20.3547,53.6625
253.0643,243.7895,20.1512,53.1258
249.1944,243.3911,20.4534,53.9227
249.2966,243.6607,20.2489,53.3835
249.3473,243.7941,20.1477,53.1166
249.2465,239.8287,20.3491,53.6477
245.3386,239.4263,20.6544,54.4525
245.2869,239.2902,20.7577,54.7247
241.3005,238.8798,21.0690,55.5456
241.3532,239.0186,20.9637,55.2679
241.2484,238.7423,21.1733,55.8205
241.0896,238.3237,21.4909,56.6578
237.1821,238.3237,21.4909,56.6578
237.1821,238.3237,21.4909,56.6578
233.3479,238.4653,21.3835,56.3746
233.5083,238.8881,21.0627,55.5289
229.8942,239.3046,20.7468,54.6960
229.7386,238.8943,21.0580,55.5164
226.1252,239.3107,20.7421,54.6837
225.9696,238.9006,21.0532,55.5040
225.8644,238.6231,21.2638,56.0590
222.1432,235.0759,21.0511,55.4984
222.1432,235.0759,21.0511,55.4984
222.1958,239.0230,20.9459,55.2209
222.3529,239.4371,20.6317,54.3926
218.3907,239.0292,20.9412,55.2085
218.5478,239.4433,20.6270,54.3804
218.5478,239.4433,20.6270,54.3804
218.5478,239.4433,20.6270,54.3804
218.6509,236.0023,20.4208,53.8366
218.4978,235.5985,20.7271,54.6441
218.3423,235.1887,21.0380,55.4638
218.5001,231.8370,20.7224,54.6318
222.3008,231.9735,20.6188,54.3587
222.4039,232.2453,20.4126,53.8151
222.2508,231.8417,20.7188,54.6223
222.2508,231.8417,20.7188,54.6223
226.0508,231.9783,20.6152,54.3492
225.8962,231.5706,20.9244,55.1644
225.8439,231.4327,21.0291,55.4402
229.6673,231.4327,21.0291,55.4402
229.8250,231.8485,20.7136,54.6086
233.6241,228.2378,20.6101,54.3356
233.5726,228.1019,20.7131,54.6073
237.2727,227.8289,20.9202,55.1533
237.2204,227.6910,21.0248,55.4291
240.9427,227.2753,21.3402,56.2605
240.9961,223.5553,21.2335,55.9792
244.9581,223.9752,20.9150,55.1396
248.8606,224.3887,20.6013,54.3125
248.8606,224.3887,20.6013,54.3125
252.6063,224.3887,20.6013,54.3125
252.4518,223.9814,20.9103,55.1271
256.2869,220.3363,20.8057,54.8515
256.3910,220.6106,20.5977,54.3030
260.1032,220.4748,20.7007,54.5745
263.8670,220.4748,20.7007,54.5745
263.9705,217.0216,20.4937,54.0288
267.6966,217.0216,20.4937,54.0288
271.3575,216.7514,20.6986,54.5691
271.4093,216.8878,20.5951,54.2962
275.1538,216.8878,20.5951,54.2962
275.1538,216.8878,20.5951,54.2962
278.8984,216.8878,20.5951,54.2962
278.7954,216.6164,20.8011,54.8392
282.4782,216.2051,21.1131,55.6618
286.2162,211.8913,21.4298,56.4967
286.3769,212.3150,21.1083,55.6492
290.1140,211.8976,21.4250,56.4840
290.1676,212.0388,21.3178,56.2016
294.0435,212.0388,21.3178,56.2016
294.0968,212.1794,21.2112,55.9205
297.9197,212.0396,21.3173,56.2001
298.0262,212.3206,21.1041,55.6381
301.7626,211.9033,21.4207,56.4727
301.6555,211.6209,21.6349,57.0374
301.7637,208.0118,21.4185,56.4671
301.9243,208.4353,21.0973,55.6201
305.6595,208.0182,21.4137,56.4544
305.6595,208.0182,21.4137,56.4544
305.6595,208.0182,21.4137,56.4544
305.8201,204.6066,21.0925,55.6076
305.8201,204.6066,21.0925,55.6076
305.8201,208.4416,21.0925,55.6076
305.6620,208.0245,21.4089,56.4417
305.7690,208.3067,21.1948,55.8772
302.1321,208.7258,20.8769,55.0391
302.0278,208.4506,21.0857,55.5895
302.0278,208.4506,21.0857,55.5895
302.0278,208.4506,21.0857,55.5895
298.4097,208.8675,20.7694,54.7556
298.4097,208.8675,20.7694,54.7556
298.2539,208.4569,21.0809,55.5770
294.6366,208.8737,20.7647,54.7433
294.6885,209.0105,20.6609,54.4696
294.6885,209.0105,20.6609,54.4696
294.5852,208.7382,20.8675,55.0143
290.9334,209.0133,20.6588,54.4642
290.9334,209.0133,20.6588,54.4642
290.9334,209.0133,20.6588,54.4642
291.0883,209.4218,20.3489,53.6472
291.1392,209.5559,20.2472,53.3790
291.2404,206.1783,20.0447,52.8452
291.0901,205.7819,20.3454,53.6378
291.1410,205.9160,20.2437,53.3697
291.2928,206.3163,19.9400,52.5691
294.8548,206.0535,20.1394,53.0948
295.0059,206.4517,19.8373,52.2984
298.6442,206.5824,19.7381,52.0369
298.7429,206.8426,19.5407,51.5165
302.2336,206.5850,19.7362,52.0317
302.2336,206.5850,19.7362,52.0317
305.7906,206.4549,19.8348,52.2918
305.6418,206.0627,20.1324,53.0762
309.3983,202.8553,19.8304,52.2801
309.2496,202.4632,20.1278,53.0643
312.8452,202.1979,20.3291,53.5949
312.9468,202.4659,20.1258,53.0590
313.0977,202.8638,19.8239,52.2631
316.6390,202.6025,20.0222,52.7857
316.5389,202.3385,20.2224,53.3136
316.6906,202.7384,19.9191,52.5139
316.8400,203.1322,19.6203,51.7262
316.8890,203.2616,19.5222,51.4675
316.7426,202.8756,19.8150,52.2395
316.5940,202.4838,20.1122,53.0231
316.4431,202.0861,20.4139,53.8185
316.2900,201.6824,20.7201,54.6258
312.3815,201.4093,20.9273,55.1720
312.3815,201.4093,20.9273,55.1720
312.3815,201.4093,20.9273,55.1720
312.4861,201.6852,20.7180,54.6203
308.9311,202.0948,20.4073,53.8010
308.8290,205.5733,20.6113,54.3390
308.7775,205.4375,20.7144,54.6107
308.8293,205.5740,20.6108,54.3376
305.1522,205.7099,20.5078,54.0660
305.3060,202.4426,20.2002,53.2550
305.3060,202.4426,20.2002,53.2550
305.2555,202.3095,20.3012,53.5212
305.2555,202.3095,20.3012,53.5212
305.1540,202.0419,20.5042,54.0565
305.0002,205.4204,20.8117,54.8673
304.8961,205.1461,21.0199,55.4160
304.8961,205.1461,21.0199,55.4160
304.7385,204.7304,21.3352,56.2472
304.8985,205.1523,21.0151,55.4035
304.8985,205.1523,21.0151,55.4035
304.8985,205.1523,21.0151,55.4035
304.8985,205.1523,21.0151,55.4035
304.7408,204.7368,21.3304,56.2346
304.8475,205.0179,21.1170,55.6722
304.8475,205.0179,21.1170,55.6722
308.6870,205.0179,21.1170,55.6722
308.5286,204.6004,21.4338,56.5073
308.6358,204.8829,21.2195,55.9422
308.5297,204.6032,21.4317,56.5016
312.4263,208.4999,21.4317,56.5016
312.3727,208.3586,21.5388,56.7842
312.3189,208.2167,21.6465,57.0681
316.3235,204.6056,21.4300,56.4974
316.4842,205.0294,21.1086,55.6499
316.6425,205.4467,20.7920,54.8152
320.4229,205.4467,20.7920,54.8152
320.5269,205.7208,20.5840,54.2670
320.4754,205.5852,20.6870,54.5384
324.2038,205.4488,20.7904,54.8111
324.1518,209.1108,20.8944,55.0851
327.8510,208.6976,21.2078,55.9114
327.8510,208.6976,21.2078,55.9114
327.9041,208.8374,21.1017,55.6318
328.0096,209.1156,20.8907,55.0755
331.7414,208.8402,21.0996,55.6263
331.5832,208.4230,21.4161,56.4607
331.4761,208.1407,21.6303,57.0253
331.5302,208.2832,21.5221,56.7401
331.6916,208.7088,21.1993,55.8890
335.4785,208.4294,21.4113,56.4479
335.4250,208.2882,21.5183,56.7302
335.5864,208.7137,21.1956,55.8792
335.4804,208.4343,21.4075,56.4380
335.3734,212.0833,21.6216,57.0024
335.2653,211.7983,21.8378,57.5724
335.1015,211.3665,22.1654,58.4360
339.2373,207.8352,21.8329,57.5595
339.4011,208.2669,21.5054,56.6961
339.4011,208.2669,21.5054,56.6961
339.4011,208.2669,21.5054,56.6961
339.4011,208.2669,21.5054,56.6961
339.4011,208.2669,21.5054,56.6961
343.3112,212.1769,21.5054,56.6961
343.3112,212.1769,21.5054,56.6961
343.3112,212.1769,21.5054,56.6961
343.3112,212.1769,21.5054,56.6961
343.3112,212.1769,21.5054,56.6961
347.1186,211.7517,21.8280,57.5465
347.2823,212.1833,21.5006,56.6833
347.2823,212.1833,21.5006,56.6833
347.3361,212.3250,21.3931,56.3999
351.1236,211.9020,21.7140,57.2459
351.2322,212.1882,21.4968,56.6734
351.2322,212.1882,21.4968,56.6734
351.2322,212.1882,21.4968,56.6734
355.1407,212.1882,21.4968,56.6734
355.1407,216.0968,21.4968,56.6734
355.1944,216.2384,21.3893,56.3901
355.0340,215.8155,21.7102,57.2359
355.1426,216.1017,21.4931,56.6636
355.1426,212.1939,21.4931,56.6636
355.1426,212.1939,21.4931,56.6636
355.3038,212.6189,21.1707,55.8136
355.4626,213.0374,20.8531,54.9764
359.3204,217.0659,20.6446,54.4266
359.3204,217.0659,20.6446,54.4266
359.2688,216.9298,20.7478,54.6988
359.4244,217.3401,20.4366,53.8783
359.4755,217.4748,20.3344,53.6089
359.5771,217.7428,20.1311,53.0728
359.7281,218.1409,19.8291,52.2767
359.5794,217.7488,20.1265,53.0609
359.5794,217.7488,20.1265,53.0609
359.5291,217.6161,20.2272,53.3262
359.4785,217.4828,20.3283,53.5928
359.3260,217.0809,20.6332,54.3967
359.2745,216.9449,20.7364,54.6687
359.1708,220.4795,20.9438,55.2154
359.1184,220.3414,21.0485,55.4914
359.1184,220.3414,21.0485,55.4914
359.1184,220.3414,21.0485,55.4914
359.1184,220.3414,21.0485,55.4914
359.1184,220.3414,21.0485,55.4914
359.0132,220.0640,21.2590,56.0464
359.1195,220.3442,21.0464,55.4859
359.1195,220.3442,21.0464,55.4859
359.1195,220.3442,21.0464,55.4859
359.0143,223.9317,21.2568,56.0408
359.0143,223.9317,21.2568,56.0408
359.1205,224.2119,21.0443,55.4804
359.1205,224.2119,21.0443,55.4804
359.1731,228.1577,20.9390,55.2029
359.0161,227.7437,21.2531,56.0310
358.8567,227.3234,21.5719,56.8715
358.7488,227.0391,21.7877,57.4402
358.7488,227.0391,21.7877,57.4402
358.5854,226.6083,22.1145,58.3018
358.4196,226.1710,22.4462,59.1763
358.5879,226.6148,22.1095,58.2887
358.6985,226.9063,21.8884,57.7058
358.8079,227.1948,21.6695,57.1287
362.7823,227.3376,21.5612,56.8431
362.7823,231.2578,21.5612,56.8431
362.8901,231.5420,21.3456,56.2746
363.0502,231.9641,21.0254,55.4305
363.0502,231.9641,21.0254,55.4305
363.0502,231.9641,21.0254,55.4305
366.7726,235.4285,21.3407,56.2620
366.6659,235.1472,21.5542,56.8246
366.6659,235.1472,21.5542,56.8246
366.6659,235.1472,21.5542,56.8246
366.5043,234.7210,21.8775,57.6770
366.3949,234.4326,22.0962,58.2537
366.3949,234.4326,22.0962,58.2537
370.4827,238.7012,21.8753,57.6712
370.6468,239.1338,21.5472,56.8061
370.6468,239.1338,21.5472,56.8061
370.6468,239.1338,21.5472,56.8061
370.6468,239.1338,21.5472,56.8061
370.6468,243.0514,21.5472,56.8061
370.6468,243.0514,21.5472,56.8061
370.4852,242.6254,21.8704,57.6582
370.4852,242.6254,21.8704,57.6582
370.4852,242.6254,21.8704,57.6582
370.4852,246.6018,21.8704,57.6582
370.4852,246.6018,21.8704,57.6582
366.7324,247.0342,21.5423,56.7933
366.7324,247.0342,21.5423,56.7933
366.7324,247.0342,21.5423,56.7933
366.5708,250.5838,21.8654,57.6452
366.7348,251.0162,21.5375,56.7806
366.5733,250.5903,21.8605,57.6323
362.5241,250.4462,21.9698,57.9204
362.5790,250.5910,21.8600,57.6308
362.4698,254.3172,22.0786,58.2071
362.3042,253.8806,22.4097,59.0803
362.1921,253.5852,22.6338,59.6711
362.3053,253.8836,22.4075,59.0743
362.1372,253.4405,22.7436,59.9605
361.9666,252.9908,23.0848,60.8599
362.1398,257.5815,22.7385,59.9470
362.1966,257.7314,22.6248,59.6472
362.1966,257.7314,22.6248,59.6472
362.1966,257.7314,22.6248,59.6472
362.1401,257.5823,22.7379,59.9455
362.1969,257.7321,22.6242,59.6457
362.1969,261.8456,22.6242,59.6457
362.1969,261.8456,22.6242,59.6457
362.1969,261.8456,22.6242,59.6457
362.0838,261.5474,22.8505,60.2422
357.7734,261.2462,23.0790,60.8446
357.6580,260.9420,23.3098,61.4531
357.6580,260.9420,23.3098,61.4531
357.6580,260.9420,23.3098,61.4531
357.6580,260.9420,23.3098,61.4531
357.7745,261.2492,23.0767,60.8385
357.7745,265.4450,23.0767,60.8385
357.8899,265.7492,22.8459,60.2302
357.8899,265.7492,22.8459,60.2302
358.0041,266.0504,22.6175,59.6278
357.8911,265.7522,22.8436,60.2241
357.7768,265.4511,23.0721,60.8264
357.6038,264.9949,23.4182,61.7388
357.6038,264.9949,23.4182,61.7388
357.5452,264.8405,23.5352,62.0475
357.3687,268.7185,23.8883,62.9782
357.1896,268.2462,24.2466,63.9228
357.1289,268.0864,24.3678,64.2425
357.3117,268.5682,24.0023,63.2788
357.1917,268.2518,24.2423,63.9116
357.3735,268.7311,23.8787,62.9529
357.5526,269.2033,23.5205,62.0086
357.6114,269.3583,23.4029,61.6986
357.7284,273.8793,23.1689,61.0816
357.6126,273.5739,23.4006,61.6924
357.5541,273.4197,23.5176,62.0009
357.3777,272.9547,23.8703,62.9309
357.3180,272.7973,23.9897,63.2456
357.2580,272.6392,24.1096,63.5618
357.0772,272.1625,24.4713,64.5152
352.4610,271.8399,24.7160,65.1604
352.6464,272.3286,24.3453,64.1830
352.8290,272.8100,23.9801,63.2202
353.0089,273.2841,23.6204,62.2719
353.1270,273.5955,23.3842,61.6492
353.0100,273.2873,23.6180,62.2657
353.1872,273.7543,23.2637,61.3317
353.0709,273.4476,23.4964,61.9450
353.1296,273.6025,23.3789,61.6353
353.2465,273.9106,23.1451,61.0189
353.2465,273.9106,23.1451,61.0189
353.0729,273.4530,23.4923,61.9342
353.2491,273.9175,23.1399,61.0052
353.1334,273.6125,23.3713,61.6153
353.0165,273.3044,23.6050,62.2314
352.8395,272.8377,23.9591,63.1649
352.6598,272.3639,24.3185,64.1124
352.6598,272.3639,24.3185,64.1124
352.4774,271.8831,24.6833,65.0740
352.3540,271.5577,24.9301,65.7248
352.5410,272.0507,24.5561,64.7389
352.3568,271.5651,24.9245,65.7100
352.5437,272.0580,24.5506,64.7243
352.7279,272.5434,24.1824,63.7535
352.6070,276.6654,24.4242,64.3910
352.4848,276.3434,24.6684,65.0349
348.1678,276.6686,24.4217,64.3846
348.1068,276.5076,24.5438,64.7065
347.9227,276.0223,24.9120,65.6771
348.0473,271.8665,24.6629,65.0203
347.9240,271.5414,24.9095,65.6705
347.7994,271.2131,25.1586,66.3272
347.6736,270.8815,25.4102,66.9905
347.6736,270.8815,25.4102,66.9905
347.6736,270.8815,25.4102,66.9905
347.8642,271.3839,25.0290,65.9856
348.0519,271.8788,24.6536,64.9959
347.8670,271.3913,25.0234,65.9708
347.7419,271.0615,25.2736,66.6305
347.6787,270.8949,25.4000,66.9637
347.8057,271.2297,25.1460,66.2940
347.8686,271.3954,25.0203,65.9626
347.8686,271.3954,25.0203,65.9626
347.8686,271.3954,25.0203,65.9626
347.9937,271.7253,24.7701,65.3029
348.0556,271.8885,24.6462,64.9764
347.9324,271.5636,24.8927,65.6262
348.0569,271.8918,24.6438,64.9699
352.4591,271.5669,24.8902,65.6196
352.5836,271.8950,24.6413,64.9634
352.5836,271.8950,24.6413,64.9634
352.7068,272.2198,24.3949,64.3138
352.8897,272.7022,24.0290,63.3491
352.7696,272.3854,24.2693,63.9826
352.5876,271.9055,24.6333,64.9423
352.4028,271.4185,25.0028,65.9164
348.1126,271.9129,24.6277,64.9277
348.1126,267.4351,24.6277,64.9277
348.0510,267.2728,24.7509,65.2523
348.2366,267.7622,24.3796,64.2736
348.1147,267.4408,24.6234,64.9163
348.0532,267.2785,24.7465,65.2409
347.9913,267.1154,24.8703,65.5671
347.9913,267.1154,24.8703,65.5671
348.1157,267.4432,24.6216,64.9114
348.3003,267.9301,24.2522,63.9377
348.3003,267.9301,24.2522,63.9377
348.1184,267.4505,24.6160,64.8968
347.9338,266.9638,24.9853,65.8702
347.7464,261.8589,25.3600,66.8583
352.4380,262.1932,25.1064,66.1897
352.5636,262.5241,24.8554,65.5278
357.2014,263.0156,24.4825,64.5449
361.7306,263.3383,24.2377,63.8995
366.2532,263.8175,23.8742,62.9410
366.3725,268.4296,23.6354,62.3116
370.6699,268.4296,23.6354,62.3116
375.0800,268.8969,23.2809,61.3769
379.4240,265.1879,22.9317,60.4562
383.6664,269.6179,22.7024,59.8517
387.9024,266.0009,22.3618,58.9539
392.0750,266.4431,22.0264,58.0696
2
0
0
0
0
0
2
0
0
0
0
0
2
0
0
0
0
0
2
0
0
0
0
0
2
0
0
0
0
0
2
0
0
0
0
0
2
0
0
0
0
0
2
0
0
0
0
0
2
0
0
0
0
0
2
0
0
0
0
0
