1
385.0041,197.0036,8.9919,7.9928
384.9927,197.9935,9.0147,8.0130
386.8702,198.8846,9.2596,8.2307
386.8643,197.8793,9.2715,8.2413
387.8593,195.8749,9.2814,8.2502
389.8840,191.8969,9.2320,8.2062
392.9131,188.9228,9.1737,8.1544
399.9005,185.9116,9.1990,8.1769
405.8397,182.8575,9.3207,8.2851
407.8278,178.8470,9.3443,8.3061
2
0
0
0
0
0
2
0
0
0
0
0
2
0
0
0
0
0
2
0
0
0
0
0
2
0
0
0
0
0
2
0
0
0
0
0
2
0
0
0
0
0
2
0
0
0
0
0
2
0
0
0
0
0
405.7903,172.8136,9.4194,8.3728
2
0
0
0
0
0
2
0
0
0
0
0
2
0
0
0
0
0
2
0
0
0
0
0
2
0
0
0
0
0
2
0
0
0
0
0
2
0
0
0
0
0
2
