1
203.8500,358.9350,30.3000,13.1300
200.0979,359.0335,29.8455,12.9331
199.9486,358.9688,30.1440,13.0624
199.8733,358.9362,30.2947,13.1277
195.8340,358.9362,30.2947,13.1277
196.0612,359.0346,29.8403,12.9308
195.9120,358.9700,30.1387,13.0601
191.8935,358.9700,30.1387,13.0601
191.8935,358.9700,30.1387,13.0601
192.0442,359.0352,29.8373,12.9295
187.7824,358.9383,30.2848,13.1234
187.7824,358.9383,30.2848,13.1234
187.5553,358.8399,30.7391,13.3203
183.4567,358.8399,30.7391,13.3203
183.6873,358.9398,30.2780,13.1205
183.9144,355.0616,29.8238,12.9237
179.9379,355.0616,29.8238,12.9237
179.9379,355.0616,29.8238,12.9237
176.2447,355.1586,29.3765,12.7298
176.4650,355.2541,28.9358,12.5389
176.6820,355.3481,28.5018,12.3508
173.0623,355.4099,28.2168,12.2273
173.0623,355.4099,28.2168,12.2273
173.0623,355.4099,28.2168,12.2273
169.4788,355.4710,27.9346,12.1050
169.3391,355.4105,28.2140,12.2261
165.7559,355.4716,27.9318,12.1038
165.9654,355.5624,27.5128,11.9222
166.1718,355.6518,27.1002,11.7434
162.3009,355.5637,27.5067,11.9196
162.0946,355.4743,27.9193,12.0983
161.8853,355.3836,28.3380,12.2798
158.1966,355.4143,28.1964,12.2184
158.3376,355.4754,27.9144,12.0962
158.1980,355.4149,28.1935,12.2172
158.1275,355.3843,28.3345,12.2783
154.6187,359.1977,27.9095,12.0941
154.4792,359.1372,28.1886,12.2151
154.6906,359.2289,27.7658,12.0318
151.2523,359.3191,27.3493,11.8513
151.4574,362.9998,26.9390,11.6736
151.2554,362.9123,27.3431,11.8487
151.1870,362.8827,27.4798,11.9079
151.1870,362.8827,27.4798,11.9079
151.3931,362.9720,27.0676,11.7293
147.6127,362.9133,27.3383,11.8466
147.5443,362.8837,27.4750,11.9058
147.3383,362.7944,27.8871,12.0844
147.1988,362.7340,28.1660,12.2053
147.1284,362.7035,28.3068,12.2663
143.4438,366.4895,28.1653,12.2050
143.5846,366.5505,27.8836,12.0829
143.5846,366.5505,27.8836,12.0829
143.5846,366.5505,27.8836,12.0829
143.7937,366.6412,27.4654,11.9017
143.9997,370.3376,27.0534,11.7231
143.8645,370.2789,27.3239,11.8404
144.0011,370.3381,27.0507,11.7220
144.0011,370.3381,27.0507,11.7220
144.0011,370.3381,27.0507,11.7220
144.0011,373.9449,27.0507,11.7220
143.8658,373.8863,27.3212,11.8392
143.8658,373.8863,27.3212,11.8392
144.0024,377.5519,27.0480,11.7208
144.0024,377.5519,27.0480,11.7208
144.2053,377.6398,26.6423,11.5450
144.0055,381.1588,27.0419,11.7182
143.8703,381.1002,27.3123,11.8353
143.8703,381.1002,27.3123,11.8353
144.0751,384.7760,26.9026,11.6578
143.8734,384.6885,27.3062,11.8327
143.8051,384.6590,27.4427,11.8918
143.8051,384.6590,27.4427,11.8918
144.0109,384.7481,27.0311,11.7135
147.4664,384.6603,27.4365,11.8892
147.6721,388.3528,27.0250,11.7108
147.8748,388.4406,26.6196,11.5352
148.0079,388.4983,26.3534,11.4198
151.6667,388.5840,25.9581,11.2485
151.5369,388.5277,26.2177,11.3610
151.7335,392.0562,25.8244,11.1906
151.7335,392.0562,25.8244,11.1906
155.1768,392.0562,25.8244,11.1906
155.3705,395.5317,25.4371,11.0227
155.3705,395.5317,25.4371,11.0227
158.9020,395.6144,25.0555,10.8574
159.0899,398.9865,24.6797,10.6945
162.3805,402.2771,24.6797,10.6945
165.5354,402.1968,25.0499,10.8549
168.8754,402.1968,25.0499,10.8549
169.0632,405.5681,24.6741,10.6921
169.0632,405.5681,24.6741,10.6921
168.8782,405.4879,25.0442,10.8525
172.3552,405.5693,24.6686,10.6897
175.6443,408.8585,24.6686,10.6897
175.8293,412.1785,24.2985,10.5294
178.9355,412.0995,24.6630,10.6873
182.2691,412.1262,24.5397,10.6339
185.6760,412.2060,24.1716,10.4744
185.4948,415.3987,24.5342,10.6315
192.0086,415.3721,24.6569,10.6846
192.0086,415.3721,24.6569,10.6846
195.2962,415.3721,24.6569,10.6846
192.0086,415.3721,24.6569,10.6846
195.4318,415.4522,24.2870,10.5244
195.4318,418.6905,24.2870,10.5244
195.3103,418.6378,24.5299,10.6296
2
0
0
0
0
0
2
0
0
0
0
0
2
0
0
0
0
0
2
0
0
0
0
0
2
0
0
0
0
0
2
0
0
0
0
0
2
0
0
0
0
0
2
0
0
0
0
0
2
0
0
0
0
0
2
0
0
0
0
0
2
0
0
0
0
0
2
0
0
0
0
0
2
0
0
0
0
0
2
0
0
0
0
0
2
0
0
0
0
0
2
0
0
0
0
0
2
0
0
0
0
0
2
0
0
0
0
0
2
0
0
0
0
0
2
0
0
0
0
0
2
0
0
0
0
0
2
0
0
0
0
0
2
0
0
0
0
0
2
0
0
0
0
0
2
0
0
0
0
0
2
0
0
0
0
0
2
0
0
0
0
0
2
0
0
0
0
0
2
0
0
0
0
0
2
0
0
0
0
0
2
0
0
0
0
0
2
0
0
0
0
0
2
0
0
0
0
0
2
0
0
0
0
0
2
0
0
0
0
0
2
0
0
0
0
0
2
0
0
0
0
0
2
0
0
0
0
0
2
0
0
0
0
0
2
0
0
0
0
0
2
0
0
0
0
0
2
0
0
0
0
0
2
0
0
0
0
0
2
0
0
0
0
0
2
0
0
0
0
0
2
0
0
0
0
0
2
0
0
0
0
0
2
0
0
0
0
0
2
0
0
0
0
0
2
0
0
0
0
0
2
0
0
0
0
0
2
0
0
0
0
0
2
0
0
0
0
0
2
0
0
0
0
0
2
0
0
0
0
0
2
0
0
0
0
0
2
0
0
0
0
0
2
0
0
0
0
0
2
0
0
0
0
0
2
0
0
0
0
0
2
0
0
0
0
0
2
0
0
0
0
0
2
0
0
0
0
0
2
0
0
0
0
0
2
0
0
0
0
0
2
0
0
0
0
0
2
0
0
0
0
0
2
0
0
0
0
0
2
0
0
0
0
0
2
0
0
0
0
0
2
0
0
0
0
0
2
0
0
0
0
0
2
0
0
0
0
0
2
0
0
0
0
0
2
0
0
0
0
0
2
0
0
0
0
0
2
0
0
0
0
0
2
0
0
0
0
0
2
0
0
0
0
0
2
0
0
0
0
0
2
0
0
0
0
0
2
0
0
0
0
0
2
0
0
0
0
0
2
0
0
0
0
0
2
0
0
0
0
0
2
0
0
0
0
0
2
0
0
0
0
0
2
0
0
0
0
0
2
0
0
0
0
0
2
0
0
0
0
0
2
0
0
0
0
0
2
0
0
0
0
0
2
0
0
0
0
0
2
0
0
0
0
0
2
0
0
0
0
0
2
0
0
0
0
0
2
0
0
0
0
0
2
0
0
0
0
0
2
0
0
0
0
0
2
0
0
0
0
0
2
0
0
0
0
0
2
0
0
0
0
0
2
0
0
0
0
0
2
0
0
0
0
0
2
0
0
0
0
0
2
0
0
0
0
0
2
0
0
0
0
0
2
0
0
0
0
0
2
0
0
0
0
0
2
0
0
0
0
0
2
0
0
0
0
0
2
0
0
0
0
0
2
0
0
0
0
0
2
0
0
0
0
0
2
0
0
0
0
0
2
0
0
0
0
0
2
0
0
0
0
0
2
0
0
0
0
0
2
0
0
0
0
0
2
0
0
0
0
0
2
0
0
0
0
0
2
0
0
0
0
0
2
0
0
0
0
0
2
0
0
0
0
0
2
0
0
0
0
0
2
0
0
0
0
0
2
0
0
0
0
0
2
0
0
0
0
0
2
0
0
0
0
0
2
0
0
0
0
0
2
0
0
0
0
0
2
0
0
0
0
0
2
0
0
0
0
0
2
0
0
0
0
0
2
0
0
0
0
0
2
0
0
0
0
0
2
0
0
0
0
0
2
0
0
0
0
0
2
0
0
0
0
0
2
0
0
0
0
0
2
0
0
0
0
0
2
0
0
0
0
0
2
0
0
0
0
0
2
0
0
0
0
0
2
0
0
0
0
0
2
0
0
0
0
0
2
0
0
0
0
0
2
0
0
0
0
0
2
0
0
0
0
0
2
0
0
0
0
0
2
0
0
0
0
0
2
0
0
0
0
0
2
0
0
0
0
0
2
0
0
0
0
0
2
0
0
0
0
0
2
0
0
0
0
0
2
0
0
0
0
0
2
0
0
0
0
0
2
0
0
0
0
0
2
0
0
0
0
0
2
0
0
0
0
0
2
0
0
0
0
0
2
0
0
0
0
0
2
0
0
0
0
0
2
0
0
0
0
0
2
0
0
0
0
0
2
0
0
0
0
0
2
0
0
0
0
0
2
0
0
0
0
0
2
0
0
0
0
0
2
0
0
0
0
0
2
0
0
0
0
0
2
0
0
0
0
0
2
0
0
0
0
0
2
0
0
0
0
0
2
0
0
0
0
0
2
0
0
0
0
0
2
0
0
0
0
0
2
0
0
0
0
0
2
0
0
0
0
0
2
0
0
0
0
0
2
0
0
0
0
0
2
0
0
0
0
0
2
0
0
0
0
0
2
0
0
0
0
0
2
0
0
0
0
0
2
0
0
0
0
0
2
0
0
0
0
0
2
0
0
0
0
0
2
0
0
0
0
0
2
0
0
0
0
0
2
0
0
0
0
0
2
0
0
0
0
0
2
0
0
0
0
0
2
0
0
0
0
0
2
0
0
0
0
0
2
0
0
0
0
0
2
0
0
0
0
0
2
0
0
0
0
0
2
0
0
0
0
0
2
0
0
0
0
0
2
0
0
0
0
0
2
0
0
0
0
0
2
0
0
0
0
0
2
0
0
0
0
0
2
0
0
0
0
0
2
0
0
0
0
0
2
0
0
0
0
0
2
0
0
0
0
0
2
0
0
0
0
0
2
0
0
0
0
0
2
0
0
0
0
0
2
0
0
0
0
0
2
0
0
0
0
0
2
0
0
0
0
0
2
0
0
0
0
0
2
0
0
0
0
0
2
0
0
0
0
0
2
0
0
0
0
0
2
0
0
0
0
0
2
0
0
0
0
0
2
0
0
0
0
0
2
0
0
0
0
0
2
0
0
0
0
0
2
0
0
0
0
0
2
0
0
0
0
0
2
0
0
0
0
0
2
0
0
0
0
0
2
0
0
0
0
0
2
0
0
0
0
0
2
0
0
0
0
0
2
0
0
0
0
0
2
0
0
0
0
0
2
0
0
0
0
0
2
0
0
0
0
0
2
0
0
0
0
0
2
0
0
0
0
0
2
0
0
0
0
0
2
0
0
0
0
0
2
0
0
0
0
0
2
0
0
0
0
0
2
