1
452.4825,365.8075,70.0350,161.3850
453.0078,367.0179,68.9845,158.9642
453.3527,367.8127,68.2946,157.3746
453.6942,368.5996,67.6117,155.8008
445.6240,376.1112,67.9497,156.5798
445.1144,374.9369,68.9690,158.9285
444.5971,373.7449,70.0035,161.3125
444.4221,373.3416,70.3535,162.1190
435.8079,372.5310,71.0571,163.7402
435.8079,372.5310,71.0571,163.7402
435.9855,372.9404,70.7018,162.9215
435.4553,371.7185,71.7623,165.3653
435.4553,371.7185,71.7623,165.3653
427.7742,372.9587,70.6859,162.8849
427.7742,372.9587,70.6859,162.8849
427.9509,373.3659,70.3325,162.0704
419.7727,373.3659,70.3325,162.0704
419.9485,373.7711,69.9808,161.2601
420.2984,374.5774,69.2810,159.6475
411.8156,381.9156,69.9738,161.2440
411.9905,382.3188,69.6239,160.4377
411.4683,381.1155,70.6683,162.8443
402.5978,379.8941,71.7283,165.2870
402.4185,379.4809,72.0870,166.1134
402.5987,379.8962,71.7265,165.2828
394.4794,380.3094,71.3679,164.4564
394.1226,379.4871,72.0816,166.1010
394.3028,379.9024,71.7212,165.2705
394.3028,379.9024,71.7212,165.2705
386.4051,380.7287,71.0039,163.6178
386.7601,381.5468,70.2939,161.9816
386.7601,381.5468,70.2939,161.9816
387.2873,382.7617,69.2395,159.5519
379.2362,382.7617,69.2395,159.5519
379.5824,383.5594,68.5471,157.9564
379.7538,383.9543,68.2044,157.1666
380.2653,385.1331,67.1813,154.8091
372.8676,385.9071,66.5095,153.2610
372.7013,385.5240,66.8420,154.0273
373.0355,386.2941,66.1736,152.4870
373.3664,387.0565,65.5119,150.9621
373.3664,387.0565,65.5119,150.9621
372.8750,385.9243,66.4946,153.2266
372.5426,385.1582,67.1595,154.7589
364.7333,385.1582,67.1595,154.7589
364.7333,385.1582,67.1595,154.7589
364.9012,385.5451,66.8237,153.9850
364.5671,384.7752,67.4919,155.5249
364.3984,384.3864,67.8294,156.3025
363.8896,383.2141,68.8468,158.6471
364.2339,384.0073,68.1584,157.0606
364.2339,384.0073,68.1584,157.0606
364.7451,385.1853,67.1360,154.7047
364.5772,384.7985,67.4717,155.4782
364.9146,385.5759,66.7970,153.9234
364.9146,385.5759,66.7970,153.9234
356.5300,384.4215,67.7989,156.2323
356.8690,385.2026,67.1209,154.6700
356.5334,384.4293,67.7921,156.2167
356.3639,384.0388,68.1311,156.9977
356.3639,384.0388,68.1311,156.9977
356.0233,383.2538,68.8124,158.5677
355.5072,382.0645,69.8446,160.9462
354.9833,380.8574,70.8923,163.3604
354.4517,379.6322,71.9556,165.8108
353.9120,378.3886,73.0350,168.2980
354.2772,379.2301,72.3046,166.6150
354.0964,378.8136,72.6662,167.4481
353.5514,377.5577,73.7561,169.9598
353.5514,377.5577,73.7561,169.9598
345.6569,370.3848,72.6498,167.4104
346.2018,371.6404,71.5601,164.8993
346.5596,372.4648,70.8445,163.2503
346.9138,373.2811,70.1360,161.6178
347.4398,374.4932,69.0840,159.1935
347.9580,375.6872,68.0477,156.8056
347.7878,375.2952,68.3879,157.5896
355.7399,375.2952,68.3879,157.5896
355.3980,374.5072,69.0718,159.1655
355.0526,373.7114,69.7625,160.7572
354.5294,372.5057,70.8090,163.1685
354.3524,372.0978,71.1630,163.9844
353.9966,371.2779,71.8747,165.6242
354.5356,364.2879,70.7965,163.1398
354.3586,363.8800,71.1505,163.9556
354.3586,363.8800,71.1505,163.9556
354.1808,363.4702,71.5063,164.7753
354.5383,364.2940,70.7912,163.1276
354.1844,363.4784,71.4991,164.7589
353.6481,362.2427,72.5716,167.2302
353.4667,361.8246,72.9345,168.0664
352.9197,360.5641,74.0285,170.5874
352.9197,360.5641,74.0285,170.5874
353.1047,360.9906,73.6583,169.7345
353.4730,353.3600,72.9218,168.0371
353.6553,353.7801,72.5572,167.1969
353.4739,353.3621,72.9199,168.0329
354.0208,354.6223,71.8261,165.5124
354.2004,355.0361,71.4670,164.6848
353.6644,353.8010,72.5390,167.1551
353.4831,353.3831,72.9017,167.9909
354.0298,346.2932,71.8082,165.4710
354.5684,347.5343,70.7311,162.9890
354.5684,347.5343,70.7311,162.9890
355.0989,348.7567,69.6701,160.5441
355.0989,348.7567,69.6701,160.5441
354.7505,347.9540,70.3668,162.1496
354.3987,347.1432,71.0705,163.7711
354.3987,347.1432,71.0705,163.7711
354.3987,347.1432,71.0705,163.7711
354.3987,347.1432,71.0705,163.7711
354.2210,346.7338,71.4258,164.5899
354.3996,347.1453,71.0687,163.7670
354.2219,346.7358,71.4240,164.5858
354.4005,338.8837,71.0669,163.7629
354.4005,338.8837,71.0669,163.7629
354.2228,338.4743,71.4222,164.5817
354.4013,338.8858,71.0651,163.7588
354.5790,339.2952,70.7098,162.9400
354.7558,339.7025,70.3563,162.1253
362.9367,339.7025,70.3563,162.1253
362.4091,346.7903,71.4116,164.5572
362.5876,347.2016,71.0545,163.7344
363.1205,348.4297,69.9887,161.2784
363.1205,356.5679,69.9887,161.2784
362.7706,355.7615,70.6886,162.8911
362.4171,363.2488,71.3955,164.5201
362.7741,364.0714,70.6815,162.8749
362.9508,364.4786,70.3281,162.0605
363.3025,373.3848,69.6249,160.4399
362.7803,372.1815,70.6692,162.8465
355.2162,373.4029,69.6092,160.4038
354.6941,380.4153,70.6533,162.8098
354.5175,380.0083,71.0066,163.6239
353.9849,387.1616,72.0717,166.0782
353.4444,385.9160,73.1528,168.5694
353.0786,393.6643,73.8843,170.2551
353.0786,393.6643,73.8843,170.2551
353.6328,403.4036,72.7760,167.7013
353.2689,402.5651,73.5038,169.3783
352.7176,409.9699,74.6063,171.9190
352.7176,409.9699,74.6063,171.9190
353.2772,411.2593,73.4873,169.3402
353.4609,411.6826,73.1198,168.4935
361.8229,411.2614,73.4854,169.3360
361.8229,411.2614,73.4854,169.3360
370.0857,419.0450,74.2203,171.0293
370.4568,419.9001,73.4781,169.3190
379.0008,419.9001,73.4781,169.3190
379.1845,420.3234,73.1107,168.4724
387.2649,419.0599,74.2073,170.9995
387.4504,419.4874,73.8363,170.1445
396.3194,420.3381,73.0979,168.4431
396.8676,421.6014,72.0015,165.9164
396.8676,421.6014,72.0015,165.9164
405.3780,422.0162,71.6415,165.0868
405.9153,423.2544,70.5668,162.6105
414.1208,423.2544,70.5668,162.6105
414.2972,423.6609,70.2140,161.7975
414.8238,424.8744,69.1608,159.3705
422.6004,432.1999,69.8524,160.9642
422.4257,431.7975,70.2017,161.7691
422.0747,430.9886,70.9037,163.3867
421.5429,429.7632,71.9672,165.8375
421.7229,430.1779,71.6074,165.0084
422.0809,431.0029,70.8913,163.3583
429.9160,429.7777,71.9547,165.8087
429.3764,428.5341,73.0340,168.2958
429.9241,429.7964,71.9385,165.7713
429.5645,428.9675,72.6579,167.4291
429.2012,428.1303,73.3845,169.1033
429.0177,427.7076,73.7514,169.9489
428.4646,426.4330,74.8577,172.4981
428.6517,426.8642,74.4834,171.6356
420.2204,427.2933,74.1110,170.7774
420.4056,427.7202,73.7404,169.9235
420.7744,428.5699,73.0030,168.2243
421.3219,429.8315,71.9080,165.7009
421.3219,429.8315,71.9080,165.7009
420.7826,437.0756,72.9866,168.1864
420.6001,436.6552,73.3515,169.0274
420.6001,436.6552,73.3515,169.0274
421.1502,437.9229,72.2512,166.4920
420.6083,436.6742,73.3350,168.9893
420.6083,436.6742,73.3350,168.9893
420.6083,436.6742,73.3350,168.9893
420.6083,436.6742,73.3350,168.9893
420.6083,436.6742,73.3350,168.9893
420.9750,437.5191,72.6017,167.2995
420.6120,445.2091,73.3277,168.9725
420.9786,446.0540,72.5944,167.2827
420.7971,445.6357,72.9574,168.1191
420.9796,446.0560,72.5926,167.2785
421.3425,446.8924,71.8667,165.6058
421.3425,446.8924,71.8667,165.6058
420.8035,445.6504,72.9446,168.0898
412.0968,445.2302,73.3094,168.9303
411.9135,444.8078,73.6759,169.7749
412.0977,445.2323,73.3075,168.9261
411.5479,452.6173,74.4072,171.4600
410.9899,451.3314,75.5233,174.0319
410.4234,450.0261,76.6561,176.6423
410.2318,449.5845,77.0394,177.5256
401.2737,449.5845,77.0394,177.5256
401.0811,449.1407,77.4246,178.4132
400.6940,448.2487,78.1988,180.1973
400.6940,448.2487,78.1988,180.1973
400.6940,448.2487,78.1988,180.1973
391.6011,448.2487,78.1988,180.1973
391.4056,447.7982,78.5898,181.0983
391.9951,449.1564,77.4110,178.3818
392.1886,449.6024,77.0239,177.4899
392.3811,450.0461,76.6388,176.6025
392.3811,450.0461,76.6388,176.6025
384.1781,451.3706,75.4892,173.9534
384.3668,451.8055,75.1118,173.0837
384.7424,452.6709,74.3607,171.3528
384.7424,452.6709,74.3607,171.3528
384.3706,451.8141,75.1043,173.0664
384.5583,452.2468,74.7287,172.2010
384.5583,452.2468,74.7287,172.2010
384.3715,451.8163,75.1024,173.0620
384.1838,451.3836,75.4779,173.9273
384.3725,451.8185,75.1005,173.0577
383.8092,450.5205,76.2270,175.6536
383.2375,449.2031,77.3704,178.2884
383.2375,449.2031,77.3704,178.2884
382.8506,448.3117,78.1441,180.0713
383.2414,449.2120,77.3627,178.2705
374.9609,441.6883,76.2022,175.5965
375.3419,442.5663,75.4402,173.8405
375.5305,443.0009,75.0630,172.9713
376.0934,444.2982,73.9371,170.3768
376.6480,445.5760,72.8280,167.8211
376.1018,444.3174,73.9204,170.3384
367.7342,444.7432,73.5508,169.4867
367.5503,444.3195,73.9186,170.3342
366.9959,443.0420,75.0274,172.8892
366.4332,441.7453,76.1528,175.4825
366.6236,442.1840,75.7720,174.6051
366.0553,440.8745,76.9086,177.2242
357.8234,442.2037,75.7550,174.5658
357.4446,441.3308,76.5125,176.3115
357.4446,441.3308,76.5125,176.3115
357.0620,440.4493,77.2776,178.0746
347.8381,440.0041,77.6640,178.9650
348.2264,431.9585,76.8874,177.1753
348.4187,432.4015,76.5030,176.2894
348.9924,433.7236,75.3554,173.6451
340.9268,435.0260,74.2251,171.0404
341.4835,436.3088,73.1117,168.4748
341.6663,436.7300,72.7461,167.6324
341.4844,436.3109,73.1099,168.4706
341.4844,436.3109,73.1099,168.4706
340.9361,435.0474,74.2065,170.9977
340.3795,433.7649,75.3196,173.5626
340.0029,432.8971,76.0728,175.2982
340.3833,425.0163,75.3121,173.5453
340.9481,426.3179,74.1824,170.9421
341.5045,427.6000,73.0697,168.3779
340.9565,426.3372,74.1657,170.9036
340.4002,425.0554,75.2782,173.4672
340.7766,425.9227,74.5254,171.7325
340.7766,425.9227,74.5254,171.7325
332.7998,418.6750,73.4075,169.1565
332.4328,417.8292,74.1416,170.8481
332.4328,417.8292,74.1416,170.8481
332.2474,417.4020,74.5123,171.7023
332.4337,417.8313,74.1398,170.8438
332.2483,417.4042,74.5105,171.6980
331.8758,416.5457,75.2556,173.4150
323.8208,409.2269,74.1267,170.8138
324.0061,409.6540,73.7561,169.9597
323.8217,409.2291,74.1249,170.8095
323.2658,407.9480,75.2368,173.3717
322.7015,406.6477,76.3653,175.9722
322.3197,405.7678,77.1290,177.7319
322.5125,397.2885,76.7433,176.8433
313.8253,397.7306,76.3596,175.9591
313.4436,396.8508,77.1232,177.7187
313.8292,388.8613,76.3520,175.9415
313.2565,387.5417,77.4972,178.5806
304.0064,387.0953,77.8847,179.4735
304.3958,387.9926,77.1059,177.6788
304.5886,388.4369,76.7204,176.7904
304.3968,387.9949,77.1040,177.6743
304.3968,379.0293,77.1040,177.6743
304.7823,379.9177,76.3329,175.8976
304.4007,379.0382,77.0962,177.6566
303.8224,377.7057,78.2527,180.3214
303.4312,376.8041,79.0352,182.1246
304.0240,369.1178,77.8497,179.3927
304.6078,370.4632,76.6819,176.7019
304.6078,370.4632,76.6819,176.7019
304.6078,370.4632,76.6819,176.7019
304.6078,361.5467,76.6819,176.7019
304.4161,361.1050,77.0653,177.5854
304.4161,361.1050,77.0653,177.5854
303.8381,359.7731,78.2213,180.2491
303.6426,359.3225,78.6124,181.1504
304.2322,351.6772,77.4333,178.4331
295.7055,352.5694,76.6589,176.6488
295.3222,351.6862,77.4255,178.4153
294.9351,350.7941,78.1998,180.1994
294.5441,349.8931,78.9818,182.0014
294.3466,349.4381,79.3767,182.9115
294.9420,341.7185,78.1860,180.1678
294.5510,340.8177,78.9679,181.9695
294.5510,340.8177,78.9679,181.9695
293.9588,339.4529,80.1524,184.6990
283.8978,328.6078,81.3547,187.4695
283.4910,327.6705,82.1682,189.3442
283.0802,326.7238,82.9899,191.2376
282.4577,325.2895,84.2348,194.1062
283.0895,317.0974,82.9712,191.1946
273.6974,317.5754,82.5564,190.2386
273.0782,316.1487,83.7947,193.0922
273.4972,317.1141,82.9568,191.1613
272.8750,315.6804,84.2011,194.0287
273.5065,307.4916,82.9381,191.1183
273.2991,307.0139,83.3528,192.0739
263.8638,307.4940,82.9360,191.1135
264.0711,307.9718,82.5214,190.1579
263.6585,307.0210,83.3466,192.0595
263.8669,307.5012,82.9298,191.0992
264.4889,299.4361,81.6859,188.2327
265.1015,300.8478,80.4606,185.4092
264.4980,299.4572,81.6675,188.1904
264.0897,298.5163,82.4842,190.0723
264.2959,289.4482,82.0718,189.1219
263.6804,288.0298,83.3028,191.9587
263.0556,286.5901,84.5524,194.8381
263.6898,288.0514,83.2841,191.9155
263.8980,288.5312,82.8677,190.9560
263.8980,288.5312,82.8677,190.9560
264.5195,280.4721,81.6247,188.0916
264.1114,279.5317,82.4409,189.9725
264.1114,279.5317,82.4409,189.9725
264.7297,280.9565,81.2043,187.1230
264.9327,281.4243,80.7983,186.1873
264.3267,280.0279,82.0103,188.9801
263.9166,279.0830,82.8304,190.8699
263.2954,277.6514,84.0728,193.7330
253.0014,276.6828,84.9135,195.6703
252.3645,275.2152,86.1872,198.6054
252.1491,264.6469,86.6182,199.5984
251.4994,263.1499,87.9174,202.5924
250.8400,261.6304,89.2362,205.6313
250.8400,261.6304,89.2362,205.6313
239.6388,260.0882,90.5748,208.7157
240.3181,261.6536,89.2161,205.5850
240.3181,251.2796,89.2161,205.5850
240.0951,250.7656,89.6622,206.6129
230.2218,251.7987,88.7656,204.5468
229.7780,250.7760,89.6533,206.5923
229.3297,249.7430,90.5498,208.6582
228.8770,248.6997,91.4553,210.7448
228.1911,247.1191,92.8271,213.9059
228.8873,248.7234,91.4347,210.6974
228.8873,248.7234,91.4347,210.6974
228.8873,248.7234,91.4347,210.6974
217.4101,236.3518,92.8062,213.8578
217.6421,236.8864,92.3422,212.7885
218.3347,238.4823,90.9571,209.5967
217.6525,236.9103,92.3214,212.7406
217.6525,236.9103,92.3214,212.7406
218.1141,227.3463,91.3982,210.6132
218.1141,227.3463,91.3982,210.6132
218.3426,227.8729,90.9412,209.5602
218.5699,228.3968,90.4865,208.5124
218.5699,228.3968,90.4865,208.5124
218.7962,228.9181,90.0341,207.4698
218.5711,228.3994,90.4842,208.5072
217.8924,226.8356,91.8415,211.6348
217.8924,226.8356,91.8415,211.6348
218.3517,227.8938,90.9231,209.5184
217.6697,226.3224,92.2869,212.6612
216.9776,224.7274,93.6712,215.8511
206.6628,225.8067,92.7345,213.6926
206.4310,225.2724,93.1982,214.7611
205.7320,223.6617,94.5962,217.9825
205.9685,224.2067,94.1232,216.8926
205.9685,224.2067,94.1232,216.8926
205.9685,224.2067,94.1232,216.8926
194.1539,222.5800,95.5350,220.1460
193.4373,220.9289,96.9681,223.4482
192.9525,219.8117,97.9377,225.6826
193.4422,220.9401,96.9584,223.4258
192.7150,219.2644,98.4127,226.7772
181.5749,219.8313,97.9207,225.6433
181.3301,219.2672,98.4103,226.7715
181.8222,220.4011,97.4262,224.5038
182.0657,220.9623,96.9390,223.3813
181.5810,219.8454,97.9084,225.6151
181.0915,218.7173,98.8875,227.8712
181.3387,219.2870,98.3931,226.7319
181.3387,219.2870,98.3931,226.7319
181.3387,219.2870,98.3931,226.7319
181.0927,218.7202,98.8851,227.8656
180.3511,217.0112,100.3683,231.2835
180.1002,216.4330,100.8702,232.4400
180.6045,217.5952,99.8615,230.1156
180.3549,217.0199,100.3608,231.2661
181.1076,207.2596,98.8554,227.7971
181.8490,208.9681,97.3725,224.3802
182.3359,210.0900,96.3988,222.1364
182.5769,210.6453,95.9168,221.0257
182.3371,210.0927,96.3964,222.1308
182.3371,210.0927,96.3964,222.1308
182.5780,210.6481,95.9144,221.0202
181.8587,208.9904,97.3531,224.3355
182.3455,210.1121,96.3796,222.0921
181.8636,209.0016,97.3434,224.3130
181.8636,209.0016,97.3434,224.3130
181.8636,209.0016,97.3434,224.3130
181.8636,209.0016,97.3434,224.3130
182.1069,209.5624,96.8567,223.1915
181.3805,207.8885,98.3095,226.5394
181.1347,207.3221,98.8011,227.6720
180.3937,205.6146,100.2831,231.0871
179.8923,204.4592,101.2859,233.3980
179.1327,202.7087,102.8052,236.8990
178.3616,200.9319,104.3473,240.4525
178.3616,200.9319,104.3473,240.4525
178.1007,200.3308,104.8690,241.6547
177.5764,199.1225,105.9177,244.0713
177.3116,198.5123,106.4473,245.2916
177.3116,198.5123,106.4473,245.2916
177.3116,198.5123,106.4473,245.2916
176.5132,196.6727,108.0440,248.9710
176.7834,197.2951,107.5038,247.7261
177.3209,198.5337,106.4288,245.2489
177.3209,198.5337,106.4288,245.2489
176.7887,197.3075,107.4930,247.7014
176.5200,196.6882,108.0305,248.9399
175.9799,195.4435,109.1108,251.4293
176.2526,196.0721,108.5653,250.1721
175.9812,195.4467,109.1081,251.4230
176.5267,184.1437,108.0170,248.9088
177.3369,186.0105,106.3968,245.1751
189.7086,186.0105,106.3968,245.1751
189.9746,186.6234,105.8648,243.9492
189.4453,185.4037,106.9234,246.3887
189.9799,186.6356,105.8542,243.9249
189.7152,186.0258,106.3835,245.1445
189.4493,185.4129,106.9154,246.3702
189.1820,184.7970,107.4500,247.6021
189.1820,184.7970,107.4500,247.6021
189.1820,184.7970,107.4500,247.6021
188.6447,183.5590,108.5244,250.0781
188.3734,182.9338,109.0671,251.3285
187.5554,181.0488,110.7031,255.0984
186.7252,179.1356,112.3636,258.9249
185.8824,177.1937,114.0491,262.8087
185.0271,175.2226,115.7598,266.7509
185.3165,175.8895,115.1810,265.4171
171.2135,174.5624,116.3328,268.0713
170.9227,173.8922,116.9145,269.4117
170.0458,171.8716,118.6682,273.4528
170.9358,160.3309,116.8882,269.3510
170.9358,160.3309,116.8882,269.3510
171.8125,162.3510,115.1349,265.3108
170.9490,160.3612,116.8619,269.2904
170.6568,159.6880,117.4462,270.6369
157.3622,160.3645,116.8590,269.2837
156.4857,158.3449,118.6118,273.3229
155.5961,156.2950,120.3910,277.4228
155.5961,156.2950,120.3910,277.4228
155.5961,156.2950,120.3910,277.4228
156.1981,157.6821,119.1871,274.6486
156.4961,158.3687,118.5912,273.2753
155.6066,156.3192,120.3700,277.3745
155.6066,156.3192,120.3700,277.3745
155.9075,157.0126,119.7682,275.9876
156.2070,143.8457,119.1693,274.6076
155.9091,143.1591,119.7652,275.9807
156.5079,144.5391,118.5676,273.2209
156.2115,143.8560,119.1604,274.5870
156.2115,143.8560,119.1604,274.5870
155.3177,141.7966,120.9478,278.7058
155.9225,129.2671,119.7383,275.9187
155.6232,128.5773,120.3370,277.2983
155.3223,127.8840,120.9387,278.6848
155.6246,128.5807,120.3340,277.2914
155.6246,128.5807,120.3340,277.2914
155.3238,127.8875,120.9357,278.6778
155.3238,127.8875,120.9357,278.6778
155.0215,127.1908,121.5403,280.0712
154.4138,125.7905,122.7557,282.8719
153.4931,123.6689,124.5971,287.1150
153.8046,124.3867,123.9741,285.6794
153.8046,124.3867,123.9741,285.6794
138.6250,122.9583,125.2138,288.5363
138.9380,123.6797,124.5878,287.0936
138.9380,123.6797,124.5878,287.0936
139.5610,125.1151,123.3419,284.2226
138.6359,122.9835,125.1920,288.4860
138.3229,122.2622,125.8180,289.9284
152.4701,120.8126,127.0762,292.8277
151.5170,118.6164,128.9823,297.2201
166.7625,119.3594,128.3374,295.7340
167.4041,120.8381,127.0540,292.7766
167.4041,120.8381,127.0540,292.7766
182.6654,122.3020,125.7835,289.8489
197.5327,123.0266,125.1546,288.3996
197.2198,122.3056,125.7803,289.8416
211.6041,121.5810,126.4092,291.2908
226.7879,123.0375,125.1451,288.3779
241.0996,107.6920,125.7709,289.8198
256.2067,109.1411,124.5132,286.9216
270.9239,109.8584,123.8906,285.4870
284.8544,108.4310,125.1295,288.3419
313.7869,107.7101,125.7551,289.7836
328.8922,109.1590,124.4976,286.8858
343.8464,110.5935,123.2526,284.0169
358.8875,112.7236,121.4038,279.7567
373.7030,114.8218,119.5828,275.5603
374.0020,115.5107,118.9849,274.1825
388.5222,117.5670,117.2001,270.0698
402.8247,119.5926,115.4421,266.0187
416.9127,121.5877,113.7105,262.0284
416.6284,134.2209,114.2790,263.3386
429.4782,132.9042,115.4218,265.9720
442.8993,132.9042,115.4218,265.9720
456.5419,133.5691,114.8447,264.6421
456.8290,147.5180,114.2705,263.3189
469.6778,146.2014,115.4132,265.9521
469.9663,146.8663,114.8361,264.6223
470.8276,148.8509,113.1136,260.6530
484.6314,150.8058,111.4169,256.7432
484.0743,162.6071,112.5310,259.3106
483.7930,161.9588,113.0937,260.6072
482.9448,173.3520,114.7901,264.5163
483.8057,175.3358,113.0682,260.5486
484.0884,189.0690,112.5029,259.2458
483.2446,187.1246,114.1904,263.1345
482.3882,198.6282,115.9033,267.0815
482.0984,211.5050,116.4828,268.4169
482.9720,213.5182,114.7356,264.3907
482.9720,226.8595,114.7356,264.3907
483.8326,241.9837,113.0145,260.4248
484.1151,255.7103,112.4495,259.1227
484.1151,268.7858,112.4495,259.1227
484.6773,270.0814,111.3250,256.5314
498.0493,284.1794,110.2117,253.9661
497.7737,296.4238,110.7628,255.2360
497.7737,309.3032,110.7628,255.2360
498.6045,311.2175,109.1013,251.4074
498.0590,322.7735,110.1923,253.9215
497.2325,320.8691,111.8452,257.7303
497.2325,333.8744,111.8452,257.7303
497.2325,333.8744,111.8452,257.7303
498.0714,335.8073,110.1676,253.8644
497.2451,333.9034,111.8201,257.6723
496.6860,332.6150,112.9383,260.2491
496.1213,331.3138,114.0676,262.8515
495.5510,343.3958,115.2083,265.4801
495.2630,342.7321,115.7844,266.8075
494.3946,340.7310,117.5211,270.8096
494.1008,340.0540,118.1087,272.1636
494.3961,340.7344,117.5182,270.8028
495.2774,342.7655,115.7554,266.7408
494.4093,340.7649,117.4918,270.7419
494.9967,342.1186,116.3168,268.0345
494.9967,342.1186,116.3168,268.0345
494.1244,340.1084,118.0616,272.0550
493.2389,338.0679,119.8325,276.1358
492.3401,335.9969,121.6300,280.2778
491.7320,334.5956,122.8463,283.0806
476.3119,332.4724,124.6890,287.3268
476.3119,317.9737,124.6890,287.3268
477.2471,320.1287,122.8187,283.0169
477.5541,320.8362,122.2046,281.6018
477.5541,320.8362,122.2046,281.6018
476.6376,318.7242,124.0376,285.8259
476.9477,319.4388,123.4174,284.3967
462.5968,319.4388,123.4174,284.3967
462.5968,319.4388,123.4174,284.3967
463.5225,321.5717,121.5662,280.1308
463.8264,322.2721,120.9584,278.7301
462.9192,320.1816,122.7727,282.9111
463.8400,322.3034,120.9311,278.6674
463.8400,322.3034,120.9311,278.6674
464.1423,323.0001,120.3265,277.2741
464.1423,323.0001,120.3265,277.2741
463.2399,335.1219,122.1314,281.4332
462.6292,333.7147,123.3527,284.2475
461.7041,331.5828,125.2030,288.5112
446.7598,330.8615,125.8290,289.9538
446.1306,329.4118,127.0873,292.8533
446.1306,329.4118,127.0873,292.8533
447.0838,331.6082,125.1810,288.4605
446.1449,329.4447,127.0587,292.7874
446.1449,329.4447,127.0587,292.7874
445.8273,328.7128,127.6940,294.2514
446.1465,329.4484,127.0555,292.7801
446.1465,329.4484,127.0555,292.7801
445.1936,342.2480,128.9613,297.1718
429.8007,341.5051,129.6062,298.6577
429.1527,340.0118,130.9022,301.6443
428.1709,337.7495,132.8658,306.1689
427.8387,336.9841,133.5301,307.6998
426.8373,334.6763,135.5330,312.3152
427.5150,336.2379,134.1777,309.1921
427.8504,337.0109,133.5068,307.6461
427.5166,336.2418,134.1743,309.1844
426.5103,333.9229,136.1870,313.8221
411.5139,335.4920,134.8251,310.6839
410.8398,333.9386,136.1733,313.7907
410.1589,332.3696,137.5351,316.9286
409.1274,329.9926,139.5981,321.6826
408.4294,328.3842,140.9941,324.8994
409.1344,330.0087,139.5842,321.6504
410.1813,332.4211,137.4904,316.8257
410.5250,333.2132,136.8029,315.2415
410.8670,334.0013,136.1189,313.6653
411.2073,334.7855,135.4383,312.0970
410.1915,332.4447,137.4699,316.7785
410.5352,333.2367,136.7825,315.1946
411.5610,335.6006,134.7308,310.4666
412.5715,337.9291,132.7099,305.8097
411.5762,335.6356,134.7005,310.3968
411.5762,335.6356,134.7005,310.3968
412.2497,337.1875,133.3535,307.2928
397.5653,338.7240,132.0200,304.2199
396.5752,352.0238,134.0003,308.7832
396.2402,351.2518,134.6703,310.3271
395.2301,348.9244,136.6903,314.9820
394.8884,348.1369,137.3738,316.5569
393.8581,345.7627,139.4344,321.3053
393.5095,344.9595,140.1315,322.9118
393.5095,344.9595,140.1315,322.9118
393.8599,345.7668,139.4309,321.2972
393.5113,344.9635,140.1280,322.9037
377.2173,344.9635,140.1280,322.9037
377.2173,344.9635,140.1280,322.9037
376.5167,343.3490,141.5293,326.1328
375.8090,341.7183,142.9446,329.3941
374.7369,339.2479,145.0888,334.3350
374.7369,322.3771,145.0888,334.3350
374.0115,320.7054,146.5397,337.6784
373.2788,319.0170,148.0051,341.0551
355.6129,318.1644,148.7451,342.7604
354.4973,315.5937,150.9763,347.9018
354.4973,315.5937,150.9763,347.9018
355.2521,317.3332,149.4665,344.4228
354.1311,314.7500,151.7085,349.5891
353.7519,313.8760,152.4670,351.3371
337.4326,316.5111,150.1800,346.0670
336.6817,314.7807,151.6818,349.5277
337.0609,315.6545,150.9234,347.7801
338.1928,300.9769,148.6596,342.5634
338.9361,302.6897,147.1730,339.1377
338.5682,301.8419,147.9088,340.8334
338.9380,302.6940,147.1693,339.1293
338.5700,301.8461,147.9052,340.8249
338.2003,300.9941,148.6447,342.5290
337.0854,298.4251,150.8743,347.6670
336.3311,296.6868,152.3831,351.1436
336.3311,296.6868,152.3831,351.1436
318.1425,295.8089,153.1450,352.8994
317.7597,294.9267,153.9107,354.6638
318.1445,295.8133,153.1412,352.8905
317.3788,294.0489,154.6726,356.4194
316.9921,293.1578,155.4460,358.2015
316.6035,292.2623,156.2232,359.9926
315.8223,290.4624,157.7854,363.5925
315.8223,290.4624,157.7854,363.5925
298.4476,292.2803,156.2076,359.9565
297.2760,289.5807,158.5507,365.3559
296.4833,287.7539,160.1362,369.0095
296.8836,288.6764,159.3355,367.1644
296.4853,287.7585,160.1322,369.0002
295.2843,284.9910,162.5341,374.5352
295.2843,284.9910,162.5341,374.5352
296.5033,269.1842,160.0961,368.9172
278.8741,271.0287,158.4952,365.2280
278.0816,269.2026,160.0801,368.8803
276.8810,266.4360,162.4813,374.4135
276.4748,265.5000,163.2937,376.2856
275.6584,263.6185,164.9267,380.0484
275.2460,262.6684,165.7513,381.9487
254.9511,260.7587,167.4088,385.7682
255.3697,261.7231,166.5718,383.8393
254.1204,258.8443,169.0704,389.5969
253.2750,256.8963,170.7611,393.4929
253.2750,256.8963,170.7611,393.4929
233.9453,257.8801,169.9073,391.5254
233.0957,255.9224,171.6063,395.4407
232.6667,254.9338,172.4644,397.4179
232.2356,253.9403,173.3267,399.4050
231.8022,252.9418,174.1933,401.4020
230.4958,249.9312,176.8062,407.4230
231.3798,251.9684,175.0382,403.3488
230.0670,248.9433,177.6637,409.3990
229.1787,246.8963,179.4404,413.4930
209.9723,229.4453,176.7488,407.2906
211.2980,232.5000,174.0975,401.1813
211.7332,233.5029,173.2270,399.1754
210.4340,230.5091,175.8254,405.1630
209.9944,229.4962,176.7046,407.1888
187.8139,226.4423,179.3551,413.2966
187.3655,225.4090,180.2519,415.3631
188.7174,228.5242,177.5481,409.1327
188.2735,227.5014,178.4359,411.1783
166.4255,225.4455,180.2202,415.2901
165.0739,222.3308,182.9235,421.5195
165.0739,222.3308,182.9235,421.5195
165.0739,222.3308,182.9235,421.5195
143.8037,222.3308,182.9235,421.5195
143.8037,222.3308,182.9235,421.5195
143.8037,222.3308,182.9235,421.5195
142.8891,220.2233,184.7528,425.7346
141.9653,218.0946,186.6003,429.9920
118.5426,214.8696,189.3993,436.4419
117.5956,212.6874,191.2933,440.8063
116.1609,209.3814,194.1627,447.4184
116.1609,209.3814,194.1627,447.4184
95.3787,212.7370,191.2503,440.7071
95.3787,212.7370,191.2503,440.7071
95.3787,212.7370,191.2503,440.7071
71.3724,209.4317,194.1190,447.3177
72.8283,212.7866,191.2072,440.6080
72.8283,212.7866,191.2072,440.6080
72.8283,212.7866,191.2072,440.6080
73.7843,214.9896,189.2952,436.2019
75.2040,218.2612,186.4557,429.6588
75.2040,218.2612,186.4557,429.6588
74.7379,217.1870,187.3880,431.8072
75.2064,218.2665,186.4511,429.6481
75.2064,218.2665,186.4511,429.6481
97.6022,220.4148,184.5866,425.3516
96.2178,217.2246,187.3554,431.7319
118.7222,219.3833,185.4818,427.4146
117.3311,216.1777,188.2640,433.8258
138.8611,215.0931,189.2054,435.9949
137.4420,211.8232,192.0434,442.5349
137.4420,211.8232,192.0434,442.5349
158.6673,208.5041,194.9241,449.1729
160.1292,211.8729,192.0002,442.4353
182.4548,211.8729,192.0002,442.4353
204.0437,209.6608,193.9202,446.8596
204.0437,209.6608,193.9202,446.8596
226.5925,209.6608,193.9202,446.8596
250.2576,213.0122,191.0114,440.1567
272.8347,214.1126,190.0564,437.9560
274.2601,217.3973,187.2055,431.3866
295.3098,215.2403,189.0776,435.7005
316.9328,214.1511,190.0230,437.8790
315.9827,211.9617,191.9232,442.2578
339.0358,214.1730,190.0040,437.8352
338.0858,211.9838,191.9040,442.2136
360.4002,211.9838,191.9040,442.2136
361.3597,214.1949,189.9850,437.7914
383.4510,214.1949,189.9850,437.7914
382.5011,212.0059,191.8848,442.1693
404.4451,210.9005,192.8442,444.3802
404.9272,212.0114,191.8800,442.1583
404.4475,210.9060,192.8394,444.3691
427.2407,212.0170,191.8752,442.1472
427.2407,212.0170,191.8752,442.1472
450.2880,214.2277,189.9565,437.7258
448.8634,210.9448,192.8058,444.2917
471.2827,210.9448,192.8058,444.2917
471.7646,212.0555,191.8418,442.0702
494.0718,212.0555,191.8418,442.0702
495.0310,192.1817,189.9234,437.6495
518.2083,195.4641,187.0745,431.0847
519.6114,198.6972,184.2684,424.6185
540.6844,197.6357,185.1897,426.7416
562.2181,197.6357,185.1897,426.7416
560.8292,194.4351,187.9676,433.1427
560.8292,194.4351,187.9676,433.1427
559.8893,192.2694,189.8473,437.4741
558.4655,188.9884,192.6950,444.0362
558.4655,188.9884,192.6950,444.0362
557.5020,186.7682,194.6219,448.4766
557.5020,186.7682,194.6219,448.4766
558.4751,189.0106,192.6757,443.9918
558.4751,189.0106,192.6757,443.9918
558.4751,189.0106,192.6757,443.9918
558.4751,189.0106,192.6757,443.9918
581.6186,191.2305,190.7489,439.5519
582.0955,192.3294,189.7952,437.3542
583.0444,194.5162,187.8972,432.9806
583.9839,175.0510,186.0183,428.6508
583.0538,172.9078,187.8784,432.9373
584.4630,176.1548,185.0603,426.4432
583.0750,172.9565,187.8362,432.8399
584.4838,176.2028,185.0186,426.3473
584.4838,176.2028,185.0186,426.3473
583.0961,173.0052,187.7939,432.7425
583.0961,173.0052,187.7939,432.7425
582.1572,170.8415,189.6719,437.0699
581.2088,168.6561,191.5686,441.4406
580.7299,167.5525,192.5264,443.6478
581.2112,168.6616,191.5638,441.4296
580.7322,167.5581,192.5216,443.6367
582.1762,170.8853,189.6338,436.9822
581.2280,168.7004,191.5301,441.3520
580.7492,167.5970,192.4878,443.5588
580.7492,167.5970,192.4878,443.5588
581.2304,168.7059,191.5253,441.3410
579.7939,165.3959,194.3982,447.9611
579.7939,165.3959,194.3982,447.9611
602.0255,164.2760,195.3702,450.2009
603.0023,166.5270,193.4165,445.6989
604.4529,169.8697,190.5153,439.0134
603.9766,168.7722,191.4678,441.2085
604.4553,169.8752,190.5105,439.0024
605.4078,172.0702,188.6054,434.6124
604.4648,169.8972,190.4914,438.9585
604.4648,169.8972,190.4914,438.9585
603.5123,167.7024,192.3963,443.3481
603.5123,167.7024,192.3963,443.3481
603.5123,167.7024,192.3963,443.3481
604.4744,169.9191,190.4724,438.9146
605.4267,172.1137,188.5677,434.5255
606.3696,174.2863,186.6820,430.1802
605.4362,172.1354,188.5488,434.4820
605.4362,172.1354,188.5488,434.4820
605.4362,172.1354,188.5488,434.4820
605.4362,172.1354,188.5488,434.4820
605.4362,172.1354,188.5488,434.4820
605.4362,172.1354,188.5488,434.4820
606.8502,175.3940,185.7206,427.9648
605.4573,172.1843,188.5064,434.3843
605.9286,173.2703,187.5639,432.2123
606.3975,174.3508,186.6260,430.0513
605.4644,172.2005,188.4923,434.3518
605.4644,194.1182,188.4923,434.3518
604.5219,191.9465,190.3772,438.6953
581.7984,190.8497,191.3291,440.8888
582.2767,191.9520,190.3725,438.6844
581.8008,190.8553,191.3243,440.8778
583.2357,194.1618,188.4545,434.2646
584.6492,197.4188,185.6276,427.7506
585.1132,198.4882,184.6995,425.6119
564.7748,200.6163,182.8525,421.3558
565.6891,202.7230,181.0240,417.1422
564.3314,220.9595,183.7393,423.3994
562.9533,217.7840,186.4954,429.7503
561.5546,214.5609,189.2929,436.1966
562.5011,216.7419,187.3999,431.8346
562.5011,216.7419,187.3999,431.8346
540.7104,216.7419,187.3999,431.8346
539.3049,213.5031,190.2109,438.3121
540.7314,216.7905,187.3578,431.7375
539.7947,214.6318,189.2313,436.0548
538.3754,211.3614,192.0698,442.5957
514.2662,208.0419,194.9509,449.2346
515.7283,211.4111,192.0266,442.4961
516.6885,213.6236,190.1063,438.0711
516.6885,213.6236,190.1063,438.0711
515.7380,211.4333,192.0074,442.4518
515.2579,210.3271,192.9674,444.6641
514.7755,209.2155,193.9323,446.8874
515.7452,211.4499,191.9930,442.4185
516.7051,213.6620,190.0730,437.9944
517.1803,214.7570,189.1227,435.8044
518.5988,218.0255,186.2858,429.2673
519.9959,221.2450,183.4915,422.8283
519.0784,219.1309,185.3264,427.0566
517.6885,215.9280,188.1063,433.4624
495.2360,214.8443,189.0469,435.6297
495.2360,214.8443,189.0469,435.6297
494.7634,213.7552,189.9921,437.8079
494.7634,213.7552,189.9921,437.8079
495.2384,214.8498,189.0421,435.6189
493.8206,211.5826,191.8778,442.1531
493.8206,211.5826,191.8778,442.1531
495.2596,214.8988,188.9996,435.5208
495.2596,214.8988,188.9996,435.5208
473.8653,215.9876,188.0546,433.3432
472.9250,213.8208,189.9352,437.6767
473.3999,214.9150,188.9855,435.4883
473.8724,216.0038,188.0406,433.3109
474.8126,218.1703,186.1601,428.9777
497.1734,220.3152,184.2986,424.6880
496.2520,218.1918,186.1415,428.9348
495.3212,216.0471,188.0029,433.2242
494.3812,213.8810,189.8830,437.5564
494.3812,213.8810,189.8830,437.5564
494.3812,213.8810,189.8830,437.5564
493.9065,212.7871,190.8324,439.7442
492.9524,210.5884,192.7407,444.1417
492.9524,210.5884,192.7407,444.1417
492.9524,210.5884,192.7407,444.1417
493.9160,212.8091,190.8133,439.7002
493.9160,234.9967,190.8133,439.7002
492.9620,232.7982,192.7214,444.0972
491.5166,229.4674,195.6123,450.7587
490.5385,227.2136,197.5684,455.2663
492.0203,230.6281,194.6049,448.4373
492.0203,230.6281,194.6049,448.4373
492.0203,230.6281,194.6049,448.4373
492.0203,230.6281,194.6049,448.4373
490.5607,227.2649,197.5239,455.1638
490.5607,227.2649,197.5239,455.1638
489.5731,224.9890,199.4992,459.7155
490.5706,227.2876,197.5042,455.1183
489.5831,225.0120,199.4792,459.6695
465.7732,223.8629,200.4766,461.9679
466.7755,226.1727,198.4718,457.3482
467.7679,228.4594,196.4871,452.7747
469.2415,231.8552,193.5398,445.9831
470.6931,235.2001,190.6367,439.2933
471.6463,237.3966,188.7304,434.9004
473.0618,240.6583,185.8994,428.3769
471.6675,237.4455,188.6879,434.8026
470.7241,257.4314,190.5748,439.1506
469.2948,254.1377,193.4334,445.7378
468.3276,251.9090,195.3677,450.1952
466.8623,248.5326,198.2982,456.9482
465.8708,246.2478,200.2812,461.5176
465.8708,246.2478,200.2812,461.5176
465.8708,246.2478,200.2812,461.5176
465.8708,246.2478,200.2812,461.5176
465.8708,246.2478,200.2812,461.5176
465.8708,246.2478,200.2812,461.5176
466.8723,248.5554,198.2784,456.9024
465.8809,246.2709,200.2612,461.4715
464.3789,242.8099,203.2651,468.3936
465.9034,246.3228,200.2161,461.3676
466.9045,248.6297,198.2140,456.7540
465.9134,269.6245,200.1961,461.3215
464.4119,266.1646,203.1991,468.2413
464.4119,266.1646,203.1991,468.2413
464.4119,266.1646,203.1991,468.2413
462.8879,262.6528,206.2471,475.2650
461.8567,260.2765,208.3095,480.0176
461.8567,260.2765,208.3095,480.0176
461.3359,259.0764,209.3511,482.4177
459.7658,255.4583,212.4913,489.6539
458.7033,253.0100,214.6162,494.5505
458.1668,251.7736,215.6893,497.0232
458.1668,251.7736,215.6893,497.0232
457.6276,250.5311,216.7678,499.5084
457.0857,249.2823,217.8516,502.0059
458.1749,251.7923,215.6731,496.9858
456.5574,248.0649,218.9082,504.4406
431.1029,248.0649,218.9082,504.4406
432.7448,251.8483,215.6246,496.8740
433.8229,254.3326,213.4683,491.9053
434.3565,255.5624,212.4010,489.4457
435.4185,258.0096,210.2770,484.5513
434.3672,255.5869,212.3797,489.3968
434.3672,255.5869,212.3797,489.3968
435.4290,258.0338,210.2560,484.5028
435.4290,258.0338,210.2560,484.5028
435.4290,258.0338,210.2560,484.5028
434.9034,256.8226,211.3072,486.9254
434.3752,255.6053,212.3638,489.3600
433.8442,254.3819,213.4256,491.8068
433.3107,253.1524,214.4927,494.2658
434.3831,255.6237,212.3478,489.3232
435.4449,258.0703,210.2243,484.4299
434.9193,256.8592,211.2754,486.8521
434.3911,255.6421,212.3318,489.2863
432.7986,277.0325,215.5168,496.6256
405.7463,273.3078,218.7495,504.0750
405.1994,272.0477,219.8433,506.5954
405.7490,273.3141,218.7441,504.0624
405.2021,272.0540,219.8378,506.5827
406.8509,275.8534,216.5402,498.9840
380.3373,273.3584,218.7056,503.9738
380.8841,274.6184,217.6121,501.4539
380.8841,274.6184,217.6121,501.4539
381.9722,277.1256,215.4360,496.4394
381.9722,277.1256,215.4360,496.4394
382.5107,278.3667,214.3588,493.9572
357.5853,278.3667,214.3588,493.9572
357.5853,278.3667,214.3588,493.9572
357.0494,277.1318,215.4306,496.4270
333.3270,279.6140,213.2763,491.4627
332.7938,278.3853,214.3427,493.9200
331.1862,274.6809,217.5578,501.3289
330.6423,298.8515,218.6456,503.8355
303.8710,296.3323,220.8320,508.8738
302.2147,292.5158,224.1445,516.5070
300.5337,288.6420,227.5067,524.2546
274.0794,288.6420,227.5067,524.2546
275.7857,292.5739,224.0941,516.3907
276.9062,295.1559,221.8531,511.2268
278.5701,298.9901,218.5254,503.5584
276.9311,295.2133,221.8032,511.1118
253.1904,299.0467,218.4762,503.4451
253.1904,299.0467,218.4762,503.4451
254.2828,301.5639,216.2914,498.4107
252.6606,297.8258,219.5358,505.8868
253.2095,299.0905,218.4381,503.3574
252.1173,296.5738,220.6225,508.3910
253.2204,299.1157,218.4163,503.3071
254.3125,301.6323,216.2321,498.2740
227.8366,299.1409,218.3944,503.2567
226.1987,321.1421,221.6703,510.8056
226.1987,321.1421,221.6703,510.8056
224.5361,317.3110,224.9954,518.4677
224.5361,317.3110,224.9954,518.4677
196.2940,313.4225,228.3703,526.2447
195.7230,312.1069,229.5122,528.8759
196.8706,314.7513,227.2171,523.5872
198.5747,318.6782,223.8088,515.7333
196.8962,314.8102,227.1659,523.4694
168.3816,337.6950,230.5734,531.3214
166.6523,333.7101,234.0320,539.2912
166.0672,332.3619,235.2022,541.9877
167.2432,335.0718,232.8502,536.5678
166.0789,332.3890,235.1787,541.9335
166.0789,332.3890,235.1787,541.9335
140.9066,336.4535,231.6510,533.8044
139.1692,332.4500,235.1258,541.8115
138.5814,331.0955,236.3014,544.5206
139.1722,332.4568,235.1199,541.7980
110.3837,329.7478,237.4711,547.2159
109.7900,328.3797,238.6584,549.9520
110.9833,331.1295,236.2719,544.4525
110.9833,331.1295,236.2719,544.4525
112.7553,335.2129,232.7278,536.2857
86.4111,336.5536,231.5641,533.6043
84.6743,332.5515,235.0376,541.6083
86.4371,336.6136,231.5120,533.4843
87.0159,337.9473,230.3545,530.8168
87.0159,337.9473,230.3545,530.8168
88.7436,341.9285,226.8992,522.8546
89.3108,343.2356,225.7646,520.2403
88.7464,341.9350,226.8935,522.8415
87.6119,339.3208,229.1624,528.0699
87.6119,339.3208,229.1624,528.0699
87.6119,339.3208,229.1624,528.0699
88.7577,341.9611,226.8708,522.7892
88.1906,340.6542,228.0051,525.4031
87.6205,339.3407,229.1452,528.0302
87.6205,339.3407,229.1452,528.0302
60.2697,338.0206,230.2909,530.6703
60.2697,338.0206,230.2909,530.6703
60.2697,338.0206,230.2909,530.6703
59.6939,336.6939,231.4424,533.3237
58.5367,334.0273,233.7568,538.6569
57.9523,332.6806,234.9256,541.3502
59.7143,336.7408,231.4017,533.2299
59.1358,335.4077,232.5587,535.8961
57.3916,331.3885,236.0471,543.9345
56.8015,330.0286,237.2273,546.6542
58.5807,334.1285,233.6689,538.4544
58.5807,334.1285,233.6689,538.4544
57.9965,332.7824,234.8372,541.1467
29.2426,330.0767,237.1856,546.5581
29.8356,331.4431,235.9997,543.8253
31.0156,334.1622,233.6397,538.3871
29.2633,330.1243,237.1443,546.4629
28.6704,328.7581,238.3300,549.1952
29.2662,330.1311,237.1384,546.4492
0.9613,328.7650,238.3240,549.1815
-0.8262,324.6461,241.8989,557.4192
-0.2214,326.0397,240.6894,554.6321
0.9820,328.8128,238.2825,549.0858
1.5778,330.1855,237.0911,546.3403
2.7632,332.9173,234.7202,540.8770
1.0028,328.8607,238.2410,548.9901
2.7896,332.9781,234.6674,540.7552
1.6163,330.2743,237.0141,546.1628
-0.1613,326.1781,240.5693,554.3552
1.0415,328.9499,238.1636,548.8117
1.6369,330.3219,236.9727,546.0676
1.0445,328.9568,238.1576,548.7980
0.4491,327.5847,239.3484,551.5420
-0.7476,324.8271,241.7419,557.0574
-1.3520,323.4344,242.9506,559.8427
-1.3520,323.4344,242.9506,559.8427
-0.7446,324.8340,241.7358,557.0435
-0.1403,326.2266,240.5272,554.2582
1.6637,330.3835,236.9193,545.9444
0.4791,327.6538,239.2885,551.4038
29.6806,331.7894,235.6991,543.1328
27.9129,327.7159,239.2346,551.2797
29.7071,331.8505,235.6461,543.0106
30.2962,333.2080,234.4679,540.2955
29.1239,330.5065,236.8125,545.6984
57.5689,333.2350,234.4444,540.2415
59.3273,337.2868,230.9277,532.1378
58.1726,334.6261,233.2370,537.4592
59.9219,338.6571,229.7385,529.3973
59.3476,337.3336,230.8872,532.0443
59.9248,338.6637,229.7327,529.3841
31.0880,334.6933,233.1787,537.3249
29.3392,330.6634,236.6764,545.3848
29.3392,330.6634,236.6764,545.3848
29.3392,330.6634,236.6764,545.3848
28.1558,327.9364,239.0432,550.8386
-1.1131,325.1823,241.4336,556.3470
-1.1131,325.1823,241.4336,556.3470
0.6976,329.3549,237.8121,548.0018
2.4812,333.4649,234.2449,539.7817
1.8956,332.1154,235.4161,542.4807
1.8956,332.1154,235.4161,542.4807
3.0727,334.8278,233.0620,537.0558
-26.1820,330.7999,236.5579,545.1117
-24.9992,333.5255,234.1923,539.6606
-24.4137,334.8746,233.0214,536.9623
-23.2486,337.5594,230.6911,531.5927
-21.5184,341.5464,227.2308,523.6188
-23.2227,337.6192,230.6392,531.4730
-23.7993,336.2905,231.7924,534.1304
-52.8946,332.2846,235.2693,542.1423
-54.6591,328.2185,238.7984,550.2745
-54.0621,329.5942,237.6044,547.5231
-55.2502,326.8566,239.9804,552.9984
-53.4503,331.0041,236.3807,544.7034
-53.4503,331.0041,236.3807,544.7034
-81.6648,329.6423,237.5626,547.4269
-83.4465,325.5366,241.1261,555.6383
-82.8437,326.9257,239.9204,552.8601
-81.0443,331.0721,236.3216,544.5672
-81.0443,331.0721,236.3216,544.5672
-80.4535,332.4336,235.1400,541.8444
-79.2778,335.1428,232.7886,536.4259
-77.5319,339.1660,229.2968,528.3795
-77.5319,339.1660,229.2968,528.3795
-78.6784,336.5241,231.5897,533.6633
-106.3210,335.1899,232.7477,536.3317
-105.7392,336.5308,231.5840,533.6500
-106.8971,333.8625,233.8998,538.9865
-106.8971,333.8625,233.8998,538.9865
-107.4818,332.5150,235.0693,541.6814
-107.4818,332.5150,235.0693,541.6814
-109.2449,328.4524,238.5953,549.8066
-109.2449,328.4524,238.5953,549.8066
-109.2449,328.4524,238.5953,549.8066
-137.7237,327.0779,239.7883,552.5557
-139.5221,322.9337,243.3851,560.8440
-141.3475,318.7274,247.0359,569.2567
-140.1123,321.5737,244.5656,563.5641
-141.9466,317.3470,248.2340,572.0176
-141.9466,317.3470,248.2340,572.0176
-141.9466,317.3470,248.2340,572.0176
-141.3260,318.7770,246.9929,569.1575
-139.4735,323.0457,243.2880,560.6201
-110.2507,325.8488,240.8551,555.0139
-108.4443,330.0114,237.2423,546.6887
-109.0374,328.6447,238.4285,549.4221
-109.6335,327.2711,239.6206,552.1693
-110.2325,325.8907,240.8187,554.9301
-112.0387,321.7287,244.4310,563.2540
-112.0387,321.7287,244.4310,563.2540
-82.2095,325.9531,240.7645,554.8052
-82.2095,325.9531,240.7645,554.8052
-81.0057,328.7271,238.3569,549.2572
-81.0057,328.7271,238.3569,549.2572
-54.6617,352.7394,241.9323,557.4960
-54.0569,354.1331,240.7226,554.7086
-52.8533,329.1956,238.3154,549.1615
-52.8533,329.1956,238.3154,549.1615
-23.7705,333.3143,234.7406,540.9241
-22.0100,337.3712,231.2195,532.8102
-21.4319,338.7032,230.0634,530.1461
-19.7064,342.6793,226.6125,522.1940
-18.5734,345.2903,224.3463,516.9720
7.5134,345.2903,224.3463,516.9720
6.9525,343.9979,225.4681,519.5569
7.5162,345.2968,224.3407,516.9591
8.6379,347.8816,222.0973,511.7895
7.5274,345.3226,224.3183,516.9074
5.8450,341.4458,227.6831,524.6610
33.1935,344.0691,225.4062,519.4144
33.1935,344.0691,225.4062,519.4144
33.7570,345.3676,224.2792,516.8173
35.4391,349.2438,220.9150,509.0651
33.7822,345.4258,224.2287,516.7010
59.8553,345.4258,224.2287,516.7010
59.2948,344.1340,225.3499,519.2845
59.8582,345.4323,224.2231,516.6881
59.8582,345.4323,224.2231,516.6881
59.2976,344.1405,225.3443,519.2715
59.8610,345.4387,224.2175,516.6752
59.3004,344.1470,225.3386,519.2586
58.1737,341.5507,227.5920,524.4512
58.7427,342.8618,226.4541,521.8289
57.6104,340.2527,228.7186,527.0472
58.1822,341.5703,227.5750,524.4120
59.8890,345.5034,224.1614,516.5458
58.7682,342.9207,226.4030,521.7112
59.9002,345.5292,224.1390,516.4941
59.9002,345.5292,224.1390,516.4941
61.0209,348.1117,221.8976,511.3292
59.9114,345.5551,224.1165,516.4425
59.3512,344.2640,225.2371,519.0247
57.6619,340.3713,228.6157,526.8101
58.8050,343.0053,226.3295,521.5419
58.8050,343.0053,226.3295,521.5419
31.7902,341.7015,227.4612,524.1497
32.9275,344.3222,225.1866,518.9082
31.8015,341.7277,227.4384,524.0972
30.6643,339.1072,229.7128,529.3383
32.3872,343.0772,226.2671,521.3981
32.3872,343.0772,226.2671,521.3981
31.2559,340.4702,228.5298,526.6121
3.9784,339.1537,229.6724,529.2452
5.7010,343.1230,226.2274,521.3065
4.5698,340.5165,228.4896,526.5196
3.4274,337.8839,230.7745,531.7848
2.8505,336.5544,231.9284,534.4437
2.8505,336.5544,231.9284,534.4437
2.8505,336.5544,231.9284,534.4437
4.5899,340.5628,228.4495,526.4271
6.3033,344.5110,225.0227,518.5306
7.9910,348.4000,221.6474,510.7527
7.9910,348.4000,221.6474,510.7527
7.9910,348.4000,221.6474,510.7527
7.4368,347.1231,222.7556,513.3065
7.4368,347.1231,222.7556,513.3065
6.3231,344.5565,224.9832,518.4395
8.0104,348.4449,221.6084,510.6629
9.1185,350.9982,219.3923,505.5563
-15.0402,353.5259,217.1984,500.5007
-16.6692,349.7722,220.4564,508.0082
-17.2203,348.5022,221.5587,510.5483
-17.2203,348.5022,221.5587,510.5483
-16.1125,351.0549,219.3431,505.4428
-14.4675,354.8457,216.0529,497.8611
-14.4675,354.8457,216.0529,497.8611
-41.5871,351.1118,219.2937,505.3291
-41.5871,351.1118,219.2937,505.3291
-41.5871,351.1118,219.2937,505.3291
-40.4907,353.6384,217.1008,500.2758
-41.5762,351.1370,219.2718,505.2785
-41.5762,351.1370,219.2718,505.2785
-41.5762,351.1370,219.2718,505.2785
-41.0280,352.4002,218.1755,502.7521
-41.5734,351.1433,219.2663,505.2659
-42.6698,348.6170,221.4590,510.3186
-41.5625,351.1686,219.2444,505.2154
-41.5625,351.1686,219.2444,505.2154
-41.0143,352.4317,218.1482,502.6893
-41.0143,352.4317,218.1482,502.6893
-40.4690,353.6884,217.0574,500.1758
-41.0116,352.4379,218.1427,502.6767
-39.9209,354.9513,215.9613,497.6500
-13.9804,357.4396,213.8017,492.6735
-13.9804,357.4396,213.8017,492.6735
10.4700,356.2079,214.8707,495.1368
9.9328,354.9701,215.9451,497.6125
9.9328,354.9701,215.9451,497.6125
9.9328,354.9701,215.9451,497.6125
35.0427,354.9701,215.9451,497.6125
35.0427,354.9701,215.9451,497.6125
33.4231,351.2379,219.1842,505.0767
35.0670,355.0260,215.8965,497.5005
35.6068,356.2698,214.8170,495.0131
35.6068,356.2698,214.8170,495.0131
33.9956,352.5572,218.0392,502.4383
32.9054,350.0450,220.2196,507.4626
58.5124,350.0450,220.2196,507.4626
59.0629,351.3137,219.1185,504.9253
59.6107,352.5760,218.0229,502.4007
59.0657,351.3199,219.1131,504.9127
59.6135,352.5822,218.0175,502.3881
59.6135,352.5822,218.0175,502.3881
60.7035,355.0942,215.8373,497.3643
59.0848,351.3640,219.0749,504.8247
59.6324,352.6260,217.9795,502.3006
59.0875,351.3703,219.0694,504.8121
84.1404,350.1082,220.1647,507.3362
84.6908,351.3766,219.0639,504.7995
84.1431,350.1146,220.1592,507.3235
84.6935,351.3829,219.0584,504.7869
84.1459,350.1209,220.1537,507.3108
85.2467,352.6575,217.9522,502.2377
86.8813,356.4243,214.6829,494.7041
86.8813,356.4243,214.6829,494.7041
111.4325,355.1875,215.7563,497.1776
109.8144,351.4586,218.9927,504.6353
110.9093,353.9818,216.8027,499.5890
112.5353,357.7288,213.5507,492.0951
138.1863,360.1892,211.4152,487.1742
136.6006,356.5354,214.5864,494.4818
161.1409,355.2992,215.6594,496.9542
162.2191,357.7840,213.5028,491.9846
188.2739,361.4739,210.3002,484.6049
189.8512,365.1084,207.1457,477.3358
213.5405,363.9151,208.1815,479.7225
211.9791,360.3171,211.3042,486.9183
212.5074,361.5345,210.2477,484.4837
238.1649,365.1681,207.0939,477.2165
236.6117,361.5890,210.2003,484.3747
235.5607,359.1671,212.3024,489.2185
260.2470,359.1671,212.3024,489.2185
261.3085,361.6132,210.1793,484.3263
261.8340,362.8240,209.1284,481.9046
285.7500,361.6192,210.1741,484.3142
286.2755,362.8300,209.1232,481.8926
284.7070,359.2158,212.2601,489.1210
310.2029,361.6614,210.1375,484.2298
311.2536,364.0826,208.0361,479.3875
311.7737,365.2810,206.9959,476.9905
336.2401,366.4735,205.9609,474.6056
336.2401,366.4735,205.9609,474.6056
360.1891,366.4735,205.9609,474.6056
359.6742,365.2870,206.9907,476.9786
382.5515,361.7097,210.0956,484.1333
382.5515,361.7097,210.0956,484.1333
382.5515,361.7097,210.0956,484.1333
408.1904,365.3407,206.9442,476.8713
407.6731,364.1485,207.9789,479.2556
408.7130,366.5448,205.8991,474.4631
431.8647,364.1725,207.9581,479.2077
431.8647,364.1725,207.9581,479.2077
432.3846,365.3705,206.9183,476.8117
433.4191,367.7545,204.8491,472.0436
456.4528,365.3943,206.8976,476.7640
456.4528,365.3943,206.8976,476.7640
454.9010,361.8186,210.0011,483.9155
478.1110,358.1892,213.1511,491.1742
479.7097,361.8730,209.9538,483.8066
480.2345,363.0825,208.9040,481.3875
481.2791,365.4895,206.8150,476.5737
481.2791,365.4895,206.8150,476.5737
506.5177,369.0638,203.7128,469.4251
506.0084,367.8902,204.7313,471.7722
504.4729,364.3519,207.8023,478.8488
503.4339,361.9577,209.8803,483.6373
503.4339,361.9577,209.8803,483.6373
505.0080,365.5850,206.7321,476.3827
504.4912,364.3940,207.7658,478.7646
504.4912,364.3940,207.7658,478.7646
505.5300,366.7878,205.6881,473.9770
506.5585,369.1577,203.6312,469.2372
506.0494,367.9846,204.6494,471.5834
529.0605,365.6267,206.6959,476.2992
529.5773,366.8174,205.6624,473.9177
528.0348,363.2631,208.7473,481.0265
552.3077,363.2631,208.7473,481.0265
552.3077,363.2631,208.7473,481.0265
553.8734,366.8708,205.6161,473.8111
576.9932,364.5017,207.6723,478.5492
576.4741,363.3053,208.7107,480.9420
600.7427,363.3053,208.7107,480.9420
602.3080,366.9124,205.5800,473.7278
603.8499,370.4654,202.4963,466.6219
602.3312,366.9657,205.5338,473.6212
625.0474,363.4135,208.6167,480.7256
624.0043,361.0099,210.7029,485.5328
625.5847,364.6514,207.5424,478.2498
626.6223,367.0426,205.4669,473.4673
627.6497,369.4100,203.4123,468.7326
626.6326,367.0663,205.4464,473.4200
626.6326,367.0663,205.4464,473.4200
628.1735,370.6170,202.3647,466.3187
626.6557,367.1196,205.4002,473.3134
600.8732,363.5697,208.4812,480.4131
602.4368,367.1728,205.3540,473.2070
603.9770,370.7219,202.2737,466.1089
602.9656,368.3913,204.2964,470.7700
603.9871,370.7452,202.2534,466.0623
605.5040,374.2407,199.2196,459.0713
605.5040,374.2407,199.2196,459.0713
606.5001,376.5360,197.2274,454.4806
605.5140,374.2636,199.1997,459.0254
604.5179,371.9685,201.1917,463.6157
579.2637,368.4914,204.2096,470.5699
580.2848,370.8442,202.1675,465.8642
580.2848,370.8442,202.1675,465.8642
580.7902,372.0089,201.1566,463.5349
582.2989,375.4854,198.1393,456.5818
581.8035,374.3439,199.1300,458.8647
580.8079,372.0496,201.1213,463.4534
581.8135,374.3669,199.1101,458.8189
583.3068,377.8080,196.1234,451.9366
583.3068,377.8080,196.1234,451.9366
584.2874,380.0677,194.1622,447.4172
582.8312,376.7121,197.0746,454.1285
561.7374,380.1180,194.1185,447.3166
560.2814,376.7632,197.0303,454.0263
561.7592,380.1684,194.0748,447.2159
561.7592,380.1684,194.0748,447.2159
560.3036,376.8142,196.9859,453.9241
559.8112,375.6794,197.9709,456.1938
536.7913,375.6794,197.9709,456.1938
535.8015,373.3985,199.9506,460.7557
534.8017,371.0947,201.9501,465.3633
511.3191,371.0947,201.9501,465.3633
509.8045,367.6045,204.9793,472.3437
511.3418,371.1470,201.9047,465.2585
489.1089,373.4733,199.8856,460.6060
488.6091,372.3218,200.8850,462.9090
465.2504,372.3218,200.8850,462.9090
464.7482,371.1645,201.8895,465.2235
464.7482,371.1645,201.8895,465.2235
466.2624,374.6537,198.8611,458.2452
465.2681,372.3625,200.8497,462.8276
465.7702,373.5196,199.8455,460.5135
465.2706,372.3683,200.8447,462.8161
464.2664,370.0542,202.8532,467.4442
462.7449,366.5484,205.8960,474.4559
461.2007,362.9899,208.9844,481.5727
438.8321,366.6017,205.8496,474.3492
438.3175,365.4159,206.8789,476.7209
436.7659,361.8405,209.9821,483.8717
436.7659,361.8405,209.9821,483.8717
436.2409,360.6308,211.0320,486.2911
436.2409,360.6308,211.0320,486.2911
437.2961,363.0622,208.9216,481.4282
436.7738,361.8587,209.9663,483.8353
436.7738,361.8587,209.9663,483.8353
414.3001,365.4874,206.8168,476.5778
414.8171,366.6789,205.7827,474.1949
414.3027,365.4934,206.8116,476.5659
413.2686,363.1106,208.8797,481.3315
412.2242,360.7039,210.9685,486.1448
412.7516,361.9193,209.9137,483.7141
414.3260,341.5047,206.7650,476.4584
415.8767,345.0781,203.6635,469.3115
415.8767,345.0781,203.6635,469.3115
392.8225,346.2514,202.6452,466.9650
393.3291,347.4188,201.6319,464.6301
394.3372,349.7419,199.6156,459.9838
393.8382,348.5920,200.6137,462.2838
393.3367,347.4363,201.6168,464.5952
393.3367,347.4363,201.6168,464.5952
371.1354,349.7593,199.6006,459.9492
369.6384,346.3096,202.5946,466.8484
368.1189,342.8083,205.6335,473.8512
369.6612,346.3622,202.5490,466.7434
346.1090,346.3622,202.5490,466.7434
344.5898,342.8616,205.5873,473.7446
346.1317,346.4147,202.5034,466.6384
344.6130,342.9149,205.5410,473.6380
345.6407,345.2831,203.4856,468.9016
345.6407,345.2831,203.4856,468.9016
346.1494,346.4553,202.4682,466.5571
322.6066,346.4553,202.4682,466.5571
321.0881,342.9561,205.5052,473.5555
320.5743,341.7722,206.5327,475.9232
321.0906,319.0667,205.5000,473.5436
322.1181,321.4344,203.4451,468.8082
323.1354,323.7785,201.4106,464.1201
324.6460,327.2594,198.3895,457.1583
323.1580,323.8307,201.3653,464.0157
299.7435,323.8307,201.3653,464.0157
300.7503,326.1508,199.3516,459.3755
301.2487,327.2992,198.3549,457.0786
302.7363,330.7273,195.3795,450.2224
301.2710,327.3506,198.3102,456.9758
299.7837,323.9233,201.2849,463.8304
298.2740,320.4446,204.3042,470.7879
323.2063,323.9755,201.2396,463.7260
322.2001,321.6569,203.2520,468.3633
320.6757,318.1441,206.3008,475.3888
319.6442,315.7672,208.3638,480.1426
319.6442,315.7672,208.3638,480.1426
319.6442,315.7672,208.3638,480.1426
319.1233,314.5668,209.4056,482.5434
342.2675,310.9478,212.5467,489.7815
341.2047,308.4988,214.6722,494.6793
341.7414,309.7355,213.5988,492.2059
342.2754,310.9661,212.5308,489.7449
343.8694,314.6392,209.3428,482.3987
344.3927,315.8452,208.2961,479.9867
344.9135,317.0451,207.2547,477.5868
367.8199,313.4632,210.3635,484.7506
368.3458,314.6751,209.3116,482.3268
367.8225,313.4693,210.3582,484.7385
367.8225,313.4693,210.3582,484.7385
367.8225,313.4693,210.3582,484.7385
393.4936,317.1048,207.2028,477.4674
391.9396,313.5238,210.3109,484.6294
390.3622,309.8891,213.4655,491.8989
388.7613,306.1998,216.6675,499.2773
414.3708,307.4480,215.5842,496.7809
412.7540,303.7222,218.8179,504.2327
413.8481,306.2433,216.6298,499.1903
412.7649,303.7474,218.7961,504.1823
438.2063,303.7474,218.7961,504.1823
437.1123,301.2265,220.9840,509.2241
438.7697,279.7353,217.6693,501.5857
439.8581,282.2432,215.4926,496.5699
440.9355,284.7260,213.3376,491.6042
466.9702,288.4131,210.1376,484.2301
468.5462,292.0448,206.9855,476.9666
470.0986,295.6221,203.8807,469.8121
494.9792,299.1457,200.8225,462.7650
494.9792,299.1457,200.8225,462.7650
495.9832,301.4595,198.8143,458.1373
494.4922,298.0234,201.7965,465.0094
517.9568,298.0234,201.7965,465.0094
516.4434,294.5359,204.8235,471.9845
516.9554,295.7159,203.7993,469.6246
516.4459,294.5418,204.8183,471.9727
515.9339,293.3618,205.8424,474.3326
538.6843,289.8044,208.9301,481.4476
539.7289,292.2116,206.8408,476.6331
540.2460,293.4032,205.8066,474.2499
538.7025,289.8463,208.8937,481.3637
537.1358,286.2361,212.0271,488.5841
538.7260,289.9005,208.8467,481.2554
538.7260,289.9005,208.8467,481.2554
537.1596,286.2910,211.9794,488.4742
538.7495,289.9546,208.7997,481.1471
561.8267,286.3460,211.9317,488.3643
562.3565,287.5669,210.8720,485.9225
562.8837,288.7817,209.8177,483.4929
562.3591,287.5730,210.8667,485.9103
563.9407,291.2173,207.7037,478.6217
562.9022,288.8242,209.7808,483.4079
586.0878,285.1986,212.9275,490.6590
585.0231,282.7453,215.0568,495.5656
586.6361,286.4621,211.8309,488.1321
587.1656,287.6824,210.7718,485.6914
585.5849,284.0397,213.9333,492.9768
586.6545,286.5046,211.7940,488.0471
587.7135,288.9449,209.6761,483.1666
586.6651,286.5290,211.7728,487.9982
586.6651,286.5290,211.7728,487.9982
588.2534,290.1890,208.5962,480.6783
589.8179,293.7941,205.4673,473.4681
589.8179,293.7941,205.4673,473.4681
588.2769,290.2431,208.5493,480.5701
589.8410,293.8474,205.4211,473.3616
588.8139,291.4805,207.4753,478.0952
588.2952,290.2853,208.5126,480.4857
613.7410,293.8889,205.3849,473.2784
615.2814,297.4385,202.3042,466.1792
614.2699,295.1076,204.3272,470.8410
613.7591,293.9305,205.3489,473.1952
614.7858,296.2965,203.2954,468.4632
614.2776,295.1254,204.3118,470.8055
615.2991,297.4794,202.2687,466.0975
615.8048,298.6446,201.2574,463.7670
614.2954,295.1664,204.2762,470.7235
613.7847,293.9896,205.2976,473.0771
612.7582,291.6242,207.3506,477.8079
613.7950,294.0132,205.2771,473.0298
612.7686,291.6481,207.3299,477.7601
613.8052,294.0369,205.2566,472.9825
615.3447,297.5842,202.1777,465.8878
616.3555,299.9137,200.1559,461.2289
617.3563,302.2198,198.1544,456.6166
617.8517,303.3614,197.1636,454.3335
616.3730,299.9539,200.1211,461.1485
617.3736,302.2596,198.1199,456.5370
639.6506,299.9769,200.1011,461.1024
641.1513,303.4352,197.0995,454.1859
642.1368,305.7061,195.1285,449.6440
641.1612,303.4579,197.0798,454.1405
639.6830,323.3119,200.0360,460.9526
639.1830,322.1595,201.0362,463.2574
639.6855,323.3176,200.0310,460.9410
639.6855,323.3176,200.0310,460.9410
641.1858,326.7747,197.0306,454.0269
642.1710,329.0448,195.0603,449.4867
643.6339,332.4160,192.1344,442.7444
642.1929,329.0954,195.0164,449.3855
642.1929,329.0954,195.0164,449.3855
642.6804,330.2188,194.0413,447.1386
641.7102,327.9832,195.9817,451.6100
640.7303,325.7251,197.9415,456.1261
641.7200,328.0057,195.9621,451.5648
641.2301,326.8768,196.9419,453.8227
663.7525,325.7422,197.9266,456.0918
664.7421,328.0227,195.9474,451.5309
665.7219,330.2804,193.9879,447.0155
664.7519,328.0453,195.9277,451.4857
665.2418,329.1740,194.9481,449.2283
663.7796,325.8048,197.8723,455.9667
663.2850,324.6649,198.8617,458.2465
662.7878,323.5193,199.8560,460.5378
662.2881,322.3679,200.8553,462.8405
663.2924,324.6821,198.8467,458.2120
662.2982,322.3911,200.8352,462.7942
663.3024,324.7050,198.8269,458.1662
662.3082,322.4142,200.8151,462.7479
662.3082,322.4142,200.8151,462.7479
662.3082,322.4142,200.8151,462.7479
662.3082,322.4142,200.8151,462.7479
662.3082,322.4142,200.8151,462.7479
661.8062,321.2573,201.8192,465.0616
660.2925,317.7693,204.8465,472.0375
659.2683,315.4092,206.8949,476.7579
658.2338,313.0254,208.9639,481.5255
657.7114,311.8216,210.0087,483.9331
657.7114,311.8216,210.0087,483.9331
659.2865,315.4511,206.8586,476.6741
660.8380,319.0261,203.7557,469.5240
659.8192,316.6785,205.7933,474.2193
660.8481,319.0496,203.7353,469.4771
660.8481,319.0496,203.7353,469.4771
661.3575,320.2233,202.7167,467.1297
659.8371,316.7198,205.7574,474.1366
661.3802,320.2758,202.6711,467.0246
662.3936,322.6110,200.6443,462.3543
662.3936,322.6110,200.6443,462.3543
662.3936,322.6110,200.6443,462.3543
663.8984,326.0786,197.6347,455.4190
662.4162,322.6630,200.5992,462.2503
662.4162,322.6630,200.5992,462.2503
662.9177,323.8186,199.5962,459.9391
664.4147,327.2682,196.6022,453.0400
662.9402,323.8704,199.5513,459.8356
662.9402,323.8704,199.5513,459.8356
663.4390,325.0199,198.5535,457.5364
664.4318,327.3076,196.5680,452.9610
663.4490,325.0428,198.5337,457.4906
662.9526,323.8991,199.5263,459.7781
662.4538,322.7496,200.5240,462.0770
663.4564,325.0600,198.5187,457.4562
663.9528,326.2037,197.5261,455.1689
663.9528,326.2037,197.5261,455.1689
665.4342,329.6174,194.5632,448.3414
663.9750,326.2549,197.4817,455.0665
662.4938,322.8419,200.4439,461.8925
663.9972,326.3061,197.4373,454.9641
663.9972,326.3061,197.4373,454.9641
662.5164,322.8938,200.3988,461.7886
663.0174,324.0483,199.3968,459.4796
663.0174,324.0483,199.3968,459.4796
639.8317,324.0483,199.3968,459.4796
638.8347,321.7509,201.3908,464.0744
637.3243,318.2704,204.4117,471.0356
636.8133,317.0928,205.4337,473.3907
635.2725,313.5423,208.5152,480.4916
612.9541,317.1460,205.3875,473.2842
613.4676,318.3292,204.3605,470.9178
615.0003,321.8611,201.2952,463.8540
613.9938,319.5418,203.3081,468.4926
612.9773,317.1994,205.3412,473.1775
613.4906,318.3823,204.3145,470.8116
611.9583,314.8513,207.3792,477.8738
610.9214,312.4619,209.4530,482.6525
610.3977,311.2552,210.5002,485.0658
609.3452,308.8299,212.6053,489.9164
609.3452,308.8299,212.6053,489.9164
610.4083,311.2795,210.4792,485.0173
609.3558,308.8544,212.5840,489.8675
610.4188,311.3037,210.4581,484.9688
610.9449,312.5162,209.4059,482.5439
609.3744,308.8971,212.5470,489.7821
582.6948,305.2237,215.7352,497.1288
584.3128,308.9522,212.4991,489.6719
583.2503,306.5038,214.6241,494.5686
584.3234,308.9767,212.4779,489.6229
584.3234,308.9767,212.4779,489.6229
560.9261,311.4248,210.3531,484.7267
559.8744,309.0012,212.4566,489.5740
558.8121,306.5533,214.5812,494.4697
560.4214,310.2618,211.3625,487.0527
558.8362,306.6089,214.5329,494.3585
558.2999,305.3730,215.6056,496.8302
559.9170,309.0992,212.3715,489.3778
560.4479,310.3227,211.3096,486.9309
558.8631,306.6707,214.4793,494.2349
558.8631,306.6707,214.4793,494.2349
558.8631,306.6707,214.4793,494.2349
557.7906,304.1995,216.6241,499.1772
556.1660,300.4557,219.8734,506.6649
531.9543,302.9890,217.6747,501.5982
531.9543,302.9890,217.6747,501.5982
532.4985,304.2430,216.5863,499.0902
534.1229,307.9862,213.3375,491.6039
534.1229,307.9862,213.3375,491.6039
511.2884,311.6732,210.1375,484.2298
512.8644,315.3050,206.9854,476.9664
513.8994,317.6898,204.9156,472.1967
513.3870,316.5093,205.9401,474.5577
512.8722,315.3229,206.9698,476.9305
513.3896,316.5152,205.9350,474.5458
512.8748,315.3289,206.9647,476.9185
512.8748,315.3289,206.9647,476.9185
512.3574,314.1366,207.9995,479.3032
512.3574,314.1366,207.9995,479.3032
510.7974,310.5418,211.1195,486.4927
509.2140,306.8931,214.2863,493.7901
508.6783,305.6586,215.3577,496.2590
484.3003,306.8993,214.2809,493.7777
483.7646,305.6648,215.3523,496.2466
483.2262,304.4242,216.4291,498.7279
483.2262,304.4242,216.4291,498.7279
458.0600,304.4242,216.4291,498.7279
459.1422,306.9178,214.2648,493.7406
457.5352,303.2148,217.4788,501.1467
458.6226,305.7205,215.3040,496.1352
458.0843,304.4802,216.3805,498.6159
458.0843,304.4802,216.3805,498.6159
458.0843,304.4802,216.3805,498.6159
456.4615,300.7406,219.6262,506.0952
457.0105,302.0058,218.5281,503.5647
455.3716,298.2291,221.8060,511.1181
455.3716,298.2291,221.8060,511.1181
453.7080,294.3957,225.1331,518.7849
427.5298,294.3957,225.1331,518.7849
425.8412,290.5048,228.5101,526.5667
425.8412,290.5048,228.5101,526.5667
426.4125,291.8212,227.3675,523.9338
426.4125,291.8212,227.3675,523.9338
427.5494,294.4409,225.0938,518.6945
402.7629,297.0344,222.8429,513.5076
402.2058,295.7506,223.9571,516.0751
402.7657,297.0408,222.8373,513.4948
402.2086,295.7570,223.9515,516.0622
402.2086,295.7570,223.9515,516.0622
402.2086,295.7570,223.9515,516.0622
402.2086,295.7570,223.9515,516.0622
402.7684,297.0472,222.8318,513.4819
404.4397,300.8983,219.4893,505.7797
406.0858,304.6917,216.1969,498.1930
405.0049,302.2007,218.3589,503.1749
404.4590,300.9427,219.4507,505.6908
404.4590,300.9427,219.4507,505.6908
402.8131,297.1501,222.7425,513.2761
404.4836,300.9996,219.4013,505.5770
378.9719,300.9996,219.4013,505.5770
377.8749,298.4718,221.5954,510.6328
379.5368,302.3015,218.2714,502.9733
377.8998,298.5292,221.5455,510.5179
379.5614,302.3581,218.2223,502.8601
377.9247,298.5866,221.4956,510.4030
377.9247,298.5866,221.4956,510.4030
377.9247,298.5866,221.4956,510.4030
377.9247,298.5866,221.4956,510.4030
376.2635,294.7586,224.8181,518.0590
377.3876,297.3489,222.5699,512.8785
376.2747,294.7845,224.7956,518.0073
376.2747,294.7845,224.7956,518.0073
377.9607,298.6696,221.4237,510.2371
377.9607,298.6696,221.4237,510.2371
376.3000,294.8428,224.7450,517.8907
375.1763,292.2533,226.9925,523.0696
374.0414,289.6380,229.2624,528.3003
348.7958,292.2795,226.9698,523.0173
347.6610,289.6644,229.2395,528.2474
348.8072,292.3056,226.9471,522.9650
350.5093,296.2279,223.5429,515.1205
348.8327,292.3645,226.8960,522.8473
348.8327,292.3645,226.8960,522.8473
349.3999,293.6716,225.7615,520.2331
347.7067,289.7698,229.1479,528.0366
347.1339,288.4498,230.2937,530.6768
345.4066,284.4697,233.7481,538.6369
344.8223,283.1231,234.9168,541.3301
344.2350,281.7698,236.0914,544.0367
344.8252,283.1299,234.9110,541.3166
344.2379,281.7766,236.0855,544.0231
344.2379,281.7766,236.0855,544.0231
344.2379,281.7766,236.0855,544.0231
344.2379,281.7766,236.0855,544.0231
342.4673,277.6964,239.6268,552.1835
340.6701,273.5550,243.2212,560.4662
340.6701,273.5550,243.2212,560.4662
340.6701,273.5550,243.2212,560.4662
340.6701,273.5550,243.2212,560.4662
338.8459,269.3515,246.8695,568.8732
340.6975,273.6181,243.1665,560.3401
340.6975,273.6181,243.1665,560.3401
342.5212,277.8206,239.5190,551.9351
340.7248,273.6811,243.1118,560.2141
340.1170,272.2806,244.3273,563.0151
340.1170,272.2806,244.3273,563.0151
340.1170,272.2806,244.3273,563.0151
340.1170,272.2806,244.3273,563.0151
339.5062,270.8730,245.5490,565.8302
340.7340,273.7022,243.0935,560.1719
340.7340,273.7022,243.0935,560.1719
340.7340,273.7022,243.0935,560.1719
340.7340,273.7022,243.0935,560.1719
340.7340,273.7022,243.0935,560.1719
311.7182,272.3018,244.3089,562.9728
310.4967,269.4869,246.7520,568.6025
309.8798,268.0654,247.9858,571.4455
311.1197,270.9226,245.5059,565.7311
310.5060,269.5083,246.7335,568.5597
311.1228,270.9297,245.4998,565.7169
309.8953,268.1011,247.9548,571.3741
309.2754,266.6727,249.1946,574.2310
309.8984,268.1082,247.9486,571.3598
311.1382,270.9650,245.4691,565.6462
309.9108,268.1368,247.9238,571.3027
308.6712,265.2803,250.4030,577.0157
309.2972,266.7228,249.1510,574.1306
310.5429,269.5935,246.6595,568.3893
311.7762,272.4354,244.1929,562.7054
310.5553,269.6219,246.6348,568.3325
311.1718,271.0427,245.4017,565.4908
312.3989,273.8702,242.9476,559.8359
