1
707.1429,61.4286,30.0000,107.1429
708.5714,54.2857,30.0000,107.1429
710.0000,57.1429,30.0000,107.1429
708.5714,60.0000,30.0000,107.1429
712.8571,52.8571,30.0000,107.1429
708.5714,55.7143,30.0000,107.1429
712.8571,48.5714,30.0000,107.1429
711.4286,51.4286,30.0000,107.1429
712.8571,54.2857,30.0000,107.1429
714.2857,47.1429,30.0000,107.1429
715.7143,50.0000,30.0000,107.1429
717.1429,42.8571,30.0000,107.1429
715.7143,45.7143,30.0000,107.1429
717.1429,28.5714,30.0000,107.1429
718.5714,41.4286,30.0000,107.1429
720.0000,24.2857,30.0000,107.1429
718.5714,37.1429,30.0000,107.1429
717.1429,40.0000,30.0000,107.1429
718.5714,32.8571,30.0000,107.1429
720.0000,35.7143,30.0000,107.1429
718.5714,38.5714,30.0000,107.1429
720.0000,31.4286,30.0000,107.1429
721.4286,34.2857,30.0000,107.1429
720.0000,27.1429,30.0000,107.1429
721.4286,30.0000,30.0000,107.1429
720.0000,32.8571,30.0000,107.1429
721.4286,25.7143,30.0000,107.1429
720.0000,28.5714,30.0000,107.1429
721.4286,11.4286,30.0000,107.1429
720.0000,14.2857,30.0000,107.1429
721.4286,17.1429,30.0000,107.1429
720.0000,10.0000,30.0000,107.1429
721.4286,12.8571,30.0000,107.1429
722.8571,5.7143,30.0000,107.1429
721.4286,8.5714,30.0000,107.1429
722.8571,1.4286,30.0000,107.1429
724.2857,4.2857,30.0000,107.1429
725.7143,-2.8571,30.0000,107.1429
727.1429,0.0000,30.0000,107.1429
725.7143,2.8571,30.0000,107.1429
727.1429,5.7143,30.0000,107.1429
728.5714,-1.4286,30.0000,107.1429
727.1429,1.4286,30.0000,107.1429
728.5714,4.2857,30.0000,107.1429
730.0000,-2.8571,30.0000,107.1429
728.5714,0.0000,30.0000,107.1429
730.0000,2.8571,30.0000,107.1429
731.4286,-4.2857,30.0000,107.1429
732.8571,-1.4286,30.0000,107.1429
731.4286,-8.5714,30.0000,107.1429
732.8571,-5.7143,30.0000,107.1429
734.2857,-2.8571,30.0000,107.1429
732.8571,0.0000,30.0000,107.1429
734.2857,-7.1429,30.0000,107.1429
732.8571,-4.2857,30.0000,107.1429
734.2857,-1.4286,30.0000,107.1429
735.7143,1.4286,30.0000,107.1429
734.2857,-5.7143,30.0000,107.1429
735.7143,-2.8571,30.0000,107.1429
734.2857,-10.0000,30.0000,107.1429
732.8571,-7.1429,30.0000,107.1429
728.5714,-4.2857,30.0000,107.1429
727.1429,-11.4286,30.0000,107.1429
722.8571,-8.5714,30.0000,107.1429
715.7143,-5.7143,30.0000,107.1429
711.4286,-2.8571,30.0000,107.1429
704.2857,0.0000,30.0000,107.1429
700.0000,2.8571,30.0000,107.1429
692.8571,5.7143,30.0000,107.1429
688.5714,-1.4286,30.0000,107.1429
681.4286,1.4286,30.0000,107.1429
677.1429,4.2857,30.0000,107.1429
670.0000,7.1429,30.0000,107.1429
665.7143,0.0000,30.0000,107.1429
655.7143,2.8571,30.0000,107.1429
648.5714,5.7143,30.0000,107.1429
644.2857,8.5714,30.0000,107.1429
637.1429,11.4286,30.0000,107.1429
630.0000,14.2857,30.0000,107.1429
622.8571,17.1429,30.0000,107.1429
618.5714,20.0000,30.0000,107.1429
611.4286,22.8571,30.0000,107.1429
607.1429,25.7143,30.0000,107.1429
605.7143,18.5714,30.0000,107.1429
601.4286,21.4286,30.0000,107.1429
600.0000,24.2857,30.0000,107.1429
595.7143,27.1429,30.0000,107.1429
594.2857,30.0000,30.0000,107.1429
595.7143,32.8571,30.0000,107.1429
594.2857,35.7143,30.0000,107.1429
595.7143,38.5714,30.0000,107.1429
594.2857,41.4286,30.0000,107.1429
595.7143,44.2857,30.0000,107.1429
597.1429,37.1429,30.0000,107.1429
595.7143,40.0000,30.0000,107.1429
597.1429,42.8571,30.0000,107.1429
598.5714,35.7143,30.0000,107.1429
597.1429,38.5714,30.0000,107.1429
598.5714,41.4286,30.0000,107.1429
597.1429,44.2857,30.0000,107.1429
598.5714,47.1429,30.0000,107.1429
597.1429,50.0000,30.0000,107.1429
598.5714,52.8571,30.0000,107.1429
597.1429,55.7143,30.0000,107.1429
598.5714,48.5714,30.0000,107.1429
597.1429,51.4286,30.0000,107.1429
598.5714,54.2857,30.0000,107.1429
597.1429,47.1429,30.0000,107.1429
598.5714,50.0000,30.0000,107.1429
597.1429,52.8571,30.0000,107.1429
598.5714,45.7143,30.0000,107.1429
600.0000,48.5714,30.0000,107.1429
598.5714,51.4286,30.0000,107.1429
600.0000,54.2857,30.0000,107.1429
598.5714,57.1429,30.0000,107.1429
600.0000,60.0000,30.0000,107.1429
601.4286,52.8571,30.0000,107.1429
600.0000,55.7143,30.0000,107.1429
601.4286,58.5714,30.0000,107.1429
600.0000,51.4286,30.0000,107.1429
601.4286,54.2857,30.0000,107.1429
602.8571,57.1429,30.0000,107.1429
601.4286,50.0000,30.0000,107.1429
602.8571,52.8571,30.0000,107.1429
601.4286,55.7143,30.0000,107.1429
600.0000,58.5714,30.0000,107.1429
601.4286,61.4286,30.0000,107.1429
600.0000,54.2857,30.0000,107.1429
601.4286,57.1429,30.0000,107.1429
600.0000,60.0000,30.0000,107.1429
601.4286,52.8571,30.0000,107.1429
600.0000,55.7143,30.0000,107.1429
601.4286,48.5714,30.0000,107.1429
600.0000,51.4286,30.0000,107.1429
598.5714,44.2857,30.0000,107.1429
597.1429,47.1429,30.0000,107.1429
598.5714,50.0000,30.0000,107.1429
597.1429,52.8571,30.0000,107.1429
598.5714,55.7143,30.0000,107.1429
597.1429,48.5714,30.0000,107.1429
598.5714,51.4286,30.0000,107.1429
597.1429,54.2857,30.0000,107.1429
598.5714,57.1429,30.0000,107.1429
597.1429,50.0000,30.0000,107.1429
595.7143,52.8571,30.0000,107.1429
594.2857,45.7143,30.0000,107.1429
592.8571,48.5714,30.0000,107.1429
594.2857,51.4286,30.0000,107.1429
592.8571,54.2857,30.0000,107.1429
591.4286,57.1429,30.0000,107.1429
590.0000,50.0000,30.0000,107.1429
588.5714,42.8571,30.0000,107.1429
587.1429,45.7143,30.0000,107.1429
585.7143,48.5714,30.0000,107.1429
587.1429,41.4286,30.0000,107.1429
585.7143,34.2857,30.0000,107.1429
584.2857,37.1429,30.0000,107.1429
585.7143,40.0000,30.0000,107.1429
584.2857,42.8571,30.0000,107.1429
582.8571,45.7143,30.0000,107.1429
581.4286,38.5714,30.0000,107.1429
580.0000,31.4286,30.0000,107.1429
578.5714,34.2857,30.0000,107.1429
577.1429,27.1429,30.0000,107.1429
575.7143,30.0000,30.0000,107.1429
574.2857,22.8571,30.0000,107.1429
572.8571,25.7143,30.0000,107.1429
571.4286,28.5714,30.0000,107.1429
570.0000,31.4286,30.0000,107.1429
568.5714,24.2857,30.0000,107.1429
567.1429,27.1429,30.0000,107.1429
565.7143,20.0000,30.0000,107.1429
561.4286,22.8571,30.0000,107.1429
560.0000,15.7143,30.0000,107.1429
558.5714,18.5714,30.0000,107.1429
557.1429,11.4286,30.0000,107.1429
555.7143,14.2857,30.0000,107.1429
551.4286,7.1429,30.0000,107.1429
550.0000,10.0000,30.0000,107.1429
548.5714,12.8571,30.0000,107.1429
547.1429,15.7143,30.0000,107.1429
545.7143,18.5714,30.0000,107.1429
544.2857,11.4286,30.0000,107.1429
540.0000,14.2857,30.0000,107.1429
538.5714,7.1429,30.0000,107.1429
534.2857,10.0000,30.0000,107.1429
532.8571,12.8571,30.0000,107.1429
528.5714,5.7143,30.0000,107.1429
527.1429,8.5714,30.0000,107.1429
522.8571,11.4286,30.0000,107.1429
521.4286,14.2857,30.0000,107.1429
517.1429,17.1429,30.0000,107.1429
515.7143,10.0000,30.0000,107.1429
511.4286,12.8571,30.0000,107.1429
507.1429,5.7143,30.0000,107.1429
502.8571,8.5714,30.0000,107.1429
501.4286,1.4286,30.0000,107.1429
497.1429,4.2857,30.0000,107.1429
492.8571,7.1429,30.0000,107.1429
491.4286,10.0000,30.0000,107.1429
487.1429,12.8571,30.0000,107.1429
482.8571,15.7143,30.0000,107.1429
481.4286,18.5714,30.0000,107.1429
477.1429,21.4286,30.0000,107.1429
475.7143,14.2857,30.0000,107.1429
471.4286,17.1429,30.0000,107.1429
467.1429,10.0000,30.0000,107.1429
465.7143,12.8571,30.0000,107.1429
467.1429,15.7143,30.0000,107.1429
468.5714,18.5714,30.0000,107.1429
472.8571,11.4286,30.0000,107.1429
480.0000,14.2857,30.0000,107.1429
487.1429,17.1429,30.0000,107.1429
497.1429,20.0000,30.0000,107.1429
507.1429,22.8571,30.0000,107.1429
517.1429,15.7143,30.0000,107.1429
532.8571,18.5714,30.0000,107.1429
545.7143,11.4286,30.0000,107.1429
561.4286,4.2857,30.0000,107.1429
577.1429,7.1429,30.0000,107.1429
595.7143,10.0000,30.0000,107.1429
614.2857,12.8571,30.0000,107.1429
632.8571,5.7143,30.0000,107.1429
654.2857,8.5714,30.0000,107.1429
675.7143,11.4286,30.0000,107.1429
694.2857,24.2857,30.0000,107.1429
715.7143,17.1429,30.0000,107.1429
734.2857,20.0000,30.0000,107.1429
752.8571,22.8571,30.0000,107.1429
768.5714,15.7143,30.0000,107.1429
784.2857,18.5714,30.0000,107.1429
797.1429,21.4286,30.0000,107.1429
807.1429,24.2857,30.0000,107.1429
817.1429,27.1429,30.0000,107.1429
827.1429,30.0000,30.0000,107.1429
831.4286,32.8571,30.0000,107.1429
838.5714,35.7143,30.0000,107.1429
840.0000,38.5714,30.0000,107.1429
844.2857,31.4286,30.0000,107.1429
845.7143,34.2857,30.0000,107.1429
844.2857,27.1429,30.0000,107.1429
845.7143,30.0000,30.0000,107.1429
841.4286,32.8571,30.0000,107.1429
840.0000,35.7143,30.0000,107.1429
835.7143,38.5714,30.0000,107.1429
834.2857,41.4286,30.0000,107.1429
830.0000,44.2857,30.0000,107.1429
828.5714,47.1429,30.0000,107.1429
827.1429,40.0000,30.0000,107.1429
822.8571,42.8571,30.0000,107.1429
821.4286,45.7143,30.0000,107.1429
817.1429,38.5714,30.0000,107.1429
815.7143,41.4286,30.0000,107.1429
811.4286,44.2857,30.0000,107.1429
807.1429,47.1429,30.0000,107.1429
802.8571,50.0000,30.0000,107.1429
798.5714,52.8571,30.0000,107.1429
791.4286,55.7143,30.0000,107.1429
787.1429,48.5714,30.0000,107.1429
782.8571,51.4286,30.0000,107.1429
775.7143,44.2857,30.0000,107.1429
771.4286,47.1429,30.0000,107.1429
767.1429,50.0000,30.0000,107.1429
762.8571,42.8571,30.0000,107.1429
758.5714,45.7143,30.0000,107.1429
754.2857,48.5714,30.0000,107.1429
752.8571,51.4286,30.0000,107.1429
748.5714,54.2857,30.0000,107.1429
744.2857,57.1429,30.0000,107.1429
740.0000,50.0000,30.0000,107.1429
735.7143,52.8571,30.0000,107.1429
731.4286,55.7143,30.0000,107.1429
727.1429,48.5714,30.0000,107.1429
722.8571,51.4286,30.0000,107.1429
715.7143,54.2857,30.0000,107.1429
714.2857,67.1429,30.0000,107.1429
707.1429,70.0000,30.0000,107.1429
702.8571,62.8571,30.0000,107.1429
695.7143,65.7143,30.0000,107.1429
691.4286,58.5714,30.0000,107.1429
687.1429,61.4286,30.0000,107.1429
680.0000,64.2857,30.0000,107.1429
675.7143,67.1429,30.0000,107.1429
671.4286,70.0000,30.0000,107.1429
667.1429,72.8571,30.0000,107.1429
662.8571,75.7143,30.0000,107.1429
658.5714,78.5714,30.0000,107.1429
654.2857,81.4286,30.0000,107.1429
647.1429,84.2857,30.0000,107.1429
642.8571,87.1429,30.0000,107.1429
635.7143,90.0000,30.0000,107.1429
631.4286,92.8571,30.0000,107.1429
627.1429,95.7143,30.0000,107.1429
622.8571,98.5714,30.0000,107.1429
618.5714,101.4286,30.0000,107.1429
617.1429,104.2857,30.0000,107.1429
612.8571,107.1429,30.0000,107.1429
611.4286,110.0000,30.0000,107.1429
610.0000,112.8571,30.0000,107.1429
605.7143,115.7143,30.0000,107.1429
604.2857,118.5714,30.0000,107.1429
600.0000,121.4286,30.0000,107.1429
598.5714,124.2857,30.0000,107.1429
597.1429,127.1429,30.0000,107.1429
595.7143,130.0000,30.0000,107.1429
597.1429,132.8571,30.0000,107.1429
595.7143,145.7143,30.0000,107.1429
597.1429,148.5714,30.0000,107.1429
595.7143,151.4286,30.0000,107.1429
600.0000,154.2857,30.0000,107.1429
601.4286,157.1429,30.0000,107.1429
608.5714,170.0000,30.0000,107.1429
612.8571,172.8571,30.0000,107.1429
617.1429,185.7143,30.0000,107.1429
624.2857,188.5714,30.0000,107.1429
628.5714,191.4286,30.0000,107.1429
632.8571,204.2857,30.0000,107.1429
640.0000,207.1429,30.0000,107.1429
644.2857,220.0000,30.0000,107.1429
654.2857,222.8571,30.0000,107.1429
658.5714,235.7143,30.0000,107.1429
665.7143,238.5714,30.0000,107.1429
675.7143,251.4286,30.0000,107.1429
682.8571,264.2857,30.0000,107.1429
690.0000,277.1429,30.0000,107.1429
694.2857,280.0000,30.0000,107.1429
701.4286,292.8571,30.0000,107.1429
705.7143,305.7143,30.0000,107.1429
712.8571,308.5714,30.0000,107.1429
717.1429,321.4286,30.0000,107.1429
721.4286,334.2857,30.0000,107.1429
725.7143,337.1429,30.0000,107.1429
730.0000,350.0000,30.0000,107.1429
737.1429,362.8571,30.0000,107.1429
738.5714,365.7143,30.0000,107.1429
742.8571,368.5714,30.0000,107.1429
744.2857,371.4286,30.0000,107.1429
748.5714,384.2857,30.0000,107.1429
758.5714,387.1429,30.0000,107.1429
762.8571,390.0000,30.0000,107.1429
767.1429,392.8571,30.0000,107.1429
774.2857,405.7143,30.0000,107.1429
781.4286,408.5714,30.0000,107.1429
788.5714,421.4286,30.0000,107.1429
798.5714,424.2857,30.0000,107.1429
808.5714,427.1429,30.0000,107.1429
821.4286,430.0000,30.0000,107.1429
834.2857,432.8571,30.0000,107.1429
850.0000,425.7143,30.0000,107.1429
865.7143,428.5714,30.0000,107.1429
884.2857,431.4286,30.0000,107.1429
902.8571,434.2857,30.0000,107.1429
924.2857,447.1429,30.0000,107.1429
945.7143,450.0000,30.0000,107.1429
967.1429,462.8571,30.0000,107.1429
991.4286,465.7143,30.0000,107.1429
1015.7143,468.5714,30.0000,107.1429
1037.1428,481.4286,30.0000,107.1429
1058.5714,484.2857,30.0000,107.1429
1082.8572,487.1429,30.0000,107.1429
1101.4286,490.0000,30.0000,107.1429
1120.0000,492.8571,30.0000,107.1429
1132.8572,495.7143,30.0000,107.1429
1148.5714,488.5714,30.0000,107.1429
1161.4286,491.4286,30.0000,107.1429
1165.7142,504.2857,30.0000,107.1429
1178.5714,497.1429,30.0000,107.1429
1185.7142,500.0000,30.0000,107.1429
1190.0000,502.8571,30.0000,107.1429
1200.0000,495.7143,30.0000,107.1429
1201.4286,498.5714,30.0000,107.1429
1202.8572,491.4286,30.0000,107.1429
1201.4286,474.2857,30.0000,107.1429
1194.2858,477.1429,30.0000,107.1429
1184.2858,470.0000,30.0000,107.1429
1177.1428,462.8571,30.0000,107.1429
1167.1428,455.7143,30.0000,107.1429
1160.0000,448.5714,30.0000,107.1429
1150.0000,441.4286,30.0000,107.1429
1131.4286,434.2857,30.0000,107.1429
1115.7142,417.1429,30.0000,107.1429
1091.4286,410.0000,30.0000,107.1429
1070.0000,392.8571,30.0000,107.1429
1042.8572,375.7143,30.0000,107.1429
1015.7143,358.5714,30.0000,107.1429
985.7143,351.4286,30.0000,107.1429
958.5714,334.2857,30.0000,107.1429
928.5714,327.1429,30.0000,107.1429
901.4286,320.0000,30.0000,107.1429
877.1429,312.8571,30.0000,107.1429
852.8571,305.7143,30.0000,107.1429
831.4286,298.5714,30.0000,107.1429
812.8571,291.4286,30.0000,107.1429
794.2857,284.2857,30.0000,107.1429
775.7143,277.1429,30.0000,107.1429
760.0000,270.0000,30.0000,107.1429
744.2857,262.8571,30.0000,107.1429
731.4286,265.7143,30.0000,107.1429
718.5714,258.5714,30.0000,107.1429
705.7143,261.4286,30.0000,107.1429
695.7143,264.2857,30.0000,107.1429
685.7143,267.1429,30.0000,107.1429
678.5714,260.0000,30.0000,107.1429
668.5714,252.8571,30.0000,107.1429
661.4286,255.7143,30.0000,107.1429
657.1429,248.5714,30.0000,107.1429
650.0000,251.4286,30.0000,107.1429
645.7143,244.2857,30.0000,107.1429
641.4286,247.1429,30.0000,107.1429
637.1429,250.0000,30.0000,107.1429
632.8571,252.8571,30.0000,107.1429
628.5714,255.7143,30.0000,107.1429
624.2857,248.5714,30.0000,107.1429
620.0000,251.4286,30.0000,107.1429
615.7143,254.2857,30.0000,107.1429
611.4286,257.1429,30.0000,107.1429
607.1429,250.0000,30.0000,107.1429
602.8571,252.8571,30.0000,107.1429
598.5714,255.7143,30.0000,107.1429
591.4286,248.5714,30.0000,107.1429
590.0000,261.4286,30.0000,107.1429
585.7143,264.2857,30.0000,107.1429
581.4286,267.1429,30.0000,107.1429
574.2857,270.0000,30.0000,107.1429
570.0000,272.8571,30.0000,107.1429
562.8571,265.7143,30.0000,107.1429
555.7143,268.5714,30.0000,107.1429
551.4286,261.4286,30.0000,107.1429
547.1429,264.2857,30.0000,107.1429
542.8571,267.1429,30.0000,107.1429
538.5714,270.0000,30.0000,107.1429
531.4286,262.8571,30.0000,107.1429
530.0000,275.7143,30.0000,107.1429
525.7143,278.5714,30.0000,107.1429
521.4286,281.4286,30.0000,107.1429
517.1429,284.2857,30.0000,107.1429
512.8571,287.1429,30.0000,107.1429
505.7143,280.0000,30.0000,107.1429
501.4286,282.8571,30.0000,107.1429
497.1429,285.7143,30.0000,107.1429
492.8571,278.5714,30.0000,107.1429
488.5714,281.4286,30.0000,107.1429
484.2857,284.2857,30.0000,107.1429
480.0000,287.1429,30.0000,107.1429
475.7143,290.0000,30.0000,107.1429
471.4286,292.8571,30.0000,107.1429
467.1429,295.7143,30.0000,107.1429
468.5714,298.5714,30.0000,107.1429
467.1429,291.4286,30.0000,107.1429
471.4286,284.2857,30.0000,107.1429
475.7143,287.1429,30.0000,107.1429
482.8571,280.0000,30.0000,107.1429
490.0000,282.8571,30.0000,107.1429
497.1429,275.7143,30.0000,107.1429
504.2857,278.5714,30.0000,107.1429
508.5714,281.4286,30.0000,107.1429
515.7143,274.2857,30.0000,107.1429
520.0000,267.1429,30.0000,107.1429
524.2857,270.0000,30.0000,107.1429
528.5714,262.8571,30.0000,107.1429
532.8571,265.7143,30.0000,107.1429
540.0000,268.5714,30.0000,107.1429
541.4286,261.4286,30.0000,107.1429
545.7143,264.2857,30.0000,107.1429
547.1429,257.1429,30.0000,107.1429
548.5714,250.0000,30.0000,107.1429
550.0000,252.8571,30.0000,107.1429
551.4286,245.7143,30.0000,107.1429
550.0000,248.5714,30.0000,107.1429
548.5714,241.4286,30.0000,107.1429
547.1429,244.2857,30.0000,107.1429
545.7143,237.1429,30.0000,107.1429
541.4286,240.0000,30.0000,107.1429
534.2857,232.8571,30.0000,107.1429
530.0000,225.7143,30.0000,107.1429
525.7143,228.5714,30.0000,107.1429
521.4286,231.4286,30.0000,107.1429
514.2857,224.2857,30.0000,107.1429
510.0000,227.1429,30.0000,107.1429
502.8571,220.0000,30.0000,107.1429
498.5714,222.8571,30.0000,107.1429
491.4286,205.7143,30.0000,107.1429
484.2857,198.5714,30.0000,107.1429
480.0000,201.4286,30.0000,107.1429
475.7143,194.2857,30.0000,107.1429
468.5714,187.1429,30.0000,107.1429
467.1429,190.0000,30.0000,107.1429
462.8571,182.8571,30.0000,107.1429
461.4286,185.7143,30.0000,107.1429
457.1429,178.5714,30.0000,107.1429
458.5714,171.4286,30.0000,107.1429
460.0000,164.2857,30.0000,107.1429
461.4286,157.1429,30.0000,107.1429
465.7143,160.0000,30.0000,107.1429
470.0000,152.8571,30.0000,107.1429
477.1429,155.7143,30.0000,107.1429
484.2857,148.5714,30.0000,107.1429
491.4286,141.4286,30.0000,107.1429
501.4286,144.2857,30.0000,107.1429
511.4286,137.1429,30.0000,107.1429
521.4286,130.0000,30.0000,107.1429
531.4286,132.8571,30.0000,107.1429
544.2857,125.7143,30.0000,107.1429
557.1429,118.5714,30.0000,107.1429
570.0000,121.4286,30.0000,107.1429
582.8571,114.2857,30.0000,107.1429
595.7143,107.1429,30.0000,107.1429
611.4286,100.0000,30.0000,107.1429
624.2857,102.8571,30.0000,107.1429
637.1429,95.7143,30.0000,107.1429
652.8571,98.5714,30.0000,107.1429
662.8571,91.4286,30.0000,107.1429
672.8571,94.2857,30.0000,107.1429
682.8571,97.1429,30.0000,107.1429
692.8571,90.0000,30.0000,107.1429
700.0000,82.8571,30.0000,107.1429
707.1429,85.7143,30.0000,107.1429
714.2857,78.5714,30.0000,107.1429
718.5714,81.4286,30.0000,107.1429
722.8571,74.2857,30.0000,107.1429
724.2857,77.1429,30.0000,107.1429
725.7143,80.0000,30.0000,107.1429
727.1429,72.8571,30.0000,107.1429
728.5714,75.7143,30.0000,107.1429
727.1429,78.5714,30.0000,107.1429
722.8571,71.4286,30.0000,107.1429
721.4286,74.2857,30.0000,107.1429
717.1429,77.1429,30.0000,107.1429
715.7143,70.0000,30.0000,107.1429
711.4286,72.8571,30.0000,107.1429
707.1429,75.7143,30.0000,107.1429
705.7143,68.5714,30.0000,107.1429
704.2857,71.4286,30.0000,107.1429
700.0000,64.2857,30.0000,107.1429
695.7143,57.1429,30.0000,107.1429
694.2857,60.0000,30.0000,107.1429
690.0000,52.8571,30.0000,107.1429
688.5714,45.7143,30.0000,107.1429
687.1429,38.5714,30.0000,107.1429
685.7143,41.4286,30.0000,107.1429
681.4286,44.2857,30.0000,107.1429
680.0000,37.1429,30.0000,107.1429
675.7143,50.0000,30.0000,107.1429
674.2857,42.8571,30.0000,107.1429
672.8571,45.7143,30.0000,107.1429
671.4286,28.5714,30.0000,107.1429
667.1429,41.4286,30.0000,107.1429
665.7143,44.2857,30.0000,107.1429
664.2857,37.1429,30.0000,107.1429
660.0000,40.0000,30.0000,107.1429
658.5714,42.8571,30.0000,107.1429
657.1429,45.7143,30.0000,107.1429
652.8571,38.5714,30.0000,107.1429
651.4286,41.4286,30.0000,107.1429
650.0000,44.2857,30.0000,107.1429
645.7143,37.1429,30.0000,107.1429
644.2857,40.0000,30.0000,107.1429
642.8571,32.8571,30.0000,107.1429
641.4286,35.7143,30.0000,107.1429
640.0000,38.5714,30.0000,107.1429
635.7143,41.4286,30.0000,107.1429
634.2857,44.2857,30.0000,107.1429
632.8571,47.1429,30.0000,107.1429
631.4286,50.0000,30.0000,107.1429
630.0000,42.8571,30.0000,107.1429
631.4286,45.7143,30.0000,107.1429
632.8571,48.5714,30.0000,107.1429
640.0000,51.4286,30.0000,107.1429
647.1429,54.2857,30.0000,107.1429
657.1429,47.1429,30.0000,107.1429
667.1429,50.0000,30.0000,107.1429
677.1429,62.8571,30.0000,107.1429
690.0000,65.7143,30.0000,107.1429
700.0000,58.5714,30.0000,107.1429
712.8571,61.4286,30.0000,107.1429
725.7143,64.2857,30.0000,107.1429
738.5714,67.1429,30.0000,107.1429
751.4286,70.0000,30.0000,107.1429
764.2857,62.8571,30.0000,107.1429
777.1429,65.7143,30.0000,107.1429
787.1429,68.5714,30.0000,107.1429
794.2857,81.4286,30.0000,107.1429
804.2857,84.2857,30.0000,107.1429
811.4286,87.1429,30.0000,107.1429
818.5714,90.0000,30.0000,107.1429
825.7143,82.8571,30.0000,107.1429
832.8571,85.7143,30.0000,107.1429
837.1429,88.5714,30.0000,107.1429
841.4286,91.4286,30.0000,107.1429
842.8571,94.2857,30.0000,107.1429
844.2857,97.1429,30.0000,107.1429
842.8571,100.0000,30.0000,107.1429
841.4286,102.8571,30.0000,107.1429
840.0000,95.7143,30.0000,107.1429
838.5714,98.5714,30.0000,107.1429
834.2857,101.4286,30.0000,107.1429
832.8571,104.2857,30.0000,107.1429
828.5714,107.1429,30.0000,107.1429
827.1429,100.0000,30.0000,107.1429
822.8571,102.8571,30.0000,107.1429
821.4286,105.7143,30.0000,107.1429
820.0000,108.5714,30.0000,107.1429
815.7143,111.4286,30.0000,107.1429
814.2857,114.2857,30.0000,107.1429
810.0000,117.1429,30.0000,107.1429
808.5714,120.0000,30.0000,107.1429
804.2857,122.8571,30.0000,107.1429
802.8571,115.7143,30.0000,107.1429
798.5714,118.5714,30.0000,107.1429
797.1429,111.4286,30.0000,107.1429
792.8571,104.2857,30.0000,107.1429
791.4286,107.1429,30.0000,107.1429
787.1429,110.0000,30.0000,107.1429
782.8571,112.8571,30.0000,107.1429
781.4286,115.7143,30.0000,107.1429
777.1429,118.5714,30.0000,107.1429
772.8571,121.4286,30.0000,107.1429
768.5714,124.2857,30.0000,107.1429
764.2857,127.1429,30.0000,107.1429
760.0000,130.0000,30.0000,107.1429
755.7143,132.8571,30.0000,107.1429
751.4286,125.7143,30.0000,107.1429
747.1429,128.5714,30.0000,107.1429
742.8571,131.4286,30.0000,107.1429
738.5714,134.2857,30.0000,107.1429
734.2857,137.1429,30.0000,107.1429
730.0000,140.0000,30.0000,107.1429
722.8571,142.8571,30.0000,107.1429
721.4286,145.7143,30.0000,107.1429
714.2857,138.5714,30.0000,107.1429
710.0000,141.4286,30.0000,107.1429
705.7143,144.2857,30.0000,107.1429
701.4286,137.1429,30.0000,107.1429
697.1429,140.0000,30.0000,107.1429
692.8571,142.8571,30.0000,107.1429
688.5714,145.7143,30.0000,107.1429
684.2857,148.5714,30.0000,107.1429
680.0000,151.4286,30.0000,107.1429
675.7143,154.2857,30.0000,107.1429
668.5714,147.1429,30.0000,107.1429
661.4286,150.0000,30.0000,107.1429
657.1429,152.8571,30.0000,107.1429
652.8571,155.7143,30.0000,107.1429
651.4286,158.5714,30.0000,107.1429
652.8571,161.4286,30.0000,107.1429
654.2857,164.2857,30.0000,107.1429
658.5714,167.1429,30.0000,107.1429
657.1429,180.0000,30.0000,107.1429
658.5714,182.8571,30.0000,107.1429
662.8571,185.7143,30.0000,107.1429
670.0000,188.5714,30.0000,107.1429
674.2857,191.4286,30.0000,107.1429
681.4286,194.2857,30.0000,107.1429
688.5714,197.1429,30.0000,107.1429
695.7143,200.0000,30.0000,107.1429
702.8571,202.8571,30.0000,107.1429
707.1429,205.7143,30.0000,107.1429
708.5714,208.5714,30.0000,107.1429
710.0000,211.4286,30.0000,107.1429
714.2857,224.2857,30.0000,107.1429
718.5714,227.1429,30.0000,107.1429
731.4286,230.0000,30.0000,107.1429
732.8571,232.8571,30.0000,107.1429
737.1429,235.7143,30.0000,107.1429
744.2857,238.5714,30.0000,107.1429
751.4286,241.4286,30.0000,107.1429
758.5714,254.2857,30.0000,107.1429
765.7143,267.1429,30.0000,107.1429
775.7143,270.0000,30.0000,107.1429
785.7143,282.8571,30.0000,107.1429
798.5714,285.7143,30.0000,107.1429
808.5714,298.5714,30.0000,107.1429
815.7143,311.4286,30.0000,107.1429
825.7143,314.2857,30.0000,107.1429
832.8571,327.1429,30.0000,107.1429
845.7143,340.0000,30.0000,107.1429
858.5714,342.8571,30.0000,107.1429
868.5714,355.7143,30.0000,107.1429
878.5714,368.5714,30.0000,107.1429
885.7143,391.4286,30.0000,107.1429
895.7143,404.2857,30.0000,107.1429
902.8571,417.1429,30.0000,107.1429
912.8571,440.0000,30.0000,107.1429
920.0000,452.8571,30.0000,107.1429
932.8571,465.7143,30.0000,107.1429
948.5714,488.5714,30.0000,107.1429
961.4286,501.4286,30.0000,107.1429
974.2857,524.2857,30.0000,107.1429
984.2857,547.1429,30.0000,107.1429
997.1429,560.0000,30.0000,107.1429
1007.1429,582.8571,30.0000,107.1429
1011.4286,605.7143,30.0000,107.1429
1018.5714,618.5714,30.0000,107.1429
2
0
0
0
0
0
2
0
0
0
0
0
2
0
0
0
0
0
2
0
0
0
0
0
2
0
0
0
0
0
2
0
0
0
0
0
2
0
0
0
0
0
2
0
0
0
0
0
2
0
0
0
0
0
2
0
0
0
0
0
2
0
0
0
0
0
2
0
0
0
0
0
2
0
0
0
0
0
2
0
0
0
0
0
2
0
0
0
0
0
2
0
0
0
0
0
2
0
0
0
0
0
2
0
0
0
0
0
2
0
0
0
0
0
2
0
0
0
0
0
2
0
0
0
0
0
2
0
0
0
0
0
2
0
0
0
0
0
2
0
0
0
0
0
2
0
0
0
0
0
2
0
0
0
0
0
2
0
0
0
0
0
2
0
0
0
0
0
2
0
0
0
0
0
2
0
0
0
0
0
2
0
0
0
0
0
2
0
0
0
0
0
2
0
0
0
0
0
2
0
0
0
0
0
2
0
0
0
0
0
2
0
0
0
0
0
2
0
0
0
0
0
2
0
0
0
0
0
2
0
0
0
0
0
2
0
0
0
0
0
2
0
0
0
0
0
2
0
0
0
0
0
2
0
0
0
0
0
2
0
0
0
0
0
2
0
0
0
0
0
2
0
0
0
0
0
2
0
0
0
0
0
2
0
0
0
0
0
2
0
0
0
0
0
2
0
0
0
0
0
2
0
0
0
0
0
2
0
0
0
0
0
2
0
0
0
0
0
2
0
0
0
0
0
2
0
0
0
0
0
2
0
0
0
0
0
2
0
0
0
0
0
2
0
0
0
0
0
2
0
0
0
0
0
2
0
0
0
0
0
2
0
0
0
0
0
2
0
0
0
0
0
2
0
0
0
0
0
2
0
0
0
0
0
2
0
0
0
0
0
2
0
0
0
0
0
2
0
0
0
0
0
2
0
0
0
0
0
2
0
0
0
0
0
2
0
0
0
0
0
2
0
0
0
0
0
2
0
0
0
0
0
2
0
0
0
0
0
2
0
0
0
0
0
2
0
0
0
0
0
2
0
0
0
0
0
2
0
0
0
0
0
2
0
0
0
0
0
2
0
0
0
0
0
2
0
0
0
0
0
2
0
0
0
0
0
2
0
0
0
0
0
2
0
0
0
0
0
2
0
0
0
0
0
2
0
0
0
0
0
2
0
0
0
0
0
2
0
0
0
0
0
2
0
0
0
0
0
2
0
0
0
0
0
2
0
0
0
0
0
2
0
0
0
0
0
2
0
0
0
0
0
2
0
0
