1
492.0000,245.0000,82.0000,302.0000
490.0000,244.0000,82.0000,302.0000
488.0000,242.0000,82.0000,302.0000
486.0000,241.0000,82.0000,302.0000
484.0000,239.0000,82.0000,302.0000
482.0000,238.0000,82.0000,302.0000
482.0000,239.0000,82.0000,302.0000
483.0000,241.0000,82.0000,302.0000
483.0000,242.0000,82.0000,302.0000
482.0000,243.0000,82.0000,302.0000
482.0000,245.0000,82.0000,302.0000
481.0000,247.0000,82.0000,302.0000
480.0000,248.0000,82.0000,302.0000
479.0000,248.0000,82.0000,302.0000
478.0000,249.0000,82.0000,302.0000
478.0000,250.0000,82.0000,302.0000
477.0000,250.0000,82.0000,302.0000
476.0000,251.0000,82.0000,302.0000
476.0000,251.0000,82.0000,302.0000
475.0000,251.0000,82.0000,302.0000
474.0000,252.0000,82.0000,302.0000
475.0000,251.0000,82.0000,302.0000
474.0000,251.0000,82.0000,302.0000
472.0000,250.0000,82.0000,302.0000
471.0000,248.0000,82.0000,302.0000
471.0000,247.0000,82.0000,302.0000
470.0000,246.0000,82.0000,302.0000
469.0000,245.0000,82.0000,302.0000
469.0000,244.0000,82.0000,302.0000
469.0000,242.0000,82.0000,302.0000
468.0000,241.0000,82.0000,302.0000
467.0000,240.0000,82.0000,302.0000
467.0000,239.0000,82.0000,302.0000
466.0000,239.0000,82.0000,302.0000
466.0000,238.0000,82.0000,302.0000
466.0000,238.0000,82.0000,302.0000
466.0000,238.0000,82.0000,302.0000
466.0000,237.0000,82.0000,302.0000
467.0000,237.0000,82.0000,302.0000
467.0000,237.0000,82.0000,302.0000
468.0000,236.0000,82.0000,302.0000
468.0000,236.0000,82.0000,302.0000
469.0000,236.0000,82.0000,302.0000
469.0000,235.0000,82.0000,302.0000
470.0000,235.0000,82.0000,302.0000
470.0000,235.0000,82.0000,302.0000
470.0000,235.0000,82.0000,302.0000
470.0000,235.0000,82.0000,302.0000
471.0000,235.0000,82.0000,302.0000
471.0000,235.0000,82.0000,302.0000
471.0000,235.0000,82.0000,302.0000
471.0000,235.0000,82.0000,302.0000
471.0000,235.0000,82.0000,302.0000
472.0000,235.0000,82.0000,302.0000
472.0000,234.0000,82.0000,302.0000
472.0000,233.0000,82.0000,302.0000
472.0000,233.0000,82.0000,302.0000
472.0000,232.0000,82.0000,302.0000
472.0000,231.0000,82.0000,302.0000
472.0000,230.0000,82.0000,302.0000
472.0000,229.0000,82.0000,302.0000
472.0000,229.0000,82.0000,302.0000
472.0000,228.0000,82.0000,302.0000
472.0000,228.0000,82.0000,302.0000
472.0000,227.0000,82.0000,302.0000
472.0000,227.0000,82.0000,302.0000
472.0000,226.0000,82.0000,302.0000
472.0000,226.0000,82.0000,302.0000
472.0000,226.0000,82.0000,302.0000
472.0000,226.0000,82.0000,302.0000
472.0000,225.0000,82.0000,302.0000
472.0000,225.0000,82.0000,302.0000
471.0000,225.0000,82.0000,302.0000
471.0000,225.0000,82.0000,302.0000
471.0000,225.0000,82.0000,302.0000
471.0000,224.0000,82.0000,302.0000
471.0000,224.0000,82.0000,302.0000
471.0000,223.0000,82.0000,302.0000
471.0000,223.0000,82.0000,302.0000
469.0000,223.0000,82.0000,302.0000
468.0000,222.0000,82.0000,302.0000
468.0000,221.0000,82.0000,302.0000
467.0000,220.0000,82.0000,302.0000
467.0000,219.0000,82.0000,302.0000
466.0000,218.0000,82.0000,302.0000
465.0000,217.0000,82.0000,302.0000
465.0000,215.0000,82.0000,302.0000
464.0000,214.0000,82.0000,302.0000
464.0000,213.0000,82.0000,302.0000
464.0000,211.0000,82.0000,302.0000
464.0000,210.0000,82.0000,302.0000
464.0000,209.0000,82.0000,302.0000
465.0000,208.0000,82.0000,302.0000
465.0000,208.0000,82.0000,302.0000
466.0000,207.0000,82.0000,302.0000
466.0000,206.0000,82.0000,302.0000
467.0000,206.0000,82.0000,302.0000
467.0000,205.0000,82.0000,302.0000
468.0000,205.0000,82.0000,302.0000
469.0000,204.0000,82.0000,302.0000
470.0000,204.0000,82.0000,302.0000
470.0000,203.0000,82.0000,302.0000
471.0000,202.0000,82.0000,302.0000
471.0000,202.0000,82.0000,302.0000
471.0000,202.0000,82.0000,302.0000
471.0000,201.0000,82.0000,302.0000
472.0000,201.0000,82.0000,302.0000
473.0000,200.0000,82.0000,302.0000
474.0000,200.0000,82.0000,302.0000
474.0000,200.0000,82.0000,302.0000
475.0000,199.0000,82.0000,302.0000
475.0000,199.0000,82.0000,302.0000
476.0000,199.0000,82.0000,302.0000
478.0000,198.0000,82.0000,302.0000
480.0000,197.0000,82.0000,302.0000
481.0000,197.0000,82.0000,302.0000
482.0000,197.0000,82.0000,302.0000
482.0000,196.0000,82.0000,302.0000
483.0000,196.0000,82.0000,302.0000
484.0000,196.0000,82.0000,302.0000
485.0000,196.0000,82.0000,302.0000
486.0000,196.0000,82.0000,302.0000
487.0000,196.0000,82.0000,302.0000
488.0000,195.0000,82.0000,302.0000
489.0000,195.0000,82.0000,302.0000
490.0000,194.0000,82.0000,302.0000
491.0000,193.0000,82.0000,302.0000
493.0000,192.0000,82.0000,302.0000
494.0000,191.0000,82.0000,302.0000
496.0000,189.0000,82.0000,302.0000
496.0000,188.0000,82.0000,302.0000
495.0000,189.0000,82.0000,302.0000
496.0000,191.0000,82.0000,302.0000
498.0000,189.0000,82.0000,302.0000
500.0000,191.0000,82.0000,302.0000
502.0000,192.0000,82.0000,302.0000
504.0000,192.0000,82.0000,302.0000
506.0000,191.0000,82.0000,302.0000
508.0000,190.0000,82.0000,302.0000
510.0000,189.0000,82.0000,302.0000
511.0000,189.0000,82.0000,302.0000
511.0000,188.0000,82.0000,302.0000
511.0000,187.0000,82.0000,302.0000
511.0000,187.0000,82.0000,302.0000
512.0000,186.0000,82.0000,302.0000
513.0000,186.0000,82.0000,302.0000
513.0000,185.0000,82.0000,302.0000
514.0000,184.0000,82.0000,302.0000
515.0000,183.0000,82.0000,302.0000
515.0000,183.0000,82.0000,302.0000
514.0000,182.0000,82.0000,302.0000
513.0000,181.0000,82.0000,302.0000
513.0000,180.0000,82.0000,302.0000
513.0000,180.0000,82.0000,302.0000
513.0000,180.0000,82.0000,302.0000
513.0000,179.0000,82.0000,302.0000
513.0000,179.0000,82.0000,302.0000
512.0000,179.0000,82.0000,302.0000
512.0000,178.0000,82.0000,302.0000
511.0000,178.0000,82.0000,302.0000
511.0000,177.0000,82.0000,302.0000
510.0000,177.0000,82.0000,302.0000
509.0000,177.0000,82.0000,302.0000
508.0000,176.0000,82.0000,302.0000
507.0000,176.0000,82.0000,302.0000
506.0000,176.0000,82.0000,302.0000
505.0000,176.0000,82.0000,302.0000
504.0000,176.0000,82.0000,302.0000
503.0000,176.0000,82.0000,302.0000
502.0000,177.0000,82.0000,302.0000
502.0000,177.0000,82.0000,302.0000
501.0000,176.0000,82.0000,302.0000
499.0000,175.0000,82.0000,302.0000
497.0000,174.0000,82.0000,302.0000
495.0000,173.0000,82.0000,302.0000
492.0000,173.0000,82.0000,302.0000
489.0000,172.0000,82.0000,302.0000
487.0000,172.0000,82.0000,302.0000
484.0000,172.0000,82.0000,302.0000
481.0000,172.0000,82.0000,302.0000
478.0000,172.0000,82.0000,302.0000
475.0000,173.0000,82.0000,302.0000
472.0000,174.0000,82.0000,302.0000
469.0000,175.0000,82.0000,302.0000
464.0000,174.0000,82.0000,302.0000
460.0000,173.0000,82.0000,302.0000
456.0000,173.0000,82.0000,302.0000
452.0000,174.0000,82.0000,302.0000
448.0000,174.0000,82.0000,302.0000
443.0000,174.0000,82.0000,302.0000
439.0000,174.0000,82.0000,302.0000
434.0000,175.0000,82.0000,302.0000
429.0000,175.0000,82.0000,302.0000
424.0000,177.0000,82.0000,302.0000
418.0000,179.0000,82.0000,302.0000
413.0000,181.0000,82.0000,302.0000
407.0000,181.0000,82.0000,302.0000
400.0000,177.0000,82.0000,302.0000
394.0000,178.0000,82.0000,302.0000
386.0000,180.0000,82.0000,302.0000
380.0000,181.0000,82.0000,302.0000
374.0000,181.0000,82.0000,302.0000
370.0000,181.0000,82.0000,302.0000
367.0000,182.0000,82.0000,302.0000
364.0000,182.0000,82.0000,302.0000
361.0000,182.0000,82.0000,302.0000
359.0000,183.0000,82.0000,302.0000
357.0000,183.0000,82.0000,302.0000
355.0000,184.0000,82.0000,302.0000
352.0000,185.0000,82.0000,302.0000
350.0000,185.0000,82.0000,302.0000
348.0000,186.0000,82.0000,302.0000
346.0000,187.0000,82.0000,302.0000
344.0000,188.0000,82.0000,302.0000
342.0000,189.0000,82.0000,302.0000
340.0000,190.0000,82.0000,302.0000
338.0000,191.0000,82.0000,302.0000
337.0000,192.0000,82.0000,302.0000
335.0000,193.0000,82.0000,302.0000
333.0000,195.0000,82.0000,302.0000
331.0000,196.0000,82.0000,302.0000
329.0000,197.0000,82.0000,302.0000
326.0000,198.0000,82.0000,302.0000
324.0000,198.0000,82.0000,302.0000
321.0000,199.0000,82.0000,302.0000
319.0000,199.0000,82.0000,302.0000
317.0000,199.0000,82.0000,302.0000
315.0000,198.0000,82.0000,302.0000
311.0000,199.0000,82.0000,302.0000
306.0000,199.0000,82.0000,302.0000
302.0000,200.0000,82.0000,302.0000
298.0000,201.0000,82.0000,302.0000
294.0000,202.0000,82.0000,302.0000
290.0000,203.0000,82.0000,302.0000
285.0000,205.0000,82.0000,302.0000
280.0000,207.0000,82.0000,302.0000
276.0000,209.0000,82.0000,302.0000
271.0000,211.0000,82.0000,302.0000
266.0000,212.0000,82.0000,302.0000
258.0000,214.0000,82.0000,302.0000
251.0000,215.0000,82.0000,302.0000
244.0000,216.0000,82.0000,302.0000
237.0000,216.0000,82.0000,302.0000
229.0000,216.0000,82.0000,302.0000
219.0000,215.0000,82.0000,302.0000
212.0000,214.0000,82.0000,302.0000
205.0000,213.0000,82.0000,302.0000
200.0000,213.0000,82.0000,302.0000
194.0000,213.0000,82.0000,302.0000
187.0000,214.0000,82.0000,302.0000
182.0000,214.0000,82.0000,302.0000
177.0000,215.0000,82.0000,302.0000
172.0000,216.0000,82.0000,302.0000
167.0000,218.0000,82.0000,302.0000
162.0000,221.0000,82.0000,302.0000
158.0000,223.0000,82.0000,302.0000
155.0000,225.0000,82.0000,302.0000
152.0000,227.0000,82.0000,302.0000
147.0000,228.0000,82.0000,302.0000
142.0000,229.0000,82.0000,302.0000
137.0000,228.0000,82.0000,302.0000
133.0000,227.0000,82.0000,302.0000
129.0000,226.0000,82.0000,302.0000
125.0000,225.0000,82.0000,302.0000
120.0000,224.0000,82.0000,302.0000
115.0000,223.0000,82.0000,302.0000
111.0000,223.0000,82.0000,302.0000
107.0000,223.0000,82.0000,302.0000
104.0000,223.0000,82.0000,302.0000
99.0000,224.0000,82.0000,302.0000
97.0000,225.0000,82.0000,302.0000
96.0000,225.0000,82.0000,302.0000
94.0000,226.0000,82.0000,302.0000
93.0000,227.0000,82.0000,302.0000
90.0000,228.0000,82.0000,302.0000
87.0000,228.0000,82.0000,302.0000
85.0000,228.0000,82.0000,302.0000
85.0000,226.0000,82.0000,302.0000
167.0000,528.0000,82.0000,302.0000
2
0
0
0
0
0
2
0
0
0
0
0
2
0
0
0
0
0
2
0
0
0
0
0
2
0
0
0
0
0
2
0
0
0
0
0
2
0
0
0
0
0
2
0
0
0
0
0
2
0
0
0
0
0
2
0
0
0
0
0
2
0
0
0
0
0
2
0
0
0
0
0
2
0
0
0
0
0
2
0
0
0
0
0
2
0
0
0
0
0
2
0
0
0
0
0
2
0
0
0
0
0
2
0
0
0
0
0
2
0
0
0
0
0
2
0
0
0
0
0
2
0
0
0
0
0
2
0
0
0
0
0
2
0
0
0
0
0
2
0
0
0
0
0
2
0
0
0
0
0
2
0
0
0
0
0
2
0
0
0
0
0
2
0
0
0
0
0
2
0
0
0
0
0
2
0
0
0
0
0
2
0
0
0
0
0
2
0
0
0
0
0
2
0
0
0
0
0
2
0
0
0
0
0
2
0
0
0
0
0
2
0
0
0
0
0
2
0
0
0
0
0
2
0
0
0
0
0
2
0
0
0
0
0
2
0
0
0
0
0
2
0
0
0
0
0
2
0
0
0
0
0
2
0
0
0
0
0
2
0
0
0
0
0
2
0
0
0
0
0
2
0
0
0
0
0
2
0
0
0
0
0
2
0
0
0
0
0
2
0
0
0
0
0
2
0
0
0
0
0
2
0
0
0
0
0
2
0
0
0
0
0
2
0
0
0
0
0
2
0
0
0
0
0
2
0
0
0
0
0
2
0
0
0
0
0
2
0
0
0
0
0
2
0
0
0
0
0
2
0
0
0
0
0
2
0
0
0
0
0
2
0
0
0
0
0
2
0
0
0
0
0
2
0
0
0
0
0
2
0
0
0
0
0
2
0
0
0
0
0
2
0
0
0
0
0
2
0
0
0
0
0
2
0
0
0
0
0
2
0
0
0
0
0
2
0
0
0
0
0
2
0
0
0
0
0
2
0
0
0
0
0
2
0
0
0
0
0
2
0
0
0
0
0
2
0
0
0
0
0
2
0
0
0
0
0
2
0
0
0
0
0
2
0
0
0
0
0
2
0
0
0
0
0
2
0
0
0
0
0
2
0
0
0
0
0
2
0
0
0
0
0
2
0
0
0
0
0
2
0
0
0
0
0
2
0
0
0
0
0
2
0
0
0
0
0
2
0
0
0
0
0
2
0
0
0
0
0
2
0
0
0
0
0
2
0
0
0
0
0
2
0
0
0
0
0
2
0
0
0
0
0
2
0
0
0
0
0
2
0
0
0
0
0
2
0
0
0
0
0
2
0
0
0
0
0
2
0
0
0
0
0
2
0
0
0
0
0
2
0
0
0
0
0
2
0
0
0
0
0
2
0
0
0
0
0
2
0
0
0
0
0
2
0
0
0
0
0
2
0
0
0
0
0
2
0
0
0
0
0
2
0
0
0
0
0
2
0
0
0
0
0
2
0
0
0
0
0
2
0
0
0
0
0
2
0
0
0
0
0
2
0
0
0
0
0
2
0
0
0
0
0
2
0
0
0
0
0
2
0
0
0
0
0
2
0
0
0
0
0
2
0
0
0
0
0
2
0
0
0
0
0
2
0
0
0
0
0
2
0
0
0
0
0
2
0
0
0
0
0
2
0
0
0
0
0
2
0
0
0
0
0
2
0
0
0
0
0
2
0
0
0
0
0
2
0
0
0
0
0
2
0
0
0
0
0
2
0
0
0
0
0
2
0
0
0
0
0
2
0
0
0
0
0
2
0
0
0
0
0
2
0
0
0
0
0
2
0
0
0
0
0
2
0
0
0
0
0
2
0
0
0
0
0
2
0
0
0
0
0
2
0
0
0
0
0
2
0
0
0
0
0
2
0
0
0
0
0
2
0
0
0
0
0
2
0
0
0
0
0
2
0
0
0
0
0
2
0
0
0
0
0
2
0
0
0
0
0
2
0
0
0
0
0
2
0
0
0
0
0
2
0
0
0
0
0
2
0
0
0
0
0
2
0
0
0
0
0
2
0
0
0
0
0
2
0
0
0
0
0
2
0
0
0
0
0
2
0
0
0
0
0
2
0
0
0
0
0
2
0
0
0
0
0
2
0
0
0
0
0
2
0
0
0
0
0
2
0
0
0
0
0
2
0
0
0
0
0
2
0
0
0
0
0
2
0
0
0
0
0
2
0
0
0
0
0
2
0
0
0
0
0
2
0
0
0
0
0
2
0
0
0
0
0
2
0
0
0
0
0
2
0
0
0
0
0
2
0
0
0
0
0
2
0
0
0
0
0
2
0
0
0
0
0
2
0
0
0
0
0
2
0
0
0
0
0
2
0
0
0
0
0
2
0
0
0
0
0
2
0
0
0
0
0
2
0
0
0
0
0
2
0
0
0
0
0
2
0
0
0
0
0
2
0
0
0
0
0
2
0
0
0
0
0
2
0
0
0
0
0
2
0
0
0
0
0
2
0
0
0
0
0
2
0
0
0
0
0
2
0
0
0
0
0
2
0
0
0
0
0
2
0
0
