1
95.5000,290.5000,49.0000,29.0000
115.0000,289.0000,49.0000,29.0000
133.5000,289.5000,49.0000,29.0000
150.0000,289.0000,49.0000,29.0000
166.5000,288.5000,49.0000,29.0000
180.0000,285.0000,49.0000,29.0000
194.5000,281.5000,49.0000,29.0000
195.0000,281.0000,49.0000,29.0000
208.5000,277.5000,49.0000,29.0000
220.0000,274.0000,49.0000,29.0000
231.5000,270.5000,49.0000,29.0000
244.0000,268.0000,49.0000,29.0000
255.5000,265.5000,49.0000,29.0000
265.0000,265.0000,49.0000,29.0000
276.5000,263.5000,49.0000,29.0000
282.0000,261.0000,49.0000,29.0000
292.5000,256.5000,49.0000,29.0000
300.0000,252.0000,49.0000,29.0000
306.5000,248.5000,49.0000,29.0000
314.0000,243.0000,49.0000,29.0000
318.5000,249.5000,49.0000,29.0000
319.0000,249.0000,49.0000,29.0000
309.5000,249.5000,49.0000,29.0000
300.0000,249.0000,49.0000,29.0000
2
0
0
0
0
0
2
0
0
0
0
0
2
0
0
0
0
0
2
0
0
0
0
0
2
0
0
0
0
0
2
0
0
0
0
0
2
0
0
0
0
0
2
0
0
0
0
0
2
0
0
0
0
0
2
0
0
0
0
0
2
0
0
0
0
0
2
0
0
0
0
0
2
0
0
0
0
0
2
0
0
0
0
0
2
0
0
0
0
0
2
0
0
0
0
0
2
0
0
0
0
0
2
0
0
0
0
0
2
0
0
0
0
0
2
0
0
0
0
0
2
0
0
0
0
0
2
0
0
0
0
0
2
0
0
0
0
0
2
0
0
0
0
0
2
0
0
0
0
0
2
0
0
0
0
0
2
0
0
0
0
0
2
0
0
0
0
0
2
0
0
0
0
0
2
0
0
0
0
0
2
0
0
0
0
0
2
0
0
0
0
0
2
0
0
0
0
0
2
0
0
0
0
0
2
0
0
0
0
0
2
0
0
0
0
0
2
0
0
0
0
0
2
0
0
0
0
0
2
0
0
0
0
0
2
0
0
0
0
0
2
0
0
0
0
0
2
0
0
0
0
0
2
0
0
0
0
0
2
0
0
0
0
0
2
0
0
0
0
0
2
0
0
0
0
0
