1
386.0000,285.0000,18.0000,11.0000
386.0000,285.0000,18.0000,11.0000
386.0000,285.0000,18.0000,11.0000
386.0000,285.0000,18.0000,11.0000
386.0000,285.0000,18.0000,11.0000
386.0000,285.0000,18.0000,11.0000
387.0000,285.0000,18.0000,11.0000
387.0000,285.0000,18.0000,11.0000
387.0000,285.0000,18.0000,11.0000
387.0000,286.0000,18.0000,11.0000
387.0000,286.0000,18.0000,11.0000
387.0000,286.0000,18.0000,11.0000
387.0000,286.0000,18.0000,11.0000
387.0000,286.0000,18.0000,11.0000
387.0000,286.0000,18.0000,11.0000
387.0000,286.0000,18.0000,11.0000
387.0000,286.0000,18.0000,11.0000
387.0000,287.0000,18.0000,11.0000
387.0000,287.0000,18.0000,11.0000
387.0000,287.0000,18.0000,11.0000
387.0000,287.0000,18.0000,11.0000
387.0000,287.0000,18.0000,11.0000
387.0000,287.0000,18.0000,11.0000
387.0000,288.0000,18.0000,11.0000
386.0000,288.0000,18.0000,11.0000
386.0000,288.0000,18.0000,11.0000
386.0000,288.0000,18.0000,11.0000
386.0000,288.0000,18.0000,11.0000
386.0000,288.0000,18.0000,11.0000
386.0000,289.0000,18.0000,11.0000
386.0000,289.0000,18.0000,11.0000
386.0000,289.0000,18.0000,11.0000
386.0000,289.0000,18.0000,11.0000
385.0000,289.0000,18.0000,11.0000
385.0000,290.0000,18.0000,11.0000
385.0000,290.0000,18.0000,11.0000
385.0000,290.0000,18.0000,11.0000
384.0000,290.0000,18.0000,11.0000
384.0000,290.0000,18.0000,11.0000
384.0000,290.0000,18.0000,11.0000
384.0000,291.0000,18.0000,11.0000
384.0000,291.0000,18.0000,11.0000
384.0000,291.0000,18.0000,11.0000
383.0000,292.0000,18.0000,11.0000
383.0000,292.0000,18.0000,11.0000
383.0000,292.0000,18.0000,11.0000
382.0000,293.0000,18.0000,11.0000
382.0000,293.0000,18.0000,11.0000
382.0000,293.0000,18.0000,11.0000
382.0000,293.0000,18.0000,11.0000
381.0000,294.0000,18.0000,11.0000
381.0000,294.0000,18.0000,11.0000
381.0000,294.0000,18.0000,11.0000
380.0000,294.0000,18.0000,11.0000
380.0000,295.0000,18.0000,11.0000
379.0000,295.0000,18.0000,11.0000
379.0000,295.0000,18.0000,11.0000
379.0000,295.0000,18.0000,11.0000
379.0000,295.0000,18.0000,11.0000
378.0000,296.0000,18.0000,11.0000
378.0000,296.0000,18.0000,11.0000
377.0000,296.0000,18.0000,11.0000
377.0000,296.0000,18.0000,11.0000
376.0000,297.0000,18.0000,11.0000
376.0000,297.0000,18.0000,11.0000
376.0000,297.0000,18.0000,11.0000
375.0000,298.0000,18.0000,11.0000
375.0000,298.0000,18.0000,11.0000
374.0000,298.0000,18.0000,11.0000
374.0000,298.0000,18.0000,11.0000
373.0000,299.0000,18.0000,11.0000
373.0000,299.0000,18.0000,11.0000
372.0000,299.0000,18.0000,11.0000
372.0000,299.0000,18.0000,11.0000
372.0000,299.0000,18.0000,11.0000
371.0000,300.0000,18.0000,11.0000
371.0000,300.0000,18.0000,11.0000
371.0000,300.0000,18.0000,11.0000
370.0000,300.0000,18.0000,11.0000
370.0000,300.0000,18.0000,11.0000
369.0000,300.0000,18.0000,11.0000
369.0000,300.0000,18.0000,11.0000
369.0000,300.0000,18.0000,11.0000
368.0000,301.0000,18.0000,11.0000
368.0000,301.0000,18.0000,11.0000
368.0000,301.0000,18.0000,11.0000
368.0000,301.0000,18.0000,11.0000
368.0000,301.0000,18.0000,11.0000
368.0000,301.0000,18.0000,11.0000
368.0000,301.0000,18.0000,11.0000
368.0000,301.0000,18.0000,11.0000
368.0000,301.0000,18.0000,11.0000
368.0000,302.0000,18.0000,11.0000
368.0000,302.0000,18.0000,11.0000
369.0000,302.0000,18.0000,11.0000
369.0000,302.0000,18.0000,11.0000
369.0000,302.0000,18.0000,11.0000
370.0000,302.0000,18.0000,11.0000
370.0000,302.0000,18.0000,11.0000
370.0000,302.0000,18.0000,11.0000
371.0000,302.0000,18.0000,11.0000
371.0000,302.0000,18.0000,11.0000
371.0000,302.0000,18.0000,11.0000
372.0000,302.0000,18.0000,11.0000
372.0000,302.0000,18.0000,11.0000
372.0000,302.0000,18.0000,11.0000
373.0000,302.0000,18.0000,11.0000
373.0000,303.0000,18.0000,11.0000
373.0000,303.0000,18.0000,11.0000
373.0000,303.0000,18.0000,11.0000
373.0000,304.0000,18.0000,11.0000
374.0000,304.0000,18.0000,11.0000
374.0000,304.0000,18.0000,11.0000
374.0000,303.0000,18.0000,11.0000
374.0000,302.0000,18.0000,11.0000
374.0000,302.0000,18.0000,11.0000
374.0000,302.0000,18.0000,11.0000
375.0000,302.0000,18.0000,11.0000
2
0
0
0
0
0
2
0
0
0
0
0
2
0
0
0
0
0
2
0
0
0
0
0
2
0
0
0
0
0
2
0
0
0
0
0
2
0
0
0
0
0
2
0
0
0
0
0
2
0
0
0
0
0
2
0
0
0
0
0
2
0
0
0
0
0
2
0
0
0
0
0
2
0
0
0
0
0
2
0
0
0
0
0
2
0
0
0
0
0
2
0
0
0
0
0
2
0
0
0
0
0
2
0
0
0
0
0
2
0
0
0
0
0
2
0
0
0
0
0
2
0
0
0
0
0
2
0
0
0
0
0
2
0
0
0
0
0
2
0
0
0
0
0
2
0
0
0
0
0
2
0
0
0
0
0
2
0
0
0
0
0
2
0
0
0
0
0
2
0
0
0
0
0
2
0
0
0
0
0
2
0
0
0
0
0
2
0
0
0
0
0
2
0
0
0
0
0
2
0
0
0
0
0
2
0
0
0
0
0
2
0
0
0
0
0
2
0
0
0
0
0
2
0
0
0
0
0
2
0
0
0
0
0
2
0
0
0
0
0
2
0
0
0
0
0
2
0
0
0
0
0
2
0
0
0
0
0
2
0
0
0
0
0
2
0
0
0
0
0
2
0
0
0
0
0
2
0
0
0
0
0
2
0
0
0
0
0
2
0
0
0
0
0
2
0
0
0
0
0
2
0
0
0
0
0
2
0
0
0
0
0
2
0
0
0
0
0
2
0
0
0
0
0
2
0
0
0
0
0
2
0
0
0
0
0
2
0
0
0
0
0
2
0
0
0
0
0
2
0
0
0
0
0
2
0
0
0
0
0
2
0
0
0
0
0
2
0
0
0
0
0
2
0
0
0
0
0
2
0
0
0
0
0
2
0
0
0
0
0
2
0
0
0
0
0
2
0
0
0
0
0
2
0
0
0
0
0
2
0
0
0
0
0
2
0
0
0
0
0
2
0
0
0
0
0
2
0
0
0
0
0
2
0
0
0
0
0
2
0
0
0
0
0
2
0
0
0
0
0
2
0
0
0
0
0
2
0
0
0
0
0
2
0
0
0
0
0
2
0
0
0
0
0
2
0
0
0
0
0
2
0
0
0
0
0
2
0
0
0
0
0
2
0
0
0
0
0
2
0
0
0
0
0
2
0
0
0
0
0
2
0
0
0
0
0
2
0
0
0
0
0
2
0
0
0
0
0
2
0
0
0
0
0
358.0000,307.0000,18.0000,11.0000
359.0000,306.0000,18.0000,11.0000
360.0000,305.0000,18.0000,11.0000
361.0000,304.0000,18.0000,11.0000
362.0000,303.0000,18.0000,11.0000
363.0000,302.0000,18.0000,11.0000
365.0000,302.0000,18.0000,11.0000
367.0000,301.0000,18.0000,11.0000
369.0000,300.0000,18.0000,11.0000
371.0000,300.0000,18.0000,11.0000
374.0000,300.0000,18.0000,11.0000
376.0000,300.0000,18.0000,11.0000
379.0000,300.0000,18.0000,11.0000
382.0000,300.0000,18.0000,11.0000
385.0000,300.0000,18.0000,11.0000
387.0000,300.0000,18.0000,11.0000
390.0000,301.0000,18.0000,11.0000
392.0000,302.0000,18.0000,11.0000
394.0000,303.0000,18.0000,11.0000
396.0000,304.0000,18.0000,11.0000
397.0000,305.0000,18.0000,11.0000
398.0000,306.0000,18.0000,11.0000
399.0000,308.0000,18.0000,11.0000
399.0000,310.0000,18.0000,11.0000
399.0000,311.0000,18.0000,11.0000
398.0000,313.0000,18.0000,11.0000
397.0000,315.0000,18.0000,11.0000
395.0000,317.0000,18.0000,11.0000
393.0000,320.0000,18.0000,11.0000
391.0000,322.0000,18.0000,11.0000
389.0000,324.0000,18.0000,11.0000
386.0000,326.0000,18.0000,11.0000
382.0000,329.0000,18.0000,11.0000
378.0000,331.0000,18.0000,11.0000
375.0000,333.0000,18.0000,11.0000
371.0000,335.0000,18.0000,11.0000
370.0000,335.0000,18.0000,11.0000
369.0000,336.0000,18.0000,11.0000
371.0000,336.0000,18.0000,11.0000
370.0000,336.0000,18.0000,11.0000
369.0000,336.0000,18.0000,11.0000
2
0
0
0
0
0
2
0
0
0
0
0
368.0000,338.0000,18.0000,11.0000
369.0000,339.0000,18.0000,11.0000
376.0000,337.0000,18.0000,11.0000
386.0000,335.0000,18.0000,11.0000
398.0000,331.0000,18.0000,11.0000
407.0000,328.0000,18.0000,11.0000
416.0000,327.0000,18.0000,11.0000
423.0000,325.0000,18.0000,11.0000
430.0000,324.0000,18.0000,11.0000
437.0000,323.0000,18.0000,11.0000
438.0000,322.0000,18.0000,11.0000
437.0000,321.0000,18.0000,11.0000
437.0000,321.0000,18.0000,11.0000
436.0000,320.0000,18.0000,11.0000
434.0000,319.0000,18.0000,11.0000
433.0000,318.0000,18.0000,11.0000
433.0000,317.0000,18.0000,11.0000
433.0000,315.0000,18.0000,11.0000
432.0000,313.0000,18.0000,11.0000
433.0000,311.0000,18.0000,11.0000
434.0000,309.0000,18.0000,11.0000
436.0000,307.0000,18.0000,11.0000
438.0000,305.0000,18.0000,11.0000
440.0000,303.0000,18.0000,11.0000
444.0000,300.0000,18.0000,11.0000
446.0000,298.0000,18.0000,11.0000
450.0000,296.0000,18.0000,11.0000
454.0000,293.0000,18.0000,11.0000
459.0000,291.0000,18.0000,11.0000
465.0000,288.0000,18.0000,11.0000
470.0000,286.0000,18.0000,11.0000
476.0000,283.0000,18.0000,11.0000
482.0000,281.0000,18.0000,11.0000
487.0000,279.0000,18.0000,11.0000
493.0000,276.0000,18.0000,11.0000
499.0000,273.0000,18.0000,11.0000
503.0000,271.0000,18.0000,11.0000
505.0000,269.0000,18.0000,11.0000
509.0000,266.0000,18.0000,11.0000
512.0000,264.0000,18.0000,11.0000
516.0000,261.0000,18.0000,11.0000
518.0000,259.0000,18.0000,11.0000
521.0000,257.0000,18.0000,11.0000
524.0000,255.0000,18.0000,11.0000
529.0000,252.0000,18.0000,11.0000
531.0000,250.0000,18.0000,11.0000
534.0000,248.0000,18.0000,11.0000
537.0000,246.0000,18.0000,11.0000
539.0000,244.0000,18.0000,11.0000
543.0000,241.0000,18.0000,11.0000
547.0000,238.0000,18.0000,11.0000
550.0000,236.0000,18.0000,11.0000
553.0000,234.0000,18.0000,11.0000
555.0000,232.0000,18.0000,11.0000
557.0000,230.0000,18.0000,11.0000
559.0000,228.0000,18.0000,11.0000
563.0000,226.0000,18.0000,11.0000
565.0000,224.0000,18.0000,11.0000
568.0000,222.0000,18.0000,11.0000
571.0000,220.0000,18.0000,11.0000
574.0000,218.0000,18.0000,11.0000
577.0000,216.0000,18.0000,11.0000
579.0000,215.0000,18.0000,11.0000
582.0000,213.0000,18.0000,11.0000
584.0000,211.0000,18.0000,11.0000
588.0000,209.0000,18.0000,11.0000
589.0000,208.0000,18.0000,11.0000
592.0000,206.0000,18.0000,11.0000
593.0000,205.0000,18.0000,11.0000
596.0000,203.0000,18.0000,11.0000
599.0000,201.0000,18.0000,11.0000
600.0000,200.0000,18.0000,11.0000
603.0000,198.0000,18.0000,11.0000
604.0000,197.0000,18.0000,11.0000
604.0000,196.0000,18.0000,11.0000
606.0000,194.0000,18.0000,11.0000
607.0000,193.0000,18.0000,11.0000
609.0000,191.0000,18.0000,11.0000
610.0000,190.0000,18.0000,11.0000
611.0000,188.0000,18.0000,11.0000
610.0000,187.0000,18.0000,11.0000
610.0000,186.0000,18.0000,11.0000
610.0000,185.0000,18.0000,11.0000
610.0000,184.0000,18.0000,11.0000
609.0000,183.0000,18.0000,11.0000
608.0000,182.0000,18.0000,11.0000
607.0000,181.0000,18.0000,11.0000
605.0000,181.0000,18.0000,11.0000
603.0000,180.0000,18.0000,11.0000
602.0000,180.0000,18.0000,11.0000
600.0000,180.0000,18.0000,11.0000
597.0000,180.0000,18.0000,11.0000
595.0000,180.0000,18.0000,11.0000
593.0000,180.0000,18.0000,11.0000
592.0000,180.0000,18.0000,11.0000
591.0000,180.0000,18.0000,11.0000
590.0000,180.0000,18.0000,11.0000
588.0000,181.0000,18.0000,11.0000
585.0000,182.0000,18.0000,11.0000
583.0000,183.0000,18.0000,11.0000
582.0000,185.0000,18.0000,11.0000
580.0000,188.0000,18.0000,11.0000
579.0000,192.0000,18.0000,11.0000
576.0000,196.0000,18.0000,11.0000
576.0000,201.0000,18.0000,11.0000
573.0000,203.0000,18.0000,11.0000
570.0000,206.0000,18.0000,11.0000
2
0
0
0
0
0
2
0
0
0
0
0
2
0
0
0
0
0
2
0
0
0
0
0
2
0
0
0
0
0
2
0
0
0
0
0
2
0
0
0
0
0
2
0
0
0
0
0
2
0
0
0
0
0
2
0
0
0
0
0
2
0
0
0
0
0
2
0
0
0
0
0
2
0
0
0
0
0
2
0
0
0
0
0
2
0
0
0
0
0
2
0
0
0
0
0
2
0
0
0
0
0
2
0
0
0
0
0
2
0
0
0
0
0
2
0
0
0
0
0
2
0
0
0
0
0
2
0
0
0
0
0
2
0
0
0
0
0
2
0
0
0
0
0
2
0
0
0
0
0
2
0
0
0
0
0
2
0
0
0
0
0
2
0
0
0
0
0
2
0
0
0
0
0
2
0
0
0
0
0
2
0
0
0
0
0
2
0
0
0
0
0
2
0
0
0
0
0
2
0
0
0
0
0
2
0
0
0
0
0
2
0
0
0
0
0
2
0
0
0
0
0
2
0
0
0
0
0
2
0
0
0
0
0
2
0
0
0
0
0
2
0
0
0
