1
809.9543,163.8985,50.0914,111.2030
808.9047,161.7883,50.1907,111.4233
808.7602,160.4676,50.4796,112.0648
807.8133,159.5855,50.3734,111.8290
807.6622,157.2502,50.6755,112.4996
806.4848,155.8563,51.0304,113.2874
806.4921,154.8724,51.0159,113.2552
806.5457,153.9915,50.9085,113.0169
806.5881,154.0856,50.8238,112.8288
806.6031,153.1190,50.7937,112.7619
806.5784,152.0640,50.8433,112.8721
806.5409,150.9808,50.9182,113.0384
805.5048,149.9006,50.9904,113.1988
805.5070,149.9055,50.9860,113.1890
805.4070,148.6836,51.1859,113.6328
805.2302,147.2909,51.5397,114.4182
805.1454,146.1027,51.7093,114.7946
804.9774,144.7297,52.0453,115.5406
805.8984,143.5544,52.2033,115.8913
805.9731,142.7202,52.0538,115.5595
806.9098,140.5797,52.1805,115.8407
807.8564,139.4614,52.2871,116.0773
809.8392,138.4231,52.3215,116.1538
810.7975,137.3304,52.4051,116.3392
811.6909,136.0938,52.6182,116.8125
812.6739,135.0561,52.6522,116.8879
814.6635,134.0329,52.6731,116.9343
816.5104,133.6931,52.9792,117.6138
817.4691,132.6013,53.0619,117.7974
819.4597,132.5806,53.0805,117.8387
821.4253,132.5042,53.1494,117.9917
823.4051,131.4592,53.1899,118.0815
825.4878,131.6429,53.0244,117.7142
827.4608,131.5828,53.0785,117.8344
829.2734,131.1670,53.4531,118.6660
831.2437,131.1009,53.5127,118.7982
833.2684,131.1560,53.4631,118.6880
835.2302,131.0711,53.5396,118.8579
837.1980,129.9996,53.6040,119.0008
840.2548,130.1257,53.4904,118.7487
842.2772,129.1754,53.4456,118.6492
845.3050,128.2370,53.3901,118.5259
848.3144,127.2580,53.3712,118.4840
850.3395,127.3138,53.3209,118.3724
853.4514,126.5621,53.0972,117.8758
855.6115,125.9175,52.7770,117.1649
858.6146,125.9243,52.7709,117.1514
860.6429,124.9874,52.7141,117.0252
862.6529,124.0094,52.6942,116.9812
864.5777,123.8424,52.8447,117.3151
865.6752,123.0588,52.6497,116.8823
866.7020,123.1185,52.5959,116.7629
865.7692,123.2675,52.4617,116.4650
865.8648,122.4798,52.2704,116.0404
864.1414,123.0939,51.7172,114.8121
862.2438,122.3212,51.5124,114.3576
859.4893,122.8661,51.0215,113.2678
856.5617,122.0269,50.8766,112.9461
853.5815,121.0711,50.8369,112.8579
849.8920,121.7602,50.2160,111.4795
845.9153,120.8120,50.1693,111.3760
841.9316,119.8480,50.1369,111.3039
837.9006,118.7794,50.1987,111.4412
834.8484,117.6635,50.3031,111.6730
830.7262,115.3922,50.5476,112.2157
826.7344,114.4105,50.5311,112.1791
822.8688,113.7088,50.2623,111.5823
816.9772,111.9493,50.0457,111.1014
813.1151,111.2555,49.7698,110.4890
807.2227,110.4944,49.5546,110.0111
802.3100,109.6881,49.3801,109.6237
798.3348,108.7433,49.3304,109.5134
793.4221,107.9371,49.1557,109.1257
789.4035,107.8957,49.1930,109.2085
785.4449,106.9877,49.1102,109.0247
781.4382,105.9728,49.1236,109.0544
778.4513,106.0018,49.0975,108.9963
775.4636,105.0291,49.0729,108.9418
771.5330,105.1833,48.9340,108.6335
769.5314,104.1797,48.9372,108.6406
766.5803,104.2882,48.8395,108.4236
764.5767,104.2803,48.8465,108.4393
762.6331,103.4053,48.7339,108.1893
761.6056,103.3445,48.7888,108.3111
760.6144,102.3641,48.7711,108.2718
760.5834,101.2951,48.8333,108.4099
759.5984,100.3284,48.8032,108.3432
759.4777,99.0604,49.0447,108.8793
759.4273,97.9486,49.1454,109.1028
759.3790,96.8412,49.2421,109.3175
759.2632,95.5843,49.4736,109.8315
759.2402,94.5332,49.5197,109.9337
760.2099,93.4660,49.5802,110.0681
760.2411,92.5354,49.5177,109.9293
759.2907,91.6454,49.4186,109.7093
759.3911,91.8683,49.2177,109.2633
758.4471,90.9927,49.1057,109.0146
756.4793,90.0641,49.0414,108.8718
754.5807,90.2893,48.8385,108.4214
752.5271,89.1702,48.9458,108.6596
749.6202,89.3769,48.7596,108.2462
745.5982,88.3280,48.8036,108.3440
742.5959,87.3229,48.8082,108.3542
737.6371,87.4145,48.7257,108.1711
733.5516,86.2247,48.8967,108.5506
728.5175,85.1489,48.9650,108.7023
724.4333,83.9619,49.1334,109.0762
719.3967,82.8806,49.2067,109.2388
715.2207,81.4900,49.5585,110.0200
711.0523,79.1161,49.8954,110.7678
706.9591,76.9092,50.0818,111.1817
702.9596,75.9103,50.0808,111.1795
698.9229,73.8287,50.1544,111.3427
694.9573,72.9053,50.0854,111.1895
690.8782,71.7297,50.2435,111.5406
686.9174,70.8166,50.1652,111.3668
682.8002,69.5565,50.3995,111.8870
679.7919,68.5381,50.4161,111.9238
675.7286,67.3974,50.5429,112.2052
672.7673,67.4833,50.4655,112.0334
670.8482,66.6630,50.3036,111.6740
667.8184,66.5969,50.3632,111.8062
665.9517,66.8927,50.0967,111.2146
665.0109,66.0241,49.9783,110.9518
664.1234,66.2738,49.7533,110.4523
664.1208,66.2682,49.7584,110.4636
664.1532,66.3402,49.6936,110.3197
664.1436,65.3188,49.7128,110.3624
664.1039,65.2306,49.7922,110.5387
665.0706,65.1566,49.8589,110.6868
666.1034,65.2296,49.7932,110.5408
668.0415,64.0922,49.9170,110.8156
669.0537,64.1193,49.8925,110.7614
669.9752,62.9449,50.0496,111.1102
671.8560,61.6804,50.2880,111.6393
672.8077,60.5730,50.3847,111.8539
673.7412,59.4255,50.5176,112.1490
674.6716,59.2710,50.6568,112.4581
675.6819,59.2940,50.6361,112.4121
676.6127,58.1403,50.7745,112.7194
677.5575,58.0177,50.8850,112.9647
678.5654,58.0353,50.8691,112.9294
678.5346,57.9669,50.9307,113.0662
679.5527,58.0069,50.8947,112.9863
680.5151,57.9235,50.9698,113.1530
680.5281,57.9525,50.9437,113.0951
680.5449,58.9896,50.9103,113.0208
680.5322,58.9614,50.9357,113.0773
679.5758,59.0583,50.8484,112.8834
678.5474,58.9951,50.9053,113.0097
676.6077,60.1290,50.7847,112.7421
674.6044,60.1218,50.7912,112.7564
671.6152,61.1458,50.7696,112.7085
669.5984,61.1085,50.8032,112.7831
666.5679,61.0407,50.8643,112.9187
662.6408,61.2027,50.7183,112.5947
659.7220,62.3830,50.5559,112.2341
656.8380,62.6404,50.3239,111.7191
653.8898,62.7554,50.2204,111.4892
650.9085,61.7968,50.1830,111.4063
646.9074,61.7945,50.1851,111.4110
644.9024,61.7833,50.1953,111.4335
641.9393,61.8654,50.1213,111.2693
640.0231,62.0512,49.9538,110.8975
638.0974,62.2161,49.8053,110.5678
636.1002,62.2223,49.7997,110.5554
635.0972,63.2158,49.8056,110.5685
634.0972,63.2158,49.8056,110.5685
634.0922,64.2048,49.8155,110.5905
633.1976,64.4387,49.6048,110.1226
633.2450,65.5439,49.5100,109.9123
632.3506,65.7783,49.2989,109.4435
632.4802,67.0660,49.0396,108.8680
631.5936,68.3179,48.8127,108.3642
631.6661,68.4788,48.6678,108.0424
631.6909,69.5337,48.6183,107.9327
630.7278,69.6157,48.5444,107.7686
630.7162,69.5901,48.5675,107.8198
629.7073,70.5702,48.5854,107.8595
629.6973,70.5481,48.6053,107.9038
628.6993,71.5524,48.6015,107.8952
628.7446,71.6529,48.5109,107.6942
627.7164,71.5905,48.5671,107.8189
626.7739,71.7179,48.4523,107.5641
625.7812,71.7344,48.4375,107.5313
625.8082,72.7942,48.3836,107.4115
625.8040,72.7849,48.3920,107.4302
624.7867,72.7464,48.4266,107.5071
624.7230,72.6050,48.5540,107.7899
624.6546,73.4531,48.6909,108.0937
624.5554,73.2330,48.8892,108.5340
623.5212,74.1570,48.9577,108.6860
623.4982,74.1060,49.0036,108.7880
623.4984,75.1065,49.0031,108.7870
623.4598,76.0208,49.0804,108.9584
622.3969,76.8812,49.2062,109.2377
622.4845,78.0756,49.0310,108.8488
621.5555,79.2332,48.8890,108.5337
620.6375,79.4151,48.7251,108.1698
619.6634,80.4728,48.6732,108.0545
618.7628,81.6933,48.4745,107.6134
616.8470,82.8803,48.3060,107.2394
615.9451,84.0981,48.1098,106.8037
614.0391,85.3068,47.9218,106.3863
612.1198,86.4859,47.7604,106.0282
610.2111,86.6885,47.5779,105.6230
608.3288,87.9500,47.3424,105.1001
606.3987,88.1052,47.2026,104.7897
605.4382,88.1929,47.1235,104.6142
603.5095,89.3510,46.9811,104.2980
602.5607,90.4646,46.8787,104.0707
601.5193,91.3729,46.9613,104.2541
600.5355,92.4088,46.9290,104.1824
599.5319,93.4007,46.9363,104.1986
597.5027,94.3360,46.9946,104.3281
596.4296,95.1738,47.1407,104.6524
595.4056,96.1204,47.1888,104.7592
594.3392,96.9732,47.3215,105.0537
593.3214,97.9335,47.3572,105.1331
592.2758,98.8324,47.4483,105.3353
592.2511,99.7775,47.4977,105.4450
591.0984,99.4386,47.8030,106.1227
590.0693,100.3738,47.8614,106.2524
590.0539,101.3396,47.8922,106.3208
589.0267,102.2793,47.9466,106.4415
589.0564,103.3452,47.8872,106.3095
588.0492,104.3292,47.9016,106.3416
588.0087,104.2393,47.9826,106.5213
587.0452,105.3204,47.9095,106.3592
586.0770,106.3908,47.8461,106.2184
585.0452,106.3203,47.9097,106.3595
584.0559,107.3441,47.8882,106.3118
582.9594,107.1299,48.0812,106.7402
581.9275,107.0590,48.1450,106.8820
580.9034,107.0055,48.1932,106.9889
579.8188,106.8179,48.3623,107.3643
578.7916,106.7574,48.4167,107.4851
578.7400,107.6428,48.5200,107.7145
577.6542,107.4523,48.6916,108.0953
577.5369,108.1920,48.9261,108.6159
576.5113,109.1351,48.9774,108.7298
576.4792,109.0637,49.0417,108.8725
575.5018,110.1141,48.9963,108.7718
575.5227,111.1604,48.9546,108.6793
575.5443,111.2083,48.9114,108.5833
575.5942,112.3191,48.8116,108.3618
574.6119,112.3585,48.7762,108.2831
574.6094,113.3530,48.7811,108.2940
574.6589,114.4629,48.6821,108.0743
574.6967,114.5466,48.6067,107.9068
573.8118,115.8021,48.3765,107.3958
572.9326,116.0702,48.1349,106.8596
572.0042,117.2292,47.9917,106.5415
571.0723,118.3805,47.8554,106.2390
570.1479,119.5484,47.7042,105.9032
568.1313,119.5116,47.7373,105.9769
567.1470,120.5464,47.7059,105.9071
566.1025,120.4476,47.7949,106.1048
565.0515,120.3342,47.8971,106.3316
564.0346,121.2969,47.9308,106.4063
562.9769,121.1687,48.0462,106.6625
562.9480,122.1046,48.1040,106.7908
561.8246,121.8305,48.3509,107.3390
561.7270,122.6139,48.5461,107.7722
560.6324,122.4039,48.7352,108.1921
560.5222,123.1593,48.9556,108.6814
559.4846,123.0758,49.0308,108.8485
559.4596,124.0204,49.0808,108.9593
558.4077,124.9050,49.1847,109.1899
558.3868,124.8588,49.2263,109.2824
558.3300,125.7327,49.3399,109.5347
558.2167,126.4812,49.5665,110.0377
557.1133,126.2516,49.7733,110.4968
557.0955,127.2119,49.8091,110.5761
556.0145,127.0322,49.9710,110.9356
556.0289,128.0641,49.9422,110.8717
556.0588,128.1305,49.8824,110.7390
556.0593,129.1315,49.8815,110.7370
555.0016,129.0035,49.9969,110.9930
555.0031,129.0069,49.9938,110.9861
555.0155,129.0344,49.9690,110.9312
554.0618,129.1373,49.8763,110.7254
553.0605,129.1344,49.8790,110.7313
552.0528,129.1171,49.8945,110.7657
551.0592,128.1315,49.8816,110.7371
551.0674,128.1497,49.8652,110.7006
550.0121,128.0268,49.9758,110.9464
550.0469,128.1041,49.9062,110.7919
549.0463,128.1028,49.9074,110.7945
549.0410,128.0909,49.9181,110.8182
548.0464,128.1032,49.9070,110.7936
548.0717,128.1591,49.8566,110.6817
548.1169,129.2595,49.7663,110.4811
547.1281,129.2843,49.7439,110.4315
547.1354,129.3006,49.7292,110.3988
547.1318,129.2925,49.7365,110.4150
547.1686,129.3742,49.6629,110.2516
547.1646,130.3652,49.6710,110.2695
547.1735,130.3851,49.6531,110.2298
547.1931,130.4288,49.6137,110.1425
547.2092,130.4645,49.5816,110.0711
546.2847,130.6320,49.4306,109.7360
546.3300,131.7325,49.3401,109.5351
545.2959,131.6568,49.4082,109.6863
544.3165,131.7026,49.3671,109.5948
544.2811,131.6239,49.4379,109.7521
543.3584,131.7956,49.2832,109.4088
542.4480,130.9946,49.1040,109.0108
541.4453,130.9885,49.1094,109.0229
540.3854,130.8556,49.2292,109.2888
540.2735,130.6071,49.4531,109.7858
539.2752,130.6109,49.4496,109.7782
539.2535,130.5627,49.4931,109.8747
539.2144,130.4760,49.5711,110.0479
538.1903,131.4225,49.6194,110.1550
538.2203,131.4892,49.5593,110.0216
538.2735,131.6072,49.4530,109.7856
537.3576,132.7939,49.2847,109.4121
537.4177,133.9274,49.1645,109.1453
537.4384,133.9733,49.1231,109.0533
537.4904,135.0887,49.0191,108.8225
537.5170,135.1477,48.9660,108.7046
537.5663,136.2573,48.8673,108.4854
537.5422,137.2037,48.9156,108.5926
537.5242,137.1637,48.9516,108.6726
537.5329,138.1830,48.9342,108.6339
537.5417,139.2026,48.9165,108.5947
537.5212,139.1572,48.9575,108.6857
537.5253,140.1661,48.9495,108.6678
537.5146,140.1424,48.9708,108.7153
536.4917,140.0916,49.0166,108.8168
536.5058,141.1229,48.9883,108.7541
535.4843,141.0751,49.0314,108.8497
534.4096,140.9093,49.1808,109.1815
534.3250,140.7215,49.3500,109.5571
533.2518,141.5590,49.4964,109.8821
532.2007,141.4456,49.5985,110.1087
532.0611,142.1356,49.8778,110.7288
530.9216,141.8260,50.1567,111.3480
530.8378,142.6399,50.3244,111.7203
530.7457,143.4354,50.5087,112.1293
529.6451,144.2121,50.7098,112.5759
529.5425,143.9844,50.9150,113.0312
528.5413,144.9818,50.9173,113.0365
528.5190,145.9323,50.9619,113.1354
528.5153,146.9239,50.9695,113.1523
528.5754,148.0574,50.8492,112.8852
527.6071,149.1278,50.7857,112.7443
527.6835,150.2975,50.6329,112.4050
527.8043,151.5655,50.3914,111.8690
526.8098,152.5776,50.3805,111.8447
526.8808,153.7354,50.2383,111.5291
525.9357,154.8573,50.1285,111.2854
524.9658,155.9241,50.0683,111.1517
524.0143,157.0318,49.9713,110.9364
523.1330,158.2952,49.7340,110.4096
521.1906,159.4232,49.6187,110.1536
520.3093,160.6867,49.3813,109.6266
518.3404,160.7556,49.3192,109.4887
517.4228,161.9387,49.1544,109.1227
516.4739,162.0521,49.0521,108.8958
515.5015,163.1134,48.9970,108.7733
514.5413,164.2018,48.9173,108.5964
513.6318,165.4027,48.7363,108.1946
512.6390,166.4186,48.7220,108.1628
512.7005,167.5551,48.5990,107.8898
511.8109,169.8001,48.3783,107.3998
510.7491,170.6630,48.5018,107.6741
510.7981,171.7718,48.4038,107.4565
509.8232,172.8276,48.3535,107.3447
509.8048,174.7867,48.3904,107.4266
508.7364,175.6349,48.5272,107.7303
508.6189,176.3740,48.7622,108.2520
508.6190,177.3741,48.7620,108.2517
507.6536,178.4509,48.6929,108.0982
507.6674,179.4815,48.6653,108.0369
507.6524,180.4484,48.6951,108.1032
506.6058,182.3448,48.7884,108.3103
506.5482,183.2169,48.9037,108.5662
505.4972,184.1038,49.0056,108.7924
504.3488,184.7744,49.3024,109.4513
503.1748,185.3881,49.6504,110.2239
501.9664,184.9254,50.0672,111.1491
500.7545,184.4549,50.4911,112.0903
498.6391,185.1989,50.7217,112.6023
497.5195,184.9333,50.9610,113.1335
496.4025,185.6735,51.1951,113.6530
495.3222,185.4953,51.3556,114.0094
494.3145,185.4781,51.3711,114.0438
493.3451,186.5462,51.3097,113.9076
493.3439,186.5434,51.3123,113.9132
492.3895,187.6448,51.2209,113.7105
491.4280,187.7301,51.1441,113.5398
491.5470,188.9944,50.9059,113.0112
491.5690,189.0432,50.8620,112.9136
490.6513,190.2258,50.6975,112.5484
490.7628,191.4734,50.4744,112.0531
489.8266,192.6151,50.3467,111.7698
489.8053,193.5678,50.3893,111.8643
488.7459,194.4359,50.5082,112.1282
488.7784,194.5079,50.4433,111.9841
487.8451,195.6561,50.3099,111.6879
486.9547,196.8995,50.0905,111.2009
486.0292,198.0649,49.9415,110.8702
485.0543,199.1206,49.8914,110.7589
483.0306,200.0680,49.9388,110.8641
482.0616,201.1368,49.8768,110.7265
479.9821,201.9602,50.0358,111.0795
477.9786,202.9525,50.0428,111.0950
475.9921,202.9825,50.0157,111.0350
474.9971,203.9935,50.0059,111.0130
473.9792,203.9539,50.0416,111.0923
473.0185,204.0410,49.9631,110.9181
472.0418,205.0928,49.9164,110.8144
471.0677,206.1503,49.8646,110.6993
470.1260,206.2798,49.7480,110.4405
469.2967,206.6587,49.4066,109.6826
469.5874,208.3041,48.8251,108.3918
468.6912,209.5344,48.6176,107.9312
468.8167,209.8130,48.3667,107.3740
467.8916,210.9793,48.2168,107.0413
466.9023,212.0030,48.1955,106.9940
465.8343,213.8521,48.3315,107.2959
465.8645,214.9191,48.2710,107.1617
464.8372,214.8585,48.3257,107.2830
463.8288,215.8398,48.3425,107.3203
462.8641,216.9182,48.2719,107.1635
461.7781,217.7274,48.4438,107.5452
459.7824,218.7369,48.4352,107.5261
458.6407,219.4224,48.7186,108.1552
456.4588,220.0185,49.0825,108.9631
454.3704,219.8223,49.2592,109.3554
452.2507,219.5565,49.4986,109.8870
451.1246,219.2766,49.7508,110.4468
449.0344,219.0764,49.9311,110.8471
447.0232,219.0515,49.9536,110.8970
445.9673,218.9274,50.0654,111.1453
444.9967,218.9926,50.0066,111.0147
443.9804,218.9565,50.0392,111.0871
442.8919,218.7601,50.2161,111.4798
441.8569,218.6823,50.2862,111.6354
440.8549,219.6778,50.2903,111.6445
439.8512,219.6696,50.2976,111.6608
438.8181,219.5963,50.3637,111.8074
437.8151,220.5896,50.3698,111.8209
437.8033,220.5633,50.3934,111.8733
436.7595,220.4660,50.4810,112.0679
435.7556,220.4575,50.4887,112.0850
434.7738,220.4979,50.4523,112.0042
433.8341,221.6317,50.3318,111.7367
432.7713,221.4923,50.4574,112.0153
430.7889,221.5314,50.4222,111.9372
429.8388,222.6421,50.3224,111.7157
427.7770,222.5049,50.4460,111.9901
425.7950,223.5450,50.4099,111.9100
424.6979,223.3294,50.6041,112.3412
422.7119,222.3603,50.5763,112.2794
420.6618,222.2493,50.6763,112.5014
419.5950,222.1009,50.8100,112.7982
417.5456,221.9913,50.9087,113.0174
416.4867,220.8605,51.0266,113.2790
414.4810,220.8478,51.0380,113.3044
413.5552,221.0126,50.8896,112.9748
412.5535,221.0088,50.8929,112.9823
411.5897,221.0891,50.8206,112.8218
410.6784,220.2861,50.6431,112.4277
409.8223,220.6054,50.3555,111.7892
408.9368,220.8598,50.1263,111.2804
408.0003,221.0006,49.9994,110.9988
407.0494,221.1098,49.9011,110.7805
407.0626,221.1389,49.8749,110.7223
406.1247,220.2769,49.7505,110.4462
406.2726,220.6053,49.4547,109.7895
405.3544,220.7868,49.2911,109.4263
404.3881,220.8615,49.2238,109.2769
403.3881,220.8616,49.2238,109.2768
403.3604,220.8000,49.2793,109.4001
402.2995,219.6648,49.4011,109.6704
401.2410,218.5350,49.5180,109.9300
400.1923,218.4269,49.6154,110.1461
399.1132,217.2512,49.7737,110.4976
398.0710,217.1577,49.8579,110.6845
396.0044,216.0097,49.9912,110.9805
394.9084,214.7967,50.1831,111.4065
392.8792,213.7317,50.2417,111.5366
390.8705,212.7126,50.2589,111.5749
388.8654,211.7013,50.2691,111.5974
386.8219,210.6047,50.3561,111.7906
385.7479,209.4404,50.5042,112.1193
383.8070,208.5716,50.3860,111.8569
382.8385,207.6416,50.3229,111.7169
381.8015,206.5594,50.3969,111.8812
382.7692,205.4877,50.4616,112.0247
384.7573,204.4613,50.4853,112.0775
390.7852,202.5231,50.4296,111.9537
396.6633,200.2526,50.6733,112.4948
404.7263,198.3925,50.5473,112.2151
414.7585,195.4639,50.4829,112.0721
424.7019,193.3382,50.5963,112.3237
436.7696,191.4885,50.4608,112.0230
447.8194,189.5991,50.3612,111.8018
459.8225,186.6059,50.3550,111.7882
471.5485,183.9977,50.9030,113.0046
483.3463,181.5487,51.3075,113.9026
496.1404,179.0916,51.7193,114.8167
509.3105,178.4693,51.3790,114.0615
522.6174,178.1507,50.7652,112.6987
536.8727,176.7175,50.2545,111.5650
549.8108,175.5800,50.3784,111.8400
563.8352,174.6342,50.3296,111.7317
577.9403,172.8675,50.1194,111.2650
591.0197,172.0438,49.9605,110.9124
605.1620,171.3597,49.6760,110.2806
618.2147,170.4767,49.5706,110.0466
629.2537,170.5632,49.4926,109.8736
639.2080,170.4618,49.5839,110.0763
649.2845,169.6315,49.4310,109.7369
657.4033,169.8954,49.1934,109.2093
663.4913,170.0908,49.0173,108.8184
669.6425,170.4262,48.7151,108.1476
674.7096,170.5752,48.5809,107.8495
678.8590,170.9071,48.2819,107.1859
681.8923,170.9809,48.2154,107.0382
684.0276,171.2813,47.9448,106.4373
686.0781,171.3934,47.8438,106.2131
687.1096,170.4633,47.7808,106.0735
687.2223,170.7134,47.5555,105.5731
687.3223,170.9356,47.3554,105.1289
686.3630,171.0259,47.2739,104.9481
685.3306,169.9540,47.3387,105.0920
684.3126,169.9139,47.3749,105.1722
682.3307,169.9541,47.3386,105.0918
680.3530,170.0037,47.2939,104.9925
678.3361,168.9661,47.3278,105.0677
676.3700,169.0414,47.2600,104.9171
673.3444,167.9846,47.3111,105.0307
671.3168,167.9234,47.3663,105.1532
669.3388,166.9721,47.3224,105.0558
666.2128,165.6925,47.5744,105.6151
664.2281,165.7264,47.5438,105.5472
662.1490,164.5509,47.7019,105.8982
660.1502,163.5534,47.6996,105.8932
658.1484,163.5495,47.7032,105.9011
656.1790,163.6174,47.6420,105.7653
654.1345,162.5185,47.7310,105.9629
652.2027,162.6699,47.5947,105.6601
650.2375,161.7474,47.5248,105.5052
648.3295,161.9514,47.3411,105.0972
646.4157,162.1428,47.1686,104.7143
644.4306,161.1759,47.1388,104.6481
642.5188,162.3717,46.9624,104.2565
640.5439,161.4276,46.9121,104.1448
638.6697,161.7069,46.6605,103.5863
636.7194,161.8170,46.5613,103.3661
635.8518,161.1110,46.2964,102.7779
633.9726,161.3791,46.0549,102.2418
633.0989,161.6595,45.8022,101.6810
632.2142,161.9157,45.5715,101.1687
631.2820,162.0661,45.4360,100.8678
630.3133,162.1355,45.3734,100.7290
629.3088,162.1255,45.3825,100.7491
628.3014,162.1090,45.3973,100.7819
628.3674,163.2556,45.2652,100.4887
627.3393,162.1932,45.3215,100.6136
626.3179,162.1457,45.3642,100.7086
626.3586,162.2361,45.2828,100.5278
626.4529,162.4454,45.0942,100.1092
626.4380,161.4123,45.1241,100.1754
627.4433,161.4241,45.1134,100.1519
628.4232,161.3794,45.1537,100.2412
629.4721,161.4881,45.0558,100.0238
630.5057,161.5627,44.9885,99.8746
631.5618,160.6873,44.8763,99.6254
632.5885,160.7464,44.8230,99.5071
634.5596,160.6824,44.8808,99.6353
635.5339,160.6252,44.9323,99.7496
637.5547,160.6716,44.8905,99.6569
638.5730,160.7121,44.8540,99.5758
640.5953,161.7617,44.8093,99.4767
641.6187,161.8134,44.7627,99.3732
642.5969,161.7651,44.8062,99.4698
643.6176,160.8110,44.7649,99.3780
644.6628,161.9113,44.6745,99.1773
645.6530,161.8895,44.6941,99.2209
645.6327,161.8446,44.7346,99.3108
645.6649,161.9160,44.6702,99.1679
645.5843,161.7372,44.8314,99.5257
644.5637,161.6914,44.8726,99.6172
643.5643,160.6929,44.8713,99.6143
642.5652,160.6947,44.8696,99.6106
641.5030,159.5567,44.9940,99.8867
641.4647,159.4717,45.0706,100.0567
641.4196,158.3716,45.1607,100.2568
640.4446,158.4270,45.1108,100.1460
640.4173,158.3665,45.1654,100.2671
639.3547,157.2274,45.2906,100.5452
639.3208,157.1522,45.3584,100.6956
639.3708,157.2633,45.2583,100.4734
639.3577,157.2342,45.2845,100.5317
638.3223,157.1554,45.3555,100.6892
638.3061,157.1195,45.3878,100.7610
638.3166,157.1428,45.3669,100.7144
638.3010,157.1082,45.3980,100.7835
638.2849,157.0724,45.4302,100.8551
638.2616,157.0208,45.4768,100.9585
638.2233,156.9358,45.5533,101.1284
638.2282,156.9467,45.5435,101.1066
639.2324,157.9559,45.5353,101.0883
639.2922,158.0886,45.4156,100.8227
639.2827,158.0675,45.4347,100.8651
639.3024,159.1114,45.3951,100.7772
639.3588,159.2364,45.2825,100.5271
639.4605,160.4623,45.0790,100.0753
639.4622,160.4662,45.0755,100.0677
639.4937,161.5361,45.0125,99.9278
639.5543,161.6706,44.8913,99.6588
640.5735,161.7132,44.8530,99.5737
640.6023,161.7771,44.7954,99.4459
641.6152,161.8057,44.7696,99.3885
642.6763,161.9413,44.6475,99.1173
643.7661,162.1407,44.4679,98.7187
644.8315,162.2860,44.3369,98.4280
646.8437,163.3130,44.3126,98.3740
647.8882,164.4119,44.2235,98.1761
648.8788,164.3911,44.2423,98.2178
650.8163,164.2521,44.3675,98.4958
652.8010,165.2183,44.3979,98.5634
654.7825,166.1771,44.4350,98.6457
655.7659,167.1402,44.4683,98.7197
657.7398,167.0823,44.5204,98.8354
659.6470,167.8763,44.7060,99.2473
661.6699,167.9271,44.6603,99.1459
662.6998,168.9937,44.6003,99.0126
663.7427,169.0887,44.5147,98.8225
664.7834,170.1792,44.4331,98.6416
665.7501,170.1053,44.4998,98.7894
666.5878,169.7450,44.8243,99.5100
667.5644,169.6930,44.8712,99.6140
669.5424,169.6440,44.9153,99.7120
670.5187,169.5916,44.9625,99.8168
671.4410,169.4191,45.1180,100.1619
672.3465,169.2092,45.3070,100.5816
673.4011,170.3305,45.1977,100.3390
674.3920,170.3102,45.2160,100.3796
675.3705,170.2625,45.2591,100.4751
676.3393,171.1932,45.3214,100.6136
676.2800,172.0617,45.4399,100.8767
677.2504,171.9959,45.4992,101.0081
678.2071,172.8997,45.5859,101.2006
678.1751,173.8288,45.6498,101.3425
679.1729,173.8239,45.6541,101.3521
679.1721,174.8220,45.6559,101.3561
680.2078,174.9014,45.5844,101.1973
680.2610,176.0194,45.4780,100.9612
680.3011,177.1084,45.3978,100.7832
680.3766,178.2762,45.2467,100.4477
680.3652,178.2508,45.2695,100.4984
680.4349,179.4054,45.1303,100.1892
681.4996,179.5493,45.0007,99.9015
682.4775,180.5001,45.0450,99.9999
682.4299,180.3944,45.1401,100.2111
683.4247,180.3828,45.1507,100.2345
684.4620,181.4657,45.0759,100.0686
686.5587,181.6803,44.8826,99.6393
687.6646,181.9153,44.6709,99.1694
688.7313,183.0634,44.5375,98.8733
690.8400,184.3049,44.3199,98.3902
691.8406,184.3061,44.3188,98.3878
693.9404,185.5277,44.1192,97.9446
695.0399,186.7486,43.9202,97.5028
696.0595,186.7921,43.8810,97.4158
696.1025,187.8876,43.7950,97.2248
697.1133,188.9115,43.7734,97.1770
698.0869,189.8529,43.8262,97.2942
699.1133,189.9116,43.7733,97.1768
700.1070,189.8976,43.7860,97.2049
700.1776,191.0543,43.6447,96.8913
701.1758,191.0502,43.6485,96.8996
701.2042,192.1133,43.5916,96.7733
700.2534,193.2226,43.4932,96.5548
700.1971,194.0975,43.6059,96.8050
699.1833,194.0671,43.6333,96.8659
698.0926,193.8656,43.8148,97.2689
697.0629,193.7997,43.8742,97.4007
696.8978,194.4332,44.2043,98.1336
695.7895,194.1927,44.4210,98.6146
695.7066,194.0086,44.5869,98.9828
694.5947,194.7603,44.8105,99.4793
694.5604,194.6841,44.8792,99.6317
694.4880,194.5235,45.0239,99.9531
694.4169,194.3656,45.1662,100.2689
693.3625,194.2447,45.2750,100.5106
693.2913,195.0866,45.4175,100.8268
692.1769,194.8328,45.6461,101.3343
692.1113,195.6871,45.7774,101.6257
690.9977,195.4350,46.0045,102.1299
689.9421,196.3114,46.1159,102.3772
688.7685,196.9261,46.4630,103.1478
686.6051,196.5633,46.7898,103.8733
685.6108,197.5761,46.7783,103.8479
684.5784,197.5042,46.8431,103.9917
683.5358,198.4094,46.9284,104.1812
682.5635,199.4709,46.8730,104.0581
681.5174,199.3686,46.9652,104.2627
679.5112,200.3549,46.9775,104.2901
678.5898,201.5293,46.8204,103.9413
676.5612,201.4658,46.8777,104.0684
674.5896,202.5289,46.8208,103.9423
672.5818,202.5118,46.8363,103.9765
671.6113,202.5771,46.7774,103.8459
669.5706,203.4866,46.8589,104.0267
669.5727,202.4914,46.8546,104.0172
668.5664,202.4775,46.8672,104.0451
667.5959,202.5429,46.8082,103.9142
667.6816,202.7332,46.6368,103.5337
666.7126,202.8021,46.5747,103.3958
666.8799,204.1734,46.2402,102.6533
665.9708,204.3753,46.0583,102.2495
665.0435,204.5367,45.9129,101.9267
665.1159,204.6973,45.7682,101.6054
664.1724,204.8228,45.6551,101.3544
663.2524,206.0003,45.4952,100.9994
662.3210,206.1526,45.3581,100.6949
661.3685,206.2580,45.2631,100.4841
660.4343,206.4042,45.1314,100.1917
659.4690,207.4812,45.0620,100.0377
658.4185,207.3692,45.1629,100.2617
657.3620,207.2437,45.2759,100.5126
655.2534,207.0026,45.4931,100.9948
653.1104,206.6849,45.7794,101.6302
652.0398,206.5283,45.9205,101.9434
649.9027,206.2240,46.1946,102.5521
647.8500,205.1070,46.3000,102.7860
645.7564,204.8993,46.4871,103.2014
644.6498,204.6626,46.7003,103.6747
643.6066,203.5665,46.7869,103.8670
643.5942,203.5391,46.8117,103.9219
642.4846,202.2958,47.0308,104.4084
642.4238,202.1608,47.1525,104.6785
641.3399,201.9746,47.3202,105.0507
640.2863,201.8554,47.4276,105.2892
639.2466,201.7675,47.5068,105.4651
638.2337,202.7388,47.5326,105.5224
638.1871,202.6355,47.6257,105.7290
637.1398,202.5303,47.7204,105.9393
636.1303,202.5093,47.7394,105.9814
635.1389,202.5284,47.7222,105.9433
634.1255,202.4985,47.7491,106.0029
632.1580,203.5707,47.6840,105.8586
630.1816,203.6233,47.6367,105.7535
627.1755,204.6097,47.6489,105.7806
625.1349,205.5196,47.7301,105.9608
622.0300,206.2867,47.9399,106.4267
618.0244,206.2742,47.9512,106.4516
615.9368,207.0798,48.1263,106.8404
611.8716,206.9349,48.2568,107.1302
608.7832,206.7387,48.4336,107.5227
606.7255,206.6105,48.5491,107.7790
603.5731,206.2723,48.8538,108.4554
601.6201,206.3766,48.7598,108.2468
598.6892,207.5300,48.6216,107.9400
596.7469,207.6581,48.5063,107.6839
594.7712,207.7120,48.4577,107.5760
593.8445,208.8748,48.3110,107.2505
591.8780,208.9491,48.2441,107.1018
590.9200,210.0424,48.1600,106.9153
588.9749,210.1641,48.0503,106.6717
588.0203,211.2650,47.9595,106.4700
587.0965,211.4342,47.8070,106.1315
585.1585,212.5718,47.6830,105.8564
584.2439,213.7614,47.5122,105.4771
583.3687,214.0386,47.2625,104.9228
582.4932,215.3150,47.0135,104.3700
581.4989,215.3275,47.0022,104.3450
580.4760,216.2766,47.0481,104.4468
579.4172,215.1462,47.1656,104.7076
579.4333,215.1820,47.1334,104.6361
579.4385,215.1936,47.1229,104.6128
579.3870,215.0790,47.2261,104.8420
580.3912,215.0884,47.2177,104.8233
580.3697,215.0408,47.2606,104.9185
581.4302,216.1749,47.1397,104.6502
582.3865,216.0781,47.2269,104.8438
583.3900,216.0858,47.2200,104.8283
585.4077,217.1250,47.1847,104.7501
586.3243,217.9399,47.3514,105.1202
587.3347,218.9630,47.3307,105.0741
589.4036,220.1159,47.1929,104.7682
590.3558,220.0100,47.2883,104.9800
592.4560,221.2323,47.0881,104.5355
593.5397,222.4183,46.9205,104.1635
594.6216,224.6000,46.7568,103.8000
594.6650,225.6964,46.6700,103.6073
594.6844,226.7395,46.6310,103.5209
594.7073,227.7902,46.5854,103.4197
594.6619,228.6893,46.6763,103.6213
594.6266,229.6111,46.7468,103.7779
594.6002,229.5524,46.7996,103.8951
594.5167,230.3671,46.9666,104.2658
594.3594,231.0180,47.2811,104.9641
594.2680,231.8150,47.4640,105.3700
593.0919,232.4241,47.8162,106.1519
592.9642,233.1404,48.0717,106.7192
591.8448,233.8755,48.3103,107.2490
590.7762,234.7232,48.4475,107.5535
590.8124,235.8035,48.3753,107.3931
589.7853,236.7433,48.4294,107.5133
587.6968,237.5469,48.6064,107.9062
586.6109,237.3562,48.7782,108.2877
585.4855,238.0778,49.0290,108.8443
583.4600,239.0212,49.0800,108.9577
582.3958,239.8788,49.2083,109.2425
580.3119,239.6924,49.3762,109.6152
578.2958,239.6567,49.4084,109.6865
576.2214,239.4916,49.5571,110.0168
573.1175,239.2608,49.7650,110.4784
571.0720,238.1597,49.8561,110.6805
568.9630,236.9178,50.0740,111.1643
566.8912,235.7584,50.2177,111.4833
565.8049,235.5669,50.3902,111.8662
564.6573,234.2392,50.6854,112.5216
564.7054,233.3459,50.5893,112.3082
563.7825,232.5173,50.4349,111.9654
563.6889,231.3093,50.6223,112.3814
562.6862,230.3034,50.6276,112.3932
562.7430,230.4295,50.5140,112.1410
563.6550,229.2341,50.6900,112.5318
565.6813,228.2924,50.6375,112.4152
566.6978,227.3290,50.6045,112.3420
567.7415,227.4261,50.5170,112.1478
570.7477,226.4398,50.5047,112.1204
572.8046,225.5662,50.3909,111.8677
575.8281,225.6183,50.3438,111.7633
578.9083,224.7965,50.1833,111.4070
580.9691,224.9315,50.0617,111.1371
584.0386,224.0857,49.9228,110.8286
587.0898,223.1994,49.8204,110.6012
590.1675,222.3718,49.6650,110.2563
592.2558,221.5679,49.4884,109.8642
595.3322,220.7375,49.3356,109.5251
598.3840,219.8525,49.2320,109.2950
602.4565,219.0136,49.0869,108.9728
606.4465,216.9914,49.1069,109.0173
610.4114,216.9133,49.1772,109.1734
614.3475,214.7715,49.3049,109.4569
618.3750,214.8324,49.2501,109.3351
622.3759,213.8345,49.2482,109.3311
627.3499,213.7768,49.3001,109.4463
631.2902,212.6441,49.4197,109.7117
635.3240,212.7194,49.3519,109.5613
639.2897,211.6433,49.4205,109.7135
642.3704,211.8222,49.2593,109.3556
646.3820,211.8480,49.2361,109.3040
648.4824,212.0708,49.0353,108.8584
651.5479,211.2162,48.9043,108.5676
653.5407,211.2004,48.9185,108.5991
656.4659,211.0343,49.0682,108.9315
657.4201,209.9326,49.1598,109.1348
659.3014,208.6691,49.3972,109.6618
660.2666,207.5919,49.4668,109.8162
661.2357,206.5232,49.5286,109.9535
662.1821,205.4042,49.6358,110.1915
663.1017,204.2259,49.7965,110.5482
663.0350,203.0777,49.9300,110.8445
663.0198,203.0441,49.9603,110.9118
664.0701,202.1557,49.8597,110.6886
664.1524,202.3383,49.6952,110.3233
665.1477,201.3279,49.7046,110.3441
665.1700,201.3775,49.6599,110.2450
666.1572,201.3490,49.6856,110.3020
666.1443,200.3205,49.7113,110.3590
668.1247,200.2768,49.7507,110.4464
669.1140,200.2530,49.7721,110.4940
670.0895,199.1986,49.8211,110.6028
670.0898,199.1993,49.8205,110.6014
671.1926,199.4277,49.6147,110.1447
671.2513,199.5580,49.4973,109.8840
672.2837,198.6298,49.4326,109.7405
673.3353,197.7445,49.3293,109.5111
674.2997,196.6655,49.4005,109.6690
675.2974,195.6603,49.4051,109.6794
677.2748,194.6102,49.4503,109.7796
679.2107,193.4678,49.5786,110.0644
681.1633,193.3626,49.6733,110.2747
683.0931,192.2066,49.8139,110.5868
685.1028,192.2282,49.7944,110.5437
688.1143,191.2536,49.7715,110.4928
691.0607,190.1347,49.8786,110.7305
694.0164,190.0363,49.9673,110.9275
697.0045,189.0100,49.9910,110.9800
699.9894,188.9764,50.0213,111.0472
703.0034,189.0075,49.9933,110.9850
706.9779,188.9509,50.0442,111.0982
709.9412,188.8694,50.1176,111.2611
713.8934,187.7633,50.2132,111.4734
717.7933,187.5410,50.4135,111.9180
720.6844,187.2995,50.6311,112.4009
723.6203,186.1570,50.7595,112.6860
726.5443,184.9883,50.9114,113.0234
729.4474,183.7731,51.1053,113.4537
732.3865,181.6380,51.2270,113.7240
735.3796,180.6227,51.2408,113.7547
739.3070,179.4615,51.3860,114.0770
742.3103,178.4689,51.3794,114.0622
745.3278,177.5077,51.3444,113.9846
748.4190,176.7102,51.1619,113.5795
751.5043,175.8995,50.9914,113.2010
755.6119,176.1384,50.7763,112.7233
759.5684,175.0418,50.8632,112.9163
762.7236,175.3863,50.5529,112.2275
765.7031,174.3408,50.5939,112.3185
768.8307,174.6242,50.3385,111.7516
771.9047,174.7885,50.1906,111.4230
773.9750,174.9446,50.0499,111.1108
776.0485,174.1077,49.9030,110.7847
778.0524,174.1164,49.8951,110.7671
779.0550,173.1221,49.8900,110.7559
780.0160,173.0355,49.9680,110.9289
779.9837,171.9638,50.0326,111.0723
779.0034,171.0074,49.9933,110.9851
777.9281,169.8404,50.1438,111.3192
776.8243,167.6100,50.3513,111.7800
774.7377,166.4177,50.5246,112.1647
772.7635,164.4750,50.4730,112.0501
771.7137,163.3645,50.5726,112.2711
769.6213,162.1592,50.7575,112.6816
768.5007,160.8916,50.9986,113.2168
767.5052,159.9017,50.9894,113.1966
766.5256,158.9469,50.9487,113.1062
764.5080,157.9077,50.9840,113.1846
763.6011,157.1143,50.7979,112.7713
762.5599,157.0231,50.8801,112.9538
760.5400,155.9788,50.9200,113.0425
759.5485,155.9976,50.9031,113.0049
757.5447,154.9893,50.9106,113.0215
756.5943,155.0994,50.8114,112.8012
755.5298,153.9562,50.9403,113.0876
753.5176,152.9291,50.9647,113.1417
752.5289,152.9540,50.9423,113.0919
751.3383,150.5311,51.3233,113.9377
749.2904,149.4247,51.4192,114.1506
748.2129,147.2527,51.5742,114.4946
747.2743,146.3889,51.4514,114.2222
746.2327,144.2965,51.5347,114.4070
745.2941,143.4329,51.4118,114.1343
744.3162,142.4818,51.3677,114.0363
742.3819,141.6278,51.2363,113.7445
741.4515,140.7823,51.0970,113.4354
740.4675,139.8177,51.0651,113.3645
739.5355,138.9688,50.9290,113.0623
737.5073,138.9061,50.9855,113.1878
736.5808,138.0694,50.8384,112.8612
734.6170,138.1497,50.7660,112.7006
733.6745,138.2774,50.6510,112.4453
732.7043,137.3436,50.5914,112.3128
730.7312,137.4033,50.5376,112.1934
729.7815,136.5150,50.4370,111.9701
727.8075,136.5727,50.3850,111.8546
725.7760,135.5027,50.4480,111.9946
723.8172,134.5942,50.3656,111.8116
721.8138,133.5865,50.3725,111.8269
720.8409,132.6467,50.3183,111.7066
718.8372,131.6386,50.3256,111.7228
717.8084,130.5747,50.3831,111.8506
715.7410,129.4251,50.5179,112.1497
714.7156,128.3687,50.5688,112.2627
713.7691,128.4875,50.4618,112.0251
711.7900,128.5338,50.4200,111.9325
710.8359,127.6356,50.3283,111.7288
709.8953,127.7675,50.2095,111.4650
708.9388,126.8641,50.1224,111.2718
707.0381,127.0847,49.9237,110.8305
706.1408,127.3125,49.7184,110.3749
705.1354,127.3005,49.7293,110.3990
704.0719,127.1596,49.8562,110.6808
702.0059,127.0131,49.9882,110.9737
701.9939,125.9865,50.0122,111.0270
699.9494,125.8877,50.1012,111.2246
698.9434,124.8743,50.1133,111.2514
697.9252,123.8339,50.1496,111.3321
696.9145,122.8102,50.1710,111.3795
694.9068,121.7931,50.1864,111.4137
693.9018,120.7820,50.1964,111.4360
692.9307,120.8462,50.1386,111.3076
691.9805,119.9568,50.0389,111.0864
690.9897,118.9772,50.0206,111.0456
689.0125,119.0276,49.9751,110.9448
688.0290,118.0643,49.9421,110.8714
687.0757,118.1682,49.8485,110.6637
686.0889,118.1975,49.8221,110.6050
685.0707,118.1569,49.8587,110.6863
683.0526,118.1169,49.8947,110.7663
682.0642,118.1425,49.8716,110.7150
681.0623,118.1384,49.8754,110.7233
680.0955,119.2119,49.8091,110.5761
679.0445,119.0988,49.9110,110.8024
678.0754,119.1674,49.8492,110.6652
677.0489,120.1085,49.9023,110.7830
674.9645,119.9211,50.0711,111.1578
674.0058,120.0128,49.9885,110.9744
672.0294,119.0654,49.9411,110.8693
670.0342,119.0758,49.9317,110.8484
668.0914,119.2029,49.8172,110.5941
667.0612,118.1358,49.8777,110.7284
665.0226,118.0503,49.9547,110.8995
664.0919,118.2041,49.8161,110.5918
662.0987,118.2191,49.8026,110.5618
661.0701,118.1556,49.8598,110.6889
659.0237,118.0527,49.9525,110.8946
658.0543,118.1205,49.8914,110.7589
657.0676,118.1501,49.8647,110.6997
655.1125,118.2498,49.7749,110.5003
654.1902,118.4224,49.6194,110.1552
652.2260,119.5017,49.5480,109.9966
651.2479,119.5502,49.5043,109.8996
650.2538,119.5634,49.4924,109.8732
648.2600,119.5772,49.4800,109.8456
647.3225,120.7160,49.3550,109.5680
645.3173,120.7043,49.3655,109.5913
644.3085,120.6850,49.3829,109.6300
643.3460,120.7681,49.3080,109.4638
641.3234,120.7180,49.3532,109.5641
640.2861,119.6352,49.4278,109.7296
638.2627,119.5832,49.4746,109.8335
637.2576,118.5719,49.4848,109.8563
636.2680,118.5950,49.4640,109.8100
634.2844,117.6313,49.4313,109.7374
633.2699,117.5991,49.4603,109.8018
632.3260,116.7238,49.3479,109.5524
631.3239,116.7190,49.3522,109.5619
629.2992,116.6642,49.4016,109.6717
628.3122,116.6930,49.3756,109.6139
627.2740,116.6084,49.4519,109.7832
625.2827,116.6275,49.4347,109.7450
624.3049,116.6768,49.3903,109.6464
623.3326,116.7385,49.3347,109.5230
621.2467,116.5476,49.5066,109.9048
620.2744,116.6092,49.4512,109.7816
618.2189,116.4860,49.5621,110.0280
616.2130,116.4728,49.5740,110.0543
615.1877,115.4166,49.6246,110.1667
612.1966,114.4364,49.6068,110.1271
610.1748,114.3880,49.6504,110.2239
609.1569,113.3483,49.6862,110.3034
606.0411,113.0913,49.9178,110.8174
603.9800,111.9557,50.0399,111.0887
603.0261,112.0580,49.9477,110.8840
600.9994,110.9987,50.0012,111.0026
599.0547,111.1216,49.8905,110.7568
597.0729,111.1617,49.8543,110.6766
595.0334,110.0742,49.9332,110.8517
594.0793,110.1761,49.8414,110.6478
592.0964,110.2141,49.8071,110.5718
591.1036,110.2300,49.7928,110.5400
589.1097,110.2436,49.7805,110.5127
587.1014,110.2253,49.7971,110.5495
585.0867,110.1925,49.8266,110.6150
584.0471,110.1045,49.9058,110.7910
582.0309,110.0685,49.9383,110.8630
580.0544,110.1208,49.8912,110.7585
578.9507,108.8907,50.0985,111.2187
576.9751,107.9447,50.0498,111.1105
574.9680,107.9288,50.0641,111.1423
572.9032,106.7851,50.1936,111.4299
571.8409,105.6469,50.3181,111.7062
570.8554,105.6790,50.2892,111.6420
569.8187,104.5975,50.3626,111.8049
569.8115,103.5816,50.3770,111.8368
569.8652,103.7008,50.2695,111.5983
569.8766,103.7260,50.2468,111.5480
571.8978,102.7730,50.2045,111.4539
572.9500,102.8889,50.1001,111.2222
576.0587,103.1303,49.8826,110.7394
579.2121,103.4709,49.5758,110.0583
583.3167,103.7031,49.3666,109.5938
587.4675,104.0379,49.0649,108.9242
592.6665,104.4797,48.6670,108.0406
596.7905,104.7548,48.4191,107.4905
603.0352,105.2982,47.9295,106.4035
608.1571,104.5688,47.6857,105.8624
612.1456,104.5433,47.7087,105.9133
619.1066,103.4567,47.7867,106.0865
624.1891,103.6399,47.6217,105.7202
630.2569,102.7903,47.4862,105.4194
636.3414,102.9779,47.3172,105.0442
642.3948,103.0964,47.2104,104.8072
648.4141,102.1393,47.1718,104.7215
653.4755,102.2756,47.0490,104.4489
658.5781,103.5034,46.8437,103.9931
663.6939,103.7605,46.6122,103.4790
667.7039,103.7826,46.5923,103.4349
671.6774,104.7239,46.6452,103.5522
674.6355,104.6309,46.7290,103.7383
677.7036,105.7820,46.5928,103.4360
679.7189,105.8159,46.5623,103.3683
680.6894,106.7505,46.6212,103.4990
681.6453,106.6526,46.7094,103.6949
682.5035,107.3379,46.9929,104.3242
682.3651,107.0305,47.2698,104.9390
683.2590,106.7951,47.4819,105.4098
682.1082,105.4601,47.7837,106.0799
681.9694,105.1521,48.0612,106.6958
680.8639,103.9178,48.2722,107.1644
680.7186,103.5954,48.5627,107.8093
679.6544,102.4528,48.6912,108.0945
678.6273,102.3925,48.7455,108.2150
677.6002,102.3324,48.7996,108.3352
676.5352,102.1881,48.9296,108.6237
675.4998,101.1095,49.0004,108.7809
674.5886,101.3067,48.8228,108.3866
673.5190,101.1521,48.9620,108.6957
672.5359,101.1898,48.9282,108.6205
672.5399,101.1984,48.9203,108.6032
671.5501,101.2212,48.8998,108.5576
671.6028,102.3384,48.7943,108.3232
671.5576,102.2379,48.8848,108.5242
671.5886,102.3068,48.8227,108.3865
672.5319,102.1808,48.9362,108.6385
672.5734,102.2731,48.8531,108.4539
673.6447,102.4311,48.7107,108.1378
674.7269,102.6137,48.5462,107.7725
676.7505,101.6663,48.4989,107.6675
678.7837,101.7398,48.4326,107.5204
681.7649,100.6980,48.4703,107.6040
683.7795,99.7305,48.4410,107.5390
687.8590,99.9069,48.2820,107.1861
690.7896,99.7528,48.4209,107.4944
694.8045,99.7860,48.3910,107.4281
697.7993,98.7744,48.4014,107.4512
701.8088,98.7956,48.3823,107.4088
704.8563,98.9009,48.2875,107.1982
708.8366,99.8573,48.3268,107.2855
712.8228,99.8266,48.3544,107.3468
715.7953,100.7657,48.4093,107.4685
719.7503,100.6657,48.4994,107.6687
723.7506,101.6664,48.4987,107.6672
727.6958,101.5447,48.6084,107.9107
731.6621,102.4699,48.6757,108.0601
734.5679,102.2607,48.8642,108.4785
738.4802,102.0661,49.0395,108.8678
742.3981,100.8838,49.2038,109.2324
745.3244,100.7202,49.3512,109.5596
749.2708,100.6012,49.4584,109.7976
753.2484,99.5515,49.5032,109.8971
757.2149,99.4771,49.5702,110.0459
761.2464,99.5471,49.5071,109.9059
764.2780,99.6170,49.4441,109.7659
768.2819,99.6257,49.4363,109.7486
772.3053,99.6778,49.3894,109.6444
775.3488,100.7742,49.3025,109.4516
778.3489,100.7746,49.3022,109.4508
780.3254,101.7224,49.3492,109.5553
783.2736,102.6074,49.4528,109.7853
785.3381,103.7506,49.3238,109.4987
787.2946,104.6541,49.4107,109.6918
789.2677,105.5943,49.4646,109.8114
790.2307,106.5121,49.5387,109.9759
792.2004,106.4450,49.5991,110.1101
793.0856,107.1899,49.8289,110.6201
793.0118,107.0263,49.9763,110.9474
793.9758,106.9462,50.0485,111.1077
794.9207,106.8238,50.1587,111.3523
795.8555,106.6793,50.2889,111.6414
796.8279,106.6180,50.3441,111.7639
797.7734,106.4971,50.4531,112.0059
799.8722,106.7163,50.2556,111.5673
800.8822,107.7385,50.2356,111.5230
801.9240,107.8312,50.1521,111.3376
803.0431,109.0957,49.9138,110.8087
804.1080,109.2397,49.7841,110.5206
804.2321,110.5152,49.5358,109.9696
804.2772,110.6154,49.4456,109.7693
804.4042,111.8974,49.1915,109.2052
803.4747,112.0539,49.0506,108.8923
803.5520,113.2255,48.8960,108.5491
802.5327,114.1826,48.9346,108.6349
800.4678,114.0386,49.0644,108.9229
799.4460,113.9902,49.1079,109.0196
797.4285,114.9513,49.1429,109.0973
795.3318,114.7366,49.3364,109.5268
792.1095,114.2430,49.7810,110.5139
789.9071,112.7938,50.1858,111.4125
786.6826,112.2954,50.6348,112.4093
784.5450,111.9900,50.9099,113.0199
782.3897,111.6452,51.2205,113.7096
779.3339,111.5213,51.3321,113.9574
776.3067,111.4609,51.3866,114.0783
774.3411,111.5372,51.3178,113.9256
