1
602.0000,245.0000,56.0000,42.0000
602.0000,245.0000,56.0000,42.0000
606.0000,245.0000,56.0000,42.0000
606.0000,241.0000,56.0000,42.0000
606.0000,241.0000,56.0000,42.0000
606.0000,241.0000,56.0000,42.0000
606.0000,237.0000,56.0000,42.0000
606.0000,237.0000,56.0000,42.0000
606.0000,237.0000,56.0000,42.0000
610.0000,233.0000,56.0000,42.0000
610.0000,233.0000,56.0000,42.0000
610.0000,233.0000,56.0000,42.0000
610.0000,233.0000,56.0000,42.0000
610.0000,233.0000,56.0000,42.0000
614.0000,229.0000,56.0000,42.0000
614.0000,229.0000,56.0000,42.0000
614.0000,229.0000,56.0000,42.0000
614.0000,229.0000,56.0000,42.0000
614.0000,229.0000,56.0000,42.0000
614.0000,229.0000,56.0000,42.0000
614.0000,225.0000,56.0000,42.0000
610.0000,225.0000,56.0000,42.0000
610.0000,225.0000,56.0000,42.0000
610.0000,225.0000,56.0000,42.0000
610.0000,225.0000,56.0000,42.0000
606.0000,225.0000,56.0000,42.0000
606.0000,225.0000,56.0000,42.0000
606.0000,225.0000,56.0000,42.0000
602.0000,225.0000,56.0000,42.0000
602.0000,225.0000,56.0000,42.0000
598.0000,225.0000,56.0000,42.0000
598.0000,225.0000,56.0000,42.0000
598.0000,225.0000,56.0000,42.0000
594.0000,221.0000,56.0000,42.0000
594.0000,221.0000,56.0000,42.0000
594.0000,221.0000,56.0000,42.0000
590.0000,221.0000,56.0000,42.0000
590.0000,221.0000,56.0000,42.0000
590.0000,221.0000,56.0000,42.0000
594.0000,221.0000,56.0000,42.0000
594.0000,221.0000,56.0000,42.0000
590.0000,217.0000,56.0000,42.0000
594.0000,217.0000,56.0000,42.0000
594.0000,217.0000,56.0000,42.0000
594.0000,217.0000,56.0000,42.0000
594.0000,217.0000,56.0000,42.0000
594.0000,217.0000,56.0000,42.0000
594.0000,217.0000,56.0000,42.0000
594.0000,217.0000,56.0000,42.0000
594.0000,217.0000,56.0000,42.0000
590.0000,217.0000,56.0000,42.0000
590.0000,217.0000,56.0000,42.0000
590.0000,213.0000,56.0000,42.0000
590.0000,213.0000,56.0000,42.0000
586.0000,213.0000,56.0000,42.0000
586.0000,213.0000,56.0000,42.0000
586.0000,213.0000,56.0000,42.0000
582.0000,213.0000,56.0000,42.0000
582.0000,213.0000,56.0000,42.0000
582.0000,213.0000,56.0000,42.0000
578.0000,209.0000,56.0000,42.0000
578.0000,209.0000,56.0000,42.0000
578.0000,209.0000,56.0000,42.0000
578.0000,209.0000,56.0000,42.0000
578.0000,205.0000,56.0000,42.0000
578.0000,205.0000,56.0000,42.0000
578.0000,201.0000,56.0000,42.0000
578.0000,201.0000,56.0000,42.0000
578.0000,201.0000,56.0000,42.0000
578.0000,197.0000,56.0000,42.0000
578.0000,197.0000,56.0000,42.0000
578.0000,197.0000,56.0000,42.0000
578.0000,197.0000,56.0000,42.0000
578.0000,193.0000,56.0000,42.0000
578.0000,193.0000,56.0000,42.0000
582.0000,193.0000,56.0000,42.0000
582.0000,193.0000,56.0000,42.0000
582.0000,189.0000,56.0000,42.0000
586.0000,189.0000,56.0000,42.0000
590.0000,189.0000,56.0000,42.0000
590.0000,185.0000,56.0000,42.0000
594.0000,185.0000,56.0000,42.0000
594.0000,185.0000,56.0000,42.0000
598.0000,185.0000,56.0000,42.0000
602.0000,181.0000,56.0000,42.0000
606.0000,181.0000,56.0000,42.0000
606.0000,181.0000,56.0000,42.0000
610.0000,177.0000,56.0000,42.0000
610.0000,177.0000,56.0000,42.0000
614.0000,173.0000,56.0000,42.0000
618.0000,173.0000,56.0000,42.0000
618.0000,173.0000,56.0000,42.0000
622.0000,169.0000,56.0000,42.0000
622.0000,169.0000,56.0000,42.0000
622.0000,169.0000,56.0000,42.0000
626.0000,165.0000,56.0000,42.0000
626.0000,165.0000,56.0000,42.0000
630.0000,161.0000,56.0000,42.0000
630.0000,161.0000,56.0000,42.0000
630.0000,161.0000,56.0000,42.0000
634.0000,157.0000,56.0000,42.0000
634.0000,157.0000,56.0000,42.0000
634.0000,157.0000,56.0000,42.0000
634.0000,153.0000,56.0000,42.0000
634.0000,153.0000,56.0000,42.0000
638.0000,149.0000,56.0000,42.0000
638.0000,149.0000,56.0000,42.0000
638.0000,149.0000,56.0000,42.0000
638.0000,145.0000,56.0000,42.0000
638.0000,145.0000,56.0000,42.0000
638.0000,141.0000,56.0000,42.0000
638.0000,141.0000,56.0000,42.0000
638.0000,141.0000,56.0000,42.0000
638.0000,141.0000,56.0000,42.0000
638.0000,141.0000,56.0000,42.0000
638.0000,141.0000,56.0000,42.0000
638.0000,141.0000,56.0000,42.0000
638.0000,141.0000,56.0000,42.0000
634.0000,141.0000,56.0000,42.0000
634.0000,141.0000,56.0000,42.0000
634.0000,141.0000,56.0000,42.0000
630.0000,141.0000,56.0000,42.0000
630.0000,141.0000,56.0000,42.0000
630.0000,141.0000,56.0000,42.0000
626.0000,141.0000,56.0000,42.0000
626.0000,141.0000,56.0000,42.0000
622.0000,141.0000,56.0000,42.0000
622.0000,141.0000,56.0000,42.0000
618.0000,141.0000,56.0000,42.0000
618.0000,141.0000,56.0000,42.0000
614.0000,141.0000,56.0000,42.0000
610.0000,141.0000,56.0000,42.0000
610.0000,145.0000,56.0000,42.0000
606.0000,145.0000,56.0000,42.0000
606.0000,145.0000,56.0000,42.0000
602.0000,145.0000,56.0000,42.0000
602.0000,145.0000,56.0000,42.0000
598.0000,145.0000,56.0000,42.0000
598.0000,145.0000,56.0000,42.0000
594.0000,145.0000,56.0000,42.0000
594.0000,145.0000,56.0000,42.0000
594.0000,145.0000,56.0000,42.0000
590.0000,145.0000,56.0000,42.0000
590.0000,145.0000,56.0000,42.0000
590.0000,145.0000,56.0000,42.0000
590.0000,145.0000,56.0000,42.0000
586.0000,145.0000,56.0000,42.0000
586.0000,145.0000,56.0000,42.0000
586.0000,145.0000,56.0000,42.0000
586.0000,145.0000,56.0000,42.0000
586.0000,145.0000,56.0000,42.0000
586.0000,145.0000,56.0000,42.0000
586.0000,145.0000,56.0000,42.0000
586.0000,145.0000,56.0000,42.0000
586.0000,145.0000,56.0000,42.0000
586.0000,145.0000,56.0000,42.0000
590.0000,145.0000,56.0000,42.0000
590.0000,145.0000,56.0000,42.0000
594.0000,145.0000,56.0000,42.0000
594.0000,145.0000,56.0000,42.0000
598.0000,149.0000,56.0000,42.0000
598.0000,149.0000,56.0000,42.0000
602.0000,149.0000,56.0000,42.0000
602.0000,149.0000,56.0000,42.0000
606.0000,149.0000,56.0000,42.0000
606.0000,149.0000,56.0000,42.0000
610.0000,149.0000,56.0000,42.0000
614.0000,149.0000,56.0000,42.0000
614.0000,149.0000,56.0000,42.0000
618.0000,149.0000,56.0000,42.0000
618.0000,153.0000,56.0000,42.0000
622.0000,153.0000,56.0000,42.0000
622.0000,153.0000,56.0000,42.0000
622.0000,153.0000,56.0000,42.0000
626.0000,153.0000,56.0000,42.0000
626.0000,153.0000,56.0000,42.0000
630.0000,153.0000,56.0000,42.0000
630.0000,157.0000,56.0000,42.0000
630.0000,157.0000,56.0000,42.0000
634.0000,157.0000,56.0000,42.0000
634.0000,157.0000,56.0000,42.0000
634.0000,157.0000,56.0000,42.0000
634.0000,157.0000,56.0000,42.0000
634.0000,157.0000,56.0000,42.0000
634.0000,157.0000,56.0000,42.0000
634.0000,157.0000,56.0000,42.0000
634.0000,157.0000,56.0000,42.0000
634.0000,157.0000,56.0000,42.0000
634.0000,157.0000,56.0000,42.0000
634.0000,157.0000,56.0000,42.0000
634.0000,161.0000,56.0000,42.0000
634.0000,161.0000,56.0000,42.0000
634.0000,161.0000,56.0000,42.0000
634.0000,161.0000,56.0000,42.0000
634.0000,161.0000,56.0000,42.0000
630.0000,161.0000,56.0000,42.0000
630.0000,161.0000,56.0000,42.0000
630.0000,161.0000,56.0000,42.0000
630.0000,161.0000,56.0000,42.0000
626.0000,161.0000,56.0000,42.0000
626.0000,161.0000,56.0000,42.0000
626.0000,161.0000,56.0000,42.0000
622.0000,161.0000,56.0000,42.0000
618.0000,161.0000,56.0000,42.0000
618.0000,161.0000,56.0000,42.0000
614.0000,161.0000,56.0000,42.0000
614.0000,161.0000,56.0000,42.0000
610.0000,161.0000,56.0000,42.0000
606.0000,161.0000,56.0000,42.0000
606.0000,161.0000,56.0000,42.0000
602.0000,161.0000,56.0000,42.0000
598.0000,161.0000,56.0000,42.0000
594.0000,161.0000,56.0000,42.0000
594.0000,165.0000,56.0000,42.0000
590.0000,165.0000,56.0000,42.0000
586.0000,165.0000,56.0000,42.0000
586.0000,165.0000,56.0000,42.0000
582.0000,165.0000,56.0000,42.0000
582.0000,165.0000,56.0000,42.0000
578.0000,165.0000,56.0000,42.0000
578.0000,165.0000,56.0000,42.0000
574.0000,165.0000,56.0000,42.0000
574.0000,165.0000,56.0000,42.0000
570.0000,165.0000,56.0000,42.0000
570.0000,165.0000,56.0000,42.0000
570.0000,165.0000,56.0000,42.0000
570.0000,165.0000,56.0000,42.0000
566.0000,165.0000,56.0000,42.0000
566.0000,165.0000,56.0000,42.0000
566.0000,161.0000,56.0000,42.0000
566.0000,161.0000,56.0000,42.0000
562.0000,157.0000,56.0000,42.0000
562.0000,157.0000,56.0000,42.0000
562.0000,157.0000,56.0000,42.0000
562.0000,157.0000,56.0000,42.0000
562.0000,157.0000,56.0000,42.0000
562.0000,157.0000,56.0000,42.0000
562.0000,157.0000,56.0000,42.0000
562.0000,157.0000,56.0000,42.0000
566.0000,157.0000,56.0000,42.0000
566.0000,157.0000,56.0000,42.0000
566.0000,157.0000,56.0000,42.0000
566.0000,157.0000,56.0000,42.0000
566.0000,157.0000,56.0000,42.0000
570.0000,157.0000,56.0000,42.0000
570.0000,157.0000,56.0000,42.0000
570.0000,157.0000,56.0000,42.0000
574.0000,157.0000,56.0000,42.0000
574.0000,157.0000,56.0000,42.0000
574.0000,157.0000,56.0000,42.0000
578.0000,157.0000,56.0000,42.0000
578.0000,161.0000,56.0000,42.0000
582.0000,161.0000,56.0000,42.0000
582.0000,161.0000,56.0000,42.0000
586.0000,161.0000,56.0000,42.0000
586.0000,161.0000,56.0000,42.0000
590.0000,161.0000,56.0000,42.0000
590.0000,161.0000,56.0000,42.0000
594.0000,161.0000,56.0000,42.0000
594.0000,161.0000,56.0000,42.0000
594.0000,161.0000,56.0000,42.0000
598.0000,165.0000,56.0000,42.0000
598.0000,165.0000,56.0000,42.0000
598.0000,165.0000,56.0000,42.0000
602.0000,165.0000,56.0000,42.0000
602.0000,165.0000,56.0000,42.0000
602.0000,165.0000,56.0000,42.0000
606.0000,165.0000,56.0000,42.0000
606.0000,169.0000,56.0000,42.0000
606.0000,169.0000,56.0000,42.0000
610.0000,169.0000,56.0000,42.0000
610.0000,169.0000,56.0000,42.0000
614.0000,169.0000,56.0000,42.0000
614.0000,169.0000,56.0000,42.0000
614.0000,169.0000,56.0000,42.0000
618.0000,173.0000,56.0000,42.0000
618.0000,173.0000,56.0000,42.0000
622.0000,173.0000,56.0000,42.0000
626.0000,173.0000,56.0000,42.0000
626.0000,173.0000,56.0000,42.0000
630.0000,173.0000,56.0000,42.0000
634.0000,177.0000,56.0000,42.0000
634.0000,177.0000,56.0000,42.0000
634.0000,177.0000,56.0000,42.0000
638.0000,177.0000,56.0000,42.0000
638.0000,177.0000,56.0000,42.0000
642.0000,181.0000,56.0000,42.0000
642.0000,181.0000,56.0000,42.0000
642.0000,181.0000,56.0000,42.0000
646.0000,181.0000,56.0000,42.0000
646.0000,181.0000,56.0000,42.0000
646.0000,181.0000,56.0000,42.0000
646.0000,181.0000,56.0000,42.0000
650.0000,185.0000,56.0000,42.0000
650.0000,185.0000,56.0000,42.0000
650.0000,185.0000,56.0000,42.0000
650.0000,185.0000,56.0000,42.0000
650.0000,185.0000,56.0000,42.0000
650.0000,185.0000,56.0000,42.0000
650.0000,185.0000,56.0000,42.0000
650.0000,189.0000,56.0000,42.0000
650.0000,189.0000,56.0000,42.0000
646.0000,189.0000,56.0000,42.0000
646.0000,189.0000,56.0000,42.0000
646.0000,189.0000,56.0000,42.0000
646.0000,189.0000,56.0000,42.0000
642.0000,189.0000,56.0000,42.0000
642.0000,193.0000,56.0000,42.0000
642.0000,193.0000,56.0000,42.0000
638.0000,193.0000,56.0000,42.0000
634.0000,193.0000,56.0000,42.0000
634.0000,193.0000,56.0000,42.0000
630.0000,193.0000,56.0000,42.0000
630.0000,197.0000,56.0000,42.0000
626.0000,197.0000,56.0000,42.0000
622.0000,197.0000,56.0000,42.0000
618.0000,197.0000,56.0000,42.0000
618.0000,201.0000,56.0000,42.0000
614.0000,201.0000,56.0000,42.0000
610.0000,201.0000,56.0000,42.0000
606.0000,197.0000,56.0000,42.0000
602.0000,197.0000,56.0000,42.0000
598.0000,197.0000,56.0000,42.0000
594.0000,193.0000,56.0000,42.0000
590.0000,189.0000,56.0000,42.0000
586.0000,185.0000,56.0000,42.0000
582.0000,181.0000,56.0000,42.0000
578.0000,177.0000,56.0000,42.0000
574.0000,173.0000,56.0000,42.0000
570.0000,169.0000,56.0000,42.0000
566.0000,165.0000,56.0000,42.0000
562.0000,161.0000,56.0000,42.0000
558.0000,157.0000,56.0000,42.0000
554.0000,157.0000,56.0000,42.0000
550.0000,153.0000,56.0000,42.0000
546.0000,153.0000,56.0000,42.0000
542.0000,153.0000,56.0000,42.0000
542.0000,153.0000,56.0000,42.0000
538.0000,153.0000,56.0000,42.0000
534.0000,153.0000,56.0000,42.0000
534.0000,157.0000,56.0000,42.0000
530.0000,157.0000,56.0000,42.0000
526.0000,157.0000,56.0000,42.0000
522.0000,157.0000,56.0000,42.0000
518.0000,161.0000,56.0000,42.0000
514.0000,161.0000,56.0000,42.0000
510.0000,161.0000,56.0000,42.0000
506.0000,161.0000,56.0000,42.0000
506.0000,161.0000,56.0000,42.0000
502.0000,165.0000,56.0000,42.0000
498.0000,165.0000,56.0000,42.0000
494.0000,165.0000,56.0000,42.0000
490.0000,165.0000,56.0000,42.0000
490.0000,165.0000,56.0000,42.0000
486.0000,165.0000,56.0000,42.0000
482.0000,165.0000,56.0000,42.0000
482.0000,169.0000,56.0000,42.0000
478.0000,169.0000,56.0000,42.0000
474.0000,169.0000,56.0000,42.0000
474.0000,169.0000,56.0000,42.0000
470.0000,169.0000,56.0000,42.0000
470.0000,173.0000,56.0000,42.0000
466.0000,173.0000,56.0000,42.0000
466.0000,173.0000,56.0000,42.0000
462.0000,173.0000,56.0000,42.0000
462.0000,173.0000,56.0000,42.0000
458.0000,173.0000,56.0000,42.0000
458.0000,173.0000,56.0000,42.0000
458.0000,177.0000,56.0000,42.0000
454.0000,177.0000,56.0000,42.0000
454.0000,177.0000,56.0000,42.0000
454.0000,177.0000,56.0000,42.0000
454.0000,177.0000,56.0000,42.0000
450.0000,181.0000,56.0000,42.0000
450.0000,181.0000,56.0000,42.0000
450.0000,181.0000,56.0000,42.0000
450.0000,181.0000,56.0000,42.0000
446.0000,185.0000,56.0000,42.0000
446.0000,185.0000,56.0000,42.0000
446.0000,185.0000,56.0000,42.0000
446.0000,185.0000,56.0000,42.0000
446.0000,185.0000,56.0000,42.0000
446.0000,189.0000,56.0000,42.0000
446.0000,189.0000,56.0000,42.0000
446.0000,189.0000,56.0000,42.0000
442.0000,193.0000,56.0000,42.0000
442.0000,193.0000,56.0000,42.0000
442.0000,193.0000,56.0000,42.0000
442.0000,193.0000,56.0000,42.0000
442.0000,197.0000,56.0000,42.0000
442.0000,197.0000,56.0000,42.0000
442.0000,197.0000,56.0000,42.0000
438.0000,201.0000,56.0000,42.0000
438.0000,201.0000,56.0000,42.0000
438.0000,205.0000,56.0000,42.0000
438.0000,205.0000,56.0000,42.0000
438.0000,209.0000,56.0000,42.0000
438.0000,209.0000,56.0000,42.0000
438.0000,213.0000,56.0000,42.0000
434.0000,213.0000,56.0000,42.0000
434.0000,217.0000,56.0000,42.0000
434.0000,217.0000,56.0000,42.0000
434.0000,221.0000,56.0000,42.0000
434.0000,221.0000,56.0000,42.0000
434.0000,221.0000,56.0000,42.0000
430.0000,225.0000,56.0000,42.0000
430.0000,225.0000,56.0000,42.0000
430.0000,225.0000,56.0000,42.0000
430.0000,229.0000,56.0000,42.0000
430.0000,229.0000,56.0000,42.0000
426.0000,233.0000,56.0000,42.0000
426.0000,233.0000,56.0000,42.0000
426.0000,237.0000,56.0000,42.0000
426.0000,237.0000,56.0000,42.0000
426.0000,237.0000,56.0000,42.0000
422.0000,241.0000,56.0000,42.0000
422.0000,245.0000,56.0000,42.0000
422.0000,245.0000,56.0000,42.0000
422.0000,245.0000,56.0000,42.0000
422.0000,249.0000,56.0000,42.0000
418.0000,253.0000,56.0000,42.0000
418.0000,253.0000,56.0000,42.0000
418.0000,257.0000,56.0000,42.0000
418.0000,257.0000,56.0000,42.0000
418.0000,261.0000,56.0000,42.0000
418.0000,265.0000,56.0000,42.0000
414.0000,265.0000,56.0000,42.0000
414.0000,269.0000,56.0000,42.0000
414.0000,269.0000,56.0000,42.0000
414.0000,273.0000,56.0000,42.0000
414.0000,277.0000,56.0000,42.0000
418.0000,277.0000,56.0000,42.0000
418.0000,281.0000,56.0000,42.0000
418.0000,281.0000,56.0000,42.0000
422.0000,285.0000,56.0000,42.0000
426.0000,289.0000,56.0000,42.0000
426.0000,289.0000,56.0000,42.0000
430.0000,293.0000,56.0000,42.0000
430.0000,293.0000,56.0000,42.0000
434.0000,297.0000,56.0000,42.0000
438.0000,301.0000,56.0000,42.0000
442.0000,301.0000,56.0000,42.0000
442.0000,301.0000,56.0000,42.0000
446.0000,305.0000,56.0000,42.0000
450.0000,305.0000,56.0000,42.0000
454.0000,305.0000,56.0000,42.0000
454.0000,309.0000,56.0000,42.0000
458.0000,309.0000,56.0000,42.0000
462.0000,309.0000,56.0000,42.0000
462.0000,313.0000,56.0000,42.0000
466.0000,313.0000,56.0000,42.0000
470.0000,313.0000,56.0000,42.0000
474.0000,313.0000,56.0000,42.0000
474.0000,317.0000,56.0000,42.0000
478.0000,317.0000,56.0000,42.0000
482.0000,317.0000,56.0000,42.0000
482.0000,321.0000,56.0000,42.0000
486.0000,321.0000,56.0000,42.0000
486.0000,321.0000,56.0000,42.0000
490.0000,325.0000,56.0000,42.0000
490.0000,325.0000,56.0000,42.0000
486.0000,325.0000,56.0000,42.0000
486.0000,329.0000,56.0000,42.0000
482.0000,329.0000,56.0000,42.0000
482.0000,329.0000,56.0000,42.0000
482.0000,333.0000,56.0000,42.0000
478.0000,333.0000,56.0000,42.0000
478.0000,333.0000,56.0000,42.0000
478.0000,333.0000,56.0000,42.0000
474.0000,333.0000,56.0000,42.0000
474.0000,333.0000,56.0000,42.0000
474.0000,333.0000,56.0000,42.0000
470.0000,329.0000,56.0000,42.0000
470.0000,329.0000,56.0000,42.0000
470.0000,329.0000,56.0000,42.0000
470.0000,325.0000,56.0000,42.0000
470.0000,325.0000,56.0000,42.0000
470.0000,321.0000,56.0000,42.0000
470.0000,321.0000,56.0000,42.0000
470.0000,317.0000,56.0000,42.0000
470.0000,317.0000,56.0000,42.0000
474.0000,313.0000,56.0000,42.0000
474.0000,309.0000,56.0000,42.0000
474.0000,309.0000,56.0000,42.0000
474.0000,305.0000,56.0000,42.0000
478.0000,301.0000,56.0000,42.0000
478.0000,301.0000,56.0000,42.0000
478.0000,297.0000,56.0000,42.0000
478.0000,293.0000,56.0000,42.0000
482.0000,293.0000,56.0000,42.0000
482.0000,289.0000,56.0000,42.0000
482.0000,285.0000,56.0000,42.0000
486.0000,285.0000,56.0000,42.0000
486.0000,281.0000,56.0000,42.0000
486.0000,281.0000,56.0000,42.0000
490.0000,277.0000,56.0000,42.0000
490.0000,273.0000,56.0000,42.0000
490.0000,273.0000,56.0000,42.0000
494.0000,269.0000,56.0000,42.0000
494.0000,265.0000,56.0000,42.0000
498.0000,265.0000,56.0000,42.0000
498.0000,261.0000,56.0000,42.0000
498.0000,261.0000,56.0000,42.0000
502.0000,257.0000,56.0000,42.0000
502.0000,253.0000,56.0000,42.0000
506.0000,253.0000,56.0000,42.0000
506.0000,249.0000,56.0000,42.0000
510.0000,245.0000,56.0000,42.0000
510.0000,245.0000,56.0000,42.0000
514.0000,241.0000,56.0000,42.0000
518.0000,237.0000,56.0000,42.0000
518.0000,237.0000,56.0000,42.0000
522.0000,233.0000,56.0000,42.0000
522.0000,233.0000,56.0000,42.0000
522.0000,233.0000,56.0000,42.0000
526.0000,233.0000,56.0000,42.0000
530.0000,229.0000,56.0000,42.0000
530.0000,229.0000,56.0000,42.0000
534.0000,229.0000,56.0000,42.0000
538.0000,229.0000,56.0000,42.0000
542.0000,229.0000,56.0000,42.0000
542.0000,229.0000,56.0000,42.0000
546.0000,225.0000,56.0000,42.0000
550.0000,225.0000,56.0000,42.0000
554.0000,225.0000,56.0000,42.0000
558.0000,221.0000,56.0000,42.0000
562.0000,221.0000,56.0000,42.0000
566.0000,221.0000,56.0000,42.0000
570.0000,221.0000,56.0000,42.0000
574.0000,217.0000,56.0000,42.0000
582.0000,217.0000,56.0000,42.0000
586.0000,217.0000,56.0000,42.0000
590.0000,213.0000,56.0000,42.0000
594.0000,213.0000,56.0000,42.0000
598.0000,213.0000,56.0000,42.0000
602.0000,209.0000,56.0000,42.0000
602.0000,209.0000,56.0000,42.0000
606.0000,205.0000,56.0000,42.0000
610.0000,205.0000,56.0000,42.0000
610.0000,205.0000,56.0000,42.0000
614.0000,201.0000,56.0000,42.0000
614.0000,201.0000,56.0000,42.0000
618.0000,197.0000,56.0000,42.0000
618.0000,197.0000,56.0000,42.0000
618.0000,197.0000,56.0000,42.0000
622.0000,193.0000,56.0000,42.0000
622.0000,193.0000,56.0000,42.0000
626.0000,193.0000,56.0000,42.0000
626.0000,193.0000,56.0000,42.0000
630.0000,193.0000,56.0000,42.0000
630.0000,193.0000,56.0000,42.0000
634.0000,197.0000,56.0000,42.0000
634.0000,197.0000,56.0000,42.0000
638.0000,197.0000,56.0000,42.0000
638.0000,197.0000,56.0000,42.0000
642.0000,201.0000,56.0000,42.0000
642.0000,201.0000,56.0000,42.0000
646.0000,201.0000,56.0000,42.0000
646.0000,205.0000,56.0000,42.0000
650.0000,205.0000,56.0000,42.0000
650.0000,209.0000,56.0000,42.0000
654.0000,209.0000,56.0000,42.0000
654.0000,209.0000,56.0000,42.0000
658.0000,213.0000,56.0000,42.0000
658.0000,213.0000,56.0000,42.0000
662.0000,217.0000,56.0000,42.0000
662.0000,221.0000,56.0000,42.0000
666.0000,221.0000,56.0000,42.0000
666.0000,225.0000,56.0000,42.0000
670.0000,225.0000,56.0000,42.0000
674.0000,229.0000,56.0000,42.0000
674.0000,229.0000,56.0000,42.0000
674.0000,233.0000,56.0000,42.0000
678.0000,233.0000,56.0000,42.0000
678.0000,237.0000,56.0000,42.0000
682.0000,241.0000,56.0000,42.0000
682.0000,241.0000,56.0000,42.0000
682.0000,245.0000,56.0000,42.0000
682.0000,245.0000,56.0000,42.0000
686.0000,249.0000,56.0000,42.0000
686.0000,253.0000,56.0000,42.0000
686.0000,253.0000,56.0000,42.0000
686.0000,257.0000,56.0000,42.0000
690.0000,257.0000,56.0000,42.0000
690.0000,261.0000,56.0000,42.0000
690.0000,265.0000,56.0000,42.0000
690.0000,265.0000,56.0000,42.0000
694.0000,269.0000,56.0000,42.0000
694.0000,269.0000,56.0000,42.0000
694.0000,273.0000,56.0000,42.0000
694.0000,273.0000,56.0000,42.0000
698.0000,277.0000,56.0000,42.0000
698.0000,277.0000,56.0000,42.0000
698.0000,277.0000,56.0000,42.0000
702.0000,277.0000,56.0000,42.0000
702.0000,281.0000,56.0000,42.0000
702.0000,281.0000,56.0000,42.0000
702.0000,281.0000,56.0000,42.0000
706.0000,281.0000,56.0000,42.0000
706.0000,281.0000,56.0000,42.0000
710.0000,277.0000,56.0000,42.0000
710.0000,277.0000,56.0000,42.0000
710.0000,277.0000,56.0000,42.0000
714.0000,277.0000,56.0000,42.0000
714.0000,277.0000,56.0000,42.0000
714.0000,277.0000,56.0000,42.0000
718.0000,277.0000,56.0000,42.0000
718.0000,277.0000,56.0000,42.0000
718.0000,277.0000,56.0000,42.0000
718.0000,277.0000,56.0000,42.0000
722.0000,277.0000,56.0000,42.0000
722.0000,277.0000,56.0000,42.0000
722.0000,277.0000,56.0000,42.0000
726.0000,277.0000,56.0000,42.0000
726.0000,277.0000,56.0000,42.0000
730.0000,277.0000,56.0000,42.0000
730.0000,277.0000,56.0000,42.0000
734.0000,277.0000,56.0000,42.0000
734.0000,277.0000,56.0000,42.0000
734.0000,277.0000,56.0000,42.0000
738.0000,277.0000,56.0000,42.0000
738.0000,277.0000,56.0000,42.0000
738.0000,277.0000,56.0000,42.0000
742.0000,277.0000,56.0000,42.0000
742.0000,277.0000,56.0000,42.0000
746.0000,277.0000,56.0000,42.0000
746.0000,281.0000,56.0000,42.0000
750.0000,281.0000,56.0000,42.0000
750.0000,281.0000,56.0000,42.0000
750.0000,281.0000,56.0000,42.0000
754.0000,281.0000,56.0000,42.0000
758.0000,281.0000,56.0000,42.0000
758.0000,281.0000,56.0000,42.0000
758.0000,281.0000,56.0000,42.0000
762.0000,281.0000,56.0000,42.0000
766.0000,281.0000,56.0000,42.0000
766.0000,281.0000,56.0000,42.0000
770.0000,281.0000,56.0000,42.0000
770.0000,281.0000,56.0000,42.0000
774.0000,281.0000,56.0000,42.0000
774.0000,285.0000,56.0000,42.0000
778.0000,285.0000,56.0000,42.0000
778.0000,285.0000,56.0000,42.0000
782.0000,285.0000,56.0000,42.0000
782.0000,285.0000,56.0000,42.0000
786.0000,285.0000,56.0000,42.0000
786.0000,285.0000,56.0000,42.0000
790.0000,285.0000,56.0000,42.0000
790.0000,285.0000,56.0000,42.0000
794.0000,289.0000,56.0000,42.0000
794.0000,289.0000,56.0000,42.0000
798.0000,289.0000,56.0000,42.0000
798.0000,289.0000,56.0000,42.0000
802.0000,289.0000,56.0000,42.0000
806.0000,289.0000,56.0000,42.0000
806.0000,293.0000,56.0000,42.0000
810.0000,293.0000,56.0000,42.0000
814.0000,293.0000,56.0000,42.0000
814.0000,297.0000,56.0000,42.0000
818.0000,297.0000,56.0000,42.0000
822.0000,297.0000,56.0000,42.0000
822.0000,301.0000,56.0000,42.0000
826.0000,301.0000,56.0000,42.0000
830.0000,301.0000,56.0000,42.0000
830.0000,305.0000,56.0000,42.0000
834.0000,305.0000,56.0000,42.0000
838.0000,309.0000,56.0000,42.0000
842.0000,309.0000,56.0000,42.0000
846.0000,309.0000,56.0000,42.0000
846.0000,313.0000,56.0000,42.0000
850.0000,313.0000,56.0000,42.0000
854.0000,317.0000,56.0000,42.0000
858.0000,317.0000,56.0000,42.0000
862.0000,317.0000,56.0000,42.0000
862.0000,321.0000,56.0000,42.0000
866.0000,321.0000,56.0000,42.0000
870.0000,321.0000,56.0000,42.0000
874.0000,321.0000,56.0000,42.0000
874.0000,321.0000,56.0000,42.0000
878.0000,325.0000,56.0000,42.0000
882.0000,325.0000,56.0000,42.0000
882.0000,325.0000,56.0000,42.0000
886.0000,325.0000,56.0000,42.0000
890.0000,325.0000,56.0000,42.0000
890.0000,325.0000,56.0000,42.0000
894.0000,325.0000,56.0000,42.0000
898.0000,329.0000,56.0000,42.0000
902.0000,329.0000,56.0000,42.0000
906.0000,329.0000,56.0000,42.0000
906.0000,329.0000,56.0000,42.0000
910.0000,329.0000,56.0000,42.0000
914.0000,329.0000,56.0000,42.0000
918.0000,333.0000,56.0000,42.0000
918.0000,333.0000,56.0000,42.0000
922.0000,333.0000,56.0000,42.0000
926.0000,333.0000,56.0000,42.0000
926.0000,333.0000,56.0000,42.0000
930.0000,337.0000,56.0000,42.0000
934.0000,337.0000,56.0000,42.0000
934.0000,337.0000,56.0000,42.0000
938.0000,337.0000,56.0000,42.0000
938.0000,337.0000,56.0000,42.0000
942.0000,337.0000,56.0000,42.0000
946.0000,341.0000,56.0000,42.0000
946.0000,341.0000,56.0000,42.0000
950.0000,341.0000,56.0000,42.0000
950.0000,341.0000,56.0000,42.0000
954.0000,341.0000,56.0000,42.0000
954.0000,341.0000,56.0000,42.0000
958.0000,345.0000,56.0000,42.0000
958.0000,345.0000,56.0000,42.0000
958.0000,345.0000,56.0000,42.0000
962.0000,345.0000,56.0000,42.0000
962.0000,345.0000,56.0000,42.0000
962.0000,345.0000,56.0000,42.0000
966.0000,345.0000,56.0000,42.0000
966.0000,345.0000,56.0000,42.0000
966.0000,345.0000,56.0000,42.0000
966.0000,345.0000,56.0000,42.0000
966.0000,345.0000,56.0000,42.0000
966.0000,345.0000,56.0000,42.0000
966.0000,345.0000,56.0000,42.0000
970.0000,345.0000,56.0000,42.0000
970.0000,345.0000,56.0000,42.0000
970.0000,345.0000,56.0000,42.0000
970.0000,345.0000,56.0000,42.0000
970.0000,345.0000,56.0000,42.0000
970.0000,345.0000,56.0000,42.0000
970.0000,345.0000,56.0000,42.0000
970.0000,345.0000,56.0000,42.0000
966.0000,345.0000,56.0000,42.0000
966.0000,345.0000,56.0000,42.0000
966.0000,345.0000,56.0000,42.0000
966.0000,345.0000,56.0000,42.0000
966.0000,345.0000,56.0000,42.0000
966.0000,345.0000,56.0000,42.0000
962.0000,345.0000,56.0000,42.0000
962.0000,345.0000,56.0000,42.0000
962.0000,349.0000,56.0000,42.0000
962.0000,349.0000,56.0000,42.0000
962.0000,349.0000,56.0000,42.0000
962.0000,349.0000,56.0000,42.0000
962.0000,349.0000,56.0000,42.0000
962.0000,353.0000,56.0000,42.0000
962.0000,353.0000,56.0000,42.0000
962.0000,353.0000,56.0000,42.0000
958.0000,353.0000,56.0000,42.0000
958.0000,357.0000,56.0000,42.0000
958.0000,357.0000,56.0000,42.0000
958.0000,357.0000,56.0000,42.0000
958.0000,361.0000,56.0000,42.0000
958.0000,361.0000,56.0000,42.0000
958.0000,361.0000,56.0000,42.0000
958.0000,361.0000,56.0000,42.0000
958.0000,365.0000,56.0000,42.0000
958.0000,365.0000,56.0000,42.0000
958.0000,365.0000,56.0000,42.0000
958.0000,365.0000,56.0000,42.0000
958.0000,365.0000,56.0000,42.0000
958.0000,369.0000,56.0000,42.0000
958.0000,369.0000,56.0000,42.0000
954.0000,369.0000,56.0000,42.0000
954.0000,369.0000,56.0000,42.0000
954.0000,373.0000,56.0000,42.0000
954.0000,373.0000,56.0000,42.0000
954.0000,377.0000,56.0000,42.0000
954.0000,377.0000,56.0000,42.0000
954.0000,377.0000,56.0000,42.0000
954.0000,381.0000,56.0000,42.0000
954.0000,381.0000,56.0000,42.0000
950.0000,381.0000,56.0000,42.0000
950.0000,385.0000,56.0000,42.0000
946.0000,385.0000,56.0000,42.0000
946.0000,385.0000,56.0000,42.0000
942.0000,385.0000,56.0000,42.0000
934.0000,385.0000,56.0000,42.0000
926.0000,385.0000,56.0000,42.0000
918.0000,385.0000,56.0000,42.0000
910.0000,385.0000,56.0000,42.0000
898.0000,385.0000,56.0000,42.0000
886.0000,385.0000,56.0000,42.0000
870.0000,385.0000,56.0000,42.0000
854.0000,385.0000,56.0000,42.0000
838.0000,385.0000,56.0000,42.0000
822.0000,385.0000,56.0000,42.0000
798.0000,385.0000,56.0000,42.0000
778.0000,385.0000,56.0000,42.0000
758.0000,385.0000,56.0000,42.0000
742.0000,385.0000,56.0000,42.0000
722.0000,385.0000,56.0000,42.0000
694.0000,389.0000,56.0000,42.0000
670.0000,389.0000,56.0000,42.0000
650.0000,389.0000,56.0000,42.0000
630.0000,393.0000,56.0000,42.0000
610.0000,393.0000,56.0000,42.0000
586.0000,397.0000,56.0000,42.0000
566.0000,401.0000,56.0000,42.0000
554.0000,405.0000,56.0000,42.0000
538.0000,405.0000,56.0000,42.0000
526.0000,409.0000,56.0000,42.0000
510.0000,413.0000,56.0000,42.0000
498.0000,413.0000,56.0000,42.0000
486.0000,417.0000,56.0000,42.0000
478.0000,417.0000,56.0000,42.0000
466.0000,421.0000,56.0000,42.0000
450.0000,425.0000,56.0000,42.0000
442.0000,429.0000,56.0000,42.0000
434.0000,429.0000,56.0000,42.0000
426.0000,429.0000,56.0000,42.0000
418.0000,433.0000,56.0000,42.0000
410.0000,433.0000,56.0000,42.0000
406.0000,433.0000,56.0000,42.0000
402.0000,433.0000,56.0000,42.0000
394.0000,429.0000,56.0000,42.0000
390.0000,429.0000,56.0000,42.0000
386.0000,425.0000,56.0000,42.0000
382.0000,421.0000,56.0000,42.0000
378.0000,417.0000,56.0000,42.0000
374.0000,417.0000,56.0000,42.0000
370.0000,413.0000,56.0000,42.0000
366.0000,405.0000,56.0000,42.0000
362.0000,401.0000,56.0000,42.0000
358.0000,397.0000,56.0000,42.0000
354.0000,389.0000,56.0000,42.0000
354.0000,385.0000,56.0000,42.0000
350.0000,377.0000,56.0000,42.0000
350.0000,373.0000,56.0000,42.0000
346.0000,369.0000,56.0000,42.0000
346.0000,361.0000,56.0000,42.0000
346.0000,357.0000,56.0000,42.0000
342.0000,353.0000,56.0000,42.0000
342.0000,349.0000,56.0000,42.0000
338.0000,349.0000,56.0000,42.0000
334.0000,349.0000,56.0000,42.0000
330.0000,349.0000,56.0000,42.0000
326.0000,349.0000,56.0000,42.0000
322.0000,353.0000,56.0000,42.0000
318.0000,353.0000,56.0000,42.0000
314.0000,353.0000,56.0000,42.0000
310.0000,357.0000,56.0000,42.0000
306.0000,357.0000,56.0000,42.0000
298.0000,361.0000,56.0000,42.0000
294.0000,361.0000,56.0000,42.0000
290.0000,361.0000,56.0000,42.0000
286.0000,361.0000,56.0000,42.0000
278.0000,361.0000,56.0000,42.0000
274.0000,361.0000,56.0000,42.0000
270.0000,361.0000,56.0000,42.0000
266.0000,357.0000,56.0000,42.0000
258.0000,357.0000,56.0000,42.0000
250.0000,353.0000,56.0000,42.0000
246.0000,353.0000,56.0000,42.0000
242.0000,349.0000,56.0000,42.0000
234.0000,349.0000,56.0000,42.0000
230.0000,349.0000,56.0000,42.0000
222.0000,345.0000,56.0000,42.0000
218.0000,345.0000,56.0000,42.0000
214.0000,345.0000,56.0000,42.0000
210.0000,341.0000,56.0000,42.0000
206.0000,341.0000,56.0000,42.0000
206.0000,341.0000,56.0000,42.0000
210.0000,341.0000,56.0000,42.0000
210.0000,341.0000,56.0000,42.0000
218.0000,341.0000,56.0000,42.0000
222.0000,341.0000,56.0000,42.0000
230.0000,337.0000,56.0000,42.0000
234.0000,337.0000,56.0000,42.0000
242.0000,337.0000,56.0000,42.0000
246.0000,337.0000,56.0000,42.0000
250.0000,337.0000,56.0000,42.0000
258.0000,337.0000,56.0000,42.0000
262.0000,337.0000,56.0000,42.0000
266.0000,337.0000,56.0000,42.0000
270.0000,333.0000,56.0000,42.0000
274.0000,333.0000,56.0000,42.0000
278.0000,333.0000,56.0000,42.0000
282.0000,333.0000,56.0000,42.0000
282.0000,329.0000,56.0000,42.0000
286.0000,329.0000,56.0000,42.0000
290.0000,325.0000,56.0000,42.0000
290.0000,321.0000,56.0000,42.0000
294.0000,321.0000,56.0000,42.0000
294.0000,317.0000,56.0000,42.0000
298.0000,317.0000,56.0000,42.0000
298.0000,313.0000,56.0000,42.0000
302.0000,313.0000,56.0000,42.0000
302.0000,309.0000,56.0000,42.0000
306.0000,309.0000,56.0000,42.0000
306.0000,309.0000,56.0000,42.0000
306.0000,305.0000,56.0000,42.0000
310.0000,305.0000,56.0000,42.0000
310.0000,301.0000,56.0000,42.0000
310.0000,301.0000,56.0000,42.0000
310.0000,301.0000,56.0000,42.0000
314.0000,301.0000,56.0000,42.0000
314.0000,297.0000,56.0000,42.0000
314.0000,297.0000,56.0000,42.0000
318.0000,297.0000,56.0000,42.0000
318.0000,293.0000,56.0000,42.0000
318.0000,293.0000,56.0000,42.0000
318.0000,293.0000,56.0000,42.0000
318.0000,293.0000,56.0000,42.0000
322.0000,293.0000,56.0000,42.0000
322.0000,293.0000,56.0000,42.0000
326.0000,293.0000,56.0000,42.0000
326.0000,293.0000,56.0000,42.0000
330.0000,293.0000,56.0000,42.0000
330.0000,293.0000,56.0000,42.0000
334.0000,293.0000,56.0000,42.0000
338.0000,293.0000,56.0000,42.0000
342.0000,293.0000,56.0000,42.0000
346.0000,293.0000,56.0000,42.0000
350.0000,293.0000,56.0000,42.0000
354.0000,289.0000,56.0000,42.0000
358.0000,289.0000,56.0000,42.0000
366.0000,285.0000,56.0000,42.0000
370.0000,285.0000,56.0000,42.0000
374.0000,285.0000,56.0000,42.0000
378.0000,281.0000,56.0000,42.0000
382.0000,281.0000,56.0000,42.0000
390.0000,277.0000,56.0000,42.0000
394.0000,277.0000,56.0000,42.0000
398.0000,277.0000,56.0000,42.0000
402.0000,273.0000,56.0000,42.0000
406.0000,273.0000,56.0000,42.0000
410.0000,269.0000,56.0000,42.0000
414.0000,269.0000,56.0000,42.0000
418.0000,269.0000,56.0000,42.0000
422.0000,265.0000,56.0000,42.0000
422.0000,265.0000,56.0000,42.0000
426.0000,265.0000,56.0000,42.0000
430.0000,261.0000,56.0000,42.0000
434.0000,261.0000,56.0000,42.0000
434.0000,261.0000,56.0000,42.0000
438.0000,257.0000,56.0000,42.0000
438.0000,257.0000,56.0000,42.0000
442.0000,253.0000,56.0000,42.0000
442.0000,253.0000,56.0000,42.0000
446.0000,253.0000,56.0000,42.0000
446.0000,249.0000,56.0000,42.0000
446.0000,249.0000,56.0000,42.0000
446.0000,249.0000,56.0000,42.0000
446.0000,249.0000,56.0000,42.0000
450.0000,245.0000,56.0000,42.0000
450.0000,245.0000,56.0000,42.0000
450.0000,245.0000,56.0000,42.0000
446.0000,245.0000,56.0000,42.0000
446.0000,245.0000,56.0000,42.0000
446.0000,241.0000,56.0000,42.0000
446.0000,241.0000,56.0000,42.0000
446.0000,241.0000,56.0000,42.0000
442.0000,241.0000,56.0000,42.0000
442.0000,241.0000,56.0000,42.0000
442.0000,241.0000,56.0000,42.0000
438.0000,241.0000,56.0000,42.0000
438.0000,241.0000,56.0000,42.0000
438.0000,237.0000,56.0000,42.0000
434.0000,237.0000,56.0000,42.0000
434.0000,237.0000,56.0000,42.0000
430.0000,237.0000,56.0000,42.0000
430.0000,237.0000,56.0000,42.0000
426.0000,237.0000,56.0000,42.0000
426.0000,237.0000,56.0000,42.0000
422.0000,237.0000,56.0000,42.0000
422.0000,237.0000,56.0000,42.0000
418.0000,237.0000,56.0000,42.0000
414.0000,237.0000,56.0000,42.0000
414.0000,237.0000,56.0000,42.0000
410.0000,237.0000,56.0000,42.0000
406.0000,237.0000,56.0000,42.0000
402.0000,237.0000,56.0000,42.0000
402.0000,237.0000,56.0000,42.0000
398.0000,237.0000,56.0000,42.0000
394.0000,237.0000,56.0000,42.0000
390.0000,237.0000,56.0000,42.0000
386.0000,237.0000,56.0000,42.0000
382.0000,237.0000,56.0000,42.0000
378.0000,237.0000,56.0000,42.0000
374.0000,237.0000,56.0000,42.0000
370.0000,241.0000,56.0000,42.0000
366.0000,241.0000,56.0000,42.0000
362.0000,241.0000,56.0000,42.0000
358.0000,241.0000,56.0000,42.0000
354.0000,241.0000,56.0000,42.0000
350.0000,241.0000,56.0000,42.0000
342.0000,241.0000,56.0000,42.0000
342.0000,237.0000,56.0000,42.0000
338.0000,237.0000,56.0000,42.0000
334.0000,237.0000,56.0000,42.0000
330.0000,237.0000,56.0000,42.0000
322.0000,237.0000,56.0000,42.0000
318.0000,237.0000,56.0000,42.0000
314.0000,237.0000,56.0000,42.0000
310.0000,237.0000,56.0000,42.0000
306.0000,237.0000,56.0000,42.0000
302.0000,233.0000,56.0000,42.0000
298.0000,233.0000,56.0000,42.0000
294.0000,233.0000,56.0000,42.0000
290.0000,233.0000,56.0000,42.0000
286.0000,233.0000,56.0000,42.0000
278.0000,233.0000,56.0000,42.0000
274.0000,229.0000,56.0000,42.0000
270.0000,229.0000,56.0000,42.0000
262.0000,229.0000,56.0000,42.0000
254.0000,225.0000,56.0000,42.0000
246.0000,225.0000,56.0000,42.0000
238.0000,221.0000,56.0000,42.0000
230.0000,221.0000,56.0000,42.0000
222.0000,221.0000,56.0000,42.0000
218.0000,217.0000,56.0000,42.0000
210.0000,217.0000,56.0000,42.0000
206.0000,217.0000,56.0000,42.0000
198.0000,213.0000,56.0000,42.0000
194.0000,213.0000,56.0000,42.0000
186.0000,213.0000,56.0000,42.0000
178.0000,209.0000,56.0000,42.0000
170.0000,209.0000,56.0000,42.0000
162.0000,205.0000,56.0000,42.0000
154.0000,205.0000,56.0000,42.0000
146.0000,201.0000,56.0000,42.0000
138.0000,201.0000,56.0000,42.0000
134.0000,197.0000,56.0000,42.0000
126.0000,197.0000,56.0000,42.0000
122.0000,197.0000,56.0000,42.0000
118.0000,197.0000,56.0000,42.0000
114.0000,197.0000,56.0000,42.0000
110.0000,197.0000,56.0000,42.0000
110.0000,193.0000,56.0000,42.0000
106.0000,193.0000,56.0000,42.0000
102.0000,193.0000,56.0000,42.0000
102.0000,193.0000,56.0000,42.0000
98.0000,193.0000,56.0000,42.0000
98.0000,193.0000,56.0000,42.0000
102.0000,193.0000,56.0000,42.0000
102.0000,189.0000,56.0000,42.0000
102.0000,189.0000,56.0000,42.0000
106.0000,189.0000,56.0000,42.0000
106.0000,185.0000,56.0000,42.0000
114.0000,181.0000,56.0000,42.0000
118.0000,181.0000,56.0000,42.0000
126.0000,177.0000,56.0000,42.0000
134.0000,173.0000,56.0000,42.0000
138.0000,169.0000,56.0000,42.0000
146.0000,169.0000,56.0000,42.0000
154.0000,165.0000,56.0000,42.0000
170.0000,157.0000,56.0000,42.0000
182.0000,153.0000,56.0000,42.0000
190.0000,153.0000,56.0000,42.0000
198.0000,149.0000,56.0000,42.0000
206.0000,145.0000,56.0000,42.0000
214.0000,145.0000,56.0000,42.0000
214.0000,145.0000,56.0000,42.0000
218.0000,145.0000,56.0000,42.0000
222.0000,141.0000,56.0000,42.0000
222.0000,141.0000,56.0000,42.0000
222.0000,145.0000,56.0000,42.0000
226.0000,145.0000,56.0000,42.0000
226.0000,145.0000,56.0000,42.0000
226.0000,145.0000,56.0000,42.0000
230.0000,145.0000,56.0000,42.0000
234.0000,145.0000,56.0000,42.0000
234.0000,145.0000,56.0000,42.0000
238.0000,145.0000,56.0000,42.0000
238.0000,149.0000,56.0000,42.0000
238.0000,149.0000,56.0000,42.0000
242.0000,149.0000,56.0000,42.0000
246.0000,149.0000,56.0000,42.0000
246.0000,153.0000,56.0000,42.0000
250.0000,153.0000,56.0000,42.0000
250.0000,153.0000,56.0000,42.0000
254.0000,157.0000,56.0000,42.0000
258.0000,157.0000,56.0000,42.0000
262.0000,157.0000,56.0000,42.0000
266.0000,157.0000,56.0000,42.0000
270.0000,161.0000,56.0000,42.0000
274.0000,161.0000,56.0000,42.0000
278.0000,165.0000,56.0000,42.0000
282.0000,165.0000,56.0000,42.0000
282.0000,165.0000,56.0000,42.0000
286.0000,169.0000,56.0000,42.0000
290.0000,169.0000,56.0000,42.0000
294.0000,173.0000,56.0000,42.0000
294.0000,173.0000,56.0000,42.0000
298.0000,177.0000,56.0000,42.0000
302.0000,181.0000,56.0000,42.0000
306.0000,181.0000,56.0000,42.0000
306.0000,185.0000,56.0000,42.0000
310.0000,189.0000,56.0000,42.0000
310.0000,193.0000,56.0000,42.0000
314.0000,193.0000,56.0000,42.0000
318.0000,197.0000,56.0000,42.0000
322.0000,201.0000,56.0000,42.0000
326.0000,205.0000,56.0000,42.0000
326.0000,209.0000,56.0000,42.0000
330.0000,213.0000,56.0000,42.0000
334.0000,217.0000,56.0000,42.0000
338.0000,221.0000,56.0000,42.0000
342.0000,221.0000,56.0000,42.0000
346.0000,225.0000,56.0000,42.0000
350.0000,229.0000,56.0000,42.0000
354.0000,233.0000,56.0000,42.0000
358.0000,237.0000,56.0000,42.0000
362.0000,241.0000,56.0000,42.0000
366.0000,245.0000,56.0000,42.0000
370.0000,249.0000,56.0000,42.0000
378.0000,253.0000,56.0000,42.0000
382.0000,257.0000,56.0000,42.0000
386.0000,261.0000,56.0000,42.0000
390.0000,265.0000,56.0000,42.0000
394.0000,269.0000,56.0000,42.0000
402.0000,273.0000,56.0000,42.0000
406.0000,277.0000,56.0000,42.0000
414.0000,281.0000,56.0000,42.0000
418.0000,285.0000,56.0000,42.0000
426.0000,289.0000,56.0000,42.0000
434.0000,293.0000,56.0000,42.0000
438.0000,297.0000,56.0000,42.0000
446.0000,297.0000,56.0000,42.0000
454.0000,301.0000,56.0000,42.0000
462.0000,305.0000,56.0000,42.0000
470.0000,305.0000,56.0000,42.0000
478.0000,309.0000,56.0000,42.0000
486.0000,313.0000,56.0000,42.0000
494.0000,313.0000,56.0000,42.0000
502.0000,317.0000,56.0000,42.0000
514.0000,321.0000,56.0000,42.0000
522.0000,321.0000,56.0000,42.0000
530.0000,321.0000,56.0000,42.0000
538.0000,325.0000,56.0000,42.0000
546.0000,325.0000,56.0000,42.0000
558.0000,325.0000,56.0000,42.0000
566.0000,325.0000,56.0000,42.0000
574.0000,325.0000,56.0000,42.0000
582.0000,325.0000,56.0000,42.0000
590.0000,325.0000,56.0000,42.0000
598.0000,325.0000,56.0000,42.0000
606.0000,325.0000,56.0000,42.0000
614.0000,325.0000,56.0000,42.0000
622.0000,321.0000,56.0000,42.0000
626.0000,321.0000,56.0000,42.0000
638.0000,317.0000,56.0000,42.0000
642.0000,317.0000,56.0000,42.0000
650.0000,313.0000,56.0000,42.0000
658.0000,309.0000,56.0000,42.0000
662.0000,305.0000,56.0000,42.0000
674.0000,301.0000,56.0000,42.0000
678.0000,293.0000,56.0000,42.0000
682.0000,289.0000,56.0000,42.0000
690.0000,285.0000,56.0000,42.0000
694.0000,277.0000,56.0000,42.0000
702.0000,269.0000,56.0000,42.0000
706.0000,265.0000,56.0000,42.0000
710.0000,257.0000,56.0000,42.0000
714.0000,249.0000,56.0000,42.0000
718.0000,241.0000,56.0000,42.0000
722.0000,233.0000,56.0000,42.0000
722.0000,225.0000,56.0000,42.0000
722.0000,217.0000,56.0000,42.0000
726.0000,209.0000,56.0000,42.0000
726.0000,201.0000,56.0000,42.0000
726.0000,189.0000,56.0000,42.0000
722.0000,181.0000,56.0000,42.0000
722.0000,173.0000,56.0000,42.0000
722.0000,165.0000,56.0000,42.0000
718.0000,157.0000,56.0000,42.0000
714.0000,145.0000,56.0000,42.0000
710.0000,137.0000,56.0000,42.0000
706.0000,129.0000,56.0000,42.0000
706.0000,121.0000,56.0000,42.0000
706.0000,113.0000,56.0000,42.0000
706.0000,101.0000,56.0000,42.0000
710.0000,93.0000,56.0000,42.0000
714.0000,85.0000,56.0000,42.0000
722.0000,77.0000,56.0000,42.0000
726.0000,73.0000,56.0000,42.0000
738.0000,61.0000,56.0000,42.0000
742.0000,53.0000,56.0000,42.0000
746.0000,49.0000,56.0000,42.0000
754.0000,41.0000,56.0000,42.0000
758.0000,37.0000,56.0000,42.0000
762.0000,29.0000,56.0000,42.0000
766.0000,29.0000,56.0000,42.0000
770.0000,25.0000,56.0000,42.0000
774.0000,25.0000,56.0000,42.0000
774.0000,25.0000,56.0000,42.0000
778.0000,25.0000,56.0000,42.0000
778.0000,33.0000,56.0000,42.0000
778.0000,37.0000,56.0000,42.0000
778.0000,45.0000,56.0000,42.0000
778.0000,53.0000,56.0000,42.0000
774.0000,65.0000,56.0000,42.0000
770.0000,73.0000,56.0000,42.0000
766.0000,81.0000,56.0000,42.0000
758.0000,89.0000,56.0000,42.0000
750.0000,97.0000,56.0000,42.0000
742.0000,109.0000,56.0000,42.0000
730.0000,117.0000,56.0000,42.0000
722.0000,125.0000,56.0000,42.0000
710.0000,133.0000,56.0000,42.0000
702.0000,137.0000,56.0000,42.0000
690.0000,145.0000,56.0000,42.0000
682.0000,153.0000,56.0000,42.0000
670.0000,157.0000,56.0000,42.0000
662.0000,165.0000,56.0000,42.0000
650.0000,173.0000,56.0000,42.0000
638.0000,181.0000,56.0000,42.0000
626.0000,185.0000,56.0000,42.0000
618.0000,193.0000,56.0000,42.0000
606.0000,197.0000,56.0000,42.0000
598.0000,205.0000,56.0000,42.0000
586.0000,209.0000,56.0000,42.0000
574.0000,209.0000,56.0000,42.0000
566.0000,209.0000,56.0000,42.0000
562.0000,209.0000,56.0000,42.0000
554.0000,209.0000,56.0000,42.0000
546.0000,209.0000,56.0000,42.0000
542.0000,209.0000,56.0000,42.0000
538.0000,209.0000,56.0000,42.0000
534.0000,209.0000,56.0000,42.0000
530.0000,209.0000,56.0000,42.0000
526.0000,209.0000,56.0000,42.0000
522.0000,209.0000,56.0000,42.0000
522.0000,209.0000,56.0000,42.0000
518.0000,209.0000,56.0000,42.0000
518.0000,209.0000,56.0000,42.0000
514.0000,209.0000,56.0000,42.0000
514.0000,209.0000,56.0000,42.0000
510.0000,209.0000,56.0000,42.0000
510.0000,209.0000,56.0000,42.0000
510.0000,209.0000,56.0000,42.0000
506.0000,209.0000,56.0000,42.0000
506.0000,209.0000,56.0000,42.0000
506.0000,209.0000,56.0000,42.0000
510.0000,209.0000,56.0000,42.0000
510.0000,209.0000,56.0000,42.0000
510.0000,209.0000,56.0000,42.0000
510.0000,209.0000,56.0000,42.0000
510.0000,209.0000,56.0000,42.0000
510.0000,209.0000,56.0000,42.0000
514.0000,209.0000,56.0000,42.0000
514.0000,209.0000,56.0000,42.0000
514.0000,213.0000,56.0000,42.0000
514.0000,213.0000,56.0000,42.0000
514.0000,213.0000,56.0000,42.0000
514.0000,213.0000,56.0000,42.0000
514.0000,217.0000,56.0000,42.0000
518.0000,217.0000,56.0000,42.0000
518.0000,221.0000,56.0000,42.0000
518.0000,221.0000,56.0000,42.0000
518.0000,225.0000,56.0000,42.0000
518.0000,225.0000,56.0000,42.0000
518.0000,229.0000,56.0000,42.0000
518.0000,229.0000,56.0000,42.0000
518.0000,233.0000,56.0000,42.0000
518.0000,237.0000,56.0000,42.0000
518.0000,237.0000,56.0000,42.0000
518.0000,241.0000,56.0000,42.0000
518.0000,241.0000,56.0000,42.0000
518.0000,241.0000,56.0000,42.0000
518.0000,245.0000,56.0000,42.0000
518.0000,245.0000,56.0000,42.0000
522.0000,245.0000,56.0000,42.0000
518.0000,245.0000,56.0000,42.0000
518.0000,245.0000,56.0000,42.0000
518.0000,249.0000,56.0000,42.0000
518.0000,249.0000,56.0000,42.0000
518.0000,249.0000,56.0000,42.0000
518.0000,249.0000,56.0000,42.0000
518.0000,249.0000,56.0000,42.0000
518.0000,253.0000,56.0000,42.0000
518.0000,253.0000,56.0000,42.0000
518.0000,253.0000,56.0000,42.0000
518.0000,257.0000,56.0000,42.0000
518.0000,257.0000,56.0000,42.0000
518.0000,257.0000,56.0000,42.0000
518.0000,261.0000,56.0000,42.0000
518.0000,261.0000,56.0000,42.0000
518.0000,261.0000,56.0000,42.0000
514.0000,265.0000,56.0000,42.0000
514.0000,265.0000,56.0000,42.0000
514.0000,269.0000,56.0000,42.0000
514.0000,269.0000,56.0000,42.0000
514.0000,269.0000,56.0000,42.0000
514.0000,273.0000,56.0000,42.0000
514.0000,273.0000,56.0000,42.0000
510.0000,277.0000,56.0000,42.0000
510.0000,277.0000,56.0000,42.0000
510.0000,281.0000,56.0000,42.0000
510.0000,281.0000,56.0000,42.0000
510.0000,281.0000,56.0000,42.0000
510.0000,285.0000,56.0000,42.0000
506.0000,285.0000,56.0000,42.0000
506.0000,289.0000,56.0000,42.0000
506.0000,289.0000,56.0000,42.0000
506.0000,293.0000,56.0000,42.0000
506.0000,293.0000,56.0000,42.0000
506.0000,297.0000,56.0000,42.0000
506.0000,297.0000,56.0000,42.0000
502.0000,301.0000,56.0000,42.0000
502.0000,301.0000,56.0000,42.0000
502.0000,305.0000,56.0000,42.0000
502.0000,305.0000,56.0000,42.0000
502.0000,309.0000,56.0000,42.0000
502.0000,309.0000,56.0000,42.0000
502.0000,309.0000,56.0000,42.0000
498.0000,313.0000,56.0000,42.0000
498.0000,317.0000,56.0000,42.0000
498.0000,317.0000,56.0000,42.0000
498.0000,321.0000,56.0000,42.0000
498.0000,321.0000,56.0000,42.0000
498.0000,325.0000,56.0000,42.0000
498.0000,325.0000,56.0000,42.0000
494.0000,329.0000,56.0000,42.0000
494.0000,329.0000,56.0000,42.0000
494.0000,333.0000,56.0000,42.0000
494.0000,333.0000,56.0000,42.0000
494.0000,337.0000,56.0000,42.0000
494.0000,337.0000,56.0000,42.0000
490.0000,341.0000,56.0000,42.0000
490.0000,341.0000,56.0000,42.0000
490.0000,345.0000,56.0000,42.0000
490.0000,345.0000,56.0000,42.0000
490.0000,349.0000,56.0000,42.0000
490.0000,349.0000,56.0000,42.0000
490.0000,353.0000,56.0000,42.0000
486.0000,353.0000,56.0000,42.0000
486.0000,357.0000,56.0000,42.0000
486.0000,357.0000,56.0000,42.0000
486.0000,361.0000,56.0000,42.0000
486.0000,361.0000,56.0000,42.0000
486.0000,361.0000,56.0000,42.0000
486.0000,365.0000,56.0000,42.0000
482.0000,365.0000,56.0000,42.0000
482.0000,369.0000,56.0000,42.0000
482.0000,369.0000,56.0000,42.0000
482.0000,369.0000,56.0000,42.0000
482.0000,373.0000,56.0000,42.0000
482.0000,373.0000,56.0000,42.0000
482.0000,373.0000,56.0000,42.0000
482.0000,373.0000,56.0000,42.0000
482.0000,377.0000,56.0000,42.0000
482.0000,377.0000,56.0000,42.0000
482.0000,377.0000,56.0000,42.0000
482.0000,377.0000,56.0000,42.0000
482.0000,381.0000,56.0000,42.0000
482.0000,381.0000,56.0000,42.0000
482.0000,381.0000,56.0000,42.0000
482.0000,381.0000,56.0000,42.0000
482.0000,381.0000,56.0000,42.0000
482.0000,381.0000,56.0000,42.0000
482.0000,381.0000,56.0000,42.0000
482.0000,381.0000,56.0000,42.0000
482.0000,381.0000,56.0000,42.0000
482.0000,381.0000,56.0000,42.0000
482.0000,381.0000,56.0000,42.0000
482.0000,377.0000,56.0000,42.0000
482.0000,377.0000,56.0000,42.0000
482.0000,377.0000,56.0000,42.0000
486.0000,377.0000,56.0000,42.0000
486.0000,377.0000,56.0000,42.0000
486.0000,377.0000,56.0000,42.0000
486.0000,377.0000,56.0000,42.0000
486.0000,377.0000,56.0000,42.0000
486.0000,377.0000,56.0000,42.0000
486.0000,377.0000,56.0000,42.0000
490.0000,373.0000,56.0000,42.0000
490.0000,373.0000,56.0000,42.0000
490.0000,373.0000,56.0000,42.0000
490.0000,373.0000,56.0000,42.0000
490.0000,373.0000,56.0000,42.0000
494.0000,369.0000,56.0000,42.0000
494.0000,369.0000,56.0000,42.0000
494.0000,365.0000,56.0000,42.0000
498.0000,365.0000,56.0000,42.0000
498.0000,365.0000,56.0000,42.0000
498.0000,361.0000,56.0000,42.0000
502.0000,361.0000,56.0000,42.0000
502.0000,361.0000,56.0000,42.0000
502.0000,361.0000,56.0000,42.0000
506.0000,361.0000,56.0000,42.0000
506.0000,357.0000,56.0000,42.0000
506.0000,357.0000,56.0000,42.0000
510.0000,357.0000,56.0000,42.0000
510.0000,357.0000,56.0000,42.0000
510.0000,357.0000,56.0000,42.0000
514.0000,357.0000,56.0000,42.0000
514.0000,353.0000,56.0000,42.0000
518.0000,353.0000,56.0000,42.0000
518.0000,353.0000,56.0000,42.0000
518.0000,353.0000,56.0000,42.0000
522.0000,353.0000,56.0000,42.0000
522.0000,349.0000,56.0000,42.0000
522.0000,349.0000,56.0000,42.0000
522.0000,349.0000,56.0000,42.0000
526.0000,349.0000,56.0000,42.0000
526.0000,345.0000,56.0000,42.0000
526.0000,345.0000,56.0000,42.0000
530.0000,345.0000,56.0000,42.0000
530.0000,341.0000,56.0000,42.0000
530.0000,341.0000,56.0000,42.0000
534.0000,341.0000,56.0000,42.0000
538.0000,337.0000,56.0000,42.0000
538.0000,337.0000,56.0000,42.0000
542.0000,337.0000,56.0000,42.0000
542.0000,337.0000,56.0000,42.0000
546.0000,333.0000,56.0000,42.0000
546.0000,333.0000,56.0000,42.0000
550.0000,329.0000,56.0000,42.0000
550.0000,329.0000,56.0000,42.0000
554.0000,329.0000,56.0000,42.0000
554.0000,325.0000,56.0000,42.0000
558.0000,325.0000,56.0000,42.0000
558.0000,325.0000,56.0000,42.0000
562.0000,325.0000,56.0000,42.0000
562.0000,321.0000,56.0000,42.0000
566.0000,321.0000,56.0000,42.0000
566.0000,321.0000,56.0000,42.0000
570.0000,317.0000,56.0000,42.0000
570.0000,317.0000,56.0000,42.0000
574.0000,313.0000,56.0000,42.0000
578.0000,313.0000,56.0000,42.0000
582.0000,313.0000,56.0000,42.0000
586.0000,309.0000,56.0000,42.0000
586.0000,309.0000,56.0000,42.0000
590.0000,309.0000,56.0000,42.0000
590.0000,305.0000,56.0000,42.0000
594.0000,305.0000,56.0000,42.0000
594.0000,301.0000,56.0000,42.0000
598.0000,301.0000,56.0000,42.0000
598.0000,297.0000,56.0000,42.0000
602.0000,297.0000,56.0000,42.0000
602.0000,297.0000,56.0000,42.0000
602.0000,293.0000,56.0000,42.0000
606.0000,293.0000,56.0000,42.0000
606.0000,289.0000,56.0000,42.0000
610.0000,289.0000,56.0000,42.0000
610.0000,285.0000,56.0000,42.0000
610.0000,285.0000,56.0000,42.0000
614.0000,281.0000,56.0000,42.0000
614.0000,281.0000,56.0000,42.0000
618.0000,277.0000,56.0000,42.0000
618.0000,277.0000,56.0000,42.0000
618.0000,273.0000,56.0000,42.0000
622.0000,273.0000,56.0000,42.0000
622.0000,269.0000,56.0000,42.0000
622.0000,269.0000,56.0000,42.0000
626.0000,265.0000,56.0000,42.0000
626.0000,265.0000,56.0000,42.0000
626.0000,261.0000,56.0000,42.0000
630.0000,261.0000,56.0000,42.0000
630.0000,257.0000,56.0000,42.0000
630.0000,257.0000,56.0000,42.0000
634.0000,253.0000,56.0000,42.0000
634.0000,253.0000,56.0000,42.0000
634.0000,249.0000,56.0000,42.0000
638.0000,245.0000,56.0000,42.0000
638.0000,245.0000,56.0000,42.0000
638.0000,241.0000,56.0000,42.0000
638.0000,241.0000,56.0000,42.0000
642.0000,237.0000,56.0000,42.0000
642.0000,237.0000,56.0000,42.0000
642.0000,233.0000,56.0000,42.0000
642.0000,233.0000,56.0000,42.0000
642.0000,229.0000,56.0000,42.0000
642.0000,229.0000,56.0000,42.0000
646.0000,225.0000,56.0000,42.0000
646.0000,221.0000,56.0000,42.0000
646.0000,221.0000,56.0000,42.0000
646.0000,217.0000,56.0000,42.0000
646.0000,217.0000,56.0000,42.0000
646.0000,213.0000,56.0000,42.0000
646.0000,213.0000,56.0000,42.0000
646.0000,209.0000,56.0000,42.0000
646.0000,209.0000,56.0000,42.0000
650.0000,205.0000,56.0000,42.0000
650.0000,201.0000,56.0000,42.0000
650.0000,201.0000,56.0000,42.0000
650.0000,197.0000,56.0000,42.0000
650.0000,197.0000,56.0000,42.0000
650.0000,193.0000,56.0000,42.0000
650.0000,193.0000,56.0000,42.0000
650.0000,189.0000,56.0000,42.0000
650.0000,189.0000,56.0000,42.0000
650.0000,185.0000,56.0000,42.0000
650.0000,185.0000,56.0000,42.0000
650.0000,181.0000,56.0000,42.0000
650.0000,181.0000,56.0000,42.0000
650.0000,177.0000,56.0000,42.0000
650.0000,177.0000,56.0000,42.0000
650.0000,173.0000,56.0000,42.0000
650.0000,173.0000,56.0000,42.0000
650.0000,169.0000,56.0000,42.0000
650.0000,169.0000,56.0000,42.0000
650.0000,169.0000,56.0000,42.0000
650.0000,165.0000,56.0000,42.0000
650.0000,165.0000,56.0000,42.0000
650.0000,161.0000,56.0000,42.0000
650.0000,161.0000,56.0000,42.0000
650.0000,161.0000,56.0000,42.0000
650.0000,161.0000,56.0000,42.0000
650.0000,161.0000,56.0000,42.0000
650.0000,161.0000,56.0000,42.0000
650.0000,157.0000,56.0000,42.0000
650.0000,157.0000,56.0000,42.0000
650.0000,157.0000,56.0000,42.0000
650.0000,157.0000,56.0000,42.0000
650.0000,157.0000,56.0000,42.0000
650.0000,157.0000,56.0000,42.0000
650.0000,157.0000,56.0000,42.0000
650.0000,157.0000,56.0000,42.0000
650.0000,157.0000,56.0000,42.0000
650.0000,157.0000,56.0000,42.0000
650.0000,157.0000,56.0000,42.0000
650.0000,157.0000,56.0000,42.0000
654.0000,157.0000,56.0000,42.0000
654.0000,157.0000,56.0000,42.0000
654.0000,157.0000,56.0000,42.0000
654.0000,157.0000,56.0000,42.0000
654.0000,157.0000,56.0000,42.0000
654.0000,157.0000,56.0000,42.0000
654.0000,153.0000,56.0000,42.0000
654.0000,153.0000,56.0000,42.0000
654.0000,153.0000,56.0000,42.0000
654.0000,153.0000,56.0000,42.0000
654.0000,153.0000,56.0000,42.0000
654.0000,153.0000,56.0000,42.0000
654.0000,153.0000,56.0000,42.0000
654.0000,153.0000,56.0000,42.0000
658.0000,153.0000,56.0000,42.0000
658.0000,153.0000,56.0000,42.0000
658.0000,153.0000,56.0000,42.0000
658.0000,153.0000,56.0000,42.0000
658.0000,153.0000,56.0000,42.0000
658.0000,153.0000,56.0000,42.0000
658.0000,153.0000,56.0000,42.0000
658.0000,153.0000,56.0000,42.0000
658.0000,153.0000,56.0000,42.0000
658.0000,153.0000,56.0000,42.0000
658.0000,153.0000,56.0000,42.0000
658.0000,153.0000,56.0000,42.0000
662.0000,149.0000,56.0000,42.0000
662.0000,149.0000,56.0000,42.0000
662.0000,149.0000,56.0000,42.0000
662.0000,149.0000,56.0000,42.0000
662.0000,149.0000,56.0000,42.0000
662.0000,149.0000,56.0000,42.0000
662.0000,153.0000,56.0000,42.0000
662.0000,153.0000,56.0000,42.0000
662.0000,153.0000,56.0000,42.0000
662.0000,153.0000,56.0000,42.0000
662.0000,153.0000,56.0000,42.0000
662.0000,153.0000,56.0000,42.0000
662.0000,153.0000,56.0000,42.0000
666.0000,153.0000,56.0000,42.0000
666.0000,153.0000,56.0000,42.0000
666.0000,153.0000,56.0000,42.0000
666.0000,153.0000,56.0000,42.0000
666.0000,153.0000,56.0000,42.0000
666.0000,153.0000,56.0000,42.0000
666.0000,153.0000,56.0000,42.0000
666.0000,157.0000,56.0000,42.0000
666.0000,157.0000,56.0000,42.0000
666.0000,157.0000,56.0000,42.0000
666.0000,157.0000,56.0000,42.0000
666.0000,157.0000,56.0000,42.0000
666.0000,157.0000,56.0000,42.0000
670.0000,153.0000,56.0000,42.0000
670.0000,153.0000,56.0000,42.0000
670.0000,153.0000,56.0000,42.0000
670.0000,153.0000,56.0000,42.0000
670.0000,149.0000,56.0000,42.0000
670.0000,149.0000,56.0000,42.0000
670.0000,149.0000,56.0000,42.0000
670.0000,149.0000,56.0000,42.0000
670.0000,149.0000,56.0000,42.0000
670.0000,145.0000,56.0000,42.0000
674.0000,145.0000,56.0000,42.0000
674.0000,145.0000,56.0000,42.0000
