1
96.1261,291.1450,48.5100,28.7100
116.0510,287.3521,48.0249,28.4229
131.6729,291.1344,48.7453,28.8492
147.6550,287.1389,48.7453,28.8492
167.6325,287.1389,48.7453,28.8492
179.7429,283.3276,48.2578,28.5608
191.7935,279.6456,47.5340,28.1323
192.0312,279.7863,47.0586,27.8510
211.3812,279.9951,46.3527,27.4333
218.7463,275.9330,47.0480,27.8447
230.4948,272.3433,46.3423,27.4271
230.7265,264.9593,45.8789,27.1528
234.4871,268.7198,45.8789,27.1528
222.8632,268.5841,46.3377,27.4243
2
0
0
0
0
0
2
0
0
0
0
0
2
0
0
0
0
0
2
0
0
0
0
0
2
0
0
0
0
0
2
0
0
0
0
0
2
0
0
0
0
0
2
0
0
0
0
0
2
0
0
0
0
0
2
0
0
0
0
0
2
0
0
0
0
0
2
0
0
0
0
0
2
0
0
0
0
0
2
0
0
0
0
0
2
0
0
0
0
0
2
0
0
0
0
0
2
0
0
0
0
0
2
0
0
0
0
0
2
0
0
0
0
0
2
0
0
0
0
0
2
0
0
0
0
0
2
0
0
0
0
0
2
0
0
0
0
0
2
0
0
0
0
0
2
0
0
0
0
0
2
0
0
0
0
0
2
0
0
0
0
0
2
0
0
0
0
0
2
0
0
0
0
0
2
0
0
0
0
0
2
0
0
0
0
0
2
0
0
0
0
0
2
0
0
0
0
0
2
0
0
0
0
0
2
0
0
0
0
0
2
0
0
0
0
0
2
0
0
0
0
0
2
0
0
0
0
0
2
0
0
0
0
0
2
0
0
0
0
0
2
0
0
0
0
0
2
0
0
0
0
0
2
0
0
0
0
0
2
0
0
0
0
0
2
0
0
0
0
0
2
0
0
0
0
0
2
0
0
0
0
0
2
0
0
0
