1
883.0865,443.2222,73.8269,189.5556
883.4058,444.0420,73.1883,187.9160
884.5475,445.4059,72.9048,187.1881
885.9016,445.3149,72.1968,185.3702
886.9744,446.5017,72.0513,184.9966
887.9342,446.3986,72.1316,185.2028
889.2028,447.0881,71.5945,183.8238
890.0768,447.7647,71.8464,184.4705
891.2059,448.0962,71.5882,183.8076
891.3921,449.5742,71.2159,182.8515
892.5076,449.8708,70.9849,182.2585
893.7653,451.5327,70.4693,180.9347
895.0083,452.1565,69.9834,179.6871
895.2302,453.7261,69.5397,178.5478
896.3614,455.0630,69.2772,177.8740
897.6253,455.7406,68.7494,176.5188
897.7746,457.1240,68.4508,175.7520
899.0333,457.7883,67.9333,174.4235
899.1993,459.2144,67.6014,173.5712
900.3573,459.6201,67.2854,172.7597
899.3442,458.0191,69.3115,177.9619
901.5455,458.5356,68.9091,176.9287
901.5282,459.4913,68.9436,177.0174
902.6390,460.7757,68.7221,176.4486
903.6314,461.7563,68.7372,176.4874
904.6961,463.9224,68.6078,176.1552
905.7898,465.1629,68.4205,175.6741
905.9191,467.4948,68.1619,175.0103
907.1841,470.1753,67.6319,173.6494
908.4286,472.8033,67.1427,172.3934
908.5859,475.2069,66.8283,171.5861
909.7673,477.6729,66.4654,170.6543
909.8982,479.0088,66.2037,169.9823
912.7798,478.7049,66.4404,170.5902
913.8098,476.7817,66.3805,170.4365
914.8257,474.8227,66.3487,170.3547
916.8080,470.7775,66.3839,170.4451
918.0235,466.3307,65.9530,169.3387
916.9354,458.1046,66.1291,169.7909
916.0725,444.4565,65.8550,169.0871
914.2589,433.9348,65.4823,168.1303
913.2483,427.9078,65.5034,168.1844
911.2523,420.9181,65.4954,168.1638
909.2759,417.9786,65.4483,168.0429
905.0796,414.4747,65.8408,169.0506
903.0349,413.3597,65.9303,169.2805
898.9623,412.1736,66.0753,169.6528
893.8732,412.9448,66.2535,170.1105
889.7725,413.6862,66.4550,170.6277
883.6371,416.3385,66.7258,171.3231
878.5037,418.9961,66.9925,172.0078
872.9675,422.6194,68.0649,174.7613
867.0461,428.8211,67.9078,174.3578
861.9913,434.6802,68.0175,174.6395
854.9280,445.5179,68.1440,174.9642
848.8783,454.3903,68.2434,175.2195
844.7268,464.0013,68.5463,175.9974
838.5751,475.6118,68.8497,176.7763
831.8076,491.2088,68.3847,175.5824
824.5383,504.5172,68.9235,176.9657
820.6893,512.9048,68.6215,176.1903
816.4982,517.4144,69.0035,177.1712
815.5245,523.4819,68.9510,177.0363
810.3231,529.9647,69.3538,178.0706
803.9039,536.8882,70.1923,180.2234
804.0091,538.1584,69.9819,179.6832
804.8091,543.6451,70.3817,180.7097
798.5851,551.0698,70.8298,181.8604
799.3922,552.5743,71.2158,182.8513
797.5678,559.0255,70.8644,181.9491
796.5108,563.8792,70.9783,182.2417
790.5578,565.9997,70.8844,182.0006
781.6326,572.1918,70.7349,181.6165
774.1073,568.8431,71.7854,184.3138
769.0266,571.6359,71.9467,184.7281
766.6854,570.7597,72.6293,186.4806
764.7358,571.8893,72.5283,186.2214
761.5531,571.4201,72.8938,187.1598
756.5905,570.5161,72.8190,186.9677
750.6602,568.6952,72.6795,186.6096
747.7224,569.8548,72.5552,186.2904
743.9122,569.3420,72.1757,185.3160
738.9843,569.5273,72.0313,184.9453
736.2636,568.2444,71.4727,183.5110
730.2703,567.2615,71.4594,183.4770
726.3380,566.4352,71.3241,183.1295
720.3715,566.5214,71.2570,182.9573
717.4221,566.6512,71.1559,182.6976
714.2181,566.1276,71.5638,183.7448
707.1567,564.9700,71.6865,184.0599
705.2294,566.1566,71.5412,183.6868
701.0395,565.6690,71.9210,184.6620
696.7728,565.9843,72.4543,186.0314
692.4872,565.2511,73.0255,187.4978
686.3906,565.0027,73.2189,187.9945
683.3932,566.0095,73.2136,187.9809
679.2328,566.5977,73.5345,188.8047
676.1105,566.2836,73.7790,189.4327
672.2183,567.5604,73.5635,188.8793
668.2746,568.7051,73.4508,188.5898
666.3412,569.8761,73.3176,188.2478
662.2469,570.6340,73.5061,188.7319
660.1179,571.3029,73.7641,189.3943
658.1063,572.2729,73.7874,189.4542
654.9147,570.7811,74.1705,190.4379
652.8069,571.5041,74.3863,190.9918
651.6245,570.0360,74.7509,191.9280
650.7060,569.2451,74.5880,191.5098
650.7913,568.4642,74.4173,191.0715
649.7994,566.4851,74.4011,191.0298
649.8260,564.5533,74.3479,190.8934
650.6511,561.1041,74.6978,191.7917
651.6942,559.2148,74.6116,191.5703
651.5140,554.7523,74.9719,192.4955
652.5259,549.7829,74.9481,192.4342
653.6315,546.0538,74.7370,191.8923
653.6900,541.2040,74.6200,191.5919
655.7842,537.4459,74.4316,191.1083
657.7173,532.2742,74.5654,191.4516
659.8249,525.5503,74.3503,190.8994
660.9068,519.7607,74.1864,190.4787
664.1597,515.4100,73.6806,189.1800
666.3603,512.9251,73.2794,188.1498
670.4020,508.0320,73.1961,187.9359
673.3536,503.9080,73.2927,188.1841
677.4005,499.0282,73.1991,187.9435
680.5201,495.3355,72.9597,187.3290
683.4615,493.1851,73.0769,187.6298
688.6559,489.6841,72.6882,186.6319
693.8093,485.0778,72.3815,185.8444
697.8116,479.0840,72.3767,185.8320
701.8987,475.3076,72.2025,185.3848
704.8705,473.2350,72.2591,185.5300
708.0957,469.8134,71.8086,184.3733
713.2845,466.2980,71.4310,183.4040
717.2980,462.3328,71.4039,183.3344
720.3655,459.5061,71.2689,182.9878
724.5193,455.9008,70.9615,182.1984
728.5132,451.8854,70.9735,182.2293
733.5287,445.9252,70.9425,182.1496
737.2182,439.1278,71.5636,183.7445
740.2313,435.1613,71.5375,183.6773
744.1510,428.9553,71.6980,184.0894
748.1497,424.9519,71.7006,184.0961
753.1679,419.9987,71.6642,184.0026
758.0707,414.7491,71.8586,184.5017
759.9709,410.4927,72.0583,185.0145
764.0964,406.8150,71.8073,184.3701
767.1832,404.0379,71.6336,183.9241
771.2542,399.2203,71.4915,183.5593
773.1096,394.8491,71.7807,184.3018
776.0930,392.8063,71.8140,184.3874
779.1098,389.8494,71.7804,184.3012
781.1857,386.0442,71.6287,183.9116
785.2382,382.1793,71.5235,183.6414
789.1560,378.9680,71.6880,184.0639
792.2143,376.1177,71.5714,183.7645
796.1122,373.8556,71.7756,184.2888
800.0980,369.8191,71.8041,184.3618
806.2498,368.2090,71.5003,183.5819
809.1387,365.9237,71.7226,184.1525
812.1019,364.8293,71.7961,184.3414
816.1407,362.9290,71.7185,184.1420
819.2238,361.1422,71.5524,183.7156
821.3212,360.3922,71.3576,183.2155
823.4769,360.7922,71.0461,182.4157
825.6324,360.1914,70.7351,181.6172
826.8270,360.6910,70.3460,180.6180
828.0885,360.3624,69.8230,179.2752
829.4892,360.3912,69.0216,177.2176
829.7026,360.9391,68.5948,176.1217
829.9952,361.6904,68.0096,174.6191
829.2145,363.2536,67.5709,173.4928
826.5858,365.2068,66.8284,171.5863
823.7387,364.5994,66.5226,170.8013
819.9298,366.0900,66.1404,169.8199
817.1169,367.5703,65.7663,168.8593
813.3845,368.2574,65.2311,167.4853
808.4675,370.4708,65.0649,167.0585
801.6597,370.9641,64.6806,166.0719
797.0534,373.9750,63.8932,164.0500
791.0973,374.0876,63.8054,163.8247
785.2977,375.6021,63.4047,162.7958
778.2573,376.4984,63.4855,163.0032
769.1975,378.3449,63.6050,163.3102
762.3893,379.8375,63.2213,162.3250
754.4307,380.9436,63.1387,162.1129
746.7473,382.7564,62.5055,160.4872
736.9706,385.3298,62.0589,159.3403
726.2376,388.0154,61.5248,157.9692
716.4171,388.4764,61.1658,157.0472
706.5734,390.8777,60.8531,156.2446
696.6760,392.1412,60.6479,155.7177
686.7791,395.4056,60.4419,155.1888
673.9351,396.8064,60.1298,154.3873
664.0557,397.1160,59.8886,153.7681
652.1095,399.2541,59.7810,153.4919
641.2897,400.7169,59.4205,152.5661
630.5046,403.2686,58.9908,151.4628
614.7187,403.8182,58.5627,150.3636
601.8643,406.1920,58.2715,149.6161
587.8799,407.2323,58.2401,149.5354
574.6886,407.7411,58.6228,150.5179
560.6619,408.6724,58.6763,150.6553
542.6996,408.7694,58.6007,150.4612
527.6096,408.5381,58.7808,150.9237
512.6786,410.7155,58.6426,150.5690
498.7188,410.8185,58.5624,150.3630
483.6170,410.5571,58.7660,150.8858
463.5175,412.3016,58.9650,151.3967
447.4053,414.0136,59.1894,151.9728
432.3231,413.8024,59.3539,152.3951
418.0956,414.2183,59.8089,153.5634
402.9586,413.8668,60.0827,154.2665
382.9303,414.7940,60.1394,154.4120
367.8140,414.4955,60.3720,155.0091
352.5865,412.9114,60.8269,156.1772
339.3531,413.3122,61.2937,157.3757
324.2001,412.9193,61.5997,158.1615
307.1583,412.8119,61.6833,158.3761
293.0042,411.4163,61.9915,159.1673
279.8099,409.9173,62.3802,160.1655
266.7603,409.7900,62.4793,160.4199
256.6945,406.6209,62.6111,160.7581
245.7996,403.8908,62.4009,160.2184
239.7840,400.8507,62.4321,160.2987
234.6850,397.5966,62.6300,160.8069
229.6710,394.5606,62.6580,160.8787
225.6250,390.4426,62.7500,161.1148
221.7646,385.8009,62.4709,160.3983
218.7865,380.8573,62.4270,160.2854
216.9453,377.2651,62.1093,159.4698
215.9398,373.2507,62.1205,159.4986
213.9615,371.3065,62.0771,159.3871
212.0422,368.5139,61.9155,158.9723
211.0350,366.4952,61.9300,159.0096
209.1671,366.8344,61.6658,158.3312
209.1896,365.8922,61.6208,158.2155
208.2763,366.1149,61.4474,157.7703
206.3348,367.2651,61.3304,157.4698
204.3290,368.2501,61.3421,157.4999
201.3138,371.2110,61.3725,157.5781
197.4221,373.4891,61.1558,157.0218
193.6073,376.9646,60.7854,156.0707
189.7310,379.2822,60.5381,155.4357
185.8552,382.6013,60.2895,154.7974
184.8869,385.6825,60.2263,154.6350
182.8309,390.5387,60.3383,154.9226
181.8942,393.7013,60.2116,154.5974
180.9570,401.8624,60.0861,154.2751
181.0272,410.0429,59.9455,153.9142
182.3190,416.7921,59.3619,152.4158
183.5139,421.2926,58.9721,151.4148
185.7436,422.8823,58.5127,150.2354
188.7140,426.8062,58.5720,150.3876
190.9052,428.2971,58.1896,149.4057
194.0754,429.7340,57.8493,148.5320
196.2498,434.1819,57.5004,147.6362
197.1577,433.9454,57.6846,148.1092
200.2172,436.0983,57.5656,147.8034
202.2940,435.2955,57.4119,147.4091
205.2365,436.1477,57.5271,147.7047
208.3656,437.4793,57.2687,147.0413
211.5213,437.8791,56.9573,146.2418
215.4849,439.7855,57.0303,146.4290
217.6125,441.1131,56.7750,145.7737
219.8347,442.6836,56.3307,144.6328
221.0415,445.2146,55.9171,143.5709
222.9498,445.9792,56.1004,144.0415
225.9971,448.1007,56.0058,143.7986
227.9901,449.0826,56.0199,143.8349
230.0455,450.2250,55.9089,143.5500
231.2559,451.7652,55.4881,142.4696
234.2953,452.8664,55.4094,142.2673
236.3967,454.1267,55.2066,141.7466
239.3702,454.0585,55.2597,141.8830
242.4710,455.3174,55.0580,141.3651
245.5311,456.4718,54.9378,141.0564
248.4666,456.3062,55.0668,141.3877
253.5045,456.4035,54.9909,141.1929
257.5716,455.5757,54.8569,140.8487
261.6535,455.7859,54.6930,140.4281
265.6690,454.8259,54.6620,140.3483
269.7900,455.1364,54.4201,139.7272
275.6662,453.8186,54.6676,140.3629
278.7345,452.9939,54.5311,140.0122
283.7061,452.9209,54.5879,140.1582
287.8365,452.2560,54.3269,139.4880
291.8895,451.3920,54.2210,139.2160
296.9470,451.5395,54.1061,138.9211
302.0775,450.8748,53.8449,138.2505
305.1273,451.0024,53.7455,137.9951
309.2091,450.2127,53.5817,137.5746
313.2582,451.3385,53.4837,137.3229
316.3061,450.4617,53.3878,137.0767
320.3857,450.6660,53.2286,136.6681
323.4775,450.9018,53.0449,136.1964
327.5258,450.0257,52.9484,135.9486
330.6831,450.4297,52.6337,135.1407
335.6068,450.2337,52.7864,135.5326
339.5799,450.1645,52.8403,135.6710
342.6031,449.2243,52.7937,135.5514
345.5691,449.1367,52.8619,135.7265
348.6552,448.3579,52.6897,135.2842
352.6831,449.4296,52.6338,135.1409
355.7355,449.5641,52.5290,134.8719
359.8256,450.7953,52.3489,134.4093
363.6608,449.3722,52.6785,135.2556
366.7006,449.4745,52.5988,135.0511
370.6398,447.3184,52.7204,135.3633
374.6202,447.2681,52.7596,135.4637
377.7130,446.5065,52.5739,134.9870
381.7758,446.6676,52.4484,134.6647
384.8851,445.9482,52.2298,134.1035
390.8667,445.9010,52.2666,134.1981
394.0110,445.2714,51.9781,133.4572
398.1379,444.5974,51.7241,132.8052
402.3065,445.0301,51.3871,131.9398
406.3866,445.2359,51.2268,131.5282
411.4638,444.4342,51.0723,131.1316
415.6330,444.8686,50.7339,130.2628
419.7798,445.2454,50.4404,129.5092
423.9251,446.6184,50.1498,128.7631
429.0028,446.8179,49.9944,128.3641
434.9391,446.6545,50.1218,128.6911
439.0129,446.8439,49.9742,128.3123
442.0843,446.0273,49.8314,127.9455
447.0653,445.9784,49.8694,128.0432
451.1528,446.2031,49.6945,127.5939
456.1215,445.1228,49.7570,127.7544
461.1363,445.1609,49.7273,127.6783
465.2729,444.5115,49.4542,126.9771
469.4285,444.9111,49.1429,126.1778
473.3701,443.7612,49.2597,126.4776
479.1765,443.2641,49.6469,127.4718
483.1453,443.1838,49.7095,127.6325
487.0840,443.0265,49.8320,127.9470
491.0031,442.8188,49.9938,128.3624
495.9192,441.6032,50.1617,128.7935
500.8190,441.3462,50.3619,129.3077
505.6793,440.9874,50.6414,130.0253
510.5353,440.6177,50.9293,130.7645
515.5064,441.5435,50.9872,130.9130
519.5169,440.5705,50.9661,130.8590
526.3503,440.1426,51.2994,131.7148
532.3151,441.0523,51.3698,131.8954
537.2922,440.9935,51.4156,132.0131
543.2339,440.8439,51.5321,132.3123
549.2924,439.9939,51.4153,132.0122
556.3586,440.1640,51.2828,131.6720
560.5115,440.5565,50.9771,130.8871
565.5641,440.6916,50.8718,130.6168
570.6874,441.0082,50.6252,129.9836
575.7680,441.2152,50.4640,129.5696
582.8361,442.3899,50.3279,129.2202
587.9406,444.6582,50.1188,128.6835
593.0210,445.8647,49.9580,128.2707
597.9127,445.5866,50.1747,128.8268
603.9156,445.5941,50.1688,128.8119
609.8741,446.4875,50.2519,129.0251
615.0652,445.9784,49.8695,128.0432
619.2717,445.5084,49.4566,126.9831
623.3713,444.7642,49.2574,126.4716
627.6398,445.4534,48.7205,125.0932
632.7161,445.6496,48.5677,124.7009
636.9238,445.1828,48.1523,123.6344
640.1503,444.7644,47.6993,122.4712
644.3152,445.1877,47.3696,121.6246
647.4836,444.6199,47.0329,120.7601
651.6624,444.0790,46.6753,119.8420
653.9401,443.7922,46.1197,118.4156
657.0458,442.0637,45.9083,117.8727
660.1760,441.3978,45.6480,117.2043
661.3681,441.8911,45.2638,116.2179
665.4449,440.0883,45.1101,115.8233
666.4735,439.1617,45.0530,115.6767
667.4003,438.9738,45.1994,116.0525
668.4504,439.1025,45.0991,115.7950
670.3799,437.9214,45.2401,116.1571
672.5195,437.2797,44.9611,115.4407
673.5971,437.4791,44.8057,115.0418
674.5852,438.4485,44.8296,115.1031
674.6213,438.5413,44.7573,114.9174
674.5079,438.2502,44.9841,115.4997
674.4012,438.9761,45.1976,116.0478
674.3474,439.8378,45.3053,116.3243
673.3278,440.7876,45.3444,116.4249
672.2430,440.5700,45.5139,116.8600
672.0864,440.1679,45.8271,117.6642
671.0984,441.1985,45.8032,117.6029
670.0234,442.0060,45.9533,117.9881
669.0153,441.9852,45.9694,118.0295
667.9236,442.7498,46.1528,118.5003
668.0356,443.0372,45.9289,117.9255
666.9512,443.8206,46.0976,118.3588
665.9716,445.8729,46.0569,118.2543
664.9935,444.9292,46.0131,118.1417
663.1070,446.2206,45.7861,117.5588
662.1517,446.3354,45.6967,117.3293
662.0609,447.1021,45.8783,117.7957
660.0331,448.0311,45.9337,117.9378
658.9516,448.8217,46.0968,118.3566
658.8435,448.5441,46.3130,118.9119
658.8460,449.5505,46.3080,118.8989
657.7955,450.4210,46.4089,119.1581
656.7885,450.4027,46.4231,119.1946
656.8009,450.4348,46.3982,119.1305
655.8064,450.4489,46.3872,119.1022
654.8027,451.4393,46.3946,119.1214
653.8733,451.6207,46.2534,118.7586
653.9253,452.7541,46.1494,118.4918
652.9373,452.7851,46.1253,118.4298
652.0261,454.0128,45.9479,117.9744
651.0609,454.1023,45.8782,117.7954
650.1421,454.3108,45.7158,117.3785
649.2279,454.5310,45.5442,116.9379
649.2803,454.6657,45.4393,116.6685
648.3494,454.8429,45.3013,116.3142
648.3796,454.9205,45.2409,116.1590
647.3846,455.9335,45.2308,116.1330
