1
723.3150,314.7150,62.3700,141.5700
722.8472,317.6854,63.3055,143.6935
722.3724,316.6077,64.2551,145.8490
722.3724,316.6077,64.2551,145.8490
718.2797,316.6077,64.2551,145.8490
717.7979,319.6679,65.2190,148.0367
717.3087,318.5576,66.1972,150.2572
717.1432,318.1820,66.5282,151.0085
717.1432,318.1820,66.5282,151.0085
716.9769,317.8045,66.8609,151.7636
717.3112,314.3472,66.1923,150.2459
717.8076,315.4741,65.1994,147.9922
718.2966,312.4935,64.2214,145.7724
718.7783,313.5868,63.2581,143.5858
719.0945,314.3047,62.6255,142.1499
719.5643,315.3708,61.6861,140.0177
720.0269,316.4210,60.7608,137.9174
716.1568,316.4210,60.7608,137.9174
716.1568,316.4210,60.7608,137.9174
715.7011,315.3866,61.6722,139.9862
715.2385,314.3367,62.5973,142.0860
715.2385,318.3238,62.5973,142.0860
715.0820,317.9686,62.9103,142.7964
710.8977,317.6116,63.2248,143.5104
710.7397,317.2528,63.5410,144.2279
711.2162,318.3345,62.5879,142.0645
707.0533,317.9793,62.9008,142.7748
707.5251,315.1039,61.9573,140.6332
703.4041,314.7523,62.2671,141.3364
703.7155,315.4589,61.6444,139.9230
704.1778,316.5084,60.7197,137.8242
700.8237,317.5421,59.8089,135.7568
700.5247,316.8633,60.4070,137.1144
700.9777,317.8916,59.5009,135.0576
697.0201,317.5540,59.7984,135.7329
696.7211,316.8753,60.3964,137.0903
697.0231,317.5608,59.7924,135.7194
696.8737,321.0490,60.0914,136.3980
693.0462,321.0490,60.0914,136.3980
693.0462,321.0490,60.0914,136.3980
692.5955,320.0259,60.9928,138.4439
692.1381,322.9308,61.9077,140.5206
691.9833,322.5795,62.2172,141.2232
688.0204,322.5795,62.2172,141.2232
687.5538,321.5203,63.1505,143.3415
688.0274,322.5954,62.2032,141.1914
687.8719,322.2424,62.5142,141.8974
688.0282,322.5971,62.2017,141.1879
688.0282,322.5971,62.2017,141.1879
684.5922,319.7536,61.2686,139.0701
684.8986,320.4489,60.6559,137.6794
685.2018,321.1373,60.0494,136.3026
685.5021,321.8188,59.4489,134.9395
685.9479,322.8309,58.5572,132.9155
685.8016,322.4986,58.8499,133.5800
685.8016,322.4986,58.8499,133.5800
685.5073,325.6166,59.4384,134.9158
685.0615,324.6047,60.3300,136.9396
681.2189,324.6047,60.3300,136.9396
681.2189,324.6047,60.3300,136.9396
680.9172,323.9200,60.9333,138.3090
680.7649,323.5742,61.2380,139.0005
680.4587,326.8188,61.8504,140.3905
676.1705,326.1168,62.4689,141.7944
675.7020,325.0533,63.4059,143.9213
676.0190,321.7747,62.7718,142.4821
676.4898,322.8434,61.8303,140.3449
673.0744,323.8960,60.9028,138.2397
673.5312,321.1118,59.9893,136.1661
673.9811,322.1330,59.0894,134.1236
674.4243,323.1389,58.2031,132.1118
674.4243,323.1389,58.2031,132.1118
674.8608,324.1298,57.3300,130.1301
675.1474,324.7805,56.7567,128.8288
671.5323,328.3955,56.7567,128.8288
671.3904,328.0735,57.0405,129.4729
671.1052,327.4261,57.6109,130.7677
670.6732,326.4453,58.4751,132.7292
670.2346,329.2303,59.3522,134.7201
670.2346,329.2303,59.3522,134.7201
670.2346,329.2303,59.3522,134.7201
670.2346,329.2303,59.3522,134.7201
670.2346,329.2303,59.3522,134.7201
670.3830,329.5670,59.0555,134.0465
669.9401,328.5617,59.9413,136.0572
670.2398,329.2420,59.3419,134.6967
670.3881,329.5787,59.0452,134.0232
670.5358,326.1718,58.7499,133.3530
670.9764,327.1719,57.8687,131.3528
671.2657,327.8287,57.2900,130.0392
671.6954,328.8040,56.4307,128.0886
671.9775,329.4444,55.8664,126.8078
671.6982,328.8104,56.4250,128.0758
671.5571,328.4902,56.7071,128.7162
671.1318,331.1909,57.5577,130.6470
671.1318,331.1909,57.5577,130.6470
671.4196,331.8441,56.9822,129.3405
671.4196,331.8441,56.9822,129.3405
671.2772,331.5208,57.2671,129.9872
671.1340,331.1958,57.5534,130.6371
670.7023,330.2160,58.4167,132.5967
670.5563,329.8846,58.7088,133.2597
666.3205,328.8851,59.5894,135.2586
666.7674,329.8995,58.6956,133.2297
667.2076,327.2163,57.8152,131.2312
667.3522,327.5443,57.5261,130.5751
667.6398,328.1972,56.9508,129.2693
668.0670,329.1667,56.0966,127.3303
668.4877,330.1217,55.2551,125.4203
668.9021,331.0624,54.4263,123.5390
669.1742,331.6801,53.8820,122.3036
668.9048,334.5349,54.4208,123.5267
668.4966,333.6084,55.2372,125.3796
668.4966,333.6084,55.2372,125.3796
668.9109,334.5487,54.4086,123.4989
668.5029,333.6225,55.2247,125.3514
668.2267,336.5484,55.7770,126.6049
668.0873,336.2319,56.0559,127.2379
667.6669,335.2776,56.8967,129.1465
667.3824,334.6319,57.4657,130.4379
667.2387,334.3058,57.7530,131.0901
667.2387,334.3058,57.7530,131.0901
671.2952,335.2890,56.8867,129.1238
671.7219,336.2574,56.0334,127.1869
671.8619,333.0242,55.7532,126.5510
672.0013,333.3406,55.4745,125.9182
672.2787,333.9702,54.9197,124.6590
672.4160,334.2818,54.6451,124.0357
672.8259,335.2121,53.8254,122.1752
672.6913,334.9066,54.0946,122.7861
672.6913,338.3522,54.0946,122.7861
672.2856,337.4313,54.9060,124.6279
675.5432,336.8081,55.4550,125.8742
675.4046,336.4934,55.7323,126.5035
674.9866,339.1477,56.5683,128.4011
674.7037,338.5057,57.1340,129.6851
674.4181,337.8573,57.7053,130.9819
674.4181,337.8573,57.7053,130.9819
670.9052,338.1848,57.4168,130.3270
670.6181,333.8394,57.9910,131.6303
670.6181,333.8394,57.9910,131.6303
670.6181,333.8394,57.9910,131.6303
671.0530,334.8267,57.1211,129.6559
671.4814,335.7991,56.2643,127.7110
671.9034,336.7569,55.4203,125.7953
672.1805,337.3859,54.8661,124.5374
672.5920,341.7622,54.0431,122.6693
672.1867,344.3360,54.8538,124.5094
672.1867,347.8299,54.8538,124.5094
672.1867,347.8299,54.8538,124.5094
672.1867,351.3238,54.8538,124.5094
672.5981,352.2576,54.0310,122.6417
672.1929,354.8308,54.8414,124.4814
671.9187,354.2084,55.3899,125.7262
675.5676,354.5228,55.1129,125.0975
675.1542,353.5845,55.9396,126.9740
674.7346,356.2487,56.7787,128.8786
674.3088,351.6114,57.6304,130.8118
674.3088,351.6114,57.6304,130.8118
674.7410,352.5925,56.7659,128.8496
674.7410,352.5925,56.7659,128.8496
678.3567,352.5925,56.7659,128.8496
678.3567,352.5925,56.7659,128.8496
678.7825,353.5588,55.9144,126.9169
678.9222,350.3325,55.6349,126.2823
679.3395,351.2796,54.8003,124.3881
678.9285,353.8896,55.6223,126.2539
682.1073,352.9427,56.4567,128.1477
682.1073,352.9427,56.4567,128.1477
681.8250,352.3019,57.0212,129.4292
681.9675,352.6255,56.7361,128.7820
682.1094,352.9474,56.4524,128.1381
681.9683,356.2408,56.7347,128.7788
681.6846,355.5969,57.3021,130.0666
681.3981,354.9465,57.8751,131.3672
680.9640,353.9613,58.7432,133.3378
680.8171,353.6279,59.0369,134.0044
680.9648,353.9630,58.7417,133.3344
681.2585,350.9255,58.1543,132.0011
681.4039,351.2555,57.8635,131.3411
681.6932,351.9122,57.2849,130.0277
682.1228,352.8875,56.4256,128.0772
682.1228,352.8875,56.4256,128.0772
682.5460,353.8480,55.5793,126.1561
682.9628,354.7942,54.7456,124.2637
683.3734,355.7262,53.9244,122.3998
683.3734,355.7262,53.9244,122.3998
683.2386,355.4202,54.1940,123.0118
682.9677,358.2915,54.7359,124.2419
686.0958,357.3596,55.5570,126.1055
685.9569,357.0444,55.8348,126.7361
685.9569,357.0444,55.8348,126.7361
685.5381,359.7036,56.6723,128.6371
685.3965,359.3820,56.9557,129.2803
689.1484,356.0956,56.6709,128.6339
689.0068,355.7740,56.9542,129.2771
688.8644,355.4508,57.2390,129.9234
688.8644,355.4508,57.2390,129.9234
689.0075,355.7756,56.9528,129.2738
689.2922,356.4220,56.3833,127.9811
689.7151,357.3818,55.5375,126.0614
693.2526,357.3818,55.5375,126.0614
693.3914,357.6970,55.2598,125.4311
693.8058,358.6377,54.4309,123.5496
693.8058,358.6377,54.4309,123.5496
693.8058,358.6377,54.4309,123.5496
693.8058,358.6377,54.4309,123.5496
693.3976,361.2300,55.2474,125.4028
692.9833,360.2895,56.0761,127.2839
692.8431,359.9713,56.3565,127.9203
692.9839,360.2911,56.0747,127.2807
692.5634,359.3365,56.9158,129.1899
692.9903,360.3054,56.0621,127.2521
692.9903,360.3054,56.0621,127.2521
692.9903,360.3054,56.0621,127.2521
692.9903,360.3054,56.0621,127.2521
692.7100,359.6692,56.6227,128.5246
692.9930,360.3118,56.0565,127.2393
689.8965,361.2661,55.2156,125.3307
690.1727,361.8927,54.6635,124.0774
690.0360,361.5826,54.9368,124.6978
690.4480,362.5178,54.1128,122.8274
690.0422,365.0949,54.9244,124.6698
689.9048,364.7833,55.1991,125.2931
689.7668,364.4700,55.4751,125.9196
689.7668,364.4700,55.4751,125.9196
689.7668,368.0035,55.4751,125.9196
689.3508,367.0591,56.3072,127.8084
689.0693,366.4200,56.8703,129.0865
689.2114,370.3470,56.5859,128.4410
689.2114,370.3470,56.5859,128.4410
689.2114,370.3470,56.5859,128.4410
692.8156,370.3470,56.5859,128.4410
692.6742,370.0258,56.8688,129.0832
692.2477,369.0577,57.7219,131.0195
692.6805,366.4190,56.8560,129.0542
693.1070,367.3869,56.0032,127.1184
693.5270,368.3403,55.1632,125.2116
693.9407,369.2794,54.3357,123.3334
693.9407,369.2794,54.3357,123.3334
693.5332,371.8672,55.1507,125.1834
693.5332,371.8672,55.1507,125.1834
693.5332,371.8672,55.1507,125.1834
697.0460,371.8672,55.1507,125.1834
696.9081,371.5542,55.4265,125.8093
696.9081,375.0845,55.4265,125.8093
696.7696,374.7700,55.7036,126.4384
696.7696,374.7700,55.7036,126.4384
693.0646,374.4539,55.9821,127.0706
692.6447,373.5009,56.8219,128.9767
692.3606,372.8560,57.3901,130.2664
692.6475,373.5073,56.8162,128.9637
692.2214,372.5401,57.6684,130.8982
692.6539,373.5219,56.8034,128.9347
693.0800,374.4889,55.9514,127.0007
693.0800,374.4889,55.9514,127.0007
693.0800,374.4889,55.9514,127.0007
693.3597,375.1239,55.3918,125.7307
689.9877,375.4382,55.1149,125.1021
689.7121,374.8127,55.6660,126.3531
690.1296,375.7603,54.8310,124.4578
689.7184,374.8269,55.6535,126.3246
689.8575,375.1427,55.3752,125.6930
689.7191,378.3732,55.6521,126.3215
689.3017,377.4258,56.4869,128.2163
689.3017,377.4258,56.4869,128.2163
689.0192,376.7847,57.0518,129.4985
692.2797,375.8134,57.9076,131.4409
692.2797,375.8134,57.9076,131.4409
691.8455,374.8276,58.7762,133.4126
691.6985,374.4941,59.0700,134.0796
691.4031,373.8237,59.6607,135.4204
691.5523,374.1623,59.3624,134.7433
691.7007,374.4991,59.0656,134.0696
695.4628,374.4991,59.0656,134.0696
695.6105,371.0910,58.7703,133.3992
695.7574,371.4245,58.4764,132.7323
696.0498,372.0881,57.8917,131.4049
696.1945,372.4167,57.6022,130.7479
696.3386,372.7435,57.3142,130.0942
696.6251,373.3940,56.7411,128.7932
696.9088,374.0380,56.1737,127.5053
696.6279,373.4004,56.7354,128.7803
696.2025,372.4346,57.5864,130.7121
695.7706,371.4542,58.4502,132.6727
696.0628,372.1176,57.8657,131.3460
695.6288,371.1325,58.7337,133.3162
695.9225,371.7991,58.1464,131.9830
695.6317,371.1392,58.7278,133.3029
695.3381,370.4727,59.3151,134.6359
694.8932,369.4629,60.2048,136.6554
695.3448,366.7106,59.3018,134.6056
695.0483,366.0376,59.8948,135.9517
695.4975,367.0572,58.9964,133.9124
695.7925,364.0066,58.4064,132.5733
696.2305,365.0009,57.5303,130.5847
696.6620,365.9803,56.6674,128.6259
697.0870,366.9450,55.8173,126.6965
697.0870,366.9450,55.8173,126.6965
697.5056,367.8952,54.9801,124.7961
697.2307,367.2713,55.5299,126.0440
697.2307,367.2713,55.5299,126.0440
697.3696,367.5864,55.2522,125.4138
697.3696,367.5864,55.2522,125.4138
697.3696,367.5864,55.2522,125.4138
696.9551,366.6458,56.0810,127.2950
696.5345,365.6910,56.9222,129.2044
696.5345,365.6910,56.9222,129.2044
696.1076,364.7220,57.7761,131.1425
699.5355,364.0663,58.3538,132.4539
699.2438,359.6501,58.9374,133.7785
699.3911,359.9845,58.6427,133.1096
699.6843,360.6501,58.0562,131.7785
700.1198,357.9960,57.1854,129.8018
700.5486,358.9695,56.3276,127.8548
700.8303,359.6088,55.7643,126.5762
701.2485,360.5581,54.9279,124.6776
704.8669,360.8698,54.6532,124.0542
704.7303,360.5597,54.9265,124.6745
704.3184,359.6246,55.7504,126.5446
704.3184,359.6246,55.7504,126.5446
704.7365,360.5737,54.9142,124.6464
704.3246,359.6389,55.7379,126.5161
704.1853,359.3226,56.0166,127.1487
704.1853,359.3226,56.0166,127.1487
704.3253,359.6404,55.7365,126.5129
704.1860,359.3242,56.0152,127.1455
704.1860,359.3242,56.0152,127.1455
703.7659,358.3706,56.8554,129.0527
699.8240,357.7253,57.4239,130.3432
699.9676,354.4119,57.1368,129.6915
700.3961,355.3846,56.2798,127.7461
700.2554,355.0652,56.5612,128.3849
700.1140,354.7442,56.8440,129.0268
700.5403,352.1456,55.9913,127.0914
700.9603,353.0988,55.1514,125.1850
700.9603,353.0988,55.1514,125.1850
697.6029,353.4117,54.8757,124.5591
697.6029,353.4117,54.8757,124.5591
698.0145,354.3459,54.0525,122.6907
698.1496,354.6527,53.7823,122.0772
698.5529,355.5683,52.9755,120.2461
698.9503,356.4701,52.1809,118.4424
698.5589,355.5818,52.9636,120.2190
698.6913,355.8823,52.6988,119.6179
698.4278,358.6744,53.2258,120.8141
698.2947,358.3724,53.4919,121.4182
698.5622,358.9795,52.9570,120.2040
698.4298,362.0689,53.2218,120.8050
698.0306,361.1628,54.0201,122.6171
698.1657,361.4694,53.7500,122.0040
698.1657,364.8930,53.7500,122.0040
698.5688,362.4358,52.9438,120.1740
698.7012,362.7362,52.6791,119.5731
702.4013,363.6330,51.8889,117.7795
702.5310,363.9275,51.6294,117.1906
702.2729,363.3415,52.1457,118.3625
702.5336,363.9333,51.6243,117.1789
702.1464,363.0545,52.3986,118.9366
702.1464,363.0545,52.3986,118.9366
702.0154,366.1113,52.6606,119.5312
701.7521,365.5137,53.1872,120.7265
701.3532,364.6082,53.9850,122.5374
701.7581,365.5273,53.1753,120.6994
701.8911,369.1990,52.9094,120.0959
702.1556,369.7995,52.3803,118.8949
702.5485,370.6912,51.5946,117.1115
698.8259,373.1484,52.3685,118.8682
698.5641,372.5541,52.8922,120.0569
698.2996,375.3564,53.4211,121.2574
697.8990,374.4470,54.2224,123.0763
694.9037,375.3701,53.4091,121.2301
695.0373,375.6732,53.1420,120.6240
694.6387,378.2041,53.9392,122.4333
694.7736,378.5102,53.6695,121.8212
694.7736,378.5102,53.6695,121.8212
694.3710,377.5965,54.4745,123.6485
691.3619,378.5239,53.6574,121.7938
690.9595,377.6104,54.4623,123.6207
691.3680,378.5376,53.6453,121.7664
690.9656,381.0925,54.4500,123.5929
691.3740,382.0194,53.6333,121.7390
691.2399,381.7151,53.9014,122.3477
690.9705,384.5709,54.4404,123.5711
691.1065,384.8798,54.1682,122.9533
691.1065,384.8798,54.1682,122.9533
690.9711,388.0399,54.4391,123.5681
690.8350,387.7310,54.7113,124.1859
691.2454,388.6624,53.8906,122.3231
691.3801,392.3835,53.6211,121.7115
690.9779,391.4707,54.4255,123.5372
691.2501,392.0884,53.8812,122.3018
690.9807,391.4769,54.4200,123.5248
691.1167,391.7857,54.1479,122.9072
690.9813,391.4784,54.4187,123.5217
691.3895,392.4048,53.6024,121.6689
690.9874,391.4923,54.4064,123.4939
690.8514,394.6663,54.6784,124.1114
690.8514,394.6663,54.6784,124.1114
690.5780,394.0457,55.2252,125.3525
686.5936,396.6759,56.0536,127.2328
686.7337,396.9940,55.7733,126.5966
687.1520,397.9434,54.9367,124.6977
687.1520,401.4426,54.9367,124.6977
687.5640,402.3778,54.1127,122.8272
683.8123,405.2448,54.6538,124.0555
684.0856,405.8651,54.1073,122.8149
684.0856,405.8651,54.1073,122.8149
683.9503,409.0216,54.3778,123.4290
680.4868,409.0216,54.3778,123.4290
680.6227,409.3302,54.1059,122.8119
680.8932,409.9442,53.5649,121.5838
677.7834,410.5522,53.0292,120.3679
678.0485,411.1540,52.4989,119.1642
677.7861,410.5582,53.0239,120.3559
678.1837,411.4608,52.2286,118.5505
678.1837,414.7875,52.2286,118.5505
678.1837,414.7875,52.2286,118.5505
677.7920,417.2749,53.0120,120.3288
677.9246,417.5758,52.7469,119.7271
677.7927,417.2765,53.0107,120.3258
677.3951,419.8011,53.8058,122.1307
677.6641,423.8046,53.2678,120.9094
677.5309,423.5023,53.5341,121.5139
677.3971,426.6254,53.8018,122.1215
677.3971,426.6254,53.8018,122.1215
677.1281,426.0148,54.3398,123.3427
677.5356,426.9399,53.5247,121.4926
681.0616,427.2436,53.2571,120.8851
680.9285,426.9414,53.5234,121.4895
681.1961,427.5489,52.9881,120.2746
680.9312,430.3563,53.5180,121.4774
681.3326,431.2674,52.7152,119.6552
681.3326,431.2674,52.7152,119.6552
681.0690,434.0603,53.2424,120.8518
681.0690,434.0603,53.2424,120.8518
681.0690,434.0603,53.2424,120.8518
680.6697,436.5960,54.0410,122.6645
680.3995,439.4592,54.5814,123.8912
680.5359,439.7690,54.3085,123.2717
680.6717,443.5190,54.0370,122.6554
677.2299,443.5190,54.0370,122.6554
677.5000,447.5397,53.4966,121.4288
677.3663,447.2361,53.7641,122.0360
677.7695,448.1514,52.9576,120.2054
678.1667,449.0529,52.1633,118.4023
677.7755,451.5373,52.9457,120.1784
678.0402,452.1382,52.4163,118.9766
678.1713,452.4356,52.1542,118.3817
678.4320,453.0275,51.6326,117.1979
678.3029,456.0396,51.8908,117.7839
678.3029,456.0396,51.8908,117.7839
677.9138,458.5110,52.6692,119.5506
677.9138,458.5110,52.6692,119.5506
677.6504,461.3015,53.1959,120.7461
677.9164,461.9052,52.6639,119.5387
677.9164,465.2596,52.6639,119.5387
677.9164,468.6140,52.6639,119.5387
677.7847,468.3152,52.9272,120.1364
677.7847,471.6863,52.9272,120.1364
677.3878,474.2070,53.7211,121.9384
677.5221,474.5119,53.4525,121.3287
677.6557,474.8152,53.1853,120.7221
680.6953,477.3482,53.9830,122.5329
680.2903,476.4292,54.7928,124.3709
680.4273,476.7401,54.5188,123.7491
680.8362,477.6682,53.7010,121.8928
680.4335,480.2258,54.5065,123.7212
680.7060,480.8444,53.9615,122.4840
680.9758,481.4568,53.4219,121.2592
680.8422,484.5734,53.6890,121.8655
681.2449,485.4874,52.8836,120.0375
680.9805,488.2892,53.4125,121.2379
680.5799,490.8330,54.2137,123.0564
680.3088,493.7054,54.7558,124.2870
680.1719,493.3947,55.0296,124.9084
679.8968,496.3103,55.5799,126.1575
680.3137,500.7435,54.7462,124.2651
680.4505,501.0541,54.4725,123.6438
680.7229,505.1072,53.9277,122.4074
681.1273,506.0253,53.1188,120.5713
681.3929,506.6281,52.5876,119.3656
681.1300,509.4143,53.1135,120.5592
681.3956,510.0171,52.5824,119.3536
681.3956,510.0171,52.5824,119.3536
681.1326,512.8030,53.1082,120.5472
681.2654,513.1044,52.8426,119.9444
681.5296,513.7042,52.3142,118.7450
681.1373,516.1957,53.0989,120.5261
681.5355,517.0996,52.3024,118.7183
681.1432,519.5906,53.0870,120.4990
681.0106,522.6876,53.3524,121.1015
680.7438,525.5143,53.8859,122.3125
681.0132,526.1259,53.3471,121.0894
680.6131,528.6665,54.1473,122.9058
684.2982,529.2811,53.6058,121.6767
684.1642,532.4083,53.8738,122.2851
684.5682,533.3254,53.0657,120.4508
684.5682,536.7054,53.0657,120.4508
684.3029,536.1032,53.5964,121.6553
688.0674,537.0156,52.7924,119.8305
688.1995,537.3152,52.5285,119.2313
688.5934,541.5050,51.7406,117.4429
688.4641,541.2114,51.9993,118.0301
688.5941,541.5065,51.7393,117.4399
688.2060,543.9706,52.5154,119.2015
691.6655,544.2686,52.2528,118.6055
691.2736,546.7572,53.0366,120.3846
691.5388,547.3591,52.5062,119.1808
691.4075,550.4222,52.7687,119.7767
691.6714,551.0211,52.2411,118.5789
691.6714,554.3486,52.2411,118.5789
691.5408,557.3962,52.5023,119.1718
691.5408,557.3962,52.5023,119.1718
691.6721,557.6942,52.2397,118.5759
691.8026,561.3013,51.9785,117.9830
691.4128,560.4164,52.7582,119.7528
691.5447,560.7158,52.4944,119.1540
691.2822,560.1201,53.0194,120.3456
691.2822,560.1201,53.0194,120.3456
691.4147,560.4209,52.7543,119.7438
691.4147,560.4209,52.7543,119.7438
691.8104,561.3190,51.9630,117.9477
691.4207,560.4344,52.7424,119.7169
691.4207,560.4344,52.7424,119.7169
691.0251,562.9463,53.5335,121.5126
690.6236,562.0349,54.3365,123.3353
690.7595,562.3433,54.0649,122.7187
694.0851,562.0365,54.3352,123.3323
693.9493,565.2063,54.6069,123.9489
693.5397,564.2767,55.4260,125.8082
693.8169,564.9057,54.8717,124.5501
693.9540,565.2171,54.5974,123.9273
694.2271,565.8367,54.0514,122.6880
697.9056,563.0418,53.5109,121.4612
698.3069,563.9528,52.7082,119.6393
698.7023,564.8501,51.9176,117.8447
698.3129,563.9662,52.6963,119.6123
698.3129,563.9662,52.6963,119.6123
701.7843,564.2653,52.4329,119.0143
701.5222,563.6702,52.9572,120.2044
701.9193,564.5717,52.1628,118.4013
701.5281,567.0560,52.9453,120.1774
701.2634,566.4551,53.4747,121.3791
700.8623,565.5448,54.2768,123.1998
700.4553,564.6208,55.0910,125.0478
700.5930,564.9334,54.8155,124.4226
700.5930,564.9334,54.8155,124.4226
700.5930,564.9334,54.8155,124.4226
700.3189,564.3113,55.3637,125.6668
699.9037,563.3688,56.1942,127.5518
699.9037,563.3688,56.1942,127.5518
700.3251,560.7999,55.3512,125.6385
697.1116,561.4281,54.7977,124.3821
697.3856,562.0500,54.2498,123.1383
697.2499,561.7421,54.5210,123.7540
697.3862,562.0515,54.2484,123.1353
697.7931,562.9750,53.4347,121.2882
698.1938,563.8847,52.6332,119.4689
694.8414,563.8847,52.6332,119.4689
694.5782,563.2874,53.1595,120.6636
694.5782,563.2874,53.1595,120.6636
694.1796,565.8192,53.9569,122.4735
693.7749,564.9006,54.7662,124.3106
693.7749,564.9006,54.7662,124.3106
693.3641,563.9683,55.5877,126.1753
693.0862,563.3374,56.1436,127.4371
692.8055,566.3120,56.7050,128.7114
692.3802,565.3466,57.5556,130.6421
691.9485,564.3668,58.4189,132.6017
692.3867,565.3613,57.5427,130.6127
692.3867,565.3613,57.5427,130.6127
696.0518,565.3613,57.5427,130.6127
696.4834,566.3409,56.6795,128.6535
696.7668,566.9842,56.1127,127.3670
696.7668,566.9842,56.1127,127.3670
697.0474,567.6210,55.5516,126.0933
697.1862,567.9363,55.2738,125.4628
697.3244,568.2499,54.9975,124.8355
697.3244,568.2499,54.9975,124.8355
696.9119,570.8693,55.8224,126.7081
693.0417,570.2357,56.3807,127.9751
693.3236,570.8755,55.8169,126.6954
693.3236,570.8755,55.8169,126.6954
693.6027,571.5090,55.2587,125.4284
694.0172,572.4498,54.4298,123.5470
691.0105,573.3763,53.6134,121.6938
690.7424,576.2169,54.1495,122.9107
690.3363,575.2950,54.9617,124.7544
690.7485,576.2307,54.1373,122.8831
691.0192,576.8452,53.5959,121.6543
687.9076,577.4534,53.0600,120.4377
687.5096,579.9805,53.8559,122.2443
687.3750,579.6749,54.1252,122.8555
687.6456,580.2891,53.5839,121.6269
687.2437,582.8411,54.3877,123.4514
687.3797,583.1497,54.1157,122.8341
687.1091,586.0169,54.6569,124.0624
687.3824,586.6372,54.1103,122.8218
687.6530,587.2513,53.5692,121.5936
683.9389,590.0895,54.1049,122.8095
683.5331,589.1685,54.9165,124.6517
683.8077,589.7917,54.3673,123.4052
683.4000,592.3810,55.1828,125.2562
683.8138,593.3204,54.3551,123.3774
684.2215,594.2457,53.5397,121.5267
684.3553,594.5496,53.2720,120.9191
684.2222,597.6573,53.5384,121.5237
684.6237,598.5688,52.7353,119.7008
684.3600,601.3628,53.2627,120.8978
684.6263,601.9673,52.7301,119.6889
680.8219,604.4786,53.5210,121.4842
680.5543,607.3143,54.0562,122.6990
680.6895,607.6210,53.7859,122.0855
680.5550,610.7588,54.0549,122.6960
680.1495,613.3332,54.8657,124.5364
677.1188,614.2672,54.0427,122.6684
677.1188,617.7094,54.0427,122.6684
677.1188,621.1516,54.0427,122.6684
674.1336,622.0717,53.2321,120.8283
673.7343,624.6069,54.0305,122.6408
673.5992,624.3002,54.3007,123.2540
670.5997,625.2247,53.4862,121.4052
670.1986,627.7720,54.2885,123.2262
669.9272,627.1559,54.8314,124.4585
666.4347,627.1559,54.8314,124.4585
666.8459,628.0893,54.0089,122.5916
666.7109,631.2401,54.2789,123.2046
666.9823,631.8561,53.7362,121.9725
666.5793,634.4153,54.5422,123.8021
663.4127,635.0344,53.9968,122.5641
663.0078,637.6060,54.8067,124.4026
663.2818,641.6840,54.2587,123.1585
663.4174,641.9919,53.9874,122.5427
663.4174,645.4305,53.9874,122.5427
663.6874,646.0433,53.4475,121.3173
663.4202,648.8750,53.9820,122.5305
663.8250,653.1808,53.1722,120.6925
664.0909,653.7842,52.6405,119.4856
663.8276,656.5732,53.1669,120.6805
659.9917,655.6681,53.9644,122.4907
659.7219,658.5273,54.5041,123.7156
659.7219,658.5273,54.5041,123.7156
659.7219,661.9988,54.5041,123.7156
659.4493,661.3802,55.0491,124.9527
655.4775,664.0020,55.8748,126.8270
655.6172,664.3191,55.5955,126.1929
655.6172,667.8602,55.5955,126.1929
655.2003,670.5080,56.4294,128.0858
651.1289,669.5474,57.2758,130.0071
651.1289,673.1955,57.2758,130.0071
650.9857,676.5369,57.5622,130.6571
647.4816,676.8635,57.2744,130.0038
647.0520,679.5912,58.1335,131.9539
646.9067,682.9827,58.4242,132.6136
643.1854,682.9827,58.4242,132.6136
642.8933,686.0781,59.0084,133.9398
643.1884,686.7478,58.4184,132.6004
639.1381,689.8429,59.0025,133.9264
639.5806,690.8474,58.1175,131.9175
640.0165,691.8367,57.2457,129.9387
639.8734,695.1763,57.5320,130.5884
640.3049,699.7653,56.6690,128.6296
2
0
0
0
0
0
2
0
0
0
0
0
2
0
0
0
0
0
2
0
0
0
0
0
2
0
0
0
0
0
2
0
0
0
0
0
2
0
0
0
0
0
2
0
0
0
0
0
2
0
0
0
0
0
2
0
0
0
0
0
2
0
0
0
0
0
2
0
0
0
0
0
2
0
0
0
0
0
2
0
0
0
0
0
665.8780,675.8671,55.7869,126.6273
658.7714,679.4204,55.7869,126.6273
2
0
0
0
0
0
2
0
0
0
0
0
2
0
0
0
0
0
2
0
0
0
0
0
2
0
0
0
0
0
2
0
0
0
0
0
2
0
0
0
0
0
2
0
0
0
0
0
2
0
0
0
0
0
2
0
0
0
0
0
2
0
0
0
0
0
2
0
0
0
0
0
2
0
0
0
0
0
2
0
0
0
0
0
2
0
0
0
0
0
2
0
0
0
0
0
2
0
0
0
0
0
2
0
0
0
0
0
2
0
0
0
0
0
2
0
0
0
0
0
2
0
0
0
0
0
2
0
0
0
0
0
2
0
0
0
0
0
2
0
0
0
0
0
2
0
0
0
0
0
2
0
0
0
0
0
2
0
0
0
0
0
2
0
0
0
0
0
2
0
0
0
0
0
2
0
0
0
0
0
2
0
0
0
0
0
2
0
0
0
0
0
2
0
0
0
0
0
2
0
0
0
0
0
2
0
0
0
0
0
2
0
0
0
0
0
2
0
0
0
0
0
2
0
0
0
0
0
2
0
0
0
0
0
2
0
0
0
0
0
2
0
0
0
0
0
2
0
0
0
0
0
2
0
0
0
0
0
2
0
0
0
0
0
2
0
0
0
0
0
2
0
0
0
0
0
2
0
0
0
0
0
2
0
0
0
0
0
2
0
0
0
0
0
2
0
0
0
0
0
2
0
0
0
0
0
2
0
0
0
0
0
2
0
0
0
0
0
2
0
0
0
0
0
2
0
0
0
0
0
2
0
0
0
0
0
2
0
0
0
0
0
2
0
0
0
0
0
2
0
0
0
0
0
2
0
0
0
0
0
2
0
0
0
0
0
2
0
0
0
0
0
2
0
0
0
0
0
2
0
0
0
0
0
2
0
0
0
0
0
2
0
0
0
0
0
2
0
0
0
0
0
2
0
0
0
0
0
2
0
0
0
0
0
2
0
0
0
0
0
2
0
0
0
0
0
2
0
0
0
0
0
2
0
0
0
0
0
2
0
0
0
0
0
2
0
0
0
0
0
2
0
0
0
0
0
2
0
0
0
0
0
2
0
0
0
0
0
2
0
0
0
0
0
2
0
0
0
0
0
2
0
0
0
0
0
2
0
0
0
0
0
2
0
0
0
0
0
2
0
0
0
0
0
2
0
0
0
0
0
2
0
0
0
0
0
2
0
0
0
0
0
2
0
0
0
0
0
2
0
0
0
0
0
2
0
0
0
0
0
2
0
0
0
0
0
2
0
0
0
0
0
2
0
0
0
0
0
2
0
0
0
0
0
2
0
0
0
0
0
2
0
0
0
0
0
2
0
0
0
0
0
2
0
0
0
0
0
2
0
0
0
0
0
2
0
0
0
0
0
2
0
0
0
0
0
2
0
0
0
0
0
2
0
0
0
0
0
2
0
0
0
0
0
2
0
0
0
0
0
2
0
0
0
0
0
2
0
0
0
0
0
2
0
0
0
0
0
2
0
0
0
0
0
2
0
0
0
0
0
2
0
0
0
0
0
2
0
0
0
0
0
2
0
0
0
0
0
2
0
0
0
0
0
2
0
0
0
0
0
2
0
0
0
0
0
2
0
0
0
0
0
2
0
0
0
0
0
2
0
0
0
0
0
2
0
0
0
0
0
2
0
0
0
0
0
2
0
0
0
0
0
2
0
0
0
0
0
2
0
0
0
0
0
2
0
0
0
0
0
2
0
0
0
0
0
2
0
0
0
0
0
2
0
0
0
0
0
2
0
0
0
0
0
2
0
0
0
0
0
2
0
0
0
0
0
2
0
0
0
0
0
2
0
0
0
0
0
2
