1
636.3450,278.2850,45.3100,37.4300
636.4583,278.3786,45.0835,37.2429
636.4583,278.3786,45.0835,37.2429
636.6837,278.5648,44.6326,36.8704
636.4605,282.3004,45.0789,37.2391
636.4605,282.3004,45.0789,37.2391
636.3478,282.2072,45.3043,37.4253
636.6876,282.4879,44.6248,36.8639
636.3529,282.2115,45.2941,37.4169
636.6926,282.4921,44.6147,36.8556
636.6926,282.4921,44.6147,36.8556
636.6926,282.4921,44.6147,36.8556
636.5811,282.3999,44.8378,37.0399
636.4690,282.3073,45.0620,37.2251
636.6943,282.4935,44.6114,36.8529
636.8058,282.5856,44.3883,36.6686
636.8058,282.5856,44.3883,36.6686
636.8058,282.5856,44.3883,36.6686
636.8058,282.5856,44.3883,36.6686
636.6949,286.3731,44.6103,36.8520
632.5539,286.1888,45.0564,37.2205
632.6665,286.2819,44.8311,37.0344
632.5544,286.1893,45.0552,37.2195
632.5544,286.1893,45.0552,37.2195
632.4418,286.0963,45.2805,37.4056
632.4418,286.0963,45.2805,37.4056
632.7814,286.3768,44.6013,36.8446
632.7814,286.3768,44.6013,36.8446
632.7814,286.3768,44.6013,36.8446
632.5584,286.1926,45.0473,37.2130
632.8962,286.4716,44.3716,36.6548
632.5635,286.1967,45.0372,37.2046
632.3383,286.0107,45.4876,37.5767
632.5657,286.1986,45.0327,37.2009
632.9034,286.4776,44.3572,36.6429
632.9034,286.4776,44.3572,36.6429
632.9034,286.4776,44.3572,36.6429
632.6817,286.2944,44.8008,37.0093
632.3456,286.0168,45.4728,37.5645
632.3456,286.0168,45.4728,37.5645
632.5731,286.2047,45.0180,37.1888
632.5731,286.2047,45.0180,37.1888
632.3480,286.0187,45.4682,37.5607
632.5753,286.2065,45.0135,37.1851
632.5753,286.2065,45.0135,37.1851
632.5753,286.2065,45.0135,37.1851
632.6878,286.2995,44.7885,36.9992
632.3519,286.0220,45.4603,37.5542
636.3050,289.9750,45.4603,37.5542
636.3050,289.9750,45.4603,37.5542
636.3050,289.9750,45.4603,37.5542
636.5323,290.1628,45.0057,37.1786
636.3073,289.9769,45.4558,37.5504
636.3073,289.9769,45.4558,37.5504
636.5345,290.1647,45.0012,37.1749
636.3095,289.9788,45.4512,37.5466
636.4232,290.0727,45.2240,37.3589
636.3101,289.9793,45.4501,37.5457
636.0828,289.7915,45.9046,37.9212
635.8533,289.6019,46.3636,38.3004
636.2010,289.8892,45.6682,37.7259
635.8585,289.6063,46.3532,38.2918
636.0903,289.7977,45.8897,37.9088
635.8608,289.6082,46.3486,38.2879
636.0926,289.7996,45.8851,37.9051
635.8632,289.6101,46.3439,38.2841
636.0949,289.8015,45.8805,37.9013
636.4390,290.0858,45.1923,37.3327
636.3260,289.9924,45.4182,37.5194
636.0989,289.8048,45.8724,37.8946
636.0989,289.8048,45.8724,37.8946
635.8696,289.6154,46.3311,38.2735
636.2170,289.9024,45.6362,37.6994
636.3311,289.9966,45.4080,37.5109
636.1041,289.8091,45.8621,37.8861
636.1041,289.8091,45.8621,37.8861
635.8748,289.6197,46.3207,38.2649
636.2222,289.9066,45.6259,37.6909
636.1081,289.8124,45.8540,37.8794
636.1081,289.8124,45.8540,37.8794
635.8788,289.6230,46.3125,38.2582
635.6473,289.4317,46.7757,38.6408
635.6473,289.4317,46.7757,38.6408
635.8812,289.6249,46.3079,38.2544
635.6496,289.4337,46.7710,38.6369
635.8835,289.6269,46.3033,38.2505
635.8835,289.6269,46.3033,38.2505
635.8835,289.6269,46.3033,38.2505
635.6520,289.4356,46.7663,38.6330
635.5350,289.3390,47.0002,38.8262
635.3000,289.1449,47.4702,39.2145
635.4187,289.2429,47.2328,39.0184
631.5887,289.4380,46.7605,38.6282
631.5887,289.4380,46.7605,38.6282
631.5887,289.4380,46.7605,38.6282
631.5887,289.4380,46.7605,38.6282
631.5887,289.4380,46.7605,38.6282
631.3550,289.2449,47.2281,39.0145
631.5911,289.4399,46.7558,38.6244
631.3573,289.2468,47.2234,39.0106
631.5934,289.4419,46.7511,38.6205
631.5934,289.4419,46.7511,38.6205
631.5934,289.4419,46.7511,38.6205
627.5281,289.4419,46.7511,38.6205
627.7619,289.6350,46.2836,38.2343
628.1090,289.9218,45.5894,37.6608
628.1090,289.9218,45.5894,37.6608
628.1090,289.9218,45.5894,37.6608
628.1090,289.9218,45.5894,37.6608
628.1090,289.9218,45.5894,37.6608
628.1090,289.9218,45.5894,37.6608
627.9951,289.8276,45.8173,37.8491
628.1096,289.9222,45.5882,37.6598
628.1096,289.9222,45.5882,37.6598
627.9956,289.8281,45.8162,37.8481
627.7665,289.6388,46.2743,38.2266
627.5352,289.4477,46.7371,38.6089
627.8857,289.7372,46.0360,38.0297
628.2310,290.0225,45.3455,37.4593
628.1176,289.9288,45.5722,37.6466
628.1176,289.9288,45.5722,37.6466
628.3455,290.1171,45.1165,37.2701
628.4583,290.2102,44.8909,37.0838
628.5704,290.3029,44.6664,36.8984
628.3471,290.1185,45.1131,37.2673
628.4599,290.2116,44.8875,37.0810
628.7966,290.4897,44.2142,36.5248
628.5755,290.3071,44.6564,36.8900
628.5755,290.3071,44.6564,36.8900
628.5755,290.3071,44.6564,36.8900
628.3522,290.1227,45.1029,37.2589
628.5778,290.3090,44.6519,36.8864
628.5778,290.3090,44.6519,36.8864
628.5778,290.3090,44.6519,36.8864
628.5778,290.3090,44.6519,36.8864
628.6894,290.4012,44.4286,36.7019
628.5783,290.3094,44.6508,36.8854
628.2434,290.0328,45.3205,37.4387
628.5833,290.3136,44.6407,36.8771
628.5833,290.3136,44.6407,36.8771
628.5833,290.3136,44.6407,36.8771
628.5833,290.3136,44.6407,36.8771
628.5833,290.3136,44.6407,36.8771
628.4717,290.2214,44.8639,37.0615
628.5839,290.3140,44.6396,36.8762
628.3607,290.1296,45.0860,37.2450
628.1353,289.9434,45.5369,37.6174
628.1353,289.9434,45.5369,37.6174
628.1353,289.9434,45.5369,37.6174
627.9075,289.7553,45.9922,37.9936
628.2525,290.0403,45.3024,37.4237
628.3658,290.1339,45.0758,37.2366
628.2531,290.0407,45.3012,37.4228
628.2531,290.0407,45.3012,37.4228
628.2531,290.0407,45.3012,37.4228
627.9133,289.7601,45.9807,37.9841
627.6834,289.5702,46.4406,38.3639
627.9156,289.7620,45.9762,37.9803
627.5708,289.4771,46.6658,38.5500
627.4541,289.3808,46.8991,38.7428
627.6886,289.5745,46.4301,38.3553
627.5726,289.4786,46.6623,38.5471
627.6892,289.5750,46.4290,38.3544
627.4570,289.3832,46.8933,38.7379
627.5743,289.4800,46.6588,38.5442
627.5743,289.4800,46.6588,38.5442
627.3410,289.2873,47.1254,38.9297
627.3410,289.2873,47.1254,38.9297
626.9875,288.9953,47.8323,39.5136
627.3463,289.2917,47.1148,38.9209
627.5818,285.4303,46.6436,38.5317
627.9317,285.7193,45.9440,37.9537
627.5871,285.4347,46.6331,38.5230
627.7037,285.5309,46.4000,38.3304
627.5877,285.4351,46.6320,38.5221
627.9374,285.7241,45.9325,37.9442
627.9374,285.7241,45.9325,37.9442
627.5930,285.4395,46.6215,38.5134
627.5930,285.4395,46.6215,38.5134
627.5930,285.4395,46.6215,38.5134
627.7095,285.5357,46.3884,38.3208
627.5935,285.4399,46.6203,38.5124
627.4770,285.3437,46.8534,38.7050
627.1255,285.0534,47.5562,39.2856
627.4822,285.3480,46.8429,38.6963
627.5994,285.4448,46.6087,38.5028
627.5994,285.4448,46.6087,38.5028
623.5464,285.4448,46.6087,38.5028
623.5464,285.4448,46.6087,38.5028
623.3134,285.2523,47.0747,38.8878
623.1957,285.1550,47.3101,39.0823
623.5505,285.4482,46.6005,38.4960
623.5505,285.4482,46.6005,38.4960
623.5505,285.4482,46.6005,38.4960
623.5505,285.4482,46.6005,38.4960
623.5505,285.4482,46.6005,38.4960
623.5505,285.4482,46.6005,38.4960
623.5505,285.4482,46.6005,38.4960
623.4340,285.3519,46.8335,38.6885
623.7853,281.6307,46.1310,38.1082
623.9006,281.7260,45.9003,37.9176
624.2449,282.0103,45.2118,37.3489
623.9058,281.7302,45.8900,37.9091
624.1352,281.9198,45.4311,37.5300
624.4760,282.2012,44.7496,36.9671
624.5878,282.2936,44.5259,36.7822
624.3652,282.1097,44.9711,37.1501
624.3652,282.1097,44.9711,37.1501
624.1403,281.9240,45.4208,37.5216
624.1403,281.9240,45.4208,37.5216
624.1403,281.9240,45.4208,37.5216
620.1907,281.9240,45.4208,37.5216
619.9636,281.7364,45.8750,37.8968
620.1930,277.9766,45.4163,37.5178
620.5336,278.2580,44.7351,36.9550
620.7573,278.4428,44.2877,36.5855
620.5358,278.2599,44.7306,36.9513
620.3122,278.0751,45.1779,37.3209
620.4251,278.1684,44.9520,37.1343
620.3127,278.0756,45.1768,37.3199
620.6516,278.3555,44.4991,36.7601
620.3178,278.0798,45.1666,37.3115
619.9791,277.7999,45.8441,37.8712
619.9791,277.7999,45.8441,37.8712
619.9791,277.7999,45.8441,37.8712
620.3229,274.1573,45.1564,37.3031
620.5487,274.3438,44.7049,36.9301
620.5487,274.3438,44.7049,36.9301
620.5487,274.3438,44.7049,36.9301
620.6605,274.4362,44.4813,36.7455
620.6605,274.4362,44.4813,36.7455
620.6605,274.4362,44.4813,36.7455
620.5493,274.3443,44.7037,36.9292
620.3257,274.1596,45.1508,37.2985
620.1000,273.9731,45.6023,37.6715
620.2140,274.0673,45.3743,37.4831
620.1005,273.9736,45.6012,37.6705
620.2145,274.0678,45.3731,37.4822
620.2145,274.0678,45.3731,37.4822
620.1011,270.0089,45.6000,37.6696
620.1011,270.0089,45.6000,37.6696
620.4431,270.2914,44.9160,37.1045
620.5554,270.3842,44.6914,36.9190
620.5554,270.3842,44.6914,36.9190
620.7789,270.5688,44.2445,36.5498
621.0001,270.7515,43.8021,36.1843
620.6716,270.4801,44.4591,36.7271
620.7827,270.5719,44.2368,36.5434
620.5615,270.3892,44.6792,36.9089
620.2264,270.1124,45.3494,37.4625
620.1130,270.0187,45.5761,37.6498
620.2270,270.1129,45.3482,37.4616
620.1136,270.0192,45.5750,37.6489
620.2276,270.1133,45.3471,37.4606
620.0009,269.9261,45.8006,37.8353
620.2299,270.1152,45.3426,37.4569
620.5699,266.5125,44.6624,36.8950
620.2349,266.2357,45.3324,37.4485
620.5750,266.5166,44.6524,36.8867
620.6866,266.6088,44.4291,36.7023
620.5755,266.5171,44.6513,36.8858
620.2406,266.2404,45.3210,37.4391
620.2406,266.2404,45.3210,37.4391
620.2406,266.2404,45.3210,37.4391
620.1273,266.1468,45.5476,37.6263
620.2411,266.2409,45.3199,37.4382
620.5811,266.5217,44.6401,36.8766
620.2463,266.2451,45.3097,37.4297
620.2463,266.2451,45.3097,37.4297
620.1330,266.1515,45.5362,37.6169
620.2468,266.2456,45.3086,37.4288
620.2468,266.2456,45.3086,37.4288
620.5867,266.5263,44.6289,36.8674
620.2520,266.2498,45.2984,37.4204
620.5917,266.5304,44.6189,36.8591
620.5917,266.5304,44.6189,36.8591
620.5917,262.6505,44.6189,36.8591
620.5917,262.6505,44.6189,36.8591
620.5917,262.6505,44.6189,36.8591
620.7032,262.7427,44.3958,36.6748
621.0362,263.0177,43.7299,36.1247
620.7082,262.7468,44.3858,36.6665
621.0411,263.0218,43.7200,36.1165
620.7132,262.7509,44.3758,36.6583
620.7132,262.7509,44.3758,36.6583
620.7132,262.7509,44.3758,36.6583
620.7132,262.7509,44.3758,36.6583
621.0460,263.0259,43.7102,36.1084
621.1553,259.3343,43.4916,35.9279
620.9379,259.1546,43.9265,36.2872
621.1575,259.3361,43.4873,35.9243
621.4836,259.6055,42.8350,35.3854
621.1624,259.3401,43.4775,35.9162
621.1624,259.3401,43.4775,35.9162
621.1624,259.3401,43.4775,35.9162
620.9450,259.1605,43.9123,36.2754
621.1646,259.3419,43.4732,35.9126
621.3819,259.5215,43.0384,35.5535
621.1667,259.3437,43.4688,35.9090
621.1667,259.3437,43.4688,35.9090
621.1667,259.3437,43.4688,35.9090
620.9493,259.1642,43.9035,36.2681
621.1689,255.5660,43.4645,35.9054
621.1689,255.5660,43.4645,35.9054
621.3862,255.7455,43.0298,35.5464
621.3862,255.7455,43.0298,35.5464
621.3862,255.7455,43.0298,35.5464
621.4938,255.8344,42.8147,35.3686
621.3867,255.7459,43.0287,35.5455
617.7714,255.8348,42.8136,35.3678
617.6644,255.7464,43.0277,35.5446
617.6644,255.7464,43.0277,35.5446
617.6644,255.7464,43.0277,35.5446
617.6644,255.7464,43.0277,35.5446
617.7719,255.8352,42.8125,35.3669
617.6649,255.7468,43.0266,35.5437
617.6649,255.7468,43.0266,35.5437
617.6649,255.7468,43.0266,35.5437
617.6649,255.7468,43.0266,35.5437
617.4498,255.5691,43.4569,35.8991
617.6671,255.7486,43.0223,35.5401
617.6671,255.7486,43.0223,35.5401
617.6671,255.7486,43.0223,35.5401
617.6671,255.7486,43.0223,35.5401
617.6671,255.7486,43.0223,35.5401
617.6671,255.7486,43.0223,35.5401
617.6671,255.7486,43.0223,35.5401
617.4520,255.5709,43.4525,35.8955
617.2347,255.3914,43.8870,36.2545
617.5638,251.9043,43.2287,35.7107
617.7800,252.0829,42.7964,35.3536
617.4590,251.8177,43.4384,35.8839
617.4590,251.8177,43.4384,35.8839
614.0642,252.0868,42.7868,35.3456
613.9572,251.9985,43.0007,35.5224
614.0648,252.0873,42.7857,35.3447
614.2787,252.2640,42.3579,34.9913
614.2787,252.2640,42.3579,34.9913
613.9610,252.0016,42.9933,35.5162
613.8535,251.9128,43.2082,35.6937
614.1776,252.1805,42.5601,35.1583
614.1776,252.1805,42.5601,35.1583
614.0712,252.0926,42.7729,35.3341
614.0712,252.0926,42.7729,35.3341
613.8573,251.9159,43.2006,35.6875
614.1813,252.1836,42.5526,35.1522
614.1813,252.1836,42.5526,35.1522
613.8622,251.9199,43.1909,35.6794
613.8622,251.9199,43.1909,35.6794
613.8622,251.9199,43.1909,35.6794
613.8622,251.9199,43.1909,35.6794
614.1861,252.1875,42.5430,35.1442
613.8670,251.9240,43.1812,35.6714
613.8670,248.1691,43.1812,35.6714
614.0829,248.3474,42.7494,35.3147
614.0829,248.3474,42.7494,35.3147
613.7623,248.0826,43.3906,35.8444
613.7623,248.0826,43.3906,35.8444
614.0877,248.3514,42.7398,35.3068
614.1946,248.4397,42.5261,35.1302
614.0883,248.3518,42.7387,35.3059
614.0883,248.3518,42.7387,35.3059
614.1951,248.4401,42.5250,35.1293
614.1951,248.4401,42.5250,35.1293
614.0888,248.3523,42.7376,35.3050
614.1956,248.4405,42.5239,35.1285
614.1956,244.7428,42.5239,35.1285
614.1956,244.7428,42.5239,35.1285
614.3019,244.8306,42.3113,34.9528
614.6193,245.0928,41.6766,34.4285
614.3067,244.8346,42.3018,34.9450
614.6240,245.0966,41.6673,34.4208
614.3115,244.8385,42.2923,34.9371
614.3115,244.8385,42.2923,34.9371
614.3115,244.8385,42.2923,34.9371
614.3115,244.8385,42.2923,34.9371
614.3115,244.8385,42.2923,34.9371
614.3115,244.8385,42.2923,34.9371
614.3115,244.8385,42.2923,34.9371
614.3115,244.8385,42.2923,34.9371
614.5229,241.3724,41.8694,34.5877
614.3136,241.1994,42.2880,34.9336
614.5250,241.3741,41.8652,34.5843
614.4203,241.2876,42.0745,34.7572
614.1048,241.0269,42.7056,35.2785
617.6420,240.8506,43.1327,35.6313
617.8576,241.0287,42.7013,35.2750
618.0711,241.2051,42.2743,34.9223
618.3882,241.4670,41.6402,34.3984
618.4922,241.5530,41.4320,34.2264
618.8030,241.8097,40.8105,33.7130
618.7010,241.7254,41.0146,33.8816
619.0086,241.9795,40.3994,33.3734
618.7056,241.7292,41.0053,33.8740
618.7056,241.7292,41.0053,33.8740
618.7056,241.7292,41.0053,33.8740
619.0131,241.9833,40.3903,33.3659
618.7102,241.7330,40.9961,33.8664
619.0177,241.9870,40.3812,33.3584
618.8158,241.8203,40.7850,33.6920
618.6119,241.6518,41.1928,34.0289
618.6119,241.6518,41.1928,34.0289
618.6119,241.6518,41.1928,34.0289
618.7148,241.7369,40.9869,33.8587
618.7148,238.1728,40.9869,33.8587
618.8173,238.2574,40.7819,33.6894
618.8173,238.2574,40.7819,33.6894
618.8173,238.2574,40.7819,33.6894
618.8173,238.2574,40.7819,33.6894
618.8173,238.2574,40.7819,33.6894
618.8173,238.2574,40.7819,33.6894
622.3635,238.2574,40.7819,33.6894
622.3635,238.2574,40.7819,33.6894
622.6694,238.5101,40.1702,33.1841
622.3682,238.2612,40.7728,33.6819
622.5720,238.4296,40.3650,33.3450
622.8748,238.6797,39.7596,32.8449
622.5765,238.4334,40.3560,33.3375
622.8792,235.2268,39.7506,32.8375
622.5811,234.9806,40.3469,33.3300
622.7828,235.1472,39.9434,32.9967
622.7828,235.1472,39.9434,32.9967
622.9825,235.3122,39.5440,32.6668
622.7848,235.1489,39.9394,32.9934
622.7848,235.1489,39.9394,32.9934
622.9845,235.3138,39.5400,32.6635
622.9845,235.3138,39.5400,32.6635
623.1822,232.0733,39.1446,32.3369
623.3779,232.2349,38.7532,32.0135
623.3779,232.2349,38.7532,32.0135
626.5877,232.0749,39.1407,32.3336
626.3920,231.9132,39.5321,32.6570
626.3920,231.9132,39.5321,32.6570
626.6885,232.1581,38.9391,32.1671
626.5911,232.0777,39.1338,32.3279
626.5911,232.0777,39.1338,32.3279
626.3955,231.9161,39.5252,32.6512
626.3955,231.9161,39.5252,32.6512
626.3955,228.4791,39.5252,32.6512
626.1979,228.3159,39.9204,32.9777
626.4973,228.5632,39.3216,32.4831
626.5956,228.6444,39.1250,32.3207
626.4000,228.4828,39.5163,32.6439
626.6963,228.7276,38.9235,32.1542
626.7936,228.8080,38.7289,31.9934
626.7936,228.8080,38.7289,31.9934
626.7936,228.8080,38.7289,31.9934
626.7936,228.8080,38.7289,31.9934
626.9872,228.9680,38.3416,31.6735
626.7955,228.8096,38.7250,31.9902
626.7955,228.8096,38.7250,31.9902
626.7955,228.8096,38.7250,31.9902
626.7955,228.8096,38.7250,31.9902
626.7955,228.8096,38.7250,31.9902
626.8924,228.8896,38.5314,31.8303
626.7960,228.8100,38.7241,31.9894
626.8928,228.8900,38.5304,31.8295
627.1818,225.8285,37.9525,31.3520
627.0870,225.7501,38.1422,31.5088
627.0870,225.7501,38.1422,31.5088
626.9916,225.6713,38.3329,31.6663
626.9916,225.6713,38.3329,31.6663
626.9916,225.6713,38.3329,31.6663
626.9916,225.6713,38.3329,31.6663
626.9916,225.6713,38.3329,31.6663
627.0874,225.7505,38.1413,31.5080
627.0874,225.7505,38.1413,31.5080
626.8014,225.5142,38.7134,31.9806
626.8014,225.5142,38.7134,31.9806
627.0917,225.7540,38.1327,31.5009
626.8057,225.5178,38.7047,31.9734
626.8057,225.5178,38.7047,31.9734
626.9993,225.6777,38.3176,31.6537
626.8077,225.5194,38.7008,31.9702
626.8077,225.5194,38.7008,31.9702
627.0979,225.7592,38.1203,31.4907
627.0979,222.4444,38.1203,31.4907
627.1932,222.5231,37.9297,31.3332
627.1932,222.5231,37.9297,31.3332
627.1932,222.5231,37.9297,31.3332
627.1932,222.5231,37.9297,31.3332
627.1932,222.5231,37.9297,31.3332
627.1932,222.5231,37.9297,31.3332
627.1932,222.5231,37.9297,31.3332
627.1932,222.5231,37.9297,31.3332
627.1932,222.5231,37.9297,31.3332
627.1932,222.5231,37.9297,31.3332
627.1932,222.5231,37.9297,31.3332
627.1932,222.5231,37.9297,31.3332
627.1932,222.5231,37.9297,31.3332
627.1932,222.5231,37.9297,31.3332
627.1932,222.5231,37.9297,31.3332
627.1932,222.5231,37.9297,31.3332
627.1932,222.5231,37.9297,31.3332
627.1932,222.5231,37.9297,31.3332
627.1932,222.5231,37.9297,31.3332
627.1932,222.5231,37.9297,31.3332
627.1932,222.5231,37.9297,31.3332
627.1932,222.5231,37.9297,31.3332
627.1932,222.5231,37.9297,31.3332
627.1932,222.5231,37.9297,31.3332
627.1932,222.5231,37.9297,31.3332
627.1932,222.5231,37.9297,31.3332
627.1932,222.5231,37.9297,31.3332
627.1932,222.5231,37.9297,31.3332
627.1932,222.5231,37.9297,31.3332
627.1932,222.5231,37.9297,31.3332
627.1932,222.5231,37.9297,31.3332
627.1932,222.5231,37.9297,31.3332
627.3829,222.6797,37.5504,31.0199
627.1951,222.5246,37.9259,31.3301
627.1951,222.5246,37.9259,31.3301
627.1951,222.5246,37.9259,31.3301
627.1951,222.5246,37.9259,31.3301
627.1951,222.5246,37.9259,31.3301
627.1951,222.5246,37.9259,31.3301
627.1951,222.5246,37.9259,31.3301
627.1951,222.5246,37.9259,31.3301
627.1951,222.5246,37.9259,31.3301
627.1951,222.5246,37.9259,31.3301
627.1951,222.5246,37.9259,31.3301
627.1951,222.5246,37.9259,31.3301
627.1951,222.5246,37.9259,31.3301
627.1951,222.5246,37.9259,31.3301
627.1951,222.5246,37.9259,31.3301
627.3848,222.6813,37.5467,31.0168
627.1031,222.4487,38.1099,31.4821
627.1984,222.5274,37.9193,31.3246
627.1984,222.5274,37.9193,31.3246
627.1984,222.5274,37.9193,31.3246
627.1984,222.5274,37.9193,31.3246
627.1036,222.4491,38.1089,31.4813
626.8178,222.2130,38.6805,31.9535
626.8178,222.2130,38.6805,31.9535
626.6244,222.0532,39.0673,32.2730
626.3314,221.8111,39.6534,32.7571
622.8833,221.8111,39.6534,32.7571
623.1807,222.0568,39.0586,32.2658
623.4736,222.2988,38.4727,31.7818
623.1851,222.0604,39.0498,32.2585
623.3803,222.2217,38.6593,31.9359
623.5736,222.3814,38.2727,31.6166
623.3823,222.2233,38.6554,31.9327
623.3823,222.2233,38.6554,31.9327
623.1890,222.0637,39.0420,32.2520
622.9938,221.9024,39.4324,32.5746
622.8952,221.8210,39.6295,32.7374
622.9943,221.9028,39.4314,32.5738
622.9943,221.9028,39.4314,32.5738
622.9943,221.9028,39.4314,32.5738
623.1914,222.0657,39.0371,32.2480
622.9962,221.9044,39.4274,32.5705
622.9962,221.9044,39.4274,32.5705
622.7991,221.7416,39.8217,32.8962
623.0978,221.9883,39.2244,32.4028
623.1958,222.0693,39.0283,32.2407
623.1958,222.0693,39.0283,32.2407
623.0007,221.9081,39.4186,32.5632
622.8036,221.7453,39.8127,32.8888
622.9031,221.8275,39.6137,32.7243
623.0021,221.9093,39.4156,32.5607
622.8051,221.7465,39.8098,32.8863
622.7056,221.6643,40.0088,33.0508
622.8055,221.7469,39.8088,32.8855
622.7061,221.6647,40.0078,33.0499
622.4060,221.4169,40.6079,33.5457
622.4060,221.4169,40.6079,33.5457
622.4060,221.4169,40.6079,33.5457
618.8749,221.4169,40.6079,33.5457
618.8749,221.4169,40.6079,33.5457
619.0779,221.5846,40.2019,33.2102
619.0779,221.5846,40.2019,33.2102
619.3794,221.8337,39.5988,32.7121
619.3794,221.8337,39.5988,32.7121
619.3794,221.8337,39.5988,32.7121
619.1814,221.6701,39.9948,33.0392
619.3814,221.8353,39.5949,32.7088
619.1834,221.6718,39.9908,33.0359
619.3834,221.8369,39.5909,32.7055
619.3834,221.8369,39.5909,32.7055
619.1854,221.6734,39.9868,33.0326
619.3854,221.8386,39.5869,32.7023
619.3854,221.8386,39.5869,32.7023
619.3854,221.8386,39.5869,32.7023
619.3854,221.8386,39.5869,32.7023
619.3854,221.8386,39.5869,32.7023
619.3854,221.8386,39.5869,32.7023
619.3854,221.8386,39.5869,32.7023
619.3854,221.8386,39.5869,32.7023
619.3854,221.8386,39.5869,32.7023
619.1874,221.6751,39.9828,33.0293
618.9875,221.5099,40.3826,33.3596
619.2903,221.7601,39.7769,32.8592
619.3898,221.8423,39.5780,32.6949
619.3898,221.8423,39.5780,32.6949
619.1920,221.6788,39.9738,33.0218
618.8922,221.4311,40.5734,33.5172
618.9935,218.0044,40.3705,33.3496
618.9935,218.0044,40.3705,33.3496
618.6908,217.7543,40.9761,33.8498
618.7932,217.8389,40.7712,33.6806
618.6913,217.7547,40.9751,33.8490
618.9986,218.0086,40.3604,33.3412
618.7968,217.8419,40.7640,33.6746
619.0006,218.0103,40.3564,33.3379
618.7988,217.8436,40.7600,33.6713
619.1046,218.0961,40.1486,33.1662
618.9038,217.9303,40.5501,33.4979
619.0052,218.0140,40.3473,33.3304
619.0052,218.0140,40.3473,33.3304
619.0052,218.0140,40.3473,33.3304
618.8034,217.8474,40.7508,33.6637
619.1091,218.0999,40.1395,33.1587
619.0087,218.0170,40.3402,33.3245
619.0087,218.0170,40.3402,33.3245
619.0087,218.0170,40.3402,33.3245
622.5165,218.0170,40.3402,33.3245
622.2140,217.7670,40.9453,33.8244
621.9069,217.5133,41.5595,34.3318
622.1147,217.6850,41.1439,33.9884
621.9090,217.5150,41.5553,34.3283
622.1168,217.6867,41.1398,33.9850
622.1168,217.6867,41.1398,33.9850
622.2196,214.2122,40.9341,33.8151
622.3220,214.2967,40.7294,33.6460
622.3220,214.2967,40.7294,33.6460
622.3220,214.2967,40.7294,33.6460
622.3220,214.2967,40.7294,33.6460
622.3220,214.2967,40.7294,33.6460
622.4238,214.3808,40.5258,33.4778
622.7277,214.6319,39.9179,32.9756
622.7277,214.6319,39.9179,32.9756
622.7277,214.6319,39.9179,32.9756
622.4283,214.3846,40.5167,33.4703
622.3270,214.3009,40.7192,33.6376
622.3270,214.3009,40.7192,33.6376
622.3270,214.3009,40.7192,33.6376
622.3270,214.3009,40.7192,33.6376
622.4288,214.3850,40.5156,33.4694
622.3276,214.3013,40.7182,33.6368
622.3276,214.3013,40.7182,33.6368
622.3276,214.3013,40.7182,33.6368
622.3276,214.3013,40.7182,33.6368
622.3276,214.3013,40.7182,33.6368
622.3276,214.3013,40.7182,33.6368
622.2258,214.2172,40.9218,33.8050
622.3281,214.3018,40.7172,33.6360
622.3281,214.3018,40.7172,33.6360
622.3281,214.3018,40.7172,33.6360
622.3281,214.3018,40.7172,33.6360
622.1245,214.1336,41.1244,33.9723
621.9189,213.9637,41.5356,34.3120
621.9189,213.9637,41.5356,34.3120
621.9189,213.9637,41.5356,34.3120
621.9189,213.9637,41.5356,34.3120
621.9189,213.9637,41.5356,34.3120
618.3071,213.9637,41.5356,34.3120
618.6186,214.2211,40.9126,33.7974
618.8231,214.3900,40.5035,33.4594
618.7219,214.3064,40.7060,33.6267
618.8237,217.9124,40.5024,33.4585
618.5199,217.6615,41.1100,33.9604
618.5199,217.6615,41.1100,33.9604
618.3143,217.4917,41.5211,34.3000
618.1068,217.3202,41.9363,34.6430
618.1068,217.3202,41.9363,34.6430
617.8970,217.1470,42.3557,34.9895
618.1088,220.9682,41.9321,34.6396
617.8992,220.7950,42.3514,34.9860
617.8992,220.7950,42.3514,34.9860
617.5815,220.5326,42.9867,35.5107
617.7964,220.7101,42.5568,35.1556
617.4773,224.2026,43.1952,35.6830
617.3693,224.1134,43.4112,35.8614
617.6949,224.3823,42.7600,35.3235
617.3742,224.1174,43.4014,35.8533
617.6997,224.3863,42.7504,35.3155
617.6997,228.1037,42.7504,35.3155
617.4860,227.9271,43.1779,35.6687
617.7018,228.1055,42.7461,35.3120
617.3812,227.8406,43.3873,35.8417
617.1643,231.4720,43.8212,36.2001
616.9452,231.2910,44.2594,36.5621
617.0558,231.3824,44.0381,36.3793
617.0558,231.3824,44.0381,36.3793
616.9457,235.1400,44.2583,36.5612
616.9457,235.1400,44.2583,36.5612
616.6138,234.8658,44.9221,37.1096
616.2769,234.5874,45.5960,37.6662
616.5049,238.7010,45.1400,37.2896
616.7306,238.8874,44.6886,36.9167
613.2380,239.1643,44.0183,36.3629
613.5682,239.4370,43.3580,35.8175
613.2430,239.1684,44.0084,36.3547
613.5731,243.2105,43.3482,35.8094
613.5731,243.2105,43.3482,35.8094
613.8982,243.4790,42.6980,35.2723
613.5779,243.2145,43.3385,35.8014
613.4696,246.9124,43.5552,35.9804
613.4696,246.9124,43.5552,35.9804
613.5785,247.0024,43.3374,35.8005
613.5785,247.0024,43.3374,35.8005
613.4702,246.9129,43.5541,35.9795
613.1435,246.6430,44.2074,36.5192
612.9225,250.3430,44.6495,36.8844
612.9225,250.3430,44.6495,36.8844
613.0341,250.4352,44.4262,36.6999
613.3672,250.7104,43.7598,36.1494
613.4767,250.8008,43.5410,35.9687
613.4767,250.8008,43.5410,35.9687
613.6944,254.7290,43.1056,35.6090
613.8021,254.8180,42.8901,35.4310
613.6949,254.7294,43.1046,35.6081
613.8027,254.8184,42.8890,35.4301
613.6954,254.7299,43.1035,35.6072
613.6954,254.7299,43.1035,35.6072
613.6954,254.7299,43.1035,35.6072
613.6954,254.7299,43.1035,35.6072
613.6954,254.7299,43.1035,35.6072
613.4799,258.3374,43.5345,35.9633
613.2623,258.1576,43.9699,36.3229
613.2623,258.1576,43.9699,36.3229
613.2623,258.1576,43.9699,36.3229
613.2623,258.1576,43.9699,36.3229
613.5920,258.4301,43.3103,35.7781
613.2672,258.1617,43.9600,36.3148
613.4870,258.3433,43.5204,35.9516
613.4870,258.3433,43.5204,35.9516
613.2694,258.1635,43.9556,36.3111
613.2694,261.9857,43.9556,36.3111
613.4892,262.1673,43.5160,35.9480
613.4892,262.1673,43.5160,35.9480
613.4892,262.1673,43.5160,35.9480
613.4892,262.1673,43.5160,35.9480
613.4892,262.1673,43.5160,35.9480
613.2716,261.9875,43.9512,36.3075
613.4914,265.9527,43.5117,35.9444
613.4914,265.9527,43.5117,35.9444
613.4914,265.9527,43.5117,35.9444
613.4914,265.9527,43.5117,35.9444
613.4914,265.9527,43.5117,35.9444
613.4914,265.9527,43.5117,35.9444
613.4914,265.9527,43.5117,35.9444
613.4914,265.9527,43.5117,35.9444
613.4914,265.9527,43.5117,35.9444
613.4914,265.9527,43.5117,35.9444
613.2738,265.7730,43.9468,36.3039
613.0541,265.5915,44.3862,36.6669
613.3870,269.6683,43.7205,36.1169
613.4963,269.7585,43.5019,35.9363
613.7138,269.9382,43.0668,35.5769
614.0368,270.2050,42.4208,35.0433
614.1428,270.2927,42.2087,34.8681
617.6388,270.1183,42.6308,35.2168
617.7454,270.2064,42.4177,35.0407
617.4272,273.6874,43.0539,35.5663
617.4272,273.6874,43.0539,35.5663
617.4272,273.6874,43.0539,35.5663
617.2120,273.5096,43.4845,35.9219
616.9946,273.3300,43.9193,36.2812
617.3240,273.6021,43.2605,35.7369
617.4321,277.4344,43.0442,35.5583
617.6473,277.6122,42.6138,35.2027
617.6473,277.6122,42.6138,35.2027
621.1769,277.4362,43.0399,35.5547
621.1769,277.4362,43.0399,35.5547
621.3921,277.6139,42.6095,35.1992
621.4986,281.3886,42.3965,35.0232
621.4986,281.3886,42.3965,35.0232
621.3926,281.3010,42.6084,35.1983
621.3926,281.3010,42.6084,35.1983
621.4991,281.3890,42.3954,35.0223
621.4991,285.0756,42.3954,35.0223
621.7111,285.2507,41.9714,34.6721
621.7111,285.2507,41.9714,34.6721
621.7111,285.2507,41.9714,34.6721
621.5012,285.0773,42.3912,35.0188
624.9248,284.8147,43.0270,35.5441
624.7097,288.4159,43.4573,35.8995
624.7097,288.4159,43.4573,35.8995
625.0356,288.6851,42.8054,35.3610
624.9286,288.5967,43.0195,35.5378
624.7135,288.4190,43.4497,35.8932
624.9307,292.3389,43.0152,35.5343
624.7156,292.1613,43.4453,35.8896
624.7156,292.1613,43.4453,35.8896
625.0415,292.4304,42.7936,35.3513
625.1485,292.5188,42.5797,35.1745
625.0421,292.4308,42.7926,35.3504
624.7211,295.9427,43.4345,35.8806
624.7211,295.9427,43.4345,35.8806
624.9382,296.1220,43.0001,35.5218
625.1533,296.2997,42.5701,35.1666
625.1533,296.2997,42.5701,35.1666
628.7671,299.9320,42.7830,35.3424
628.9810,300.1087,42.3551,34.9890
628.7692,299.9338,42.7787,35.3389
628.9831,300.1104,42.3509,34.9855
628.6655,299.8481,42.9862,35.5103
628.4506,303.4458,43.4160,35.8654
628.7762,303.7148,42.7648,35.3274
628.9900,303.8914,42.3371,34.9742
628.9900,303.8914,42.3371,34.9742
629.2017,304.0663,41.9138,34.6244
628.8873,303.8066,42.5425,35.1438
628.7810,307.4366,42.7552,35.3195
628.4603,307.1717,43.3965,35.8493
628.4603,307.1717,43.3965,35.8493
628.4603,307.1717,43.3965,35.8493
628.7858,307.4406,42.7456,35.3116
628.7858,307.4406,42.7456,35.3116
628.8926,307.5289,42.5318,35.1350
628.8926,307.5289,42.5318,35.1350
628.8926,307.5289,42.5318,35.1350
628.7863,311.1580,42.7445,35.3107
628.8932,311.2462,42.5308,35.1341
628.7869,311.1584,42.7434,35.3098
628.8937,311.2467,42.5297,35.1332
628.8937,311.2467,42.5297,35.1332
628.7874,311.1588,42.7424,35.3089
628.8942,311.2471,42.5286,35.1324
628.5753,310.9836,43.1666,35.6593
628.8990,311.2511,42.5191,35.1245
628.5801,310.9876,43.1569,35.6513
628.9038,314.9515,42.5095,35.1166
629.1163,315.1271,42.0844,34.7654
629.0112,315.0402,42.2948,34.9392
629.0112,315.0402,42.2948,34.9392
628.7997,314.8654,42.7178,35.2886
629.0132,315.0419,42.2906,34.9357
628.8018,314.8672,42.7135,35.2851
629.0154,315.0436,42.2864,34.9322
629.2268,315.2183,41.8635,34.5829
628.9128,314.9589,42.4915,35.1016
629.0190,315.0467,42.2790,34.9261
629.1248,315.1340,42.0676,34.7515
629.0196,315.0471,42.2780,34.9253
629.0196,318.7235,42.2780,34.9253
628.9139,318.6362,42.4893,35.0999
628.9139,318.6362,42.4893,35.0999
628.8077,318.5484,42.7018,35.2754
625.2198,318.6366,42.4883,35.0990
625.5385,318.8998,41.8510,34.5725
625.2245,318.6405,42.4787,35.0911
625.5432,318.9037,41.8415,34.5648
625.5432,318.9037,41.8415,34.5648
625.5432,318.9037,41.8415,34.5648
625.4385,318.8173,42.0507,34.7376
625.1232,318.5568,42.6815,35.2586
625.2299,318.6449,42.4681,35.0823
625.4422,322.4763,42.0434,34.7315
625.7576,322.7368,41.4128,34.2105
625.5505,322.5657,41.8269,34.5527
625.5505,322.5657,41.8269,34.5527
625.8642,322.8249,41.1995,34.0344
625.5552,322.5696,41.8175,34.5449
625.5552,322.5696,41.8175,34.5449
625.5552,322.5696,41.8175,34.5449
625.5552,322.5696,41.8175,34.5449
625.6597,322.6560,41.6084,34.3722
625.5557,322.5700,41.8164,34.5440
625.5557,322.5700,41.8164,34.5440
625.5557,326.2063,41.8164,34.5440
625.5557,326.2063,41.8164,34.5440
625.8693,326.4653,41.1892,34.0259
625.9723,326.5504,40.9832,33.8557
626.2797,326.8043,40.3685,33.3479
626.2797,326.8043,40.3685,33.3479
626.2797,326.8043,40.3685,33.3479
625.9769,326.5542,40.9740,33.8481
625.8745,326.4696,41.1789,34.0173
625.9774,326.5546,40.9730,33.8473
625.8750,326.4700,41.1779,34.0165
625.8750,330.0507,41.1779,34.0165
626.1838,330.3058,40.5602,33.5062
626.1838,330.3058,40.5602,33.5062
626.0825,330.2220,40.7630,33.6738
625.8786,330.0537,41.1706,34.0105
625.6728,329.8836,41.5823,34.3506
625.9846,330.1413,40.9586,33.8354
625.8823,330.0567,41.1634,34.0045
625.8823,330.0567,41.1634,34.0045
626.0881,330.2267,40.7518,33.6645
625.8843,330.0584,41.1593,34.0011
626.1930,330.3134,40.5419,33.4911
626.1930,330.3134,40.5419,33.4911
626.2944,330.3971,40.3392,33.3237
626.1935,330.3138,40.5409,33.4903
626.2949,330.3975,40.3382,33.3228
626.1940,333.8394,40.5399,33.4894
625.8900,333.5883,41.1480,33.9918
625.6842,333.4183,41.5594,34.3317
625.9959,333.6758,40.9360,33.8167
625.6889,333.4221,41.5501,34.3240
626.0005,333.6796,40.9268,33.8091
626.1028,333.7641,40.7222,33.6401
625.8992,333.5959,41.1294,33.9765
626.0021,333.6808,40.9238,33.8066
626.0021,333.6808,40.9238,33.8066
625.8997,333.5963,41.1284,33.9756
625.6941,333.4265,41.5397,34.3154
625.9018,333.5980,41.1243,33.9722
625.9018,333.5980,41.1243,33.9722
625.9018,333.5980,41.1243,33.9722
626.0046,333.6830,40.9187,33.8024
626.0046,333.6830,40.9187,33.8024
625.9023,333.5984,41.1233,33.9714
625.9023,333.5984,41.1233,33.9714
626.0051,333.6834,40.9176,33.8015
626.1074,337.3082,40.7131,33.6325
626.1074,337.3082,40.7131,33.6325
626.1074,337.3082,40.7131,33.6325
626.2092,337.3922,40.5095,33.4644
626.1079,337.3086,40.7120,33.6317
626.1079,337.3086,40.7120,33.6317
626.3115,337.4767,40.3049,33.2954
626.2107,337.3935,40.5064,33.4618
626.3120,337.4771,40.3039,33.2945
626.2112,337.3939,40.5054,33.4610
625.9074,340.7180,41.1130,33.9629
626.1130,340.8878,40.7019,33.6233
626.2147,340.9719,40.4984,33.4552
625.9110,340.7210,41.1058,33.9570
625.9110,340.7210,41.1058,33.9570
625.9110,340.7210,41.1058,33.9570
625.9110,340.7210,41.1058,33.9570
629.4854,340.7210,41.1058,33.9570
629.6910,340.8907,40.6948,33.6174
629.9962,344.6285,40.0844,33.1132
629.6956,344.3801,40.6856,33.6099
630.0007,344.6322,40.0753,33.1057
629.7001,344.3839,40.6765,33.6023
629.7001,344.3839,40.6765,33.6023
629.7001,344.3839,40.6765,33.6023
629.7001,344.3839,40.6765,33.6023
629.4968,344.2159,41.0832,33.9383
629.2913,347.6544,41.4941,34.2777
629.6025,347.9115,40.8717,33.7635
629.8069,348.0803,40.4629,33.4259
629.7057,347.9967,40.6653,33.5930
629.7057,347.9967,40.6653,33.5930
629.7057,347.9967,40.6653,33.5930
629.7057,347.9967,40.6653,33.5930
629.8074,348.0807,40.4619,33.4251
629.5039,347.8300,41.0689,33.9264
629.5039,347.8300,41.0689,33.9264
629.2986,347.6604,41.4795,34.2657
629.2986,347.6604,41.4795,34.2657
629.2986,347.6604,41.4795,34.2657
633.1625,351.4702,40.8574,33.7517
633.4689,351.7233,40.2445,33.2455
633.6702,351.8896,39.8420,32.9130
633.4709,351.7250,40.2405,33.2421
633.2697,351.5588,40.6429,33.5745
633.4730,351.7267,40.2364,33.2388
633.2718,351.5605,40.6388,33.5712
633.2718,351.5605,40.6388,33.5712
633.5765,351.8123,40.0292,33.0676
633.5765,351.8123,40.0292,33.0676
633.7767,351.9776,39.6289,32.7369
633.8758,352.0594,39.4308,32.5733
633.8758,352.0594,39.4308,32.5733
633.6786,351.8965,39.8251,32.8990
633.4795,351.7321,40.2234,33.2280
633.2784,351.5659,40.6256,33.5603
633.0753,351.3981,41.0318,33.8959
636.8975,355.1668,40.4164,33.3874
636.9985,355.2503,40.2143,33.2205
637.1996,355.4164,39.8121,32.8883
637.1996,355.4164,39.8121,32.8883
637.1996,355.4164,39.8121,32.8883
637.2991,355.4986,39.6131,32.7238
637.2001,355.4168,39.8111,32.8875
637.4987,355.6635,39.2140,32.3942
637.3026,355.5015,39.6061,32.7181
637.2036,355.4197,39.8041,32.8817
637.4026,355.5841,39.4061,32.5529
637.3041,355.5027,39.6031,32.7156
637.3041,355.5027,39.6031,32.7156
637.6011,355.7481,39.0091,32.2249
637.3085,355.5064,39.5942,32.7083
637.1105,355.3428,39.9902,33.0354
636.9106,355.1777,40.3901,33.3657
636.7087,355.0108,40.7940,33.6994
636.8106,355.0951,40.5900,33.5309
636.9121,355.1789,40.3870,33.3632
636.9121,355.1789,40.3870,33.3632
636.6092,354.9287,40.9929,33.8637
636.8141,355.0980,40.5829,33.5250
636.6113,354.9304,40.9888,33.8603
636.5088,354.8457,41.1937,34.0296
636.5088,354.8457,41.1937,34.0296
636.1998,354.5905,41.8116,34.5400
636.5134,354.8495,41.1844,34.0219
636.3075,354.6794,41.5963,34.3621
636.6194,354.9372,40.9723,33.8467
636.9268,355.1910,40.3577,33.3390
636.7250,358.5688,40.7613,33.6724
636.6230,358.4846,40.9651,33.8408
636.7255,358.5692,40.7603,33.6716
636.5217,358.4008,41.1679,34.0083
636.5217,358.4008,41.1679,34.0083
636.5217,358.4008,41.1679,34.0083
636.5217,358.4008,41.1679,34.0083
636.6246,358.4859,40.9621,33.8382
636.5222,358.4013,41.1669,34.0074
636.5222,358.4013,41.1669,34.0074
636.5222,358.4013,41.1669,34.0074
636.5222,358.4013,41.1669,34.0074
636.6251,358.4863,40.9610,33.8374
636.9323,358.7401,40.3466,33.3298
636.9323,358.7401,40.3466,33.3298
636.9323,358.7401,40.3466,33.3298
636.6297,358.4901,40.9518,33.8298
633.4293,358.7438,40.3375,33.3223
633.4293,358.7438,40.3375,33.3223
633.2275,358.5772,40.7409,33.6555
633.1257,358.4931,40.9446,33.8238
633.0233,358.4085,41.1494,33.9929
633.1262,358.4935,40.9436,33.8230
633.4333,358.7472,40.3295,33.3156
633.2316,362.1226,40.7327,33.6488
633.2316,362.1226,40.7327,33.6488
633.3335,362.2067,40.5291,33.4805
633.0295,361.9556,41.1370,33.9828
633.3380,362.2104,40.5200,33.4730
633.2368,362.1268,40.7226,33.6404
633.4404,362.2950,40.3153,33.3040
633.3395,362.2117,40.5169,33.4705
633.3395,362.2117,40.5169,33.4705
633.6434,362.4627,39.9092,32.9684
633.3441,362.2155,40.5078,33.4630
633.2429,362.1318,40.7103,33.6303
633.4464,362.3000,40.3032,33.2940
629.9418,362.3000,40.3032,33.2940
629.9418,362.3000,40.3032,33.2940
630.0425,362.3832,40.1017,33.1275
629.7418,362.1347,40.7032,33.6244
630.0471,362.3869,40.0927,33.1201
629.9468,362.3041,40.2932,33.2857
630.0475,362.3874,40.0917,33.1192
629.7469,362.1389,40.6931,33.6160
630.0521,362.3911,40.0827,33.1118
630.3527,366.0726,39.4814,32.6151
630.6488,366.3172,38.8892,32.1259
630.3571,366.0763,39.4725,32.6078
630.0611,365.8317,40.0646,33.0969
630.1613,365.9144,39.8643,32.9314
630.1613,365.9144,39.8643,32.9314
630.1613,365.9144,39.8643,32.9314
626.9288,366.0791,39.4657,32.6021
626.9288,366.0791,39.4657,32.6021
626.7314,365.9161,39.8603,32.9281
626.4325,365.6691,40.4582,33.4220
626.1290,365.4185,41.0651,33.9233
626.3344,365.5881,40.6545,33.5841
626.4360,365.6720,40.4512,33.4162
626.4360,365.6720,40.4512,33.4162
626.1326,365.4214,41.0579,33.9174
626.4406,365.6758,40.4421,33.4087
626.7439,365.9264,39.8354,32.9075
626.4451,365.6795,40.4330,33.4012
626.6473,365.8466,40.0286,33.0671
623.0491,365.7639,40.2288,33.2325
622.8479,365.5977,40.6311,33.5648
623.0510,365.7655,40.2248,33.2292
623.2522,365.9317,39.8225,32.8969
623.2522,365.9317,39.8225,32.8969
623.2522,365.9317,39.8225,32.8969
623.0530,365.7672,40.2207,33.2258
622.8520,365.6011,40.6230,33.5581
623.1566,362.3733,40.0136,33.0547
622.8565,362.1254,40.6138,33.5505
622.6534,361.9577,41.0200,33.8860
622.8586,362.1271,40.6098,33.5472
623.0616,362.2948,40.2037,33.2117
622.8606,362.1288,40.6057,33.5438
619.6872,358.9024,39.9966,33.0407
619.6872,358.9024,39.9966,33.0407
619.4872,358.7372,40.3966,33.3711
619.1842,358.4869,41.0025,33.8717
619.1842,358.4869,41.0025,33.8717
619.2867,355.0240,40.7975,33.7023
619.2867,355.0240,40.7975,33.7023
619.2867,355.0240,40.7975,33.7023
618.9807,354.7712,41.4095,34.2078
619.2913,355.0277,40.7883,33.6947
619.2913,355.0277,40.7883,33.6947
619.2913,355.0277,40.7883,33.6947
618.9854,354.7751,41.4002,34.2001
619.2959,355.0316,40.7792,33.6871
619.3978,355.1158,40.5753,33.5187
619.2964,355.0320,40.7781,33.6863
619.2964,355.0320,40.7781,33.6863
619.2964,355.0320,40.7781,33.6863
615.8702,355.1162,40.5742,33.5179
615.7687,355.0324,40.7771,33.6854
615.7687,355.0324,40.7771,33.6854
616.0745,355.2850,40.1655,33.1802
615.9741,355.2021,40.3663,33.3461
615.9741,355.2021,40.3663,33.3461
615.7723,355.0353,40.7699,33.6795
615.6703,354.9511,40.9738,33.8479
615.5679,354.8665,41.1787,34.0172
615.5679,358.4473,41.1787,34.0172
615.3621,358.2772,41.5905,34.3573
615.1541,358.1054,42.0064,34.7009
614.9441,357.9319,42.4264,35.0479
615.0501,358.0195,42.2143,34.8727
615.1556,358.1067,42.0032,34.6983
615.4707,358.3669,41.3732,34.1778
615.1604,358.1106,41.9938,34.6905
615.0554,358.0239,42.2037,34.8640
615.1609,358.1111,41.9927,34.6896
615.1609,358.1111,41.9927,34.6896
615.1609,358.1111,41.9927,34.6896
615.3709,358.2845,41.5728,34.3427
611.5118,358.1128,41.9885,34.6862
611.5118,358.1128,41.9885,34.6862
611.8268,358.3729,41.3587,34.1659
611.9302,358.4583,41.1519,33.9950
612.0330,358.5433,40.9461,33.8251
612.0330,358.5433,40.9461,33.8251
612.0330,358.5433,40.9461,33.8251
612.0330,362.1039,40.9461,33.8251
611.7260,361.8502,41.5603,34.3324
611.7260,361.8502,41.5603,34.3324
611.7260,361.8502,41.5603,34.3324
611.7260,361.8502,41.5603,34.3324
611.7260,361.8502,41.5603,34.3324
611.7260,361.8502,41.5603,34.3324
611.7260,361.8502,41.5603,34.3324
611.7260,361.8502,41.5603,34.3324
611.7260,361.8502,41.5603,34.3324
611.7260,361.8502,41.5603,34.3324
611.7260,361.8502,41.5603,34.3324
611.7260,361.8502,41.5603,34.3324
611.7260,361.8502,41.5603,34.3324
611.7260,361.8502,41.5603,34.3324
611.7260,361.8502,41.5603,34.3324
611.9337,362.0218,41.1447,33.9891
611.7280,361.8519,41.5562,34.3290
612.0397,362.1093,40.9328,33.8141
612.0397,362.1093,40.9328,33.8141
615.5991,362.1093,40.9328,33.8141
615.2921,361.8557,41.5468,34.3213
618.9048,361.8557,41.5468,34.3213
618.9048,361.8557,41.5468,34.3213
622.5176,361.8557,41.5468,34.3213
622.5176,361.8557,41.5468,34.3213
626.1304,361.8557,41.5468,34.3213
629.7432,361.8557,41.5468,34.3213
629.7432,361.8557,41.5468,34.3213
629.7432,361.8557,41.5468,34.3213
633.1843,361.6841,41.9623,34.6645
632.9745,361.5108,42.3819,35.0111
636.6599,361.5108,42.3819,35.0111
636.4479,361.3358,42.8057,35.3613
636.1269,361.0706,43.4478,35.8917
640.1742,365.0612,42.7961,35.3533
640.0672,364.9727,43.0101,35.5301
640.1747,365.0616,42.7950,35.3524
640.2817,365.1500,42.5811,35.1757
640.1752,365.0620,42.7940,35.3515
640.3892,365.2388,42.3660,34.9980
640.7070,365.5013,41.7305,34.4730
640.8113,365.5875,41.5219,34.3007
641.1227,365.8447,40.8991,33.7862
640.8160,365.5913,41.5125,34.2930
640.8160,365.5913,41.5125,34.2930
640.8160,365.5913,41.5125,34.2930
640.8160,365.5913,41.5125,34.2930
640.8160,365.5913,41.5125,34.2930
640.6084,365.4199,41.9277,34.6359
640.3987,365.2467,42.3469,34.9823
640.3987,365.2467,42.3469,34.9823
640.3987,365.2467,42.3469,34.9823
640.2929,365.1592,42.5587,35.1572
640.1865,365.0713,42.7715,35.3330
640.1865,365.0713,42.7715,35.3330
639.9727,364.8947,43.1992,35.6863
639.9727,364.8947,43.1992,35.6863
639.6486,364.6270,43.8472,36.2216
639.8679,364.8081,43.4087,35.8594
639.9764,364.8978,43.1917,35.6801
639.8684,364.8086,43.4076,35.8585
639.8684,364.8086,43.4076,35.8585
643.6430,364.8086,43.4076,35.8585
643.6430,364.8086,43.4076,35.8585
643.6430,364.8086,43.4076,35.8585
643.6430,364.8086,43.4076,35.8585
643.6430,364.8086,43.4076,35.8585
643.6430,364.8086,43.4076,35.8585
643.4260,364.6293,43.8417,36.2170
643.2067,364.4482,44.2801,36.5792
643.2067,364.4482,44.2801,36.5792
643.5389,364.7225,43.6159,36.0305
643.4298,364.6324,43.8340,36.2107
643.5394,364.7230,43.6148,36.0296
643.8665,364.9932,42.9606,35.4892
643.6517,364.8158,43.3902,35.8441
643.5432,364.7261,43.6071,36.0233
643.5432,364.7261,43.6071,36.0233
643.4342,364.6361,43.8252,36.2034
643.2151,364.4551,44.2634,36.5654
643.4364,364.6379,43.8208,36.1998
643.6555,364.8189,43.3826,35.8378
643.4386,364.6397,43.8164,36.1962
643.5482,364.7302,43.5973,36.0152
643.8751,365.0003,42.9434,35.4750
643.8751,365.0003,42.9434,35.4750
644.0898,365.1777,42.5139,35.1202
643.7710,364.9143,43.1517,35.6470
643.6631,364.8252,43.3674,35.8253
643.6631,364.8252,43.3674,35.8253
643.4463,364.6460,43.8011,36.1835
643.4463,364.6460,43.8011,36.1835
643.3367,364.5556,44.0201,36.3644
643.5569,364.7374,43.5799,36.0008
643.7748,364.9174,43.1441,35.6408
643.6669,364.8283,43.3598,35.8190
643.8837,365.0074,42.9262,35.4608
643.5618,364.7415,43.5701,35.9927
643.7796,364.9214,43.1344,35.6328
644.1031,365.1887,42.4874,35.0983
643.9969,365.1009,42.6998,35.2738
643.9969,365.1009,42.6998,35.2738
643.6766,364.8364,43.3403,35.8029
643.6766,364.8364,43.3403,35.8029
643.7850,364.9259,43.1236,35.6239
644.0006,365.1040,42.6924,35.2676
644.0006,365.1040,42.6924,35.2676
644.1074,365.1921,42.4789,35.0913
644.0012,365.1044,42.6913,35.2667
644.0012,365.1044,42.6913,35.2667
644.0012,365.1044,42.6913,35.2667
644.1078,365.1926,42.4779,35.0904
644.2141,365.2803,42.2655,34.9150
644.0027,365.1057,42.6881,35.2641
644.0027,365.1057,42.6881,35.2641
644.1094,365.1939,42.4747,35.0878
644.0033,365.1062,42.6871,35.2632
644.0033,365.1062,42.6871,35.2632
644.0033,365.1062,42.6871,35.2632
644.1100,365.1943,42.4736,35.0869
644.0038,365.1066,42.6860,35.2623
644.0038,365.1066,42.6860,35.2623
644.0038,365.1066,42.6860,35.2623
644.0038,365.1066,42.6860,35.2623
644.0038,365.1066,42.6860,35.2623
644.0038,365.1066,42.6860,35.2623
644.0038,365.1066,42.6860,35.2623
644.0038,365.1066,42.6860,35.2623
644.0038,365.1066,42.6860,35.2623
640.4172,365.1948,42.4726,35.0860
640.3111,365.1071,42.6849,35.2615
640.3111,365.1071,42.6849,35.2615
640.3111,365.1071,42.6849,35.2615
640.3111,365.1071,42.6849,35.2615
640.3111,365.1071,42.6849,35.2615
640.4178,365.1952,42.4715,35.0852
640.3116,365.1075,42.6839,35.2606
640.4183,365.1956,42.4704,35.0843
640.3121,365.1079,42.6828,35.2597
640.4188,365.1961,42.4694,35.0834
640.4188,365.1961,42.4694,35.0834
640.3127,365.1084,42.6817,35.2588
640.3127,365.1084,42.6817,35.2588
640.3127,365.1084,42.6817,35.2588
640.4194,365.1965,42.4683,35.0825
640.1009,364.9334,43.1053,35.6088
640.3164,365.1115,42.6743,35.2527
640.4231,365.1996,42.4609,35.0764
640.4231,365.1996,42.4609,35.0764
640.6354,365.3750,42.0363,34.7256
640.5303,365.2881,42.2465,34.8993
640.2134,365.0264,42.8802,35.4228
639.8918,364.7607,43.5234,35.9541
639.8918,364.7607,43.5234,35.9541
639.8918,364.7607,43.5234,35.9541
639.8918,364.7607,43.5234,35.9541
639.6742,364.5810,43.9586,36.3136
639.6742,364.5810,43.9586,36.3136
639.8940,364.7625,43.5190,35.9505
640.2204,365.0322,42.8662,35.4113
640.1132,364.9436,43.0806,35.5883
640.2209,365.0326,42.8652,35.4104
640.1138,364.9441,43.0795,35.5874
639.8984,364.7661,43.5103,35.9433
640.1160,364.9459,43.0752,35.5839
640.2236,365.0348,42.8598,35.4059
640.1165,364.9463,43.0741,35.5830
640.1165,364.9463,43.0741,35.5830
640.3318,365.1242,42.6434,35.2271
640.4385,365.2123,42.4302,35.0510
640.2263,365.0370,42.8545,35.4015
640.2263,365.0370,42.8545,35.4015
639.9049,364.7715,43.4973,35.9325
639.9049,364.7715,43.4973,35.9325
639.9049,364.7715,43.4973,35.9325
640.2311,365.0410,42.8448,35.3935
640.4454,365.2180,42.4164,35.0396
640.5514,365.3056,42.2043,34.8644
640.5514,365.3056,42.2043,34.8644
640.4459,365.2184,42.4153,35.0387
640.6580,365.3936,41.9912,34.6883
640.4480,365.2202,42.4111,35.0352
640.4480,365.2202,42.4111,35.0352
640.4480,368.9081,42.4111,35.0352
640.3420,368.8205,42.6231,35.2104
640.6616,369.0846,41.9838,34.6823
640.6616,369.0846,41.9838,34.6823
640.6616,369.0846,41.9838,34.6823
640.6616,369.0846,41.9838,34.6823
640.6616,369.0846,41.9838,34.6823
640.6616,369.0846,41.9838,34.6823
640.6616,369.0846,41.9838,34.6823
640.6616,369.0846,41.9838,34.6823
640.6616,369.0846,41.9838,34.6823
640.6616,369.0846,41.9838,34.6823
640.6616,369.0846,41.9838,34.6823
640.6616,369.0846,41.9838,34.6823
640.6616,369.0846,41.9838,34.6823
640.6616,369.0846,41.9838,34.6823
640.6616,369.0846,41.9838,34.6823
640.6616,369.0846,41.9838,34.6823
640.9765,369.3447,41.3540,34.1620
640.8732,369.2593,41.5608,34.3328
640.6653,369.0876,41.9764,34.6762
640.4554,368.9142,42.3962,35.0229
640.4554,368.9142,42.3962,35.0229
640.1375,368.6516,43.0321,35.5483
640.3527,368.8293,42.6018,35.1928
640.3527,368.8293,42.6018,35.1928
640.4592,368.9173,42.3888,35.0168
640.3531,368.8298,42.6007,35.1919
640.3531,368.8298,42.6007,35.1919
640.3531,368.8298,42.6007,35.1919
640.4597,368.9178,42.3877,35.0159
640.4597,368.9178,42.3877,35.0159
640.2477,368.7427,42.8116,35.3661
640.4618,368.9195,42.3835,35.0124
640.2499,368.7444,42.8073,35.3626
640.4639,368.9212,42.3792,35.0089
640.6758,369.0963,41.9554,34.6588
640.6758,369.0963,41.9554,34.6588
640.4661,368.9230,42.3750,35.0054
640.6779,369.0980,41.9513,34.6554
640.6779,369.0980,41.9513,34.6554
640.6779,369.0980,41.9513,34.6554
640.6779,369.0980,41.9513,34.6554
640.6779,369.0980,41.9513,34.6554
640.4681,368.9247,42.3708,35.0019
640.7859,372.8164,41.7352,34.4769
640.8903,372.9026,41.5265,34.3045
640.8903,372.9026,41.5265,34.3045
640.8903,372.9026,41.5265,34.3045
640.8903,372.9026,41.5265,34.3045
640.8903,372.9026,41.5265,34.3045
641.0979,373.0741,41.1113,33.9615
640.8923,372.9043,41.5224,34.3011
640.6848,372.7328,41.9376,34.6441
640.3702,372.4730,42.5667,35.1638
640.3702,372.4730,42.5667,35.1638
640.3702,372.4730,42.5667,35.1638
640.3702,372.4730,42.5667,35.1638
640.2638,372.3851,42.7795,35.3396
640.3707,372.4734,42.5656,35.1629
640.2643,372.3855,42.7784,35.3387
640.4782,376.2449,42.3506,34.9853
640.3723,376.1574,42.5624,35.1602
640.3723,376.1574,42.5624,35.1602
640.3723,376.1574,42.5624,35.1602
640.3723,376.1574,42.5624,35.1602
640.6915,376.4211,41.9240,34.6328
640.3771,376.1614,42.5528,35.1523
640.3771,376.1614,42.5528,35.1523
640.3771,376.1614,42.5528,35.1523
640.3771,376.1614,42.5528,35.1523
640.6963,376.4250,41.9145,34.6250
640.6963,376.4250,41.9145,34.6250
640.3819,376.1653,42.5432,35.1444
640.7010,376.4289,41.9051,34.6173
640.7010,376.4289,41.9051,34.6173
640.7010,380.0728,41.9051,34.6173
640.3867,379.8132,42.5337,35.1365
640.3867,379.8132,42.5337,35.1365
640.1740,379.6375,42.9590,35.4879
640.2814,379.7262,42.7442,35.3104
640.4952,379.9028,42.3168,34.9573
640.3893,379.8154,42.5284,35.1321
640.2830,379.7276,42.7410,35.3078
640.4968,379.9041,42.3136,34.9547
640.1794,379.6419,42.9483,35.4790
640.2867,379.7306,42.7336,35.3016
640.5004,379.9071,42.3062,34.9486
640.6062,379.9945,42.0947,34.7739
640.6062,383.6549,42.0947,34.7739
640.2905,383.3941,42.7261,35.2955
640.3973,383.4824,42.5125,35.1190
640.3973,383.4824,42.5125,35.1190
640.3973,383.4824,42.5125,35.1190
640.2910,383.3946,42.7250,35.2946
640.2910,383.3946,42.7250,35.2946
