1
550.0000,206.0000,470.0000,438.0000
551.0000,204.0000,470.0000,438.0000
552.0000,201.0000,470.0000,438.0000
552.0000,198.0000,470.0000,438.0000
553.0000,195.0000,470.0000,438.0000
553.0000,192.0000,470.0000,438.0000
553.0000,189.0000,470.0000,438.0000
554.0000,187.0000,470.0000,438.0000
554.0000,185.0000,470.0000,438.0000
554.0000,185.0000,470.0000,438.0000
554.0000,165.0000,470.0000,438.0000
554.0000,166.0000,470.0000,438.0000
553.0000,167.0000,470.0000,438.0000
553.0000,169.0000,470.0000,438.0000
552.0000,171.0000,470.0000,438.0000
551.0000,173.0000,470.0000,438.0000
551.0000,175.0000,470.0000,438.0000
550.0000,176.0000,470.0000,438.0000
549.0000,176.0000,470.0000,438.0000
548.0000,174.0000,470.0000,438.0000
547.0000,172.0000,470.0000,438.0000
546.0000,168.0000,470.0000,438.0000
545.0000,163.0000,470.0000,438.0000
544.0000,158.0000,470.0000,438.0000
544.0000,151.0000,470.0000,438.0000
543.0000,144.0000,470.0000,438.0000
543.0000,135.0000,470.0000,438.0000
542.0000,127.0000,470.0000,438.0000
542.0000,139.0000,470.0000,438.0000
542.0000,151.0000,470.0000,438.0000
542.0000,164.0000,470.0000,438.0000
543.0000,156.0000,470.0000,438.0000
542.0000,150.0000,470.0000,438.0000
542.0000,144.0000,470.0000,438.0000
541.0000,140.0000,470.0000,438.0000
540.0000,137.0000,470.0000,438.0000
540.0000,134.0000,470.0000,438.0000
540.0000,153.0000,470.0000,438.0000
539.0000,172.0000,470.0000,438.0000
538.0000,192.0000,470.0000,438.0000
537.0000,191.0000,470.0000,438.0000
536.0000,190.0000,470.0000,438.0000
534.0000,187.0000,470.0000,438.0000
532.0000,184.0000,470.0000,438.0000
531.0000,181.0000,470.0000,438.0000
530.0000,199.0000,470.0000,438.0000
530.0000,216.0000,470.0000,438.0000
529.0000,210.0000,470.0000,438.0000
529.0000,205.0000,470.0000,438.0000
528.0000,199.0000,470.0000,438.0000
527.0000,193.0000,470.0000,438.0000
525.0000,188.0000,470.0000,438.0000
524.0000,182.0000,470.0000,438.0000
522.0000,176.0000,470.0000,438.0000
519.0000,171.0000,470.0000,438.0000
517.0000,167.0000,470.0000,438.0000
516.0000,163.0000,470.0000,438.0000
515.0000,180.0000,470.0000,438.0000
515.0000,178.0000,470.0000,438.0000
516.0000,176.0000,470.0000,438.0000
516.0000,175.0000,470.0000,438.0000
517.0000,175.0000,470.0000,438.0000
517.0000,175.0000,470.0000,438.0000
517.0000,175.0000,470.0000,438.0000
518.0000,176.0000,470.0000,438.0000
519.0000,176.0000,470.0000,438.0000
518.0000,177.0000,470.0000,438.0000
517.0000,177.0000,470.0000,438.0000
515.0000,178.0000,470.0000,438.0000
514.0000,178.0000,470.0000,438.0000
514.0000,176.0000,470.0000,438.0000
514.0000,174.0000,470.0000,438.0000
514.0000,171.0000,470.0000,438.0000
513.0000,169.0000,470.0000,438.0000
513.0000,165.0000,470.0000,438.0000
513.0000,162.0000,470.0000,438.0000
511.0000,159.0000,470.0000,438.0000
510.0000,156.0000,470.0000,438.0000
508.0000,153.0000,470.0000,438.0000
507.0000,150.0000,470.0000,438.0000
507.0000,147.0000,470.0000,438.0000
505.0000,144.0000,470.0000,438.0000
505.0000,141.0000,470.0000,438.0000
505.0000,139.0000,470.0000,438.0000
504.0000,138.0000,470.0000,438.0000
503.0000,137.0000,470.0000,438.0000
502.0000,136.0000,470.0000,438.0000
500.0000,136.0000,470.0000,438.0000
500.0000,136.0000,470.0000,438.0000
500.0000,137.0000,470.0000,438.0000
500.0000,137.0000,470.0000,438.0000
500.0000,138.0000,470.0000,438.0000
501.0000,138.0000,470.0000,438.0000
500.0000,138.0000,470.0000,438.0000
499.0000,138.0000,470.0000,438.0000
498.0000,137.0000,470.0000,438.0000
496.0000,136.0000,470.0000,438.0000
496.0000,136.0000,470.0000,438.0000
496.0000,134.0000,470.0000,438.0000
496.0000,132.0000,470.0000,438.0000
497.0000,130.0000,470.0000,438.0000
497.0000,128.0000,470.0000,438.0000
495.0000,126.0000,470.0000,438.0000
493.0000,123.0000,470.0000,438.0000
491.0000,121.0000,470.0000,438.0000
491.0000,118.0000,470.0000,438.0000
491.0000,116.0000,470.0000,438.0000
491.0000,113.0000,470.0000,438.0000
491.0000,111.0000,470.0000,438.0000
491.0000,109.0000,470.0000,438.0000
489.0000,127.0000,470.0000,438.0000
487.0000,145.0000,470.0000,438.0000
487.0000,164.0000,470.0000,438.0000
487.0000,163.0000,470.0000,438.0000
487.0000,162.0000,470.0000,438.0000
487.0000,162.0000,470.0000,438.0000
487.0000,161.0000,470.0000,438.0000
487.0000,161.0000,470.0000,438.0000
485.0000,160.0000,470.0000,438.0000
484.0000,160.0000,470.0000,438.0000
485.0000,159.0000,470.0000,438.0000
485.0000,158.0000,470.0000,438.0000
485.0000,157.0000,470.0000,438.0000
485.0000,155.0000,470.0000,438.0000
485.0000,154.0000,470.0000,438.0000
484.0000,152.0000,470.0000,438.0000
484.0000,151.0000,470.0000,438.0000
484.0000,149.0000,470.0000,438.0000
484.0000,148.0000,470.0000,438.0000
484.0000,146.0000,470.0000,438.0000
483.0000,145.0000,470.0000,438.0000
482.0000,144.0000,470.0000,438.0000
481.0000,143.0000,470.0000,438.0000
481.0000,141.0000,470.0000,438.0000
481.0000,140.0000,470.0000,438.0000
481.0000,139.0000,470.0000,438.0000
481.0000,138.0000,470.0000,438.0000
480.0000,139.0000,470.0000,438.0000
479.0000,140.0000,470.0000,438.0000
479.0000,161.0000,470.0000,438.0000
480.0000,163.0000,470.0000,438.0000
480.0000,164.0000,470.0000,438.0000
480.0000,166.0000,470.0000,438.0000
480.0000,167.0000,470.0000,438.0000
479.0000,167.0000,470.0000,438.0000
478.0000,167.0000,470.0000,438.0000
478.0000,167.0000,470.0000,438.0000
478.0000,167.0000,470.0000,438.0000
478.0000,186.0000,470.0000,438.0000
477.0000,205.0000,470.0000,438.0000
477.0000,205.0000,470.0000,438.0000
476.0000,204.0000,470.0000,438.0000
476.0000,204.0000,470.0000,438.0000
476.0000,203.0000,470.0000,438.0000
476.0000,203.0000,470.0000,438.0000
476.0000,202.0000,470.0000,438.0000
475.0000,201.0000,470.0000,438.0000
475.0000,201.0000,470.0000,438.0000
475.0000,200.0000,470.0000,438.0000
474.0000,199.0000,470.0000,438.0000
474.0000,198.0000,470.0000,438.0000
473.0000,198.0000,470.0000,438.0000
472.0000,198.0000,470.0000,438.0000
472.0000,199.0000,470.0000,438.0000
472.0000,218.0000,470.0000,438.0000
472.0000,238.0000,470.0000,438.0000
471.0000,258.0000,470.0000,438.0000
471.0000,259.0000,470.0000,438.0000
470.0000,259.0000,470.0000,438.0000
470.0000,259.0000,470.0000,438.0000
469.0000,259.0000,470.0000,438.0000
469.0000,259.0000,470.0000,438.0000
468.0000,260.0000,470.0000,438.0000
467.0000,260.0000,470.0000,438.0000
467.0000,261.0000,470.0000,438.0000
467.0000,260.0000,470.0000,438.0000
466.0000,260.0000,470.0000,438.0000
466.0000,259.0000,470.0000,438.0000
465.0000,259.0000,470.0000,438.0000
465.0000,258.0000,470.0000,438.0000
464.0000,257.0000,470.0000,438.0000
464.0000,275.0000,470.0000,438.0000
463.0000,294.0000,470.0000,438.0000
462.0000,294.0000,470.0000,438.0000
461.0000,294.0000,470.0000,438.0000
461.0000,294.0000,470.0000,438.0000
460.0000,294.0000,470.0000,438.0000
460.0000,294.0000,470.0000,438.0000
459.0000,294.0000,470.0000,438.0000
458.0000,295.0000,470.0000,438.0000
458.0000,295.0000,470.0000,438.0000
457.0000,295.0000,470.0000,438.0000
457.0000,296.0000,470.0000,438.0000
456.0000,296.0000,470.0000,438.0000
455.0000,296.0000,470.0000,438.0000
455.0000,296.0000,470.0000,438.0000
454.0000,296.0000,470.0000,438.0000
454.0000,297.0000,470.0000,438.0000
454.0000,297.0000,470.0000,438.0000
453.0000,297.0000,470.0000,438.0000
453.0000,297.0000,470.0000,438.0000
453.0000,297.0000,470.0000,438.0000
453.0000,296.0000,470.0000,438.0000
452.0000,295.0000,470.0000,438.0000
451.0000,295.0000,470.0000,438.0000
451.0000,294.0000,470.0000,438.0000
450.0000,294.0000,470.0000,438.0000
450.0000,294.0000,470.0000,438.0000
449.0000,293.0000,470.0000,438.0000
449.0000,293.0000,470.0000,438.0000
448.0000,293.0000,470.0000,438.0000
448.0000,293.0000,470.0000,438.0000
447.0000,294.0000,470.0000,438.0000
447.0000,294.0000,470.0000,438.0000
446.0000,295.0000,470.0000,438.0000
446.0000,296.0000,470.0000,438.0000
445.0000,296.0000,470.0000,438.0000
445.0000,297.0000,470.0000,438.0000
444.0000,298.0000,470.0000,438.0000
444.0000,298.0000,470.0000,438.0000
443.0000,299.0000,470.0000,438.0000
443.0000,299.0000,470.0000,438.0000
442.0000,299.0000,470.0000,438.0000
441.0000,299.0000,470.0000,438.0000
440.0000,299.0000,470.0000,438.0000
439.0000,299.0000,470.0000,438.0000
438.0000,299.0000,470.0000,438.0000
437.0000,298.0000,470.0000,438.0000
436.0000,298.0000,470.0000,438.0000
435.0000,297.0000,470.0000,438.0000
434.0000,296.0000,470.0000,438.0000
433.0000,295.0000,470.0000,438.0000
431.0000,295.0000,470.0000,438.0000
429.0000,294.0000,470.0000,438.0000
428.0000,294.0000,470.0000,438.0000
426.0000,294.0000,470.0000,438.0000
425.0000,294.0000,470.0000,438.0000
423.0000,294.0000,470.0000,438.0000
421.0000,295.0000,470.0000,438.0000
420.0000,295.0000,470.0000,438.0000
418.0000,295.0000,470.0000,438.0000
416.0000,296.0000,470.0000,438.0000
415.0000,296.0000,470.0000,438.0000
413.0000,297.0000,470.0000,438.0000
412.0000,297.0000,470.0000,438.0000
410.0000,297.0000,470.0000,438.0000
409.0000,298.0000,470.0000,438.0000
407.0000,298.0000,470.0000,438.0000
406.0000,298.0000,470.0000,438.0000
404.0000,298.0000,470.0000,438.0000
403.0000,298.0000,470.0000,438.0000
401.0000,298.0000,470.0000,438.0000
400.0000,298.0000,470.0000,438.0000
398.0000,298.0000,470.0000,438.0000
396.0000,297.0000,470.0000,438.0000
395.0000,297.0000,470.0000,438.0000
393.0000,297.0000,470.0000,438.0000
391.0000,296.0000,470.0000,438.0000
390.0000,296.0000,470.0000,438.0000
388.0000,296.0000,470.0000,438.0000
386.0000,296.0000,470.0000,438.0000
384.0000,295.0000,470.0000,438.0000
382.0000,295.0000,470.0000,438.0000
381.0000,295.0000,470.0000,438.0000
379.0000,296.0000,470.0000,438.0000
377.0000,296.0000,470.0000,438.0000
375.0000,296.0000,470.0000,438.0000
373.0000,297.0000,470.0000,438.0000
371.0000,297.0000,470.0000,438.0000
369.0000,298.0000,470.0000,438.0000
367.0000,298.0000,470.0000,438.0000
366.0000,298.0000,470.0000,438.0000
364.0000,299.0000,470.0000,438.0000
362.0000,299.0000,470.0000,438.0000
360.0000,299.0000,470.0000,438.0000
358.0000,300.0000,470.0000,438.0000
356.0000,300.0000,470.0000,438.0000
354.0000,300.0000,470.0000,438.0000
352.0000,300.0000,470.0000,438.0000
350.0000,300.0000,470.0000,438.0000
349.0000,300.0000,470.0000,438.0000
348.0000,300.0000,470.0000,438.0000
347.0000,300.0000,470.0000,438.0000
346.0000,300.0000,470.0000,438.0000
345.0000,300.0000,470.0000,438.0000
344.0000,300.0000,470.0000,438.0000
343.0000,300.0000,470.0000,438.0000
342.0000,301.0000,470.0000,438.0000
341.0000,301.0000,470.0000,438.0000
340.0000,302.0000,470.0000,438.0000
338.0000,302.0000,470.0000,438.0000
337.0000,303.0000,470.0000,438.0000
336.0000,303.0000,470.0000,438.0000
335.0000,304.0000,470.0000,438.0000
333.0000,304.0000,470.0000,438.0000
331.0000,305.0000,470.0000,438.0000
329.0000,306.0000,470.0000,438.0000
327.0000,306.0000,470.0000,438.0000
326.0000,307.0000,470.0000,438.0000
325.0000,307.0000,470.0000,438.0000
323.0000,308.0000,470.0000,438.0000
322.0000,308.0000,470.0000,438.0000
320.0000,309.0000,470.0000,438.0000
319.0000,309.0000,470.0000,438.0000
317.0000,309.0000,470.0000,438.0000
316.0000,309.0000,470.0000,438.0000
314.0000,309.0000,470.0000,438.0000
313.0000,310.0000,470.0000,438.0000
311.0000,310.0000,470.0000,438.0000
309.0000,311.0000,470.0000,438.0000
306.0000,311.0000,470.0000,438.0000
303.0000,312.0000,470.0000,438.0000
300.0000,313.0000,470.0000,438.0000
297.0000,314.0000,470.0000,438.0000
2
0
0
0
0
0
2
0
0
0
0
0
2
0
0
0
0
0
2
0
0
0
0
0
2
0
0
0
0
0
2
0
0
0
0
0
2
0
0
0
0
0
490.0000,315.0000,470.0000,438.0000
490.0000,316.0000,470.0000,438.0000
2
0
0
0
0
0
2
0
0
0
0
0
2
0
0
0
0
0
2
0
0
0
0
0
2
0
0
0
0
0
2
0
0
0
0
0
2
0
0
0
0
0
2
0
0
0
0
0
2
0
0
0
0
0
636.0000,424.0000,470.0000,438.0000
640.0000,426.0000,470.0000,438.0000
644.0000,428.0000,470.0000,438.0000
646.0000,412.0000,470.0000,438.0000
648.0000,396.0000,470.0000,438.0000
651.0000,380.0000,470.0000,438.0000
654.0000,364.0000,470.0000,438.0000
658.0000,366.0000,470.0000,438.0000
670.0000,370.0000,470.0000,438.0000
686.0000,373.0000,470.0000,438.0000
691.0000,377.0000,470.0000,438.0000
696.0000,381.0000,470.0000,438.0000
700.0000,385.0000,470.0000,438.0000
705.0000,390.0000,470.0000,438.0000
711.0000,394.0000,470.0000,438.0000
715.0000,400.0000,470.0000,438.0000
720.0000,406.0000,470.0000,438.0000
725.0000,395.0000,470.0000,438.0000
729.0000,382.0000,470.0000,438.0000
734.0000,369.0000,470.0000,438.0000
740.0000,357.0000,470.0000,438.0000
745.0000,345.0000,470.0000,438.0000
751.0000,348.0000,470.0000,438.0000
759.0000,353.0000,470.0000,438.0000
765.0000,359.0000,470.0000,438.0000
773.0000,366.0000,470.0000,438.0000
781.0000,371.0000,470.0000,438.0000
778.0000,379.0000,470.0000,438.0000
776.0000,386.0000,470.0000,438.0000
772.0000,392.0000,470.0000,438.0000
766.0000,399.0000,470.0000,438.0000
758.0000,406.0000,470.0000,438.0000
753.0000,414.0000,470.0000,438.0000
749.0000,425.0000,470.0000,438.0000
744.0000,434.0000,470.0000,438.0000
746.0000,448.0000,470.0000,438.0000
751.0000,460.0000,470.0000,438.0000
746.0000,470.0000,470.0000,438.0000
751.0000,479.0000,470.0000,438.0000
752.0000,473.0000,470.0000,438.0000
752.0000,464.0000,470.0000,438.0000
752.0000,455.0000,470.0000,438.0000
752.0000,447.0000,470.0000,438.0000
760.0000,438.0000,470.0000,438.0000
759.0000,429.0000,470.0000,438.0000
760.0000,439.0000,470.0000,438.0000
761.0000,450.0000,470.0000,438.0000
765.0000,460.0000,470.0000,438.0000
767.0000,470.0000,470.0000,438.0000
770.0000,478.0000,470.0000,438.0000
773.0000,488.0000,470.0000,438.0000
767.0000,494.0000,470.0000,438.0000
764.0000,500.0000,470.0000,438.0000
762.0000,507.0000,470.0000,438.0000
760.0000,513.0000,470.0000,438.0000
753.0000,521.0000,470.0000,438.0000
757.0000,528.0000,470.0000,438.0000
764.0000,516.0000,470.0000,438.0000
770.0000,504.0000,470.0000,438.0000
777.0000,493.0000,470.0000,438.0000
785.0000,480.0000,470.0000,438.0000
795.0000,468.0000,470.0000,438.0000
796.0000,472.0000,470.0000,438.0000
800.0000,477.0000,470.0000,438.0000
808.0000,481.0000,470.0000,438.0000
817.0000,485.0000,470.0000,438.0000
821.0000,490.0000,470.0000,438.0000
828.0000,496.0000,470.0000,438.0000
835.0000,499.0000,470.0000,438.0000
836.0000,499.0000,470.0000,438.0000
836.0000,498.0000,470.0000,438.0000
834.0000,495.0000,470.0000,438.0000
832.0000,488.0000,470.0000,438.0000
831.0000,481.0000,470.0000,438.0000
833.0000,472.0000,470.0000,438.0000
838.0000,462.0000,470.0000,438.0000
842.0000,453.0000,470.0000,438.0000
849.0000,442.0000,470.0000,438.0000
853.0000,432.0000,470.0000,438.0000
855.0000,422.0000,470.0000,438.0000
856.0000,412.0000,470.0000,438.0000
854.0000,403.0000,470.0000,438.0000
850.0000,395.0000,470.0000,438.0000
846.0000,387.0000,470.0000,438.0000
840.0000,379.0000,470.0000,438.0000
834.0000,370.0000,470.0000,438.0000
826.0000,363.0000,470.0000,438.0000
818.0000,376.0000,470.0000,438.0000
812.0000,389.0000,470.0000,438.0000
815.0000,402.0000,470.0000,438.0000
822.0000,417.0000,470.0000,438.0000
827.0000,412.0000,470.0000,438.0000
830.0000,408.0000,470.0000,438.0000
833.0000,403.0000,470.0000,438.0000
833.0000,398.0000,470.0000,438.0000
831.0000,394.0000,470.0000,438.0000
808.0000,395.0000,470.0000,438.0000
796.0000,394.0000,470.0000,438.0000
795.0000,411.0000,470.0000,438.0000
796.0000,427.0000,470.0000,438.0000
644.0000,469.0000,470.0000,438.0000
647.0000,484.0000,470.0000,438.0000
652.0000,479.0000,470.0000,438.0000
658.0000,474.0000,470.0000,438.0000
662.0000,470.0000,470.0000,438.0000
660.0000,466.0000,470.0000,438.0000
660.0000,463.0000,470.0000,438.0000
657.0000,460.0000,470.0000,438.0000
657.0000,459.0000,470.0000,438.0000
658.0000,458.0000,470.0000,438.0000
656.0000,457.0000,470.0000,438.0000
655.0000,455.0000,470.0000,438.0000
652.0000,453.0000,470.0000,438.0000
651.0000,472.0000,470.0000,438.0000
653.0000,492.0000,470.0000,438.0000
652.0000,513.0000,470.0000,438.0000
651.0000,513.0000,470.0000,438.0000
647.0000,511.0000,470.0000,438.0000
646.0000,510.0000,470.0000,438.0000
650.0000,510.0000,470.0000,438.0000
647.0000,508.0000,470.0000,438.0000
641.0000,519.0000,470.0000,438.0000
640.0000,533.0000,470.0000,438.0000
622.0000,526.0000,470.0000,438.0000
628.0000,523.0000,470.0000,438.0000
633.0000,521.0000,470.0000,438.0000
648.0000,517.0000,470.0000,438.0000
657.0000,513.0000,470.0000,438.0000
652.0000,509.0000,470.0000,438.0000
2
0
0
0
0
0
2
0
0
0
0
0
2
0
0
0
0
0
2
0
0
0
0
0
2
0
0
0
0
0
2
0
0
0
0
0
2
0
0
0
0
0
2
0
0
0
0
0
2
0
0
0
0
0
2
0
0
0
0
0
2
0
0
0
0
0
2
0
0
0
0
0
2
0
0
0
0
0
2
0
0
0
0
0
2
0
0
0
0
0
2
0
0
0
0
0
2
0
0
0
0
0
2
0
0
0
0
0
2
0
0
0
0
0
2
0
0
0
0
0
2
0
0
0
0
0
2
0
0
0
0
0
2
0
0
0
0
0
2
0
0
0
0
0
2
0
0
0
0
0
2
0
0
0
0
0
2
0
0
0
0
0
2
0
0
0
0
0
2
0
0
0
0
0
2
0
0
0
0
0
2
0
0
0
0
0
2
0
0
0
0
0
2
0
0
0
0
0
2
0
0
0
0
0
2
0
0
0
0
0
2
0
0
0
0
0
2
0
0
0
0
0
2
0
0
0
0
0
2
0
0
0
0
0
2
0
0
0
0
0
2
0
0
0
0
0
2
0
0
0
0
0
2
0
0
0
0
0
2
0
0
0
0
0
2
0
0
0
0
0
2
0
0
0
0
0
2
0
0
0
0
0
2
0
0
0
0
0
2
0
0
0
0
0
2
0
0
0
0
0
2
0
0
0
0
0
2
0
0
0
0
0
2
0
0
0
0
0
2
0
0
0
0
0
2
0
0
0
0
0
2
0
0
0
0
0
2
0
0
0
0
0
2
0
0
0
0
0
2
0
0
0
0
0
2
0
0
0
0
0
2
0
0
0
0
0
2
0
0
0
0
0
2
0
0
0
0
0
2
0
0
0
0
0
2
0
0
0
0
0
2
0
0
0
0
0
2
0
0
0
0
0
2
0
0
0
0
0
2
0
0
0
0
0
2
0
0
0
0
0
2
0
0
0
0
0
2
0
0
0
0
0
2
0
0
0
0
0
2
0
0
0
0
0
2
0
0
0
0
0
2
0
0
0
0
0
2
0
0
0
0
0
2
0
0
0
0
0
2
0
0
0
0
0
2
0
0
0
0
0
2
0
0
0
0
0
2
0
0
0
0
0
2
0
0
0
0
0
2
0
0
0
0
0
2
0
0
0
0
0
2
0
0
0
0
0
2
0
0
0
0
0
2
0
0
0
0
0
2
0
0
0
0
0
2
0
0
0
0
0
2
0
0
0
0
0
2
0
0
0
0
0
2
0
0
0
0
0
2
0
0
0
0
0
2
0
0
0
0
0
2
0
0
0
0
0
2
0
0
0
0
0
2
0
0
0
0
0
2
0
0
0
0
0
2
0
0
0
0
0
2
0
0
0
0
0
2
0
0
0
0
0
2
0
0
0
0
0
2
0
0
0
0
0
2
0
0
0
0
0
2
0
0
0
0
0
2
0
0
0
0
0
2
0
0
0
0
0
2
0
0
0
0
0
2
0
0
0
0
0
2
0
0
0
0
0
2
0
0
0
0
0
2
0
0
0
0
0
2
0
0
0
0
0
2
0
0
0
0
0
2
0
0
0
0
0
2
0
0
0
0
0
2
0
0
0
0
0
2
0
0
0
0
0
2
0
0
0
0
0
2
0
0
0
0
0
2
0
0
0
0
0
2
0
0
0
0
0
2
0
0
0
0
0
2
0
0
0
0
0
2
0
0
0
0
0
2
0
