1
552.9375,245.8075,25.1250,77.3850
552.8747,245.6140,25.2506,77.7719
548.8020,245.6140,25.2506,77.7719
548.8020,245.6140,25.2506,77.7719
548.7389,245.4196,25.3769,78.1608
548.7389,245.4196,25.3769,78.1608
544.8137,245.8104,25.1231,77.3792
545.0021,246.3908,24.7463,76.2185
545.1877,246.9624,24.3751,75.0752
545.3705,247.5255,24.0094,73.9491
545.4905,247.8952,23.7693,73.2096
541.8925,248.4443,23.4128,72.1115
542.0681,248.9851,23.0616,71.0298
541.8952,252.2278,23.4075,72.0952
541.7196,251.6871,23.7587,73.1767
537.7305,251.3212,23.9962,73.9084
537.6705,251.1364,24.1162,74.2780
537.6102,250.9507,24.2368,74.6494
537.6708,251.1374,24.1156,74.2761
533.6217,250.7660,24.3568,75.0189
533.4390,250.2033,24.7221,76.1441
533.6245,250.7744,24.3513,75.0020
533.4418,250.2119,24.7166,76.1270
533.5654,250.5925,24.4694,75.3657
529.8614,251.1578,24.1024,74.2353
530.0422,251.7145,23.7408,73.1217
530.2202,252.2630,23.3847,72.0249
530.0449,255.5511,23.7355,73.1053
529.8668,255.0028,24.0915,74.2019
530.0475,255.5593,23.7301,73.0888
529.9289,255.1938,23.9674,73.8197
529.9289,255.1938,23.9674,73.8197
525.8254,254.6402,24.3270,74.9270
525.6429,254.0782,24.6919,76.0509
525.7047,254.2684,24.5684,75.6707
525.8275,254.6467,24.3227,74.9140
525.8275,254.6467,24.3227,74.9140
521.7437,254.2722,24.5659,75.6631
521.5594,253.7047,24.9344,76.7980
521.5594,253.7047,24.9344,76.7980
521.7465,254.2807,24.5604,75.6461
521.6851,258.0727,24.6832,76.0243
521.5616,257.6926,24.9300,76.7845
521.4993,257.5006,25.0547,77.1685
517.4582,257.5006,25.0547,77.1685
517.5209,257.6936,24.9294,76.7826
517.7078,258.2694,24.5555,75.6309
517.8306,258.6476,24.3099,74.8746
513.7489,258.2732,24.5530,75.6233
513.9330,258.8404,24.1847,74.4890
513.9935,259.0266,24.0638,74.1165
513.8130,262.4102,24.4248,75.2283
513.6298,261.8460,24.7911,76.3567
509.3853,261.2733,25.1630,77.5021
509.1966,260.6921,25.5404,78.6646
509.3243,261.0854,25.2850,77.8779
509.3243,261.0854,25.2850,77.8779
505.4969,261.6695,24.9058,76.7098
505.6837,262.2448,24.5322,75.5591
505.8677,262.8115,24.1642,74.4257
505.9281,262.9976,24.0434,74.0536
506.0483,263.3678,23.8029,73.3131
506.2268,263.9177,23.4459,72.2134
506.2855,264.0982,23.3287,71.8523
506.4604,264.6371,22.9787,70.7745
506.3455,268.0265,23.2085,71.4823
506.2875,267.8478,23.3246,71.8397
510.0495,267.8478,23.3246,71.8397
509.8746,267.3090,23.6744,72.9173
509.6971,266.7621,24.0296,74.0110
509.5769,266.3921,24.2699,74.7511
509.4555,266.0183,24.5126,75.4987
509.2717,265.4521,24.8802,76.6311
509.2717,265.4521,24.8802,76.6311
513.3268,265.6437,24.7558,76.2480
513.4506,266.0249,24.5083,75.4855
513.6343,266.5911,24.1407,74.3532
513.8154,267.1487,23.7785,73.2379
513.9343,267.5149,23.5408,72.5055
517.7711,267.6962,23.4231,72.1430
517.8882,268.0569,23.1888,71.4216
518.0042,268.4140,22.9569,70.7074
517.8893,268.0605,23.1865,71.4144
521.5113,271.3207,23.5343,72.4857
521.3936,270.9583,23.7696,73.2105
521.3342,270.7752,23.8885,73.5766
521.2148,270.4073,24.1274,74.3123
521.2148,270.4073,24.1274,74.3123
525.0245,270.0358,24.3687,75.0555
525.0245,270.0358,24.3687,75.0555
525.1464,270.4111,24.1250,74.3049
525.1464,270.4111,24.1250,74.3049
525.2670,270.7826,23.8837,73.5619
529.0383,270.4148,24.1226,74.2975
529.0383,270.4148,24.1226,74.2975
529.0383,270.4148,24.1226,74.2975
533.0108,270.7863,23.8813,73.5545
533.0108,270.7863,23.8813,73.5545
533.1302,271.1541,23.6425,72.8189
536.8634,270.7899,23.8789,73.5471
536.8634,270.7899,23.8789,73.5471
536.6843,270.2383,24.2371,74.6503
540.6346,270.4250,24.1159,74.2771
540.8155,270.9821,23.7542,73.1629
540.6373,270.4333,24.1105,74.2604
544.5261,270.4333,24.1105,74.2604
544.5261,270.4333,24.1105,74.2604
544.6467,270.8046,23.8694,73.5178
544.5273,270.4370,24.1081,74.2530
548.4974,270.8083,23.8670,73.5104
548.4974,270.8083,23.8670,73.5104
548.6167,271.1759,23.6284,72.7753
552.3877,274.8240,23.7465,73.1392
552.2096,274.2755,24.1027,74.2363
552.2096,274.2755,24.1027,74.2363
556.1379,274.4611,23.9822,73.8651
556.0780,274.2764,24.1021,74.2344
555.8972,273.7196,24.4636,75.3479
555.8361,273.5312,24.5859,75.7247
559.8432,273.7206,24.4630,75.3461
559.7209,273.3438,24.7076,76.0995
559.7827,273.5341,24.5841,75.7190
559.5983,272.9662,24.9529,76.8548
563.7075,273.3505,24.7033,76.0863
563.7692,273.5407,24.5798,75.7058
563.9536,274.1085,24.2111,74.5702
567.9816,274.6678,23.8480,73.4517
567.8027,274.1169,24.2057,74.5535
567.9843,274.6760,23.8426,73.4352
571.9106,275.0432,23.6042,72.7008
572.0286,275.4067,23.3681,71.9738
575.8372,275.5866,23.2513,71.6139
575.6628,275.0495,23.6000,72.6881
579.5493,275.4130,23.3640,71.9613
579.3740,274.8733,23.7145,73.0407
579.3148,274.6906,23.8331,73.4059
583.2395,275.0577,23.5947,72.6718
583.0626,274.5126,23.9487,73.7619
586.9252,274.5126,23.9487,73.7619
587.1049,275.0659,23.5894,72.6555
586.9279,278.3828,23.9433,73.7453
590.7086,278.0140,24.1827,74.4828
590.7086,278.0140,24.1827,74.4828
590.7691,278.2003,24.0618,74.1103
594.6093,278.0150,24.1821,74.4809
594.7906,278.5736,23.8194,73.3637
594.7311,278.3902,23.9385,73.7305
598.5110,278.0215,24.1779,74.4678
598.6320,278.3939,23.9361,73.7231
602.4926,278.3939,23.9361,73.7231
602.3729,278.0252,24.1754,74.4604
602.1916,277.4668,24.5381,75.5773
606.0247,276.9000,24.9061,76.7109
606.0870,277.0917,24.7816,76.3274
606.2728,277.6642,24.4099,75.1825
610.2926,278.0401,24.1658,74.4306
610.1718,277.6679,24.4074,75.1749
610.2938,278.0438,24.1634,74.4232
614.1911,278.0438,24.1634,74.4232
614.1307,281.7746,24.2842,74.7953
617.9653,281.4006,24.5270,75.5433
618.0266,281.5894,24.4044,75.1655
618.0266,281.5894,24.4044,75.1655
622.0867,282.1532,24.0383,74.0381
621.9666,281.7830,24.2787,74.7784
625.9647,282.1569,24.0359,74.0307
626.0849,282.5270,23.7956,73.2904
629.8423,282.1606,24.0335,74.0233
629.8423,282.1606,24.0335,74.0233
629.7822,281.9755,24.1537,74.3934
629.6011,281.4176,24.5160,75.5093
629.7849,281.9839,24.1483,74.3766
633.8025,282.5417,23.7860,73.2610
633.8619,282.7249,23.6671,72.8947
633.8028,282.5427,23.7854,73.2592
633.7433,282.3595,23.9044,73.6255
633.6238,281.9914,24.1434,74.3617
633.7445,282.3632,23.9020,73.6181
633.8640,282.7313,23.6630,72.8819
633.6866,286.0585,24.0179,73.9751
633.8066,286.4284,23.7777,73.2354
633.6283,285.8791,24.1344,74.3339
633.6887,286.0650,24.0137,73.9622
633.6286,285.8801,24.1338,74.3321
633.4476,285.3226,24.4958,75.4470
633.4476,285.3226,24.4958,75.4470
629.6587,285.6998,24.2508,74.6926
629.5374,285.3263,24.4933,75.4395
629.5374,285.3263,24.4933,75.4395
629.3537,284.7605,24.8607,76.5711
629.3537,284.7605,24.8607,76.5711
629.5402,285.3348,24.4878,75.4225
629.3565,284.7692,24.8551,76.5539
629.5429,285.3433,24.4823,75.4055
629.5429,285.3433,24.4823,75.4055
629.6653,285.7203,24.2375,74.6515
629.8471,286.2802,23.8739,73.5317
630.0262,286.8317,23.5158,72.4287
629.9086,290.3004,23.7510,73.1530
629.7899,289.9346,23.9885,73.8846
629.6699,289.5652,24.2284,74.6234
629.5488,289.1921,24.4707,75.3696
629.4264,288.8152,24.7154,76.1233
629.3029,288.4346,24.9625,76.8846
629.1780,288.0502,25.2121,77.6534
629.3041,288.4384,24.9600,76.8769
629.1169,287.8619,25.3344,78.0300
628.9902,287.4717,25.5878,78.8103
629.1182,287.8658,25.3319,78.0222
633.3326,288.4509,24.9519,76.8519
633.5198,289.0273,24.5776,75.6991
633.7041,289.5951,24.2090,74.5636
633.8251,289.9679,23.9669,73.8180
633.6454,289.4142,24.3264,74.9253
633.8279,289.9762,23.9615,73.8014
633.9476,294.1713,23.7219,73.0634
633.8884,293.9886,23.8405,73.4287
637.6125,293.4379,24.1981,74.5301
637.4310,292.8790,24.5611,75.6481
637.2468,292.3116,24.9295,76.7828
637.0598,291.7357,25.3034,77.9345
636.8701,291.1512,25.6830,79.1036
637.0626,291.7445,25.2977,77.9170
637.2524,292.3289,24.9183,76.7482
637.2524,292.3289,24.9183,76.7482
637.2524,292.3289,24.9183,76.7482
637.2524,292.3289,24.9183,76.7482
637.2524,292.3289,24.9183,76.7482
637.4393,292.9045,24.5445,75.5970
641.2734,296.3557,24.9127,76.7310
641.1488,295.9720,25.1618,77.4983
641.2746,296.3595,24.9102,76.7233
645.2924,296.3595,24.9102,76.7233
645.2924,296.3595,24.9102,76.7233
645.1678,295.9759,25.1593,77.4905
649.3110,296.3633,24.9077,76.7156
649.3110,296.3633,24.9077,76.7156
649.3110,296.3633,24.9077,76.7156
649.1865,295.9798,25.1567,77.4828
653.3292,296.3672,24.9052,76.7080
653.2047,295.9836,25.1542,77.4750
653.2047,295.9836,25.1542,77.4750
657.2618,295.9836,25.1542,77.4750
657.3247,296.1773,25.0285,77.0877
657.2621,295.9846,25.1536,77.4731
661.4044,296.3720,24.9021,76.6984
661.2798,300.0451,25.1511,77.4654
661.2170,299.8514,25.2768,77.8527
661.2170,299.8514,25.2768,77.8527
665.2939,299.8514,25.2768,77.8527
665.1675,299.4622,25.5296,78.6312
665.1675,299.4622,25.5296,78.6312
665.1036,299.2656,25.6573,79.0244
665.0395,299.0681,25.7855,79.4195
669.2421,299.2666,25.6566,79.0224
669.2421,299.2666,25.6566,79.0224
669.3063,299.4641,25.5283,78.6273
669.3063,299.4641,25.5283,78.6273
669.1786,299.0710,25.7836,79.4136
669.3076,299.4681,25.5258,78.6194
669.4990,300.0577,25.1429,77.4401
669.6247,300.4449,24.8915,76.6657
669.8114,301.0199,24.5181,75.5157
669.8114,301.0199,24.5181,75.5157
669.6275,304.4674,24.8859,76.6485
669.5031,304.0842,25.1347,77.4150
669.4402,303.8906,25.2604,77.8020
669.3140,303.5016,25.5130,78.5801
669.1864,303.1087,25.7681,79.3659
664.7747,302.5135,26.1547,80.5563
664.5785,301.9093,26.5470,81.7647
664.6448,302.1137,26.4142,81.3559
664.6448,302.1137,26.4142,81.3559
660.3845,302.1137,26.4142,81.3559
660.5826,302.7239,26.0180,80.1355
656.3861,302.7239,26.0180,80.1355
656.5162,303.1245,25.7578,79.3342
656.5162,303.1245,25.7578,79.3342
652.5320,303.5212,25.5003,78.5408
652.5320,303.5212,25.5003,78.5408
648.5878,303.9139,25.2453,77.7554
648.7140,304.3027,24.9928,76.9779
648.9014,304.8800,24.6179,75.8232
645.0936,305.2592,24.3717,75.0650
645.2155,305.6345,24.1280,74.3143
645.0948,305.2629,24.3693,75.0575
641.0837,305.0753,24.4912,75.4327
640.9000,304.5095,24.8585,76.5642
641.0243,304.8923,24.6099,75.7986
640.9012,304.5133,24.8560,76.5566
641.0255,304.8961,24.6075,75.7910
636.8125,304.3277,24.9766,76.9279
636.6252,303.7507,25.3512,78.0818
636.8153,304.3364,24.9710,76.9106
636.8153,304.3364,24.9710,76.9106
636.6904,308.0197,25.2207,77.6797
636.5013,307.4370,25.5990,78.8449
636.6933,308.0284,25.2150,77.6622
636.8193,308.4167,24.9629,76.8856
636.8818,308.6089,24.8380,76.5012
636.8197,308.4177,24.9622,76.8837
636.8197,308.4177,24.9622,76.8837
636.8197,308.4177,24.9622,76.8837
636.6324,307.8410,25.3367,78.0369
636.5058,307.4508,25.5900,78.8173
636.5058,307.4508,25.5900,78.8173
636.6337,307.8449,25.3341,78.0291
636.5704,307.6499,25.4608,78.4193
636.5067,307.4538,25.5881,78.8113
636.5707,307.6508,25.4602,78.4173
636.7617,308.2390,25.0783,77.2410
636.7617,308.2390,25.0783,77.2410
636.8870,308.6252,24.8275,76.4686
637.0732,309.1987,24.4551,75.3216
636.8898,312.6373,24.8219,76.4514
636.7657,312.2551,25.0701,77.2159
636.5777,311.6759,25.4462,78.3742
632.5576,311.8719,25.3189,77.9823
632.3677,311.2870,25.6987,79.1520
632.5605,311.8806,25.3132,77.9648
632.5605,311.8806,25.3132,77.9648
632.6238,312.0756,25.1867,77.5749
632.5608,311.8816,25.3126,77.9628
632.6241,312.0765,25.1860,77.5730
628.7283,312.4644,24.9342,76.7973
628.7907,312.6564,24.8095,76.4133
628.9147,313.0385,24.5614,75.6491
628.9147,313.0385,24.5614,75.6491
628.9147,313.0385,24.5614,75.6491
629.0375,313.4167,24.3158,74.8926
625.2764,313.7912,24.0726,74.1437
625.1561,317.3419,24.3134,74.8852
624.9738,316.7803,24.6781,76.0084
624.9120,316.5903,24.8015,76.3885
625.0980,317.1632,24.4294,75.2427
625.0370,316.9751,24.5516,75.6189
625.0370,316.9751,24.5516,75.6189
625.1597,317.3532,24.3061,74.8627
625.2205,317.5403,24.1845,74.4884
625.1600,317.3541,24.3055,74.8608
620.9987,316.7927,24.6700,75.9837
621.0604,316.9826,24.5467,75.6038
621.2445,317.5497,24.1785,74.4697
621.0632,316.9911,24.5412,75.5868
620.8791,320.4419,24.9093,76.7206
616.6144,319.8665,25.2829,77.8714
616.4880,319.4771,25.5358,78.6501
616.6157,319.8704,25.2804,77.8636
616.7421,320.2597,25.0276,77.0850
616.6794,320.0670,25.1527,77.4704
612.7889,320.4543,24.9012,76.6957
612.9756,321.0295,24.5277,75.5453
613.0370,321.2184,24.4050,75.1675
612.9760,321.0305,24.5271,75.5434
608.7767,320.4639,24.8950,76.6765
608.9634,321.0390,24.5216,75.5264
608.9021,320.8502,24.6442,75.9040
605.0087,321.0399,24.5209,75.5245
605.0087,321.0399,24.5209,75.5245
601.0538,321.0399,24.5209,75.5245
601.0538,321.0399,24.5209,75.5245
596.8555,324.4878,24.8888,76.6574
596.6689,323.9129,25.2621,77.8072
596.6689,323.9129,25.2621,77.8072
592.8449,324.4964,24.8832,76.6401
592.8449,324.4964,24.8832,76.6401
589.0783,325.0712,24.5099,75.4905
589.2621,325.6374,24.1423,74.3581
585.1288,329.0320,24.5044,75.4735
584.9450,328.4660,24.8720,76.6056
584.7584,327.8914,25.2450,77.7547
580.6866,327.8914,25.2450,77.7547
580.8129,328.2802,24.9926,76.9772
580.8129,328.2802,24.9926,76.9772
576.9471,328.6651,24.7427,76.2074
577.0708,329.0461,24.4952,75.4453
577.2545,329.6120,24.1278,74.3136
573.5225,329.9836,23.8865,73.5705
573.5225,329.9836,23.8865,73.5705
573.4031,333.5069,24.1254,74.3062
573.2221,332.9496,24.4873,75.4208
569.1107,332.5725,24.7321,76.1750
568.9870,332.1916,24.9795,76.9368
569.1743,332.7686,24.6048,75.7827
569.2974,333.1476,24.3587,75.0249
569.3582,333.3351,24.2369,74.6497
569.1765,336.7431,24.6005,75.7695
568.9919,336.1748,24.9695,76.9060
568.9919,336.1748,24.9695,76.9060
568.9919,336.1748,24.9695,76.9060
568.8671,335.7903,25.2192,77.6751
568.8041,335.5961,25.3453,78.0635
568.8674,335.7912,25.2186,77.6732
568.8674,335.7912,25.2186,77.6732
573.0203,336.1796,24.9664,76.8964
573.0203,336.1796,24.9664,76.8964
573.0203,336.1796,24.9664,76.8964
573.1452,336.5641,24.7167,76.1275
577.0480,340.2099,24.9639,76.8887
576.9232,339.8254,25.2135,77.6576
580.9899,339.8254,25.2135,77.6576
581.1160,340.2137,24.9614,76.8811
581.1160,340.2137,24.9614,76.8811
585.2688,340.7903,24.5870,75.7278
585.3303,340.9796,24.4640,75.3492
589.4004,341.5448,24.0971,74.2190
589.5209,341.9159,23.8561,73.4768
593.3282,341.7322,23.9754,73.8441
593.3282,341.7322,23.9754,73.8441
597.2358,341.9168,23.8555,73.4749
597.1166,341.5494,24.0941,74.2097
601.0027,341.5494,24.0941,74.2097
600.8220,344.9373,24.4555,75.3228
600.6997,344.5606,24.7000,76.0760
604.5581,343.9901,25.0705,77.2172
604.4954,343.7970,25.1959,77.6033
604.6844,344.3791,24.8179,76.4392
608.6873,344.3791,24.8179,76.4392
608.8114,344.7613,24.5698,75.6748
608.9957,345.3288,24.2012,74.5397
609.0562,345.5152,24.0802,74.1670
613.0216,345.8860,23.8394,73.4253
612.8428,345.3353,24.1970,74.5267
612.8428,345.3353,24.1970,74.5267
613.0243,345.8943,23.8340,73.4088
612.8455,345.3437,24.1915,74.5100
612.8455,345.3437,24.1915,74.5100
612.9060,345.5300,24.0706,74.1374
612.9662,345.7153,23.9502,73.7667
616.9508,346.2686,23.5910,72.6602
616.7739,345.7236,23.9448,73.7501
616.5943,349.0905,24.3040,74.8564
616.4120,348.5291,24.6686,75.9792
616.2887,348.1492,24.9153,76.7390
616.2887,348.1492,24.9153,76.7390
616.1641,347.7655,25.1644,77.5064
620.3507,348.3468,24.7870,76.3438
620.5366,348.9193,24.4151,75.1986
620.6587,349.2953,24.1710,74.4467
620.5378,348.9231,24.4127,75.1911
624.5580,349.2991,24.1686,74.4392
624.5580,349.2991,24.1686,74.4392
624.4373,348.9268,24.4103,75.1836
624.3152,348.5509,24.6544,75.9354
624.1919,348.1713,24.9009,76.6948
624.1919,348.1713,24.9009,76.6948
624.0674,347.7878,25.1499,77.4617
628.2090,348.1751,24.8984,76.6871
628.2090,348.1751,24.8984,76.6871
628.3335,348.5585,24.6494,75.9203
628.3335,348.5585,24.6494,75.9203
624.4393,348.7484,24.5262,75.5407
624.3167,348.3706,24.7715,76.2961
624.4406,348.7521,24.5237,75.5331
624.6245,349.3186,24.1559,74.4001
624.5037,348.9466,24.3974,75.1441
620.4879,348.7588,24.5194,75.5198
620.4879,348.7588,24.5194,75.5198
620.3040,348.1924,24.8872,76.6526
620.2418,348.0007,25.0117,77.0359
616.2904,348.1933,24.8866,76.6507
616.1038,347.6184,25.2599,77.8005
612.0295,347.6184,25.2599,77.8005
612.2190,344.1889,24.8810,76.6335
612.3434,344.5721,24.6322,75.8671
608.5334,344.9514,24.3859,75.1085
608.6553,345.3269,24.1420,74.3574
605.0009,345.8846,23.7799,73.2420
605.1793,346.4339,23.4232,72.1434
601.6337,346.9750,23.0718,71.0612
601.7490,347.3303,22.8411,70.3506
601.8632,347.6820,22.6127,69.6471
598.4403,348.2044,22.2735,68.6024
598.2733,347.6899,22.6076,69.6314
598.1037,347.1677,22.9467,70.6759
594.4785,347.3443,22.8320,70.3225
594.4214,347.1685,22.9462,70.6741
594.3641,346.9919,23.0609,71.0275
590.4921,346.6367,23.2915,71.7378
590.3174,346.0987,23.6409,72.8139
590.1992,345.7346,23.8773,73.5420
586.4269,345.9185,23.7579,73.1743
586.3082,345.5526,23.9955,73.9060
586.3082,345.5526,23.9955,73.9060
586.2482,345.3678,24.1154,74.2756
586.3688,345.7392,23.8743,73.5328
586.3688,345.7392,23.8743,73.5328
586.3091,345.5554,23.9937,73.9005
586.3690,345.7401,23.8737,73.5310
586.5481,346.2916,23.5156,72.4280
586.4305,345.9295,23.7507,73.1523
586.2524,345.3808,24.1070,74.2496
586.2524,345.3808,24.1070,74.2496
586.0716,344.8239,24.4686,75.3633
585.9492,344.4471,24.7133,76.1169
589.8516,344.0666,24.9604,76.8781
589.7267,343.6822,25.2100,77.6469
589.8528,340.0449,24.9579,76.8704
590.0400,340.6215,24.5836,75.7174
594.0467,340.8107,24.4606,75.3388
594.0467,340.8107,24.4606,75.3388
594.2302,341.3758,24.0937,74.2087
594.1699,341.1902,24.2142,74.5797
598.1985,341.7496,23.8510,73.4611
598.1985,341.7496,23.8510,73.4611
598.1985,341.7496,23.8510,73.4611
602.0454,341.7496,23.8510,73.4611
602.0454,341.7496,23.8510,73.4611
605.8923,341.7496,23.8510,73.4611
606.0116,342.1169,23.6125,72.7264
609.9000,342.4806,23.3764,71.9992
609.7831,342.1205,23.6101,72.7192
609.6651,341.7570,23.8462,73.4464
613.5920,342.1242,23.6078,72.7119
613.4740,341.7606,23.8438,73.4390
617.1986,341.2098,24.2015,74.5406
617.0172,340.6508,24.5645,75.6587
617.0786,340.8399,24.4417,75.2804
617.0786,340.8399,24.4417,75.2804
620.9794,340.6517,24.5639,75.6568
621.1636,341.2191,24.1954,74.5220
621.1636,341.2191,24.1954,74.5220
625.0660,341.2191,24.1954,74.5220
625.0660,341.2191,24.1954,74.5220
625.2476,341.7781,23.8325,73.4041
628.9704,341.2275,24.1900,74.5052
628.8494,340.8550,24.4319,75.2503
628.9716,341.2313,24.1876,74.4977
628.9716,341.2313,24.1876,74.4977
628.8506,340.8588,24.4295,75.2427
628.7285,340.4825,24.6737,75.9951
632.6246,340.1026,24.9205,76.7551
632.6246,340.1026,24.9205,76.7551
632.6246,340.1026,24.9205,76.7551
632.6246,340.1026,24.9205,76.7551
632.6246,340.1026,24.9205,76.7551
632.8115,340.6783,24.5467,75.6038
632.9956,341.2453,24.1785,74.4697
633.1165,341.6176,23.9367,73.7250
633.1165,341.6176,23.9367,73.7250
633.2960,342.1706,23.5776,72.6191
633.4139,342.5337,23.3419,71.8930
633.4139,342.5337,23.3419,71.8930
637.2578,342.8931,23.1084,71.1740
637.3734,343.2490,22.8774,70.4623
637.2589,342.8967,23.1061,71.1669
637.2589,342.8967,23.1061,71.1669
637.2589,342.8967,23.1061,71.1669
637.2589,342.8967,23.1061,71.1669
637.0856,346.1456,23.4527,72.2344
640.7492,345.6039,23.8045,73.3179
640.5707,345.0540,24.1616,74.4177
640.4498,344.6819,24.4032,75.1619
640.6329,345.2456,24.0372,74.0344
640.7531,345.6158,23.7968,73.2941
640.9315,346.1655,23.4398,72.1947
640.9315,346.1655,23.4398,72.1947
640.7557,349.4614,23.7914,73.2776
640.6368,349.0950,24.0293,74.0104
644.3904,348.5399,24.3898,75.1205
644.3294,348.3521,24.5117,75.4961
644.5132,348.9183,24.1441,74.3637
644.6340,349.2901,23.9026,73.6201
644.7535,349.6582,23.6636,72.8839
644.8718,350.0226,23.4270,72.1550
644.6961,353.3167,23.7784,73.2374
644.5178,352.7674,24.1350,74.3359
644.3367,352.2099,24.4971,75.4510
644.3980,352.3985,24.3746,75.0737
644.4589,352.5862,24.2527,74.6983
2
0
0
0
0
0
2
0
0
0
0
0
2
0
0
0
0
0
2
0
0
0
0
0
2
0
0
0
0
0
2
0
0
0
0
0
620.1446,371.7005,24.7297,76.1674
620.2682,372.0813,24.4824,75.4057
620.3295,376.1989,24.3600,75.0287
620.2686,376.0113,24.4818,75.4038
620.2686,376.0113,24.4818,75.4038
620.3909,376.3883,24.2369,74.6498
620.3304,376.2017,24.3581,75.0230
620.3304,376.2017,24.3581,75.0230
620.3304,376.2017,24.3581,75.0230
620.3304,376.2017,24.3581,75.0230
620.4521,376.5768,24.1145,74.2728
620.3316,376.2054,24.3557,75.0155
620.2098,375.8304,24.5992,75.7657
620.2098,375.8304,24.5992,75.7657
620.3943,376.3986,24.2303,74.6292
620.5760,376.9583,23.8668,73.5097
620.6357,377.1421,23.7475,73.1422
620.4576,380.4812,24.1037,74.2393
620.4576,380.4812,24.1037,74.2393
624.2228,379.9244,24.4652,75.3529
624.2228,379.9244,24.4652,75.3529
624.1005,379.5477,24.7099,76.1064
623.9769,379.1671,24.9570,76.8675
623.9769,379.1671,24.9570,76.8675
623.9769,379.1671,24.9570,76.8675
623.9769,379.1671,24.9570,76.8675
628.0023,379.1671,24.9570,76.8675
627.8151,378.5906,25.3313,78.0205
627.8784,378.7857,25.2047,77.6304
627.8154,378.5916,25.3307,78.0186
627.8787,378.7867,25.2041,77.6285
628.0048,379.1748,24.9520,76.8522
628.1919,379.7512,24.5777,75.6994
628.3762,380.3189,24.2091,74.5639
628.2552,379.9461,24.4512,75.3096
628.3774,380.3227,24.2066,74.5565
628.5590,380.8818,23.8435,73.4381
628.6782,381.2490,23.6051,72.7037
628.5602,380.8855,23.8412,73.4308
628.5602,380.8855,23.8412,73.4308
628.5602,380.8855,23.8412,73.4308
628.3813,380.3348,24.1988,74.5322
628.3813,380.3348,24.1988,74.5322
628.2604,379.9621,24.4408,75.2776
628.1993,379.7739,24.5630,75.6539
628.1993,379.7739,24.5630,75.6539
628.2607,379.9630,24.4402,75.2757
628.3829,380.3394,24.1958,74.5229
624.4003,380.1531,24.3167,74.8955
624.5219,380.5276,24.0736,74.1466
624.7025,381.0837,23.7125,73.0344
624.8803,381.6315,23.3568,71.9389
621.1131,381.6315,23.3568,71.9389
621.2299,381.9911,23.1232,71.2195
621.2299,381.9911,23.1232,71.2195
617.3474,381.6351,23.3544,71.9317
617.3474,381.6351,23.3544,71.9317
617.3474,381.6351,23.3544,71.9317
613.3489,381.0956,23.7048,73.0107
613.1711,380.5480,24.0603,74.1058
613.1110,380.3627,24.1806,74.4763
612.9901,379.9904,24.4224,75.2211
608.9702,379.8023,24.5445,75.5972
609.0316,379.9913,24.4218,75.2192
609.0316,379.9913,24.4218,75.2192
605.2541,380.3674,24.1776,74.4670
605.1332,379.9951,24.4194,75.2117
605.3163,380.5591,24.0531,74.0835
605.4967,381.1148,23.6923,72.9723
605.6152,381.4796,23.4554,72.2425
602.0647,382.0215,23.1035,71.1589
602.1802,382.3772,22.8725,70.4473
602.0659,382.0250,23.1012,71.1518
601.9504,381.6693,23.3322,71.8633
601.9504,381.6693,23.3322,71.8633
601.7754,381.1303,23.6822,72.9413
601.9530,381.6773,23.3270,71.8471
601.7780,381.1385,23.6769,72.9249
601.6005,380.5915,24.0321,74.0187
597.4860,380.0364,24.3925,75.1290
597.4860,380.0364,24.3925,75.1290
597.5469,380.2242,24.2706,74.7534
597.6076,380.4111,24.1492,74.3796
597.4869,380.0392,24.3907,75.1234
597.6088,380.4148,24.1468,74.3722
597.6088,380.4148,24.1468,74.3722
597.6088,380.4148,24.1468,74.3722
597.7899,380.9726,23.7846,73.2566
597.7305,380.7895,23.9035,73.6228
597.6707,380.6054,24.0230,73.9910
597.4905,380.0505,24.3834,75.1008
597.4905,380.0505,24.3834,75.1008
597.3686,379.6750,24.6272,75.8518
597.2455,379.2957,24.8735,76.6104
597.0589,378.7211,25.2466,77.7595
596.9327,378.3323,25.4991,78.5371
596.8052,377.9397,25.7541,79.3225
596.6121,377.3447,26.1404,80.5123
596.4160,376.7409,26.5325,81.7200
600.8302,377.3538,26.1345,80.4942
600.7649,377.1526,26.2652,80.8967
600.8306,377.3548,26.1338,80.4922
600.8959,377.5560,26.0032,80.0897
601.0259,377.9565,25.7431,79.2888
605.1780,377.9565,25.7431,79.2888
605.1780,377.9565,25.7431,79.2888
605.3711,374.4613,25.3570,78.0995
609.5897,375.0471,24.9766,76.9280
609.7771,375.6240,24.6020,75.7741
609.9001,376.0029,24.3560,75.0163
609.9001,376.0029,24.3560,75.0163
609.7783,375.6278,24.5995,75.7665
609.6553,375.2490,24.8455,76.5242
609.5932,375.0577,24.9697,76.9068
613.4937,374.4809,25.3443,78.0604
613.4937,374.4809,25.3443,78.0604
613.6838,375.0663,24.9641,76.8895
613.4966,374.4897,25.3386,78.0428
609.6610,375.0750,24.9585,76.8722
609.5363,374.6906,25.2081,77.6409
609.6623,375.0788,24.9560,76.8645
609.5375,374.6945,25.2056,77.6331
609.4115,374.3063,25.4576,78.4095
609.2842,373.9143,25.7122,79.1936
605.1370,373.9143,25.7122,79.1936
605.3299,370.4233,25.3265,78.0057
605.5198,371.0083,24.9466,76.8356
605.5198,371.0083,24.9466,76.8356
601.4962,371.0083,24.9466,76.8356
601.4962,371.0083,24.9466,76.8356
601.4962,371.0083,24.9466,76.8356
597.3076,370.6242,25.1961,77.6039
597.1816,370.2361,25.4480,78.3800
597.1180,370.0402,25.5753,78.7719
593.1620,370.4341,25.3195,77.9842
592.9722,369.8492,25.6993,79.1539
592.9722,369.8492,25.6993,79.1539
593.1649,370.4428,25.3138,77.9666
589.0820,370.4428,25.3138,77.9666
589.2086,370.8327,25.0607,77.1870
589.0833,370.4467,25.3113,77.9588
589.0833,370.4467,25.3113,77.9588
588.8934,369.8620,25.6910,79.1282
588.7008,369.2686,26.0763,80.3151
588.5052,368.6662,26.4675,81.5199
588.6375,364.8476,26.2028,80.7047
588.8340,365.4529,25.8098,79.4941
589.0276,366.0490,25.4226,78.3017
589.0912,366.2448,25.2955,77.9102
589.2809,366.8291,24.9161,76.7415
589.4055,367.2128,24.6669,75.9741
589.2822,366.8329,24.9136,76.7338
589.4690,367.4085,24.5399,75.5828
589.5303,367.5974,24.4172,75.2049
585.7535,367.9734,24.1730,74.4529
585.7535,367.9734,24.1730,74.4529
585.5723,367.4150,24.5356,75.5697
585.6336,367.6040,24.4129,75.1918
585.5726,367.4160,24.5350,75.5678
585.3885,366.8492,24.9030,76.7013
585.2018,366.2740,25.2766,77.8518
585.0122,365.6901,25.6557,79.0196
584.8198,365.0974,26.0405,80.2049
585.0151,361.5619,25.6499,79.0018
585.1434,361.9569,25.3934,78.2118
585.2068,362.1524,25.2665,77.8207
585.2700,362.3470,25.1401,77.4316
585.4586,362.9277,24.7630,76.2701
585.6443,363.4998,24.3916,75.1261
585.5833,363.3119,24.5135,75.5017
585.7059,363.6895,24.2684,74.7467
589.7023,364.0632,24.0257,73.9992
589.8825,364.6182,23.6653,72.8893
589.8234,364.4359,23.7837,73.2537
589.7639,364.2528,23.9026,73.6200
589.5847,363.7007,24.2611,74.7243
593.5388,363.8875,24.1398,74.3506
593.3577,363.3298,24.5019,75.4659
593.3577,363.3298,24.5019,75.4659
593.3577,363.3298,24.5019,75.4659
597.4341,360.0032,24.1344,74.3339
597.6152,360.5607,23.7724,73.2189
597.4369,360.0116,24.1290,74.3172
597.6179,360.5689,23.7670,73.2024
601.3305,360.0199,24.1235,74.3005
601.1495,359.4626,24.4854,75.4150
601.3332,360.0283,24.1181,74.2838
601.4538,360.3997,23.8769,73.5409
605.1836,359.8481,24.2351,74.6440
605.3047,360.2213,23.9927,73.8976
605.1248,359.6671,24.3526,75.0061
609.0527,359.6671,24.3526,75.0061
608.9309,359.2921,24.5961,75.7561
608.9924,355.5342,24.4732,75.3773
613.0640,356.0995,24.1061,74.2467
613.2448,356.6564,23.7445,73.1330
613.0667,356.1079,24.1006,74.2300
616.9539,356.1079,24.1006,74.2300
616.8937,355.9223,24.2211,74.6011
616.7120,355.3628,24.5845,75.7201
616.5276,354.7949,24.9532,76.8559
620.4255,354.2185,25.3275,78.0088
620.4889,354.4135,25.2009,77.6187
620.4259,354.2195,25.3269,78.0068
620.3625,354.0244,25.4535,78.3969
624.5973,354.6124,25.0717,77.2209
624.4719,354.2263,25.3224,77.9931
624.6619,350.7883,24.9426,76.8232
624.8489,351.3644,24.5685,75.6709
628.9364,351.9320,24.1999,74.5358
628.9364,351.9320,24.1999,74.5358
628.7549,351.3730,24.5629,75.6538
628.8163,351.5621,24.4401,75.2756
628.6330,350.9975,24.8067,76.4047
628.6330,350.9975,24.8067,76.4047
628.4470,350.4245,25.1788,77.5508
628.2581,349.8428,25.5565,78.7140
628.0665,349.2525,25.9399,79.8948
628.1962,349.6520,25.6805,79.0958
628.0035,349.0587,26.0657,80.2822
627.8080,348.4566,26.4566,81.4865
623.6283,348.6603,26.3244,81.0790
623.6283,348.6603,26.3244,81.0790
623.8257,345.0863,25.9295,79.8629
624.0202,345.6852,25.5406,78.6649
624.2118,346.2752,25.1574,77.4849
624.2118,346.2752,25.1574,77.4849
624.1489,346.0815,25.2832,77.8724
620.0709,346.0815,25.2832,77.8724
619.8813,345.4975,25.6625,79.0405
619.6888,344.9047,26.0474,80.2261
619.6888,344.9047,26.0474,80.2261
619.8842,341.3682,25.6567,79.0227
620.0767,341.9608,25.2719,77.8373
620.2662,342.5446,24.8928,76.6698
620.4529,343.1197,24.5194,75.5197
620.4529,343.1197,24.5194,75.5197
620.6368,343.6860,24.1516,74.3869
620.8179,344.2440,23.7893,73.2711
620.7584,344.0608,23.9083,73.6375
620.8182,344.2449,23.7887,73.2693
620.8182,344.2449,23.7887,73.2693
620.6398,343.6953,24.1456,74.3683
620.4587,343.1376,24.5077,75.4838
620.2749,342.5714,24.8754,76.6161
620.1505,342.1884,25.1241,77.3823
624.3304,338.7773,24.7473,76.2215
624.5161,339.3489,24.3760,75.0782
624.6989,339.9120,24.0104,73.9520
624.5788,339.5422,24.2505,74.6916
624.4576,339.1688,24.4930,75.4385
624.3963,338.9802,24.6155,75.8157
624.2117,338.4116,24.9847,76.9529
624.2117,338.4116,24.9847,76.9529
624.3366,338.7963,24.7349,76.1834
624.4603,339.1772,24.4875,75.4215
624.4603,339.1772,24.4875,75.4215
628.2855,338.6116,24.8548,76.5529
628.0991,338.0374,25.2276,77.7012
628.2252,334.3976,24.9754,76.9241
628.4125,334.9746,24.6007,75.7703
628.5355,335.3535,24.3547,75.0126
632.5462,335.7285,24.1112,74.2625
632.4257,335.3572,24.3523,75.0051
632.3039,334.9822,24.5958,75.7551
632.1809,334.6034,24.8418,76.5127
631.9946,334.0295,25.2144,77.6604
636.0187,333.8354,25.3405,78.0487
635.8287,333.2500,25.7206,79.2194
635.8287,333.2500,25.7206,79.2194
635.8287,333.2500,25.7206,79.2194
639.8901,332.8539,25.9778,80.0116
640.0200,333.2540,25.7180,79.2115
640.0842,333.4520,25.5894,78.8154
644.2982,329.7600,25.3335,78.0273
644.4882,330.3452,24.9535,76.8569
644.6754,330.9217,24.5792,75.7040
644.7983,331.3002,24.3334,74.9470
648.5994,330.7381,24.6984,76.0712
648.4759,330.3577,24.9454,76.8319
648.2888,329.7815,25.3196,77.9844
648.0989,329.1966,25.6994,79.1541
648.0989,329.1966,25.6994,79.1541
647.9062,328.6030,26.0849,80.3414
647.9062,328.6030,26.0849,80.3414
647.7105,328.0004,26.4762,81.5466
647.7767,328.2043,26.3438,81.1388
647.7109,328.0014,26.4755,81.5445
643.4406,328.0014,26.4755,81.5445
643.4406,328.0014,26.4755,81.5445
643.6392,324.4068,26.0784,80.3214
643.8348,325.0092,25.6872,79.1165
639.8616,325.4048,25.4303,78.3254
639.9887,325.7964,25.1760,77.5421
639.9887,325.7964,25.1760,77.5421
639.8628,325.4087,25.4278,78.3175
635.5934,325.0171,25.6820,79.1007
635.4650,324.6216,25.9389,79.8917
635.3353,324.2222,26.1983,80.6906
631.1964,324.4239,26.0673,80.2872
631.0009,323.8217,26.4583,81.4915
630.8686,323.4143,26.7229,82.3064
630.8686,323.4143,26.7229,82.3064
630.8686,323.4143,26.7229,82.3064
626.7352,323.8258,26.4556,81.4833
626.7352,323.8258,26.4556,81.4833
626.8675,324.2332,26.1911,80.6685
626.8675,324.2332,26.1911,80.6685
626.8675,324.2332,26.1911,80.6685
626.7365,323.8299,26.4530,81.4752
626.7365,323.8299,26.4530,81.4752
626.8688,324.2373,26.1885,80.6604
626.9997,320.4589,25.9266,79.8538
627.1293,320.8581,25.6673,79.0553
627.3218,321.4510,25.2823,77.8695
627.5115,322.0351,24.9031,76.7014
627.5115,322.0351,24.9031,76.7014
627.6360,322.4186,24.6540,75.9344
623.8226,322.7982,24.4075,75.1751
623.9446,323.1741,24.1634,74.4233
624.0654,323.5462,23.9218,73.6791
624.1851,323.9146,23.6826,72.9423
624.0667,323.5499,23.9194,73.6717
623.9470,323.1816,24.1586,74.4084
624.0678,323.5536,23.9170,73.6644
623.9482,323.1853,24.1562,74.4010
623.9482,323.1853,24.1562,74.4010
623.9482,323.1853,24.1562,74.4010
623.9482,323.1853,24.1562,74.4010
623.7671,322.6273,24.5185,75.5170
623.5832,322.0609,24.8863,76.6498
623.4587,321.6776,25.1351,77.4163
623.5844,322.0647,24.8838,76.6421
623.4600,321.6815,25.1326,77.4085
623.5856,322.0686,24.8813,76.6344
623.5856,322.0686,24.8813,76.6344
623.5856,322.0686,24.8813,76.6344
623.5856,322.0686,24.8813,76.6344
619.7371,322.4518,24.6325,75.8681
619.6139,326.0851,24.8788,76.6268
619.4273,325.5104,25.2520,77.7762
619.2379,324.9271,25.6308,78.9428
619.1739,324.7297,25.7589,79.3375
619.1739,324.7297,25.7589,79.3375
619.0450,324.3330,26.0165,80.1309
615.0209,324.7337,25.7564,79.3296
615.0209,324.7337,25.7564,79.3296
615.0209,324.7337,25.7564,79.3296
614.8921,324.3371,26.0139,80.1229
610.6964,324.3371,26.0139,80.1229
610.8264,324.7377,25.7538,79.3217
610.8264,324.7377,25.7538,79.3217
606.6725,324.7377,25.7538,79.3217
606.6725,324.7377,25.7538,79.3217
606.8657,325.3326,25.3675,78.1318
602.8580,325.5279,25.2406,77.7412
602.8580,325.5279,25.2406,77.7412
602.8580,325.5279,25.2406,77.7412
598.9539,325.9166,24.9882,76.9638
598.8290,325.5318,25.2381,77.7334
598.8290,325.5318,25.2381,77.7334
594.7583,325.5318,25.2381,77.7334
594.7583,325.5318,25.2381,77.7334
594.6321,325.1431,25.4905,78.5107
590.3522,324.7506,25.7454,79.2958
590.2234,324.3541,26.0029,80.0888
590.2234,324.3541,26.0029,80.0888
586.2014,324.7545,25.7428,79.2879
586.2014,324.7545,25.7428,79.2879
586.3945,325.3492,25.3567,78.0986
586.2043,324.7635,25.7370,79.2701
582.0532,324.7635,25.7370,79.2701
582.1818,325.1598,25.4797,78.4774
582.3092,325.5522,25.2249,77.6926
582.4354,325.9407,24.9726,76.9157
582.4354,325.9407,24.9726,76.9157
582.4354,325.9407,24.9726,76.9157
582.4354,325.9407,24.9726,76.9157
582.4354,325.9407,24.9726,76.9157
578.6552,326.5175,24.5980,75.7619
578.4708,325.9493,24.9670,76.8984
578.4708,325.9493,24.9670,76.8984
578.4708,325.9493,24.9670,76.8984
578.4708,325.9493,24.9670,76.8984
578.4708,325.9493,24.9670,76.8984
578.4708,325.9493,24.9670,76.8984
574.4438,325.9493,24.9670,76.8984
574.4438,325.9493,24.9670,76.8984
574.5687,326.3338,24.7173,76.1294
574.6922,326.7144,24.4702,75.3681
574.8757,327.2797,24.1031,74.2376
574.8757,327.2797,24.1031,74.2376
574.8757,327.2797,24.1031,74.2376
574.6949,326.7229,24.4647,75.3511
574.5726,326.3462,24.7093,76.1046
570.4239,325.9656,24.9564,76.8657
570.2367,325.3892,25.3307,78.0187
570.0468,324.8040,25.7107,79.1890
570.0468,324.8040,25.7107,79.1890
570.0468,324.8040,25.7107,79.1890
565.8998,324.8040,25.7107,79.1890
565.8998,324.8040,25.7107,79.1890
565.8998,324.8040,25.7107,79.1890
561.7529,324.8040,25.7107,79.1890
561.9458,325.3979,25.3250,78.0011
562.1357,325.9829,24.9452,76.8311
562.1357,325.9829,24.9452,76.8311
558.1123,325.9829,24.9452,76.8311
558.1123,325.9829,24.9452,76.8311
558.1123,325.9829,24.9452,76.8311
553.8414,325.4067,25.3193,77.9836
553.6516,324.8218,25.6991,79.1533
553.5231,324.4261,25.9561,79.9449
549.3366,324.4261,25.9561,79.9449
549.4664,320.6812,25.6966,79.1454
549.6591,321.2748,25.3111,77.9582
545.8278,321.8595,24.9314,76.7889
546.0147,322.4354,24.5575,75.6370
542.2974,323.0027,24.1891,74.5025
542.1765,322.6302,24.4310,75.2475
542.1765,322.6302,24.4310,75.2475
538.2360,322.6302,24.4310,75.2475
538.2360,322.6302,24.4310,75.2475
538.1749,322.4420,24.5532,75.6237
538.1749,322.4420,24.5532,75.6237
534.2147,322.4420,24.5532,75.6237
534.0306,321.8748,24.9215,76.7581
533.9059,321.4911,25.1707,77.5257
533.9059,321.4911,25.1707,77.5257
533.9059,317.4313,25.1707,77.5257
530.0126,317.8189,24.9190,76.7504
530.1995,318.3945,24.5452,75.5992
530.0154,317.8275,24.9134,76.7331
530.2023,318.4030,24.5397,75.5821
530.2023,318.4030,24.5397,75.5821
526.2443,318.4030,24.5397,75.5821
526.3670,318.7809,24.2943,74.8263
526.4277,318.9680,24.1728,74.4522
526.3673,318.7819,24.2937,74.8245
526.5495,319.3430,23.9292,73.7021
526.7289,319.8958,23.5703,72.5966
526.7879,320.0773,23.4525,72.2336
526.7879,320.0773,23.4525,72.2336
526.6706,319.7162,23.6870,72.9559
526.4930,319.1690,24.0423,74.0502
526.3126,318.6136,24.4029,75.1610
526.2516,318.4257,24.5249,75.5368
526.0677,317.8592,24.8928,76.6699
526.2544,314.4795,24.5194,75.5198
526.4383,315.0459,24.1516,74.3870
526.6194,315.6038,23.7894,73.2712
526.7384,315.9701,23.5515,72.5385
522.8619,315.7888,23.6692,72.9012
522.9211,315.9710,23.5509,72.5367
523.0977,316.5150,23.1976,71.4486
523.0397,316.3364,23.3136,71.8059
522.9232,315.9774,23.5467,72.5239
522.8643,315.7961,23.6645,72.8866
522.8643,315.7961,23.6645,72.8866
522.7460,315.4316,23.9011,73.6154
522.6265,315.0636,24.1401,74.3516
522.6265,315.0636,24.1401,74.3516
522.4454,314.5060,24.5022,75.4668
522.4454,314.5060,24.5022,75.4668
522.5067,314.6946,24.3797,75.0895
522.3238,314.1314,24.7454,76.2159
522.2001,313.7504,24.9929,76.9780
522.0751,313.3655,25.2428,77.7478
522.2013,309.7235,24.9904,76.9703
522.2013,309.7235,24.9904,76.9703
522.2013,309.7235,24.9904,76.9703
522.3887,310.3008,24.6155,75.8158
526.4424,310.6799,24.3694,75.0576
526.5033,310.8675,24.2475,74.6823
530.5374,311.4276,23.8838,73.5621
530.4180,311.0598,24.1226,74.2977
534.1862,310.5026,24.4845,75.4122
534.3085,310.8796,24.2396,74.6580
538.1360,310.5063,24.4820,75.4046
538.3197,307.1824,24.1148,74.2736
538.3197,307.1824,24.1148,74.2736
542.3317,307.7394,23.7531,73.1595
542.3911,307.9223,23.6343,72.7937
546.1630,307.7404,23.7525,73.1576
545.9849,307.1917,24.1088,74.2550
546.1054,307.5630,23.8677,73.5124
549.8742,307.1954,24.1064,74.2476
549.8742,307.1954,24.1064,74.2476
549.8742,307.1954,24.1064,74.2476
553.7623,307.1954,24.1064,74.2476
553.5815,306.6385,24.4679,75.3613
557.5280,306.6385,24.4679,75.3613
557.7115,303.3165,24.1009,74.2309
557.7115,303.3165,24.1009,74.2309
561.5988,303.3165,24.1009,74.2309
561.5988,303.3165,24.1009,74.2309
565.3635,302.7598,24.4624,75.3443
565.4858,303.1365,24.2178,74.5909
565.3042,302.5771,24.5811,75.7097
569.1440,302.0092,24.9498,76.8454
568.9569,301.4329,25.3240,77.9981
568.9569,301.4329,25.3240,77.9981
569.0202,301.6279,25.1974,77.6081
569.0202,301.6279,25.1974,77.6081
569.0202,301.6279,25.1974,77.6081
568.9572,301.4339,25.3234,77.9961
569.0205,301.6289,25.1968,77.6061
569.1465,297.9935,24.9448,76.8301
573.2966,298.5698,24.5707,75.6776
573.4809,299.1373,24.2021,74.5425
573.6624,299.6964,23.8391,73.4243
573.4836,299.1457,24.1967,74.5257
573.4836,299.1457,24.1967,74.5257
573.3021,298.5868,24.5596,75.6436
573.3635,298.7759,24.4368,75.2654
573.4857,299.1522,24.1924,74.5127
573.3043,298.5934,24.5553,75.6304
573.3043,298.5934,24.5553,75.6304
573.1201,298.0262,24.9237,76.7648
573.3070,298.6019,24.5498,75.6134
573.4911,295.2687,24.1815,74.4792
577.2686,298.6689,24.5443,75.5964
577.4526,295.3365,24.1761,74.4624
577.5735,295.7088,23.9343,73.7178
577.7530,296.2617,23.5753,72.6120
577.7530,296.2617,23.5753,72.6120
577.5762,295.7171,23.9290,73.7012
577.5164,295.5328,24.0486,74.0697
577.3360,294.9773,24.4093,75.1808
581.2730,294.9773,24.4093,75.1808
581.2730,294.9773,24.4093,75.1808
581.2120,294.7894,24.5314,75.5567
581.2733,294.9783,24.4087,75.1789
581.2123,294.7903,24.5308,75.5548
581.2123,294.7903,24.5308,75.5548
581.2736,294.9792,24.4081,75.1770
581.2126,294.7913,24.5302,75.5529
581.2126,294.7913,24.5302,75.5529
581.2126,294.7913,24.5302,75.5529
585.1691,294.7913,24.5302,75.5529
585.1691,294.7913,24.5302,75.5529
585.3530,291.4608,24.1622,74.4196
585.5342,292.0189,23.7998,73.3033
585.5938,292.2022,23.6808,72.9368
585.5938,292.2022,23.6808,72.9368
585.5938,292.2022,23.6808,72.9368
589.5336,292.7492,23.3256,71.8427
589.5336,292.7492,23.3256,71.8427
589.3586,292.2104,23.6754,72.9204
589.3586,292.2104,23.6754,72.9204
589.5362,292.7573,23.3203,71.8266
589.5362,292.7573,23.3203,71.8266
589.5362,292.7573,23.3203,71.8266
589.6528,293.1164,23.0871,71.1083
589.7105,293.2942,22.9717,70.7528
589.8254,293.6479,22.7420,70.0452
589.9391,293.9982,22.5145,69.3448
590.1079,294.5183,22.1768,68.3046
590.0525,294.3475,22.2877,68.6461
589.8853,293.8327,22.6220,69.6758
593.4191,293.3101,22.9613,70.7210
593.3043,292.9565,23.1910,71.4282
593.3622,293.1351,23.0750,71.0710
593.1892,292.6020,23.4211,72.1371
593.0721,292.2413,23.6553,72.8585
593.1904,292.6056,23.4188,72.1299
593.0733,292.2450,23.6530,72.8512
593.2507,292.7914,23.2982,71.7584
597.1268,293.3296,22.9487,70.6820
597.2990,293.8597,22.6045,69.6218
597.4120,294.2078,22.3784,68.9256
597.5239,294.5524,22.1547,68.2363
597.5792,294.7230,22.0439,67.8951
601.1347,294.7230,22.0439,67.8951
601.0796,294.5533,22.1541,68.2346
600.9688,294.2121,22.3756,68.9170
604.5020,293.8675,22.5994,69.6061
604.3890,293.5195,22.8254,70.3022
604.2749,293.1680,23.0536,71.0052
604.3901,293.5230,22.8231,70.2952
604.5043,293.8745,22.5949,69.5922
604.3348,293.3525,22.9338,70.6361
604.1628,292.8228,23.2778,71.6956
604.3374,293.3605,22.9286,70.6202
608.1520,293.8901,22.5847,69.5609
608.1520,293.8901,22.5847,69.5609
608.0391,293.5423,22.8106,70.2565
608.1532,293.8936,22.5825,69.5539
608.2661,294.2414,22.3566,68.8584
608.2661,294.2414,22.3566,68.8584
608.1543,293.8971,22.5802,69.5470
608.0414,293.5493,22.8060,70.2425
608.1555,293.9005,22.5779,69.5400
608.0990,293.7267,22.6908,69.8877
607.9288,293.2025,23.0312,70.9361
607.7561,292.6705,23.3767,72.0001
607.7561,292.6705,23.3767,72.0001
607.7561,292.6705,23.3767,72.0001
607.5807,292.1305,23.7273,73.0801
607.7587,292.6786,23.3714,71.9839
607.7587,292.6786,23.3714,71.9839
607.8171,292.8586,23.2545,71.6240
607.7009,292.5005,23.4871,72.3402
611.4891,292.5005,23.4871,72.3402
611.5478,292.6813,23.3696,71.9785
611.5478,292.6813,23.3696,71.9785
611.5478,292.6813,23.3696,71.9785
611.4310,292.3214,23.6033,72.6983
611.5490,292.6849,23.3673,71.9713
611.3737,292.1451,23.7178,73.0509
611.3145,291.9625,23.8364,73.4161
611.1357,291.4119,24.1940,74.5174
611.0147,291.0393,24.4359,75.2626
610.9536,290.8511,24.5581,75.6389
610.7694,290.2838,24.9264,76.7735
610.7694,290.2838,24.9264,76.7735
610.7694,290.2838,24.9264,76.7735
610.7694,290.2838,24.9264,76.7735
610.9564,290.8596,24.5525,75.6218
610.9564,290.8596,24.5525,75.6218
610.7722,290.2925,24.9208,76.7562
610.9591,290.8682,24.5470,75.6048
611.1432,287.5354,24.1788,74.4708
611.3246,288.0939,23.8161,73.3537
611.4437,288.4607,23.5780,72.6202
611.5026,288.6422,23.4601,72.2571
611.3267,288.1003,23.8120,73.3409
607.4073,287.9170,23.9310,73.7076
607.3475,287.7327,24.0507,74.0762
607.1671,287.1771,24.4115,75.1873
607.1060,286.9891,24.5335,75.5632
606.9221,286.4224,24.9015,76.6967
607.1088,286.9977,24.5280,75.5462
603.2338,287.1865,24.4054,75.1685
603.3558,287.5623,24.1613,74.4168
603.5370,288.1205,23.7989,73.3006
603.5370,288.1205,23.7989,73.3006
603.5370,288.1205,23.7989,73.3006
603.5370,288.1205,23.7989,73.3006
603.5370,288.1205,23.7989,73.3006
603.5370,288.1205,23.7989,73.3006
599.4624,287.5707,24.1559,74.4001
599.4020,287.3847,24.2766,74.7721
599.5841,284.0887,23.9125,73.6505
599.7634,284.6410,23.5538,72.5457
596.1981,285.1851,23.2005,71.4576
596.3141,285.5424,22.9685,70.7430
596.3141,285.5424,22.9685,70.7430
592.8373,286.0730,22.6240,69.6818
592.7808,285.8988,22.7371,70.0302
589.2639,286.2489,22.5097,69.3299
589.4327,286.7689,22.1721,68.2900
589.4327,286.7689,22.1721,68.2900
585.8565,286.7689,22.1721,68.2900
585.6902,286.2567,22.5047,69.3143
582.0604,286.2567,22.5047,69.3143
581.9479,285.9102,22.7297,70.0075
582.0616,286.2602,22.5024,69.3074
578.2089,285.7404,22.8399,70.3470
578.0377,285.2128,23.1825,71.4022
574.0685,284.6773,23.5303,72.4733
573.9509,284.3149,23.7656,73.1980
573.9509,284.3149,23.7656,73.1980
569.9606,283.9489,24.0032,73.9300
569.9606,283.9489,24.0032,73.9300
566.0891,283.9489,24.0032,73.9300
566.2691,284.5034,23.6432,72.8210
566.4465,285.0496,23.2885,71.7287
562.6902,285.0496,23.2885,71.7287
562.8649,285.5875,22.9392,70.6528
562.8649,285.5875,22.9392,70.6528
559.3926,286.1174,22.5951,69.5930
559.2231,285.5955,22.9341,70.6369
559.3378,285.9486,22.7047,69.9305
559.2242,285.5990,22.9318,70.6298
555.2981,285.0693,23.2757,71.6893
555.2981,285.0693,23.2757,71.6893
555.2981,285.0693,23.2757,71.6893
551.5439,285.0693,23.2757,71.6893
551.4276,284.7108,23.5085,72.4062
551.5451,285.0728,23.2734,71.6821
551.6615,285.4313,23.0407,70.9653
551.7191,285.6087,22.9255,70.6105
548.2488,286.1383,22.5816,69.5513
548.4182,286.6599,22.2429,68.5080
548.5294,287.0024,22.0204,67.8229
548.5294,287.0024,22.0204,67.8229
548.5845,287.1720,21.9103,67.4838
548.5297,287.0033,22.0199,67.8212
548.5847,287.1728,21.9098,67.4821
548.4204,286.6667,22.2384,68.4944
548.3092,286.3242,22.4608,69.1793
548.1969,285.9784,22.6854,69.8711
548.1969,285.9784,22.6854,69.8711
548.1969,285.9784,22.6854,69.8711
551.8559,285.9784,22.6854,69.8711
551.8559,285.9784,22.6854,69.8711
551.8559,285.9784,22.6854,69.8711
551.6857,285.4543,23.0257,70.9192
551.6857,285.4543,23.0257,70.9192
551.8584,285.9862,22.6803,69.8554
555.5165,285.9862,22.6803,69.8554
555.3464,289.1753,23.0205,70.9032
555.1738,288.6435,23.3658,71.9668
555.0569,288.2837,23.5995,72.6864
554.9390,287.9203,23.8355,73.4133
554.7602,287.3697,24.1930,74.5145
554.5787,286.8108,24.5559,75.6322
554.7629,283.4768,24.1876,74.4977
554.9443,284.0356,23.8248,73.3803
555.1230,284.5859,23.4674,72.2796
555.2990,285.1280,23.1154,71.1954
555.3568,285.3060,22.9998,70.8394
555.2993,288.8571,23.1148,71.1936
555.1837,288.5011,23.3459,71.9055
555.0670,288.1416,23.5794,72.6246
555.1849,288.5047,23.3436,71.8983
555.1849,288.5047,23.3436,71.8983
555.3016,288.8642,23.1102,71.1794
555.3016,288.8642,23.1102,71.1794
551.7270,289.2201,22.8791,70.4676
551.6698,289.0439,22.9935,70.8199
551.4973,288.5128,23.3384,71.8822
551.3806,288.1534,23.5718,72.6010
551.3806,288.1534,23.5718,72.6010
547.3449,287.6089,23.9253,73.6900
547.4645,287.9773,23.6861,72.9531
547.4645,287.9773,23.6861,72.9531
547.6422,288.5244,23.3308,71.8588
547.8172,289.0634,22.9808,70.7810
547.8746,292.9284,22.8659,70.4270
543.9598,292.4002,23.2089,71.4835
543.7857,291.8641,23.5570,72.5557
543.6679,291.5013,23.7926,73.2813
543.7274,291.6845,23.6737,72.9149
543.5499,291.1376,24.0288,74.0086
543.6099,291.3227,23.9086,73.6385
543.7294,291.6909,23.6695,72.9022
543.6703,291.5086,23.7879,73.2667
543.7297,291.6917,23.6689,72.9003
543.7297,291.6917,23.6689,72.9003
543.7297,291.6917,23.6689,72.9003
543.9073,292.2385,23.3139,71.8068
543.7324,291.7000,23.6636,72.8839
543.5549,291.1533,24.0186,73.9772
543.6750,291.5232,23.7784,73.2374
543.7939,291.8894,23.5406,72.5050
543.9705,292.4332,23.1875,71.4175
544.0864,292.7903,22.9556,70.7033
544.2586,293.3206,22.6113,69.6427
544.2586,293.3206,22.6113,69.6427
544.4282,293.8429,22.2721,68.5981
544.5396,294.1859,22.0494,67.9121
544.4844,294.0161,22.1596,68.2517
540.9103,294.0161,22.1596,68.2517
540.7995,293.6748,22.3812,68.9342
540.8554,293.8472,22.2693,68.5895
540.8554,293.8472,22.2693,68.5895
540.7441,293.5042,22.4920,69.2754
537.2651,293.8506,22.2671,68.5827
537.3207,294.0220,22.1558,68.2398
537.1545,293.5103,22.4881,69.2633
537.0421,296.8273,22.7130,69.9560
536.8718,296.3026,23.0537,71.0053
532.9247,295.7701,23.3995,72.0704
532.7493,295.2296,23.7505,73.1515
532.8680,295.5953,23.5130,72.4199
532.8680,295.5953,23.5130,72.4199
532.9856,295.9574,23.2778,71.6957
532.8692,295.5989,23.5106,72.4127
532.8692,295.5989,23.5106,72.4127
532.8692,295.5989,23.5106,72.4127
529.0771,295.5989,23.5106,72.4127
529.1359,295.7800,23.3931,72.0506
529.1359,295.7800,23.3931,72.0506
529.0190,295.4197,23.6270,72.7711
529.1371,295.7836,23.3907,72.0434
529.1371,295.7836,23.3907,72.0434
525.5191,296.1438,23.1568,71.3230
525.3454,299.3999,23.5042,72.3928
525.2867,299.2189,23.6217,72.7548
525.1686,298.8551,23.8579,73.4824
525.0493,298.4877,24.0965,74.2172
525.1095,298.6732,23.9760,73.8461
525.1095,298.6732,23.9760,73.8461
525.1095,298.6732,23.9760,73.8461
525.0496,298.4886,24.0959,74.2153
525.1700,298.8597,23.8549,73.4732
525.3489,299.4108,23.4971,72.3711
521.6368,299.5917,23.3796,72.0092
521.5199,299.2317,23.6134,72.7293
521.4019,298.8680,23.8495,73.4566
521.4019,298.8680,23.8495,73.4566
521.4019,298.8680,23.8495,73.4566
521.2230,298.3171,24.2073,74.5584
521.2230,298.3171,24.2073,74.5584
521.1019,297.9443,24.4494,75.3040
520.9186,297.3795,24.8161,76.4336
2
0
0
0
0
0
2
0
0
0
0
0
2
0
0
0
0
0
2
0
0
0
0
0
2
0
0
0
0
0
548.4716,298.4583,24.1934,74.5156
548.5321,298.6446,24.0724,74.1430
548.4719,298.4592,24.1928,74.5137
548.4114,298.2729,24.3137,74.8863
548.3506,298.0857,24.4353,75.2607
548.2896,297.8976,24.5575,75.6370
548.3510,298.0866,24.4347,75.2588
548.3510,298.0866,24.4347,75.2588
548.5342,294.7691,24.0682,74.1300
548.6546,295.1398,23.8275,73.3887
548.4759,294.5894,24.1849,74.4895
548.4759,294.5894,24.1849,74.4895
548.6573,295.1480,23.8221,73.3721
548.5977,294.9646,23.9412,73.7390
544.6570,294.7802,24.0609,74.1077
544.7773,295.1508,23.8203,73.3666
544.7773,295.1508,23.8203,73.3666
544.7773,295.1508,23.8203,73.3666
544.6583,294.7840,24.0585,74.1003
541.0165,295.3397,23.6977,72.9888
540.9573,295.1573,23.8161,73.3537
541.0764,295.5240,23.5780,72.6202
540.9584,295.1609,23.8138,73.3464
540.7798,294.6108,24.1710,74.4466
536.7214,294.2386,24.4127,75.1911
536.5994,293.8626,24.6568,75.9430
536.4145,293.2931,25.0267,77.0821
536.5396,289.6823,24.7764,76.3113
532.7892,290.2546,24.4047,75.1666
532.9722,290.8184,24.0387,74.0391
533.1525,291.3737,23.6781,72.9285
532.9749,290.8267,24.0333,74.0225
529.3370,291.3819,23.6728,72.9121
529.3962,291.5641,23.5544,72.5476
529.5728,292.1082,23.2011,71.4594
529.7468,292.6442,22.8531,70.3875
529.6326,292.2922,23.0816,71.0913
529.6326,292.2922,23.0816,71.0913
525.7571,291.9368,23.3124,71.8023
525.6405,291.5778,23.5455,72.5203
525.5228,291.2152,23.7810,73.2455
525.4039,290.8489,24.0188,73.9779
525.3438,290.6640,24.1389,74.3478
525.1628,290.1064,24.5010,75.4630
521.1300,289.9177,24.6235,75.8404
520.9453,289.3489,24.9928,76.9780
521.0703,289.7338,24.7429,76.2082
520.9466,289.3528,24.9903,76.9703
520.9466,289.3528,24.9903,76.9703
520.7592,288.7755,25.3652,78.1248
516.8358,289.1661,25.1115,77.3436
516.9613,289.5529,24.8604,76.5701
517.0856,289.9357,24.6118,75.8044
516.9625,289.5567,24.8579,76.5625
516.9004,289.3653,24.9822,76.9453
517.0253,289.7500,24.7324,76.1758
516.8398,289.1787,25.1034,77.3185
516.8398,289.1787,25.1034,77.3185
517.0281,285.7704,24.7268,76.1587
513.1216,285.9608,24.6032,75.7779
513.3062,286.5291,24.2342,74.6412
513.4879,287.0889,23.8707,73.5216
513.4879,287.0889,23.8707,73.5216
513.4282,286.9051,23.9900,73.8892
513.4882,287.0898,23.8701,73.5198
513.6075,287.4574,23.6314,72.7846
