1
386.0000,285.0000,18.0000,11.0000
386.0000,285.0000,18.0000,11.0000
386.0000,285.0000,18.0000,11.0000
386.0000,285.0000,18.0000,11.0000
386.0000,285.0000,18.0000,11.0000
386.0000,285.0000,18.0000,11.0000
387.0000,285.0000,18.0000,11.0000
387.0000,285.0000,18.0000,11.0000
387.0000,285.0000,18.0000,11.0000
387.0000,286.0000,18.0000,11.0000
387.0000,286.0000,18.0000,11.0000
387.0000,286.0000,18.0000,11.0000
387.0000,286.0000,18.0000,11.0000
387.0000,286.0000,18.0000,11.0000
387.0000,286.0000,18.0000,11.0000
386.0000,287.0000,18.0000,11.0000
386.0000,287.0000,18.0000,11.0000
387.0000,286.0000,18.0000,11.0000
386.0000,287.0000,18.0000,11.0000
385.0000,287.0000,18.0000,11.0000
386.0000,287.0000,18.0000,11.0000
387.0000,287.0000,18.0000,11.0000
386.0000,288.0000,18.0000,11.0000
386.0000,288.0000,18.0000,11.0000
385.0000,288.0000,18.0000,11.0000
386.0000,288.0000,18.0000,11.0000
386.0000,288.0000,18.0000,11.0000
386.0000,288.0000,18.0000,11.0000
386.0000,288.0000,18.0000,11.0000
385.0000,289.0000,18.0000,11.0000
385.0000,289.0000,18.0000,11.0000
385.0000,289.0000,18.0000,11.0000
385.0000,289.0000,18.0000,11.0000
385.0000,289.0000,18.0000,11.0000
385.0000,289.0000,18.0000,11.0000
384.0000,290.0000,18.0000,11.0000
384.0000,290.0000,18.0000,11.0000
384.0000,290.0000,18.0000,11.0000
384.0000,290.0000,18.0000,11.0000
384.0000,290.0000,18.0000,11.0000
383.0000,291.0000,18.0000,11.0000
383.0000,291.0000,18.0000,11.0000
383.0000,291.0000,18.0000,11.0000
382.0000,292.0000,18.0000,11.0000
383.0000,292.0000,18.0000,11.0000
383.0000,292.0000,18.0000,11.0000
382.0000,293.0000,18.0000,11.0000
382.0000,293.0000,18.0000,11.0000
381.0000,293.0000,18.0000,11.0000
381.0000,293.0000,18.0000,11.0000
381.0000,294.0000,18.0000,11.0000
381.0000,294.0000,18.0000,11.0000
380.0000,295.0000,18.0000,11.0000
380.0000,295.0000,18.0000,11.0000
379.0000,296.0000,18.0000,11.0000
379.0000,296.0000,18.0000,11.0000
379.0000,296.0000,18.0000,11.0000
378.0000,296.0000,18.0000,11.0000
378.0000,295.0000,18.0000,11.0000
377.0000,296.0000,18.0000,11.0000
377.0000,296.0000,18.0000,11.0000
377.0000,297.0000,18.0000,11.0000
376.0000,296.0000,18.0000,11.0000
376.0000,297.0000,18.0000,11.0000
375.0000,297.0000,18.0000,11.0000
375.0000,298.0000,18.0000,11.0000
374.0000,298.0000,18.0000,11.0000
374.0000,298.0000,18.0000,11.0000
373.0000,298.0000,18.0000,11.0000
373.0000,299.0000,18.0000,11.0000
373.0000,299.0000,18.0000,11.0000
372.0000,299.0000,18.0000,11.0000
372.0000,300.0000,18.0000,11.0000
372.0000,300.0000,18.0000,11.0000
371.0000,300.0000,18.0000,11.0000
370.0000,300.0000,18.0000,11.0000
370.0000,300.0000,18.0000,11.0000
370.0000,300.0000,18.0000,11.0000
369.0000,300.0000,18.0000,11.0000
369.0000,300.0000,18.0000,11.0000
369.0000,300.0000,18.0000,11.0000
368.0000,300.0000,18.0000,11.0000
368.0000,301.0000,18.0000,11.0000
368.0000,301.0000,18.0000,11.0000
367.0000,301.0000,18.0000,11.0000
367.0000,301.0000,18.0000,11.0000
367.0000,301.0000,18.0000,11.0000
367.0000,301.0000,18.0000,11.0000
367.0000,301.0000,18.0000,11.0000
367.0000,301.0000,18.0000,11.0000
367.0000,302.0000,18.0000,11.0000
367.0000,302.0000,18.0000,11.0000
367.0000,302.0000,18.0000,11.0000
368.0000,302.0000,18.0000,11.0000
368.0000,302.0000,18.0000,11.0000
368.0000,302.0000,18.0000,11.0000
368.0000,302.0000,18.0000,11.0000
368.0000,302.0000,18.0000,11.0000
369.0000,301.0000,18.0000,11.0000
369.0000,301.0000,18.0000,11.0000
370.0000,301.0000,18.0000,11.0000
370.0000,302.0000,18.0000,11.0000
370.0000,302.0000,18.0000,11.0000
370.0000,302.0000,18.0000,11.0000
371.0000,302.0000,18.0000,11.0000
372.0000,302.0000,18.0000,11.0000
372.0000,302.0000,18.0000,11.0000
373.0000,303.0000,18.0000,11.0000
373.0000,303.0000,18.0000,11.0000
373.0000,304.0000,18.0000,11.0000
373.0000,304.0000,18.0000,11.0000
374.0000,304.0000,18.0000,11.0000
374.0000,304.0000,18.0000,11.0000
374.0000,302.0000,18.0000,11.0000
374.0000,302.0000,18.0000,11.0000
374.0000,302.0000,18.0000,11.0000
374.0000,302.0000,18.0000,11.0000
375.0000,302.0000,18.0000,11.0000
376.0000,302.0000,18.0000,11.0000
2
0
0
0
0
0
2
0
0
0
0
0
2
0
0
0
0
0
2
0
0
0
0
0
2
0
0
0
0
0
2
0
0
0
0
0
2
0
0
0
0
0
2
0
0
0
0
0
2
0
0
0
0
0
2
0
0
0
0
0
2
0
0
0
0
0
2
0
0
0
0
0
2
0
0
0
0
0
2
0
0
0
0
0
2
0
0
0
0
0
2
0
0
0
0
0
2
0
0
0
0
0
2
0
0
0
0
0
2
0
0
0
0
0
2
0
0
0
0
0
2
0
0
0
0
0
2
0
0
0
0
0
2
0
0
0
0
0
2
0
0
0
0
0
2
0
0
0
0
0
2
0
0
0
0
0
2
0
0
0
0
0
2
0
0
0
0
0
2
0
0
0
0
0
2
0
0
0
0
0
2
0
0
0
0
0
2
0
0
0
0
0
2
0
0
0
0
0
2
0
0
0
0
0
2
0
0
0
0
0
2
0
0
0
0
0
2
0
0
0
0
0
2
0
0
0
0
0
2
0
0
0
0
0
2
0
0
0
0
0
2
0
0
0
0
0
2
0
0
0
0
0
2
0
0
0
0
0
2
0
0
0
0
0
2
0
0
0
0
0
2
0
0
0
0
0
2
0
0
0
0
0
2
0
0
0
0
0
2
0
0
0
0
0
2
0
0
0
0
0
2
0
0
0
0
0
2
0
0
0
0
0
2
0
0
0
0
0
2
0
0
0
0
0
2
0
0
0
0
0
2
0
0
0
0
0
2
0
0
0
0
0
2
0
0
0
0
0
2
0
0
0
0
0
2
0
0
0
0
0
2
0
0
0
0
0
2
0
0
0
0
0
2
0
0
0
0
0
2
0
0
0
0
0
2
0
0
0
0
0
2
0
0
0
0
0
2
0
0
0
0
0
2
0
0
0
0
0
2
0
0
0
0
0
2
0
0
0
0
0
2
0
0
0
0
0
2
0
0
0
0
0
2
0
0
0
0
0
2
0
0
0
0
0
2
0
0
0
0
0
2
0
0
0
0
0
2
0
0
0
0
0
2
0
0
0
0
0
2
0
0
0
0
0
2
0
0
0
0
0
2
0
0
0
0
0
2
0
0
0
0
0
2
0
0
0
0
0
2
0
0
0
0
0
2
0
0
0
0
0
2
0
0
0
0
0
2
0
0
0
0
0
2
0
0
0
0
0
2
0
0
0
0
0
2
0
0
0
0
0
2
0
0
0
0
0
2
0
0
0
0
0
2
0
0
0
0
0
2
0
0
0
0
0
2
0
0
0
0
0
2
0
0
0
0
0
2
0
0
0
0
0
2
0
0
0
0
0
2
0
0
0
0
0
2
0
0
0
0
0
2
0
0
0
0
0
2
0
0
0
0
0
2
0
0
0
0
0
2
0
0
0
0
0
2
0
0
0
0
0
2
0
0
0
0
0
2
0
0
0
0
0
2
0
0
0
0
0
2
0
0
0
0
0
2
0
0
0
0
0
2
0
0
0
0
0
2
0
0
0
0
0
2
0
0
0
0
0
2
0
0
0
0
0
2
0
0
0
0
0
2
0
0
0
0
0
2
0
0
0
0
0
2
0
0
0
0
0
2
0
0
0
0
0
2
0
0
0
0
0
2
0
0
0
0
0
2
0
0
0
0
0
2
0
0
0
0
0
2
0
0
0
0
0
2
0
0
0
0
0
2
0
0
0
0
0
2
0
0
0
0
0
2
0
0
0
0
0
2
0
0
0
0
0
2
0
0
0
0
0
2
0
0
0
0
0
2
0
0
0
0
0
2
0
0
0
0
0
2
0
0
0
0
0
2
0
0
0
0
0
2
0
0
0
0
0
2
0
0
0
0
0
2
0
0
0
0
0
2
0
0
0
0
0
2
0
0
0
0
0
2
0
0
0
0
0
2
0
0
0
0
0
2
0
0
0
0
0
2
0
0
0
0
0
2
0
0
0
0
0
2
0
0
0
0
0
2
0
0
0
0
0
2
0
0
0
0
0
2
0
0
0
0
0
2
0
0
0
0
0
2
0
0
0
0
0
2
0
0
0
0
0
2
0
0
0
0
0
2
0
0
0
0
0
2
0
0
0
0
0
2
0
0
0
0
0
2
