1
564.0000,29.0000,80.0000,201.0000
571.5200,35.6125,81.2000,204.0150
571.3170,35.1025,81.6060,205.0351
579.4776,35.1025,81.6060,205.0351
587.3118,42.3195,82.4221,207.0854
586.6936,40.7664,83.6584,210.1917
595.5614,42.3428,82.4035,207.0388
595.1494,49.6304,83.2275,209.1092
602.9728,48.0620,84.4760,212.2459
602.7616,56.0213,84.8983,213.3071
602.1248,54.4214,86.1718,216.5067
610.5697,62.5405,86.6027,217.5892
610.3531,61.9965,87.0357,218.6772
618.8827,70.1969,87.4709,219.7706
618.8827,70.1969,87.4709,219.7706
627.2799,69.0980,88.3456,221.9683
627.2799,69.0980,88.3456,221.9683
635.7610,76.9111,89.2290,224.1879
635.7610,76.9111,89.2290,224.1879
644.6840,76.9111,89.2290,224.1879
645.3531,78.5925,87.8906,220.8251
654.4938,88.3978,87.0117,218.6169
654.9288,89.4909,86.1416,216.4307
654.4982,97.1090,87.0030,218.5950
663.5464,98.2020,86.1330,216.4091
663.1158,105.8194,86.9943,218.5732
671.9892,106.3658,86.5593,217.4803
671.9892,115.0217,86.5593,217.4803
680.9914,116.1091,85.6937,215.3055
690.0749,126.1648,84.4083,212.0759
698.0093,124.5742,85.6744,215.2570
698.4377,125.6505,84.8177,213.1045
707.0891,126.1832,84.3936,212.0390
716.0348,136.0863,83.1277,208.8584
724.5138,136.6084,82.7121,207.8141
724.9274,145.8360,81.8849,205.7359
732.7883,144.8073,82.7038,207.7933
732.5816,152.5996,83.1173,208.8323
740.5609,151.5554,83.9485,210.9206
740.3510,159.4650,84.3682,211.9752
748.4503,158.4051,85.2119,214.0949
756.4603,165.4484,86.4901,217.3064
756.2440,164.9051,86.9225,218.3929
764.4147,163.2672,88.2264,221.6688
763.7531,170.5596,89.5498,224.9938
772.3498,169.4346,90.4453,227.2438
781.3943,169.4346,90.4453,227.2438
780.7160,167.7303,91.8020,230.6524
789.8962,176.9105,91.8020,230.6524
790.5847,178.6404,90.4249,227.1926
800.1697,180.3443,89.0686,223.7847
799.7244,179.2254,89.9592,226.0226
808.7203,188.2213,89.9592,226.0226
808.2706,187.0912,90.8588,228.2828
816.8113,194.6013,92.2217,231.7070
825.6646,193.4427,93.1439,234.0241
825.6646,202.7571,93.1439,234.0241
824.9660,201.0020,94.5411,237.5345
834.2310,200.4081,95.0138,238.7222
834.9436,202.1985,93.5886,235.1413
843.9281,201.0228,94.5245,237.4927
843.9281,210.4753,94.5245,237.4927
843.9281,210.4753,94.5245,237.4927
853.1915,209.8815,94.9971,238.6802
852.7166,208.6882,95.9471,241.0670
861.7355,206.8801,97.3863,244.6830
861.9790,207.4919,96.8993,243.4596
871.6689,207.4919,96.8993,243.4596
871.6689,207.4919,96.8993,243.4596
881.5527,217.7420,96.4148,242.2423
881.3116,217.1364,96.8969,243.4535
891.3889,218.3537,95.9279,241.0190
890.9093,226.8373,96.8872,243.4292
900.5980,226.8373,96.8872,243.4292
900.3558,235.9659,97.3717,244.6463
910.6772,237.8007,95.9111,240.9766
920.8438,239.6080,94.4724,237.3620
930.8578,241.3883,93.0553,233.8015
940.5356,242.5573,92.1248,231.4635
940.3053,251.2372,92.5854,232.6208
949.1935,250.0741,93.5113,234.9471
958.7316,250.6614,93.0437,233.7723
968.4082,242.6189,92.1133,231.4346
967.9476,250.7652,93.0344,233.7489
977.8093,252.5183,91.6389,230.2427
978.0383,253.0939,91.1807,229.0915
987.7035,254.8121,89.8130,225.6551
988.1526,255.9404,88.9148,223.3986
988.3749,256.4989,88.4703,222.2816
997.7527,258.1660,87.1432,218.9473
997.9706,258.7134,86.7075,217.8526
1007.1616,260.3473,85.4069,214.5848
1007.3751,260.8837,84.9799,213.5119
1007.3751,260.8837,84.9799,213.5119
1006.9502,259.8162,85.8297,215.6470
1006.9502,251.2332,85.8297,215.6470
1006.3065,249.6159,87.1171,218.8817
1005.6531,247.9742,88.4239,222.1649
1014.3186,238.5322,88.8660,223.2758
1013.8743,237.4158,89.7546,225.5085
1013.4255,236.2883,90.6522,227.7636
1013.4255,227.2231,90.6522,227.7636
1013.1989,226.6537,91.1054,228.9024
1012.9711,226.0814,91.5610,230.0469
1012.9711,226.0814,91.5610,230.0469
1012.2844,224.3561,92.9344,233.4977
1011.5874,213.1720,94.3284,237.0001
1010.8799,211.3945,95.7433,240.5551
1011.1193,211.9959,95.2646,239.3523
1011.1193,211.9959,95.2646,239.3523
1011.3575,203.1154,94.7883,238.1556
1011.1205,202.5201,95.2622,239.3464
1010.6442,191.7018,96.2149,241.7398
1011.1252,192.9105,95.2527,239.3224
1010.4108,191.1156,96.6815,242.9123
1010.8943,182.7587,95.7147,240.4831
1011.3729,183.9611,94.7575,238.0783
1021.0381,175.1279,94.2837,236.8879
1021.5095,166.9783,93.3409,234.5190
1022.2096,159.5431,91.9408,231.0013
1031.2197,149.7256,92.4005,232.1562
1031.6818,141.7387,91.4765,229.8347
1032.3678,143.4624,90.1043,226.3872
1041.7386,135.6741,89.2033,224.1233
1041.9617,136.2344,88.7573,223.0027
1042.6274,129.1643,87.4259,219.6576
1043.0646,130.2626,86.5517,217.4611
1043.7136,131.8935,85.2534,214.1991
1051.7275,121.6338,86.5322,217.4121
1051.9438,122.1774,86.0995,216.3251
1051.7285,112.9835,86.5300,217.4067
1059.8624,102.5702,87.8280,220.6678
1059.2037,92.0006,89.1454,223.9778
1058.7579,90.8808,90.0369,226.2176
1058.7579,81.8771,90.0369,226.2176
1059.2081,83.0082,89.1365,223.9554
1059.8767,84.6878,87.7994,220.5961
1059.2181,74.1217,89.1164,223.9050
1059.6637,75.2412,88.2253,221.6660
1060.3254,76.9037,86.9019,218.3410
1060.3254,68.2135,86.9019,218.3410
1060.9772,69.8511,85.5984,215.0659
1060.9772,61.2913,85.5984,215.0659
1069.0234,50.9900,86.8823,218.2919
1069.0234,42.3018,86.8823,218.2919
1069.2406,42.8475,86.4479,217.2004
1069.8890,35.9614,85.1512,213.9424
1070.1019,36.4963,84.7254,212.8727
1070.1019,36.4963,84.7254,212.8727
1062.3918,38.0928,83.4546,209.6796
1063.0178,39.6654,82.2027,206.5344
1063.6343,41.2144,80.9697,203.4364
1056.0232,34.2156,80.1600,201.4020
1056.6244,35.7261,78.9576,198.3810
1057.2166,29.4366,77.7732,195.4053
1056.6332,20.0771,78.9398,198.3363
1048.2656,19.0854,79.7292,200.3197
1047.6676,9.4905,80.9252,203.3245
1047.6676,9.4905,80.9252,203.3245
1040.3035,3.0443,79.7113,200.2746
1040.7020,4.0457,78.9142,198.2719
1033.5208,5.5327,77.7305,195.2978
1026.2141,6.5092,76.9532,193.3448
1018.7497,6.9926,76.5684,192.3781
1018.7497,-0.6642,76.5684,192.3781
1019.3240,0.7786,75.4199,189.4924
1011.1032,-8.2977,76.5512,192.3348
1011.2946,-15.4337,76.1684,191.3732
1011.6754,-14.4769,75.4067,189.4594
1011.6754,-22.0175,75.4067,189.4594
1012.0524,-21.0702,74.6527,187.5648
1004.3632,-21.5392,75.0259,188.5027
1004.5508,-21.0679,74.6508,187.5602
1004.5508,-21.0679,74.6508,187.5602
1004.5508,-21.0679,74.6508,187.5602
997.3096,-20.5990,74.2775,186.6223
997.4954,-20.1324,73.9062,185.6892
998.0496,-18.7398,72.7976,182.9039
998.5956,-17.3680,71.7056,180.1603
1005.3359,-25.9973,72.7812,182.8627
1005.3359,-33.2754,72.7812,182.8627
1005.3359,-33.2754,72.7812,182.8627
1005.3359,-40.5536,72.7812,182.8627
1005.1540,-41.0107,73.1451,183.7771
1005.3369,-40.5513,72.7794,182.8582
1005.1549,-41.0084,73.1433,183.7725
997.8406,-41.0084,73.1433,183.7725
998.3892,-39.6301,72.0461,181.0159
998.9295,-38.2725,70.9654,178.3006
999.1069,-44.8878,70.6106,177.4091
992.2577,-44.4443,70.2575,176.5221
992.0820,-51.9465,70.6088,177.4047
992.0820,-59.0074,70.6088,177.4047
992.2585,-58.5638,70.2558,176.5177
992.7855,-64.1602,69.2020,173.8699
986.4881,-62.8561,68.1639,171.2619
986.8289,-61.9998,67.4823,169.5492
980.4856,-61.1521,66.8075,167.8537
974.0052,-60.7324,66.4734,167.0145
974.1714,-60.3149,66.1411,166.1794
967.9542,-59.4840,65.4796,164.5176
961.4062,-59.4840,65.4796,164.5176
961.8973,-58.2501,64.4975,162.0499
962.3810,-63.3878,63.5300,159.6191
956.0281,-63.3878,63.5300,159.6191
949.8657,-62.9887,63.2123,158.8210
943.9237,-62.1946,62.5802,157.2328
943.9237,-62.1946,62.5802,157.2328
937.8534,-61.8015,62.2673,156.4466
931.6266,-61.8015,62.2673,156.4466
925.9603,-54.4948,61.3333,154.0999
926.2670,-53.7243,60.7200,152.5589
920.1950,-53.7243,60.7200,152.5589
919.7396,-61.0316,61.6308,154.8473
914.1312,-59.8703,60.7063,152.5246
914.4348,-59.1076,60.0992,150.9994
908.7854,-58.3526,59.4983,149.4894
909.2316,-57.2315,58.6058,147.2470
903.8986,-56.1271,57.7267,145.0383
903.8986,-56.1271,57.7267,145.0383
898.2991,-55.7645,57.4381,144.3131
898.1555,-50.3528,57.7253,145.0347
892.3829,-50.3528,57.7253,145.0347
892.3829,-44.5802,57.7253,145.0347
886.6104,-44.5802,57.7253,145.0347
886.6104,-44.5802,57.7253,145.0347
886.6104,-44.5802,57.7253,145.0347
880.4915,-45.3054,58.3025,146.4850
874.3115,-46.0378,58.8855,147.9499
874.6059,-45.2981,58.2967,146.4704
868.4265,-46.0304,58.8796,147.9351
868.4265,-46.0304,58.8796,147.9351
862.1852,-40.8233,59.4684,149.4144
861.8879,-41.5704,60.0631,150.9086
855.8815,-35.5640,60.0631,150.9086
850.2356,-34.8095,59.4625,149.3995
849.9383,-35.5565,60.0571,150.8935
843.9326,-35.5565,60.0571,150.8935
844.2328,-34.8020,59.4565,149.3846
837.9305,-35.5490,60.0511,150.8784
838.2307,-34.7946,59.4506,149.3696
831.9290,-35.5414,60.0451,150.8633
831.9290,-35.5414,60.0451,150.8633
825.9244,-29.5369,60.0451,150.8633
825.9244,-29.5369,60.0451,150.8633
819.9199,-23.5324,60.0451,150.8633
819.9199,-17.5279,60.0451,150.8633
814.0956,-17.1507,59.7449,150.1090
813.9462,-11.5216,60.0436,150.8596
813.9462,-11.5216,60.0436,150.8596
813.9462,-11.5216,60.0436,150.8596
807.9418,-11.5216,60.0436,150.8596
807.9418,-11.5216,60.0436,150.8596
801.3971,-12.6531,60.9443,153.1225
801.0923,-13.4187,61.5537,154.6537
801.0923,-13.4187,61.5537,154.6537
794.5677,-7.9750,62.1692,156.2002
794.8785,-1.0393,61.5475,154.6382
794.8785,-1.0393,61.5475,154.6382
788.9084,5.4713,61.2398,153.8650
789.3677,12.6574,60.3212,151.5570
783.8785,19.7357,59.4164,149.2837
783.8785,19.7357,59.4164,149.2837
783.8785,19.7357,59.4164,149.2837
783.8785,13.7941,59.4164,149.2837
778.4716,14.9137,58.5251,147.0444
778.6179,15.2813,58.2325,146.3092
778.6179,15.2813,58.2325,146.3092
772.7947,15.2813,58.2325,146.3092
772.6490,20.7679,58.5237,147.0408
772.7953,21.1355,58.2311,146.3056
766.9723,26.9586,58.2311,146.3056
766.9723,26.9586,58.2311,146.3056
761.1492,26.9586,58.2311,146.3056
761.1492,26.9586,58.2311,146.3056
754.9767,26.2271,58.8134,147.7686
754.5356,19.1493,59.6956,149.9851
749.1033,20.2742,58.8001,147.7354
749.3973,21.0128,58.2121,146.2580
743.2268,20.2816,58.7943,147.7206
737.3474,26.1610,58.7943,147.7206
737.6414,26.8996,58.2063,146.2434
731.8207,32.7202,58.2063,146.2434
726.0001,38.5408,58.2063,146.2434
726.2911,39.2721,57.6243,144.7809
720.5287,45.0345,57.6243,144.7809
720.3846,44.6725,57.9124,145.5049
720.6742,39.6667,57.3333,144.0498
714.7689,39.3066,57.6199,144.7701
714.7689,39.3066,57.6199,144.7701
715.0569,34.3261,57.0437,143.3223
709.3526,34.3261,57.0437,143.3223
709.6378,35.0427,56.4733,141.8891
703.6516,40.0371,57.0380,143.3080
703.6516,40.0371,57.0380,143.3080
703.9368,46.4004,56.4676,141.8749
698.2900,52.0471,56.4676,141.8749
698.5724,52.7565,55.9030,140.4562
698.8519,53.4588,55.3439,139.0516
693.6496,54.1540,54.7905,137.6611
693.3756,53.4657,55.3384,139.0377
687.5098,52.7705,55.8918,140.4281
687.0906,46.0443,56.7302,142.5345
681.7579,46.7570,56.1629,141.1092
682.1791,47.8153,55.3204,138.9925
676.6471,53.3474,55.3204,138.9925
676.6471,53.3474,55.3204,138.9925
671.4470,59.5190,54.7672,137.6026
671.5839,65.3124,54.4934,136.9146
666.1346,70.7617,54.4934,136.9146
660.5218,70.4194,54.7658,137.5992
660.7956,71.1074,54.2182,136.2232
660.7956,71.1074,54.2182,136.2232
655.8618,66.7886,53.4049,134.1798
656.2623,67.7950,52.6038,132.1671
656.6568,68.7862,51.8148,130.1846
651.4753,68.7862,51.8148,130.1846
651.4753,73.9677,51.8148,130.1846
651.6049,74.2932,51.5557,129.5337
646.4493,79.4487,51.5557,129.5337
646.8359,85.4985,50.7824,127.5907
646.4551,89.6959,51.5441,129.5046
646.8417,90.6672,50.7709,127.5620
641.4600,90.0294,51.2787,128.8376
641.3317,89.7073,51.5350,129.4818
641.3317,89.7073,51.5350,129.4818
636.3328,90.0310,51.2774,128.8344
636.0765,89.3869,51.7901,130.1227
635.6880,93.6676,52.5670,132.0746
630.9044,94.6582,51.7785,130.0935
631.1633,100.4347,51.2607,128.7925
631.2915,105.8571,51.0044,128.1486
626.0380,115.7887,51.2594,128.7893
625.7817,115.1447,51.7720,130.0772
625.3934,119.4240,52.5486,132.0284
625.7875,115.2382,51.7604,130.0479
625.7875,115.2382,51.7604,130.0479
625.7875,115.2382,51.7604,130.0479
625.7875,115.2382,51.7604,130.0479
625.7875,120.4142,51.7604,130.0479
625.3994,119.4389,52.5368,131.9986
630.5480,124.3888,52.7995,132.6586
630.5480,129.6687,52.7995,132.6586
630.4160,134.6434,53.0635,133.3219
635.8284,140.2566,52.7981,132.6553
641.4250,141.2515,52.0062,130.6655
641.6851,147.0534,51.4861,129.3588
647.1426,148.0236,50.7138,127.4185
646.8890,147.3865,51.2210,128.6926
652.2160,148.0300,50.7087,127.4057
651.9625,147.3929,51.2158,128.6798
656.7767,151.6263,51.9841,130.6100
656.9067,151.9528,51.7241,129.9569
662.3895,158.0223,50.9483,128.0076
662.2621,162.8226,51.2030,128.6476
662.0061,167.3508,51.7151,129.9341
667.0742,172.2234,51.9736,130.5837
667.4640,178.3221,51.1940,128.6250
672.4810,183.1456,51.4500,129.2681
672.2238,187.6957,51.9645,130.5608
677.3162,187.3693,52.2243,131.2136
677.0551,186.7132,52.7466,132.5257
682.5408,187.3759,52.2191,131.2005
682.9324,188.3599,51.4358,129.2325
688.0760,193.5034,51.4358,129.2325
687.6902,197.7549,52.2073,131.1710
687.8207,203.2775,51.9463,130.5151
692.9115,208.1718,52.2060,131.1677
693.0420,213.6942,51.9450,130.5118
698.4443,219.4893,51.4256,129.2067
703.3811,224.0373,51.9398,130.4988
703.5110,224.3635,51.6801,129.8463
708.4723,228.9340,52.1969,131.1448
708.3418,228.6061,52.4579,131.8005
713.7974,229.2651,51.9333,130.4825
718.6791,233.5578,52.7123,132.4397
719.0745,234.5510,51.9216,130.4531
724.2667,239.7432,51.9216,130.4531
724.3964,245.2355,51.6620,129.8009
729.4594,250.1031,51.9203,130.4499
729.8488,256.1956,51.1415,128.4931
729.9766,261.6054,50.8858,127.8506
729.8494,266.3998,51.1403,128.4899
734.7589,270.9225,51.6517,129.7748
739.6141,275.1919,52.4264,131.7214
739.3519,274.5333,52.9507,133.0386
744.4352,273.8681,53.4802,134.3690
749.9972,274.5399,52.9454,133.0253
749.9972,274.5399,52.9454,133.0253
755.0799,279.2223,53.4749,134.3556
755.2136,279.5582,53.2075,133.6838
755.2136,284.8789,53.2075,133.6838
760.5344,290.1997,53.2075,133.6838
760.6674,295.8280,52.9414,133.0154
760.6674,301.1222,52.9414,133.0154
765.9615,306.4163,52.9414,133.0154
765.8292,306.0838,53.2062,133.6805
771.0434,305.7496,53.4722,134.3489
776.3906,305.7496,53.4722,134.3489
776.6580,306.4213,52.9375,133.0054
781.9517,306.4213,52.9375,133.0054
782.3488,307.4189,52.1434,131.0103
782.6094,313.2361,51.6220,129.7002
782.8676,313.8846,51.1057,128.4032
783.1231,319.5861,50.5947,127.1192
783.2496,324.9380,50.3417,126.4836
783.3754,330.2633,50.0900,125.8511
783.2502,329.9486,50.3405,126.4804
782.9985,329.3162,50.8439,127.7452
787.7778,328.3582,51.6065,129.6614
788.1649,329.3306,50.8324,127.7165
793.4514,329.9692,50.3241,126.4393
793.1998,329.3370,50.8273,127.7037
793.1998,329.3370,50.8273,127.7037
793.1998,334.4197,50.8273,127.7037
798.5875,335.3775,50.0649,125.7881
798.2120,339.5157,50.8159,127.6750
798.4661,340.1541,50.3077,126.3982
803.4969,340.1541,50.3077,126.3982
803.2454,339.5221,50.8108,127.6622
802.8643,343.7219,51.5730,129.5771
802.9932,338.9143,51.3151,128.9292
807.8168,337.9474,52.0848,130.8632
807.8168,337.9474,52.0848,130.8632
807.8168,337.9474,52.0848,130.8632
813.0253,343.1559,52.0848,130.8632
813.0253,343.1559,52.0848,130.8632
813.0253,348.3643,52.0848,130.8632
818.5463,354.4762,51.3036,128.9002
818.8028,360.1997,50.7905,127.6112
819.1837,366.1597,50.0287,125.6971
819.0587,365.8454,50.2788,126.3255
824.0865,370.8733,50.2788,126.3255
824.2123,371.1891,50.0274,125.6939
829.5151,372.1318,49.2770,123.8085
829.1456,376.2049,50.0162,125.6656
834.0472,375.8907,50.2663,126.2940
838.7722,380.0455,51.0202,128.1884
839.0273,380.6865,50.5100,126.9065
844.0783,385.7375,50.5100,126.9065
843.8257,390.2045,51.0151,128.1756
848.8253,395.0110,51.2702,128.8164
848.5689,399.5453,51.7829,130.1046
848.5689,404.7235,51.7829,130.1046
853.7472,415.0801,51.7829,130.1046
858.9255,420.2584,51.7829,130.1046
859.0549,425.7361,51.5240,129.4541
864.2073,430.8885,51.5240,129.4541
869.2567,435.7430,51.7816,130.1013
874.1241,440.0231,52.5584,132.0529
