1
510.0000,190.0000,135.0000,97.5000
515.5000,185.2500,135.0000,97.5000
505.5000,191.2500,135.0000,97.5000
511.5000,185.2500,135.0000,97.5000
515.5000,191.2500,135.0000,97.5000
505.5000,185.2500,135.0000,97.5000
511.5000,191.2500,135.0000,97.5000
501.5000,185.2500,135.0000,97.5000
507.5000,191.2500,135.0000,97.5000
511.5000,185.2500,135.0000,97.5000
501.5000,191.2500,135.0000,97.5000
507.5000,185.2500,135.0000,97.5000
511.5000,191.2500,135.0000,97.5000
501.5000,185.2500,135.0000,97.5000
507.5000,191.2500,135.0000,97.5000
497.5000,185.2500,135.0000,97.5000
503.5000,191.2500,135.0000,97.5000
507.5000,185.2500,135.0000,97.5000
497.5000,191.2500,135.0000,97.5000
503.5000,185.2500,135.0000,97.5000
507.5000,191.2500,135.0000,97.5000
497.5000,185.2500,135.0000,97.5000
503.5000,191.2500,135.0000,97.5000
507.5000,185.2500,135.0000,97.5000
497.5000,191.2500,135.0000,97.5000
503.5000,185.2500,135.0000,97.5000
493.5000,191.2500,135.0000,97.5000
499.5000,185.2500,135.0000,97.5000
503.5000,191.2500,135.0000,97.5000
493.5000,195.2500,135.0000,97.5000
499.5000,189.2500,135.0000,97.5000
503.5000,185.2500,135.0000,97.5000
493.5000,191.2500,135.0000,97.5000
499.5000,185.2500,135.0000,97.5000
489.5000,191.2500,135.0000,97.5000
495.5000,185.2500,135.0000,97.5000
499.5000,191.2500,135.0000,97.5000
503.5000,185.2500,135.0000,97.5000
493.5000,191.2500,135.0000,97.5000
499.5000,185.2500,135.0000,97.5000
489.5000,191.2500,135.0000,97.5000
495.5000,185.2500,135.0000,97.5000
499.5000,191.2500,135.0000,97.5000
489.5000,195.2500,135.0000,97.5000
495.5000,189.2500,135.0000,97.5000
485.5000,195.2500,135.0000,97.5000
491.5000,189.2500,135.0000,97.5000
495.5000,185.2500,135.0000,97.5000
499.5000,191.2500,135.0000,97.5000
489.5000,185.2500,135.0000,97.5000
495.5000,191.2500,135.0000,97.5000
499.5000,185.2500,135.0000,97.5000
489.5000,191.2500,135.0000,97.5000
495.5000,185.2500,135.0000,97.5000
499.5000,191.2500,135.0000,97.5000
489.5000,185.2500,135.0000,97.5000
495.5000,191.2500,135.0000,97.5000
499.5000,185.2500,135.0000,97.5000
489.5000,191.2500,135.0000,97.5000
495.5000,185.2500,135.0000,97.5000
499.5000,191.2500,135.0000,97.5000
489.5000,185.2500,135.0000,97.5000
495.5000,191.2500,135.0000,97.5000
499.5000,185.2500,135.0000,97.5000
489.5000,191.2500,135.0000,97.5000
495.5000,185.2500,135.0000,97.5000
499.5000,191.2500,135.0000,97.5000
489.5000,185.2500,135.0000,97.5000
495.5000,191.2500,135.0000,97.5000
499.5000,185.2500,135.0000,97.5000
489.5000,191.2500,135.0000,97.5000
495.5000,185.2500,135.0000,97.5000
499.5000,191.2500,135.0000,97.5000
489.5000,185.2500,135.0000,97.5000
495.5000,191.2500,135.0000,97.5000
499.5000,185.2500,135.0000,97.5000
489.5000,191.2500,135.0000,97.5000
495.5000,185.2500,135.0000,97.5000
499.5000,191.2500,135.0000,97.5000
489.5000,185.2500,135.0000,97.5000
495.5000,191.2500,135.0000,97.5000
499.5000,185.2500,135.0000,97.5000
489.5000,191.2500,135.0000,97.5000
495.5000,185.2500,135.0000,97.5000
499.5000,191.2500,135.0000,97.5000
489.5000,185.2500,135.0000,97.5000
495.5000,191.2500,135.0000,97.5000
499.5000,185.2500,135.0000,97.5000
489.5000,191.2500,135.0000,97.5000
495.5000,185.2500,135.0000,97.5000
499.5000,191.2500,135.0000,97.5000
489.5000,195.2500,135.0000,97.5000
495.5000,189.2500,135.0000,97.5000
499.5000,195.2500,135.0000,97.5000
503.5000,189.2500,135.0000,97.5000
493.5000,195.2500,135.0000,97.5000
499.5000,189.2500,135.0000,97.5000
503.5000,195.2500,135.0000,97.5000
493.5000,189.2500,135.0000,97.5000
499.5000,195.2500,135.0000,97.5000
503.5000,189.2500,135.0000,97.5000
493.5000,195.2500,135.0000,97.5000
499.5000,189.2500,135.0000,97.5000
503.5000,195.2500,135.0000,97.5000
507.5000,189.2500,135.0000,97.5000
497.5000,195.2500,135.0000,97.5000
503.5000,189.2500,135.0000,97.5000
507.5000,195.2500,135.0000,97.5000
511.5000,189.2500,135.0000,97.5000
501.5000,195.2500,135.0000,97.5000
507.5000,189.2500,135.0000,97.5000
511.5000,195.2500,135.0000,97.5000
501.5000,189.2500,135.0000,97.5000
507.5000,195.2500,135.0000,97.5000
511.5000,189.2500,135.0000,97.5000
501.5000,195.2500,135.0000,97.5000
507.5000,189.2500,135.0000,97.5000
511.5000,195.2500,135.0000,97.5000
501.5000,189.2500,135.0000,97.5000
507.5000,195.2500,135.0000,97.5000
511.5000,189.2500,135.0000,97.5000
515.5000,195.2500,135.0000,97.5000
505.5000,189.2500,135.0000,97.5000
511.5000,195.2500,135.0000,97.5000
515.5000,189.2500,135.0000,97.5000
519.5000,195.2500,135.0000,97.5000
509.5000,189.2500,135.0000,97.5000
515.5000,195.2500,135.0000,97.5000
519.5000,189.2500,135.0000,97.5000
509.5000,195.2500,135.0000,97.5000
515.5000,189.2500,135.0000,97.5000
519.5000,195.2500,135.0000,97.5000
509.5000,199.2500,135.0000,97.5000
515.5000,193.2500,135.0000,97.5000
519.5000,199.2500,135.0000,97.5000
523.5000,193.2500,135.0000,97.5000
513.5000,199.2500,135.0000,97.5000
519.5000,193.2500,135.0000,97.5000
523.5000,199.2500,135.0000,97.5000
513.5000,193.2500,135.0000,97.5000
519.5000,199.2500,135.0000,97.5000
523.5000,193.2500,135.0000,97.5000
513.5000,199.2500,135.0000,97.5000
519.5000,193.2500,135.0000,97.5000
523.5000,199.2500,135.0000,97.5000
527.5000,203.2500,135.0000,97.5000
517.5000,197.2500,135.0000,97.5000
523.5000,203.2500,135.0000,97.5000
527.5000,197.2500,135.0000,97.5000
531.5000,203.2500,135.0000,97.5000
521.5000,197.2500,135.0000,97.5000
527.5000,203.2500,135.0000,97.5000
531.5000,197.2500,135.0000,97.5000
521.5000,203.2500,135.0000,97.5000
527.5000,197.2500,135.0000,97.5000
531.5000,203.2500,135.0000,97.5000
535.5000,197.2500,135.0000,97.5000
525.5000,203.2500,135.0000,97.5000
531.5000,207.2500,135.0000,97.5000
535.5000,201.2500,135.0000,97.5000
539.5000,207.2500,135.0000,97.5000
529.5000,201.2500,135.0000,97.5000
535.5000,207.2500,135.0000,97.5000
539.5000,211.2500,135.0000,97.5000
529.5000,205.2500,135.0000,97.5000
535.5000,211.2500,135.0000,97.5000
539.5000,205.2500,135.0000,97.5000
529.5000,211.2500,135.0000,97.5000
535.5000,215.2500,135.0000,97.5000
539.5000,209.2500,135.0000,97.5000
543.5000,215.2500,135.0000,97.5000
547.5000,209.2500,135.0000,97.5000
537.5000,205.2500,135.0000,97.5000
543.5000,211.2500,135.0000,97.5000
547.5000,205.2500,135.0000,97.5000
537.5000,211.2500,135.0000,97.5000
543.5000,215.2500,135.0000,97.5000
547.5000,219.2500,135.0000,97.5000
537.5000,223.2500,135.0000,97.5000
543.5000,227.2500,135.0000,97.5000
547.5000,221.2500,135.0000,97.5000
537.5000,227.2500,135.0000,97.5000
543.5000,221.2500,135.0000,97.5000
547.5000,227.2500,135.0000,97.5000
551.5000,231.2500,135.0000,97.5000
541.5000,235.2500,135.0000,97.5000
547.5000,229.2500,135.0000,97.5000
551.5000,235.2500,135.0000,97.5000
541.5000,239.2500,135.0000,97.5000
547.5000,233.2500,135.0000,97.5000
551.5000,239.2500,135.0000,97.5000
555.5000,243.2500,135.0000,97.5000
545.5000,237.2500,135.0000,97.5000
551.5000,243.2500,135.0000,97.5000
555.5000,247.2500,135.0000,97.5000
559.5000,251.2500,135.0000,97.5000
549.5000,245.2500,135.0000,97.5000
555.5000,251.2500,135.0000,97.5000
545.5000,255.2500,135.0000,97.5000
551.5000,259.2500,135.0000,97.5000
555.5000,253.2500,135.0000,97.5000
559.5000,259.2500,135.0000,97.5000
549.5000,263.2500,135.0000,97.5000
555.5000,267.2500,135.0000,97.5000
559.5000,271.2500,135.0000,97.5000
549.5000,275.2500,135.0000,97.5000
555.5000,279.2500,135.0000,97.5000
559.5000,273.2500,135.0000,97.5000
563.5000,279.2500,135.0000,97.5000
553.5000,283.2500,135.0000,97.5000
559.5000,287.2500,135.0000,97.5000
563.5000,281.2500,135.0000,97.5000
553.5000,287.2500,135.0000,97.5000
559.5000,291.2500,135.0000,97.5000
563.5000,295.2500,135.0000,97.5000
567.5000,289.2500,135.0000,97.5000
557.5000,295.2500,135.0000,97.5000
563.5000,299.2500,135.0000,97.5000
567.5000,293.2500,135.0000,97.5000
557.5000,299.2500,135.0000,97.5000
563.5000,303.2500,135.0000,97.5000
567.5000,297.2500,135.0000,97.5000
557.5000,303.2500,135.0000,97.5000
563.5000,307.2500,135.0000,97.5000
567.5000,301.2500,135.0000,97.5000
571.5000,307.2500,135.0000,97.5000
561.5000,311.2500,135.0000,97.5000
567.5000,305.2500,135.0000,97.5000
571.5000,311.2500,135.0000,97.5000
575.5000,315.2500,135.0000,97.5000
565.5000,309.2500,135.0000,97.5000
571.5000,315.2500,135.0000,97.5000
561.5000,309.2500,135.0000,97.5000
567.5000,315.2500,135.0000,97.5000
571.5000,319.2500,135.0000,97.5000
561.5000,313.2500,135.0000,97.5000
567.5000,319.2500,135.0000,97.5000
571.5000,323.2500,135.0000,97.5000
575.5000,317.2500,135.0000,97.5000
565.5000,323.2500,135.0000,97.5000
571.5000,327.2500,135.0000,97.5000
575.5000,331.2500,135.0000,97.5000
565.5000,325.2500,135.0000,97.5000
571.5000,331.2500,135.0000,97.5000
575.5000,335.2500,135.0000,97.5000
579.5000,329.2500,135.0000,97.5000
569.5000,335.2500,135.0000,97.5000
575.5000,329.2500,135.0000,97.5000
579.5000,335.2500,135.0000,97.5000
583.5000,339.2500,135.0000,97.5000
573.5000,333.2500,135.0000,97.5000
579.5000,339.2500,135.0000,97.5000
583.5000,333.2500,135.0000,97.5000
573.5000,339.2500,135.0000,97.5000
579.5000,343.2500,135.0000,97.5000
583.5000,337.2500,135.0000,97.5000
587.5000,343.2500,135.0000,97.5000
577.5000,347.2500,135.0000,97.5000
583.5000,341.2500,135.0000,97.5000
587.5000,347.2500,135.0000,97.5000
591.5000,351.2500,135.0000,97.5000
581.5000,345.2500,135.0000,97.5000
587.5000,351.2500,135.0000,97.5000
591.5000,345.2500,135.0000,97.5000
581.5000,351.2500,135.0000,97.5000
587.5000,355.2500,135.0000,97.5000
591.5000,349.2500,135.0000,97.5000
595.5000,355.2500,135.0000,97.5000
585.5000,359.2500,135.0000,97.5000
591.5000,353.2500,135.0000,97.5000
595.5000,359.2500,135.0000,97.5000
599.5000,353.2500,135.0000,97.5000
603.5000,359.2500,135.0000,97.5000
607.5000,363.2500,135.0000,97.5000
597.5000,357.2500,135.0000,97.5000
603.5000,363.2500,135.0000,97.5000
607.5000,357.2500,135.0000,97.5000
597.5000,363.2500,135.0000,97.5000
603.5000,367.2500,135.0000,97.5000
607.5000,361.2500,135.0000,97.5000
611.5000,367.2500,135.0000,97.5000
601.5000,361.2500,135.0000,97.5000
607.5000,367.2500,135.0000,97.5000
611.5000,371.2500,135.0000,97.5000
615.5000,365.2500,135.0000,97.5000
619.5000,371.2500,135.0000,97.5000
609.5000,365.2500,135.0000,97.5000
615.5000,371.2500,135.0000,97.5000
619.5000,365.2500,135.0000,97.5000
609.5000,371.2500,135.0000,97.5000
615.5000,375.2500,135.0000,97.5000
619.5000,369.2500,135.0000,97.5000
623.5000,375.2500,135.0000,97.5000
613.5000,369.2500,135.0000,97.5000
619.5000,375.2500,135.0000,97.5000
609.5000,369.2500,135.0000,97.5000
615.5000,375.2500,135.0000,97.5000
605.5000,369.2500,135.0000,97.5000
611.5000,375.2500,135.0000,97.5000
615.5000,379.2500,135.0000,97.5000
605.5000,373.2500,135.0000,97.5000
611.5000,379.2500,135.0000,97.5000
615.5000,373.2500,135.0000,97.5000
605.5000,379.2500,135.0000,97.5000
625.5000,383.2500,135.0000,97.5000
617.5000,377.2500,135.0000,97.5000
623.5000,383.2500,135.0000,97.5000
613.5000,377.2500,135.0000,97.5000
619.5000,383.2500,135.0000,97.5000
623.5000,387.2500,135.0000,97.5000
613.5000,381.2500,135.0000,97.5000
619.5000,387.2500,135.0000,97.5000
609.5000,381.2500,135.0000,97.5000
615.5000,387.2500,135.0000,97.5000
619.5000,391.2500,135.0000,97.5000
623.5000,385.2500,135.0000,97.5000
613.5000,391.2500,135.0000,97.5000
619.5000,385.2500,135.0000,97.5000
623.5000,391.2500,135.0000,97.5000
613.5000,385.2500,135.0000,97.5000
619.5000,391.2500,135.0000,97.5000
623.5000,395.2500,135.0000,97.5000
627.5000,389.2500,135.0000,97.5000
617.5000,395.2500,135.0000,97.5000
623.5000,389.2500,135.0000,97.5000
627.5000,395.2500,135.0000,97.5000
617.5000,399.2500,135.0000,97.5000
623.5000,393.2500,135.0000,97.5000
627.5000,399.2500,135.0000,97.5000
617.5000,403.2500,135.0000,97.5000
623.5000,397.2500,135.0000,97.5000
627.5000,403.2500,135.0000,97.5000
631.5000,407.2500,135.0000,97.5000
621.5000,401.2500,135.0000,97.5000
627.5000,407.2500,135.0000,97.5000
631.5000,401.2500,135.0000,97.5000
621.5000,407.2500,135.0000,97.5000
627.5000,411.2500,135.0000,97.5000
631.5000,405.2500,135.0000,97.5000
635.5000,411.2500,135.0000,97.5000
625.5000,415.2500,135.0000,97.5000
631.5000,409.2500,135.0000,97.5000
635.5000,415.2500,135.0000,97.5000
625.5000,419.2500,135.0000,97.5000
631.5000,413.2500,135.0000,97.5000
635.5000,419.2500,135.0000,97.5000
639.5000,423.2500,135.0000,97.5000
629.5000,417.2500,135.0000,97.5000
635.5000,423.2500,135.0000,97.5000
639.5000,427.2500,135.0000,97.5000
643.5000,421.2500,135.0000,97.5000
647.5000,427.2500,135.0000,97.5000
651.5000,431.2500,135.0000,97.5000
641.5000,425.2500,135.0000,97.5000
647.5000,431.2500,135.0000,97.5000
637.5000,425.2500,135.0000,97.5000
643.5000,431.2500,135.0000,97.5000
647.5000,425.2500,135.0000,97.5000
637.5000,431.2500,135.0000,97.5000
643.5000,435.2500,135.0000,97.5000
647.5000,429.2500,135.0000,97.5000
651.5000,435.2500,135.0000,97.5000
655.5000,439.2500,135.0000,97.5000
659.5000,433.2500,135.0000,97.5000
649.5000,439.2500,135.0000,97.5000
655.5000,433.2500,135.0000,97.5000
659.5000,439.2500,135.0000,97.5000
649.5000,443.2500,135.0000,97.5000
655.5000,447.2500,135.0000,97.5000
659.5000,441.2500,135.0000,97.5000
649.5000,437.2500,135.0000,97.5000
655.5000,443.2500,135.0000,97.5000
659.5000,437.2500,135.0000,97.5000
649.5000,443.2500,135.0000,97.5000
655.5000,447.2500,135.0000,97.5000
659.5000,451.2500,135.0000,97.5000
663.5000,445.2500,135.0000,97.5000
667.5000,451.2500,135.0000,97.5000
657.5000,445.2500,135.0000,97.5000
663.5000,451.2500,135.0000,97.5000
667.5000,445.2500,135.0000,97.5000
671.5000,451.2500,135.0000,97.5000
661.5000,455.2500,135.0000,97.5000
667.5000,449.2500,135.0000,97.5000
671.5000,455.2500,135.0000,97.5000
661.5000,449.2500,135.0000,97.5000
667.5000,455.2500,135.0000,97.5000
671.5000,459.2500,135.0000,97.5000
675.5000,453.2500,135.0000,97.5000
665.5000,459.2500,135.0000,97.5000
671.5000,453.2500,135.0000,97.5000
675.5000,459.2500,135.0000,97.5000
679.5000,463.2500,135.0000,97.5000
669.5000,457.2500,135.0000,97.5000
675.5000,463.2500,135.0000,97.5000
679.5000,467.2500,135.0000,97.5000
669.5000,461.2500,135.0000,97.5000
675.5000,467.2500,135.0000,97.5000
679.5000,461.2500,135.0000,97.5000
683.5000,467.2500,135.0000,97.5000
673.5000,471.2500,135.0000,97.5000
679.5000,465.2500,135.0000,97.5000
683.5000,471.2500,135.0000,97.5000
673.5000,475.2500,135.0000,97.5000
679.5000,469.2500,135.0000,97.5000
683.5000,475.2500,135.0000,97.5000
687.5000,479.2500,135.0000,97.5000
677.5000,473.2500,135.0000,97.5000
683.5000,479.2500,135.0000,97.5000
687.5000,483.2500,135.0000,97.5000
677.5000,477.2500,135.0000,97.5000
683.5000,483.2500,135.0000,97.5000
687.5000,487.2500,135.0000,97.5000
691.5000,481.2500,135.0000,97.5000
695.5000,487.2500,135.0000,97.5000
685.5000,481.2500,135.0000,97.5000
691.5000,487.2500,135.0000,97.5000
695.5000,491.2500,135.0000,97.5000
685.5000,485.2500,135.0000,97.5000
691.5000,491.2500,135.0000,97.5000
695.5000,485.2500,135.0000,97.5000
699.5000,491.2500,135.0000,97.5000
689.5000,485.2500,135.0000,97.5000
695.5000,491.2500,135.0000,97.5000
699.5000,495.2500,135.0000,97.5000
703.5000,489.2500,135.0000,97.5000
707.5000,495.2500,135.0000,97.5000
711.5000,499.2500,135.0000,97.5000
715.5000,493.2500,135.0000,97.5000
719.5000,499.2500,135.0000,97.5000
695.5000,493.2500,135.0000,97.5000
685.5000,489.2500,135.0000,97.5000
691.5000,495.2500,135.0000,97.5000
695.5000,489.2500,135.0000,97.5000
685.5000,495.2500,135.0000,97.5000
691.5000,489.2500,135.0000,97.5000
695.5000,495.2500,135.0000,97.5000
699.5000,499.2500,135.0000,97.5000
703.5000,493.2500,135.0000,97.5000
707.5000,499.2500,135.0000,97.5000
697.5000,493.2500,135.0000,97.5000
703.5000,489.2500,135.0000,97.5000
707.5000,495.2500,135.0000,97.5000
711.5000,489.2500,135.0000,97.5000
715.5000,495.2500,135.0000,97.5000
705.5000,489.2500,135.0000,97.5000
711.5000,495.2500,135.0000,97.5000
715.5000,489.2500,135.0000,97.5000
719.5000,495.2500,135.0000,97.5000
709.5000,489.2500,135.0000,97.5000
715.5000,495.2500,135.0000,97.5000
705.5000,489.2500,135.0000,97.5000
725.5000,495.2500,135.0000,97.5000
717.5000,489.2500,135.0000,97.5000
709.5000,495.2500,135.0000,97.5000
715.5000,489.2500,135.0000,97.5000
705.5000,485.2500,135.0000,97.5000
711.5000,491.2500,135.0000,97.5000
701.5000,485.2500,135.0000,97.5000
707.5000,491.2500,135.0000,97.5000
697.5000,485.2500,135.0000,97.5000
703.5000,491.2500,135.0000,97.5000
707.5000,485.2500,135.0000,97.5000
711.5000,491.2500,135.0000,97.5000
715.5000,485.2500,135.0000,97.5000
705.5000,481.2500,135.0000,97.5000
711.5000,487.2500,135.0000,97.5000
715.5000,481.2500,135.0000,97.5000
719.5000,487.2500,135.0000,97.5000
709.5000,481.2500,135.0000,97.5000
715.5000,477.2500,135.0000,97.5000
719.5000,483.2500,135.0000,97.5000
709.5000,477.2500,135.0000,97.5000
701.5000,473.2500,135.0000,97.5000
721.5000,479.2500,135.0000,97.5000
713.5000,473.2500,135.0000,97.5000
705.5000,469.2500,135.0000,97.5000
725.5000,475.2500,135.0000,97.5000
717.5000,469.2500,135.0000,97.5000
709.5000,465.2500,135.0000,97.5000
715.5000,471.2500,135.0000,97.5000
719.5000,465.2500,135.0000,97.5000
709.5000,461.2500,135.0000,97.5000
715.5000,467.2500,135.0000,97.5000
719.5000,461.2500,135.0000,97.5000
737.5000,467.2500,135.0000,97.5000
