1
533.9919,435.9767,19.0161,55.0467
537.9023,433.7174,19.1953,55.5652
541.9373,432.8184,19.1255,55.3632
545.8530,431.5745,19.2940,55.8511
550.8463,429.5550,19.3075,55.8900
552.9427,428.8342,19.1145,55.3316
556.0255,428.0738,18.9490,54.8524
557.0325,427.0939,18.9351,54.8121
559.0292,426.0845,18.9416,54.8311
559.0135,426.0391,18.9730,54.9219
559.0471,424.1362,18.9059,54.7277
560.0714,424.2065,18.8573,54.5870
561.1262,422.3654,18.7475,54.2691
561.1126,422.3260,18.7747,54.3479
560.0937,420.2712,18.8126,54.4577
560.0749,419.2167,18.8503,54.5665
559.0867,418.2509,18.8266,54.4981
556.9850,416.9565,19.0300,55.0869
555.9648,415.8980,19.0705,55.2039
552.8131,414.4590,19.3738,56.0820
550.7779,413.3571,19.4442,56.2858
548.7578,412.2987,19.4845,56.4026
545.6801,411.0739,19.6399,56.8523
541.5443,409.6808,19.9114,57.6383
537.6237,408.9106,19.7527,57.1789
533.5011,407.5558,19.9978,57.8885
530.4620,405.4426,20.0760,58.1148
526.6141,405.8828,19.7719,57.2344
524.6313,404.9328,19.7373,57.1344
521.5527,403.7050,19.8947,57.5899
518.5320,402.6454,19.9359,57.7092
516.5007,401.5545,19.9987,57.8909
512.5148,400.5956,19.9703,57.8089
509.4880,400.5178,20.0241,57.9644
504.4283,399.3451,20.1434,58.3097
500.4634,399.4468,20.0731,58.1064
496.4431,398.3878,20.1139,58.2243
492.3629,398.1557,20.2742,58.6885
488.2975,396.9665,20.4050,59.0671
482.2631,396.8669,20.4738,59.2662
477.2640,395.8695,20.4719,59.2609
472.1943,395.6677,20.6114,59.6647
467.1443,395.5229,20.7115,59.9543
461.0962,394.3837,20.8076,60.2326
454.0768,393.3274,20.8465,60.3452
448.0721,393.3140,20.8558,60.3721
443.0411,393.2243,20.9177,60.5514
438.0344,392.2049,20.9312,60.5902
431.9736,392.0287,21.0529,60.9425
423.9257,390.8901,21.1486,61.2198
418.9802,391.0479,21.0396,60.9041
413.9841,390.0592,21.0318,60.8816
407.9389,389.9284,21.1222,61.1431
402.9790,389.0444,21.0420,60.9112
394.9788,388.0440,21.0423,60.9120
389.9846,388.0609,21.0307,60.8783
383.9757,388.0350,21.0485,60.9299
379.0230,387.1718,20.9541,60.6565
373.0319,387.1975,20.9362,60.6049
364.9907,386.0783,21.0186,60.8433
360.0234,386.1729,20.9533,60.6542
355.0714,386.3119,20.8572,60.3762
349.0645,385.2920,20.8710,60.4159
344.1023,385.4013,20.7954,60.1973
338.0962,384.3838,20.8076,60.2325
333.1775,383.6190,20.6450,59.7620
329.2095,383.7117,20.5810,59.5766
325.2265,383.7610,20.5470,59.4781
320.2586,382.8540,20.4827,59.2920
314.2158,382.7299,20.5684,59.5402
310.2309,381.7737,20.5382,59.4527
305.2456,381.8162,20.5088,59.3677
301.3075,381.9953,20.3850,59.0093
297.3405,382.0909,20.3190,58.8182
290.2608,380.8603,20.4783,59.2793
286.3374,380.0820,20.3252,58.8360
282.3572,380.1392,20.2857,58.7217
277.3349,379.0747,20.3302,58.8507
273.4103,379.2931,20.1793,58.4139
267.2982,377.9685,20.4036,59.0630
263.3416,378.0942,20.3167,58.8116
259.3784,377.2005,20.2433,58.5990
254.4273,377.3420,20.1455,58.3159
250.4499,377.4076,20.1002,58.1849
245.4170,376.3124,20.1660,58.3753
241.4169,375.3120,20.1663,58.3760
237.4044,375.2759,20.1912,58.4482
233.4102,374.2926,20.1796,58.4148
229.4147,374.3058,20.1705,58.3884
222.2845,372.9287,20.4311,59.1425
217.2760,372.9042,20.4480,59.1915
212.2914,371.9489,20.4172,59.1023
207.3039,370.9850,20.3922,59.0300
203.3295,371.0592,20.3409,58.8816
196.2111,369.7164,20.5778,59.5672
191.1942,369.6675,20.6116,59.6650
186.2211,368.7454,20.5577,59.5092
181.2192,368.7399,20.5615,59.5202
176.2600,367.8579,20.4800,59.2841
170.2197,367.7413,20.5606,59.5175
165.1794,367.6246,20.6412,59.7509
160.2154,366.7287,20.5693,59.5426
155.2308,365.7734,20.5384,59.4532
150.2402,365.8007,20.5195,59.3986
144.2331,364.7799,20.5339,59.4402
139.2512,363.8323,20.4976,59.3353
134.2630,363.8665,20.4740,59.2669
129.3160,364.0201,20.3679,58.9597
124.3275,363.0532,20.3451,58.8936
118.3267,363.0508,20.3467,58.8983
113.3134,363.0124,20.3733,58.9752
108.3347,362.0742,20.3305,58.8515
103.3359,361.0776,20.3282,58.8449
99.3485,361.1140,20.3030,58.7720
96.4165,361.3109,20.1670,58.3783
95.3984,360.2585,20.2032,58.4829
93.4007,360.2651,20.1987,58.4698
92.4021,360.2693,20.1957,58.4613
90.3959,360.2512,20.2083,58.4976
88.4125,359.2995,20.1749,58.4011
87.3990,359.2603,20.2020,58.4794
86.4031,359.2721,20.1938,58.4557
84.3499,359.1182,20.3001,58.7636
83.3894,359.2324,20.2213,58.5352
81.4039,358.2743,20.1923,58.4514
79.4307,357.3521,20.1386,58.2958
78.4289,357.3468,20.1422,58.3064
77.4726,357.4734,20.0548,58.0533
76.5006,356.5544,19.9988,57.8913
76.5411,355.6717,19.9177,57.6566
77.5694,355.7535,19.8612,57.4930
78.5947,355.8266,19.8107,57.3467
80.5834,355.7942,19.8331,57.4117
83.5816,355.7887,19.8369,57.4226
85.5995,354.8406,19.8010,57.3188
88.6296,354.9278,19.7408,57.1445
89.6614,355.0198,19.6772,56.9603
93.7035,355.1417,19.5930,56.7166
100.7555,354.2921,19.4891,56.4157
107.7481,354.2708,19.5038,56.4585
112.7613,353.3091,19.4773,56.3817
117.7392,352.2451,19.5216,56.5098
122.6581,352.0102,19.6838,56.9795
127.6754,352.0605,19.6491,56.8791
134.6374,350.9503,19.7253,57.0995
139.6669,351.0356,19.6663,56.9287
145.6531,349.9959,19.6938,57.0082
150.6690,349.0419,19.6620,56.9163
156.6923,349.1094,19.6153,56.7812
163.6903,349.1035,19.6194,56.7929
169.6972,348.1234,19.6056,56.7531
174.7827,348.3710,19.4346,56.2580
179.8030,347.4298,19.3940,56.1404
188.8143,347.4623,19.3715,56.0753
201.8064,346.4396,19.3872,56.1208
211.7852,345.3782,19.4296,56.2435
221.7801,345.3634,19.4398,56.2731
232.7978,344.4146,19.4045,56.1708
242.7581,344.2999,19.4837,56.4002
256.7769,344.3540,19.4463,56.2920
266.7950,344.4065,19.4100,56.1869
276.7992,344.4186,19.4017,56.1627
286.8263,345.4973,19.3473,56.0055
297.8263,345.4970,19.3475,56.0059
309.7894,346.3903,19.4212,56.2194
316.8374,346.5293,19.3252,55.9413
324.9092,347.7373,19.1815,55.5255
332.0119,349.0344,18.9762,54.9311
340.0737,350.2134,18.8525,54.5731
350.1248,351.3614,18.7503,54.2772
357.2181,352.6314,18.5638,53.7372
365.3163,353.9157,18.3674,53.1687
373.4091,355.1843,18.1818,52.6314
380.4842,356.4016,18.0316,52.1968
390.4581,357.3260,18.0838,52.3479
393.5118,360.4816,17.9764,52.0368
395.5940,363.7195,17.8120,51.5610
397.6678,365.9331,17.6644,51.1338
399.7502,369.1715,17.4997,50.6570
402.7473,373.1632,17.5054,50.6736
404.8025,376.3230,17.3950,50.3540
407.8318,378.4078,17.3364,50.1845
411.8632,380.4986,17.2737,50.0028
414.9001,382.6057,17.1997,49.7886
418.9402,385.7216,17.1196,49.5567
422.0021,387.9008,16.9958,49.1985
424.0670,390.0889,16.8659,48.8223
427.0787,392.1226,16.8426,48.7548
429.1318,394.2762,16.7364,48.4475
431.1890,397.4419,16.6220,48.1163
433.2474,399.6109,16.5052,47.7782
434.2928,401.7424,16.4143,47.5152
435.3054,403.7788,16.3892,47.4423
437.3098,405.7914,16.3805,47.4172
439.3291,407.8473,16.3419,47.3054
440.3602,409.9374,16.2796,47.1252
442.3530,410.9165,16.2941,47.1670
443.3772,412.9867,16.2456,47.0267
445.3940,415.0353,16.2120,46.9294
447.4339,417.1506,16.1323,46.6987
449.4221,418.1165,16.1558,46.7669
450.4362,420.1575,16.1276,46.6851
451.4488,420.1940,16.1024,46.6121
451.4475,420.1901,16.1050,46.6197
451.4514,419.2015,16.0972,46.5970
451.4831,419.2932,16.0338,46.4137
450.5170,418.3914,15.9660,46.2173
450.5264,418.4185,15.9472,46.1631
451.5349,417.4430,15.9303,46.1141
451.5663,416.5342,15.8673,45.9316
452.6304,416.7196,15.7392,45.5607
455.6758,415.8510,15.6484,45.2980
459.6931,415.9012,15.6137,45.1976
464.7150,414.9645,15.5700,45.0709
472.8013,414.2142,15.3975,44.5717
478.8940,414.4827,15.2120,44.0347
485.9483,414.6397,15.1034,43.7205
493.0138,414.8294,14.9724,43.3413
501.0642,414.9754,14.8716,43.0493
511.0855,415.0371,14.8289,42.9258
518.1353,415.1811,14.7294,42.6378
526.1714,415.2856,14.6572,42.4288
535.1926,415.3470,14.6148,42.3060
543.2533,415.5227,14.4934,41.9546
555.2557,413.5297,14.4886,41.9405
563.3245,413.7288,14.3510,41.5425
572.3939,412.9295,14.2123,41.1409
581.4634,411.1309,14.0732,40.7383
590.5264,410.3134,13.9471,40.3732
602.5797,409.4673,13.8408,40.0654
610.5887,408.4937,13.8226,40.0127
618.5824,407.4754,13.8351,40.0491
626.5663,406.4290,13.8673,40.1421
634.5669,404.4305,13.8662,40.1390
644.5927,403.5052,13.8146,39.9897
652.6020,401.5321,13.7960,39.9358
658.5529,399.3901,13.8941,40.2198
665.5259,397.3119,13.9481,40.3762
671.5024,396.2437,13.9953,40.5126
679.4850,394.1934,14.0300,40.6132
682.4408,391.0655,14.1184,40.8691
686.4001,388.9478,14.1997,41.1045
690.3580,386.8257,14.2841,41.3487
692.3724,384.8673,14.2553,41.2653
695.3395,382.7723,14.3210,41.4555
697.3124,380.6939,14.3751,41.6122
698.2347,378.4688,14.5307,42.0625
699.1783,375.3055,14.6435,42.3890
699.1036,373.0895,14.7927,42.8209
700.0299,369.8759,14.9402,43.2481
700.9965,366.7794,15.0069,43.4411
700.9471,364.6364,15.1057,43.7271
700.9395,362.6142,15.1211,43.7716
700.8865,360.4609,15.2270,44.0783
699.8221,357.2747,15.3557,44.4506
699.8238,355.2793,15.3525,44.4414
699.8306,353.2990,15.3389,44.4021
698.8082,351.2342,15.3836,44.5316
698.8021,349.2165,15.3959,44.5671
697.7726,345.1311,15.4549,44.7378
697.7657,342.1115,15.4684,44.7771
696.7740,340.1353,15.4520,44.7295
695.7601,337.0950,15.4798,44.8100
695.7625,334.1020,15.4750,44.7960
695.7719,331.1291,15.4563,44.7418
694.8212,329.2720,15.3575,44.4559
694.8834,327.4521,15.2331,44.0958
693.9274,326.5792,15.1453,43.8417
692.9620,324.6796,15.0759,43.6408
692.0381,323.8999,14.9237,43.2002
692.1299,323.1656,14.7401,42.6688
692.2289,323.4521,14.5421,42.0957
691.2854,322.6156,14.4292,41.7687
690.3454,322.7892,14.3092,41.4215
689.3646,321.8448,14.2709,41.3104
689.3904,320.9195,14.2193,41.1610
688.4573,321.1132,14.0854,40.7736
688.5011,321.2400,13.9978,40.5200
687.5090,320.2629,13.9820,40.4741
686.5431,320.3616,13.9138,40.2768
686.5618,319.4158,13.8764,40.1684
685.6357,319.6296,13.7286,39.7407
685.6373,319.6341,13.7255,39.7318
684.6430,318.6508,13.7140,39.6983
684.6780,318.7523,13.6439,39.4955
683.6672,318.7210,13.6655,39.5579
683.6891,317.7842,13.6218,39.4315
683.7133,317.8542,13.5735,39.2917
683.7336,316.9130,13.5328,39.1740
683.7632,315.9989,13.4735,39.0022
683.7773,316.0395,13.4454,38.9210
683.7975,315.0980,13.4050,38.8039
684.8073,315.1262,13.3855,38.7476
684.8148,314.1482,13.3703,38.7035
685.8502,313.2506,13.2996,38.4988
686.8849,313.3509,13.2303,38.2982
687.8944,312.3786,13.2112,38.2429
688.9138,312.4348,13.1723,38.1304
690.9379,312.5045,13.1242,37.9911
691.9330,311.4903,13.1340,38.0194
692.9647,310.5821,13.0706,37.8358
693.9963,310.6735,13.0074,37.6531
694.9957,310.6716,13.0087,37.6568
695.9676,309.5903,13.0649,37.8193
694.9641,308.5801,13.0719,37.8398
694.9796,308.6251,13.0408,37.7498
694.9815,308.6307,13.0370,37.7386
693.9749,307.6115,13.0502,37.7769
693.9785,307.6221,13.0429,37.7558
692.9525,306.5466,13.0951,37.9069
692.9808,306.6286,13.0384,37.7427
691.9868,306.6459,13.0264,37.7081
690.9711,305.6005,13.0578,37.7989
691.0040,305.6958,12.9920,37.6084
689.9893,304.6533,13.0213,37.6934
690.0197,304.7413,12.9605,37.5174
689.0198,304.7414,12.9605,37.5172
689.0404,303.8012,12.9192,37.3976
688.0605,303.8594,12.8790,37.2813
688.0933,303.9543,12.8134,37.0914
688.1407,304.0916,12.7185,36.8167
687.1800,304.2053,12.6400,36.5894
687.2349,304.3642,12.5302,36.2715
687.2654,304.4524,12.4693,36.0953
687.2724,304.4727,12.4552,36.0547
686.2652,303.4519,12.4696,36.0961
686.3375,303.6613,12.3249,35.6774
687.3777,303.7777,12.2445,35.4447
686.3735,303.7653,12.2531,35.4695
686.4039,303.8535,12.1921,35.2930
686.4282,303.9237,12.1436,35.1526
686.4423,303.9646,12.1154,35.0708
686.4507,303.9889,12.0986,35.0222
686.4339,303.9402,12.1322,35.1196
685.4343,303.9414,12.1314,35.1172
685.4299,302.9287,12.1402,35.1427
685.4562,303.0049,12.0875,34.9901
685.4453,302.9730,12.1096,35.0540
684.4222,302.9062,12.1557,35.1875
683.4206,302.9016,12.1589,35.1967
683.4204,302.9011,12.1592,35.1977
682.4331,302.9379,12.1338,35.1242
682.4373,302.9500,12.1255,35.1001
681.4290,302.9261,12.1420,35.1478
680.4492,303.9845,12.1016,35.0310
680.4544,303.9997,12.0911,35.0007
680.4286,302.9250,12.1427,35.1499
679.4029,302.8505,12.1942,35.2990
679.3923,302.8198,12.2154,35.3604
678.3721,302.7614,12.2557,35.4772
678.3474,302.6898,12.3052,35.6203
677.3503,302.6982,12.2994,35.6035
677.3489,303.6943,12.3021,35.6114
677.3254,303.6260,12.3493,35.7480
676.2931,303.5325,12.4139,35.9349
676.2969,303.5436,12.4062,35.9128
675.2976,303.5457,12.4048,35.9087
675.2993,303.5504,12.4015,35.8992
674.2946,303.5368,12.4109,35.9264
674.2918,303.5290,12.4163,35.9421
673.2820,303.5004,12.4361,35.9991
673.2786,303.4908,12.4427,36.0184
672.2645,303.4499,12.4710,36.1002
672.2684,303.4610,12.4633,36.0780
671.2448,303.3928,12.5104,36.2144
671.2561,303.4255,12.4879,36.1490
671.2545,303.4209,12.4910,36.1583
670.2736,303.4763,12.4527,36.0474
670.2917,303.5285,12.4166,35.9429
669.3048,303.5666,12.3904,35.8668
669.3281,303.6339,12.3439,35.7323
669.3429,304.6768,12.3142,35.6464
669.3109,304.5843,12.3781,35.8315
668.2704,304.4671,12.4591,36.0657
668.2665,304.4557,12.4670,36.0886
668.2548,304.4217,12.4905,36.1567
667.2341,304.3619,12.5317,36.2761
667.2245,304.3342,12.5509,36.3316
666.2206,304.3230,12.5587,36.3541
666.2117,304.2970,12.5766,36.4060
665.2050,304.2776,12.5901,36.4449
665.2358,304.3669,12.5283,36.2661
664.2182,304.3158,12.5637,36.3685
664.2050,304.2776,12.5900,36.4448
663.1755,303.1923,12.6490,36.6154
663.1815,303.2097,12.6369,36.5805
663.1800,303.2053,12.6400,36.5894
662.1525,302.1255,12.6951,36.7490
661.1876,302.2271,12.6249,36.5457
661.2224,302.3279,12.5553,36.3443
660.2342,302.3622,12.5316,36.2757
660.2640,303.4485,12.4720,36.1031
659.2548,303.4217,12.4905,36.1566
659.2602,303.4374,12.4796,36.1252
659.2392,303.3766,12.5217,36.2469
658.2324,303.3570,12.5351,36.2859
658.2346,303.3632,12.5309,36.2736
658.2245,303.3341,12.5510,36.3318
657.2173,303.3133,12.5654,36.3735
657.1971,304.2550,12.6057,36.4901
656.1609,304.1500,12.6782,36.6999
656.1530,304.1270,12.6941,36.7460
656.1663,304.1657,12.6673,36.6686
655.1722,304.1825,12.6557,36.6349
655.1422,305.0958,12.7156,36.8084
655.1346,305.0739,12.7308,36.8522
655.1292,305.0580,12.7417,36.8840
655.1045,304.9867,12.7910,37.0266
655.0952,304.9597,12.8097,37.0806
655.0894,304.9431,12.8211,37.1138
655.0698,304.8862,12.8605,37.2277
654.0497,304.8283,12.9005,37.3434
654.0612,304.8613,12.8777,37.2775
654.0602,304.8584,12.8796,37.2832
654.0371,304.7916,12.9258,37.4169
654.0400,304.8001,12.9199,37.3998
654.0458,304.8169,12.9084,37.3663
654.0589,305.8548,12.8822,37.2905
654.0180,305.7363,12.9640,37.5275
653.9904,305.6565,13.0192,37.6871
653.9809,306.6289,13.0382,37.7422
653.9412,306.5138,13.1177,37.9723
653.9328,306.4897,13.1343,38.0205
653.9294,307.4800,13.1411,38.0400
653.8997,307.3938,13.2006,38.2123
653.8941,307.3777,13.2118,38.2446
653.8803,308.3377,13.2394,38.3245
654.8502,308.2504,13.2997,38.4992
654.8251,308.1779,13.3498,38.6441
654.8297,308.1913,13.3406,38.6175
654.8225,308.1704,13.3550,38.6591
654.8287,308.1884,13.3425,38.6231
654.8199,308.1628,13.3603,38.6745
654.8073,308.1262,13.3855,38.7476
655.7803,308.0484,13.4393,38.9032
655.7278,307.8963,13.5444,39.2075
654.6949,307.8011,13.6102,39.3979
654.7064,307.8344,13.5871,39.3311
654.7139,307.8559,13.5723,39.2881
654.7153,308.8600,13.5695,39.2800
654.7015,308.8202,13.5970,39.3596
654.6912,308.7902,13.6177,39.4197
654.6984,309.8110,13.6033,39.3780
654.6600,309.7000,13.6800,39.6000
654.6512,310.6745,13.6976,39.6510
654.5997,310.5255,13.8005,39.9489
654.5608,310.4129,13.8784,40.1742
654.5433,310.3621,13.9134,40.2757
654.5312,310.3271,13.9377,40.3458
654.5430,310.3613,13.9140,40.2774
654.5355,311.3397,13.9289,40.3206
654.5143,311.2784,13.9713,40.4433
654.4978,311.2305,14.0044,40.5391
654.4915,311.2123,14.0169,40.5754
654.4780,311.1732,14.0439,40.6535
654.4613,311.1248,14.0774,40.7504
654.4847,311.1926,14.0306,40.6148
654.5092,311.2634,13.9816,40.4731
654.5375,312.3454,13.9250,40.3092
654.5558,313.3986,13.8883,40.2029
654.5348,313.3375,13.9304,40.3249
654.5582,314.4052,13.8836,40.1895
654.5477,314.3749,13.9046,40.2502
654.5512,315.3850,13.8976,40.2299
654.4923,315.2146,14.0154,40.5708
654.4105,314.9777,14.1791,41.0447
654.3723,314.8671,14.2555,41.2658
654.3339,314.7561,14.3321,41.4878
654.2849,313.6141,14.4303,41.7718
654.2738,313.5820,14.4524,41.8360
654.2797,313.5993,14.4405,41.8015
654.2785,313.5956,14.4430,41.8088
654.2875,314.6218,14.4250,41.7565
654.2690,314.5681,14.4621,41.8639
654.2927,314.6367,14.4147,41.7267
655.3232,315.7251,14.3536,41.5499
655.3589,316.8284,14.2822,41.3432
656.3688,316.8570,14.2625,41.2861
657.3918,317.9238,14.2163,41.1524
658.3544,317.8154,14.2912,41.3692
658.2880,317.6230,14.4241,41.7539
659.2075,317.3901,14.5850,42.2199
660.1888,317.3359,14.6224,42.3281
661.1918,317.3445,14.6165,42.3109
663.1883,317.3345,14.6234,42.3309
665.1837,318.3212,14.6326,42.3576
666.1804,318.3117,14.6392,42.3765
667.1634,319.2625,14.6732,42.4750
668.1334,319.1758,14.7331,42.6485
671.1042,320.0912,14.7916,42.8176
672.0702,319.9926,14.8596,43.0147
675.0367,320.8958,14.9266,43.2084
677.0307,320.8784,14.9386,43.2432
678.9911,321.7638,15.0177,43.4724
681.9976,322.7824,15.0049,43.4352
683.9517,322.6496,15.0966,43.7008
685.9371,323.6074,15.1258,43.7853
686.9066,324.5191,15.1868,43.9618
687.8634,324.3940,15.2732,44.2120
689.8180,325.2627,15.3640,44.4746
690.8043,325.2228,15.3915,44.5544
691.8121,326.2454,15.3759,44.5091
692.8113,326.2433,15.3774,44.5134
693.8224,327.2753,15.3552,44.4493
694.8492,327.3531,15.3015,44.2937
694.8816,328.4467,15.2368,44.1066
694.8879,329.4651,15.2241,44.0697
694.8661,329.4020,15.2677,44.1959
694.8537,329.3661,15.2925,44.2679
694.8575,330.3769,15.2851,44.2462
694.8251,330.2831,15.3499,44.4339
694.7955,331.1975,15.4090,44.6050
695.7435,331.0470,15.5130,44.9061
694.7174,330.9715,15.5652,45.0571
695.7274,332.0002,15.5453,44.9996
695.7141,332.9618,15.5718,45.0763
695.6912,332.8955,15.6177,45.2090
695.6541,332.7882,15.6918,45.4235
696.6258,333.7062,15.7484,45.5876
696.5806,333.5755,15.8387,45.8490
696.5808,334.5760,15.8384,45.8481
696.5564,334.5053,15.8872,45.9894
696.5355,334.4448,15.9290,46.1104
697.5454,335.4735,15.9092,46.0529
697.4985,336.3378,16.0030,46.3244
697.4622,336.2327,16.0756,46.5346
697.4381,337.1629,16.1238,46.6742
698.4034,337.0626,16.1931,46.8749
698.3893,338.0217,16.2214,46.9566
699.3577,337.9300,16.2847,47.1400
699.3336,337.8603,16.3329,47.2794
700.3152,337.8072,16.3696,47.3856
700.2881,337.7286,16.4239,47.5428
700.3032,338.7724,16.3936,47.4551
701.2676,338.6696,16.4647,47.6609
701.2731,339.6852,16.4539,47.6296
702.2501,339.6188,16.4997,47.7624
702.2529,340.6269,16.4942,47.7462
703.2480,341.6125,16.5041,47.7750
704.2306,342.5622,16.5389,47.8756
705.2086,342.4986,16.5828,48.0028
706.1919,342.4502,16.6162,48.0995
706.2056,343.4900,16.5887,48.0200
707.1680,343.3811,16.6639,48.2377
708.1461,344.3176,16.7078,48.3648
709.0921,344.1614,16.8158,48.6772
710.0625,344.0756,16.8750,48.8488
711.0792,345.1241,16.8416,48.7519
712.0717,345.1022,16.8567,48.7957
713.1038,346.1953,16.7923,48.6093
714.0981,347.1786,16.8038,48.6427
715.0825,347.1334,16.8351,48.7333
715.0762,348.1155,16.8475,48.7690
716.0646,349.0817,16.8708,48.8366
717.0019,348.9002,16.9962,49.1996
717.9934,348.8757,17.0131,49.2485
718.9907,349.8679,17.0186,49.2642
718.9671,349.7995,17.0658,49.4009
719.9264,350.6816,17.1473,49.6368
720.8741,351.5304,17.2517,49.9392
721.8048,351.3298,17.3903,50.3404
722.7776,352.2511,17.4447,50.4977
723.7657,352.2165,17.4686,50.5670
724.7733,353.2384,17.4534,50.5231
725.7635,354.2102,17.4730,50.5797
725.7320,354.1190,17.5360,50.7620
727.6911,354.0006,17.6178,50.9988
727.7156,355.0714,17.5689,50.8573
728.6830,354.9773,17.6339,51.0455
729.6464,355.8712,17.7072,51.2576
730.6040,355.7485,17.7919,51.5030
731.5742,356.6621,17.8516,51.6758
732.5651,357.6360,17.8697,51.7281
733.5344,357.5468,17.9313,51.9064
734.5262,358.5233,17.9476,51.9535
734.5176,359.4982,17.9649,52.0036
735.5021,360.4534,17.9959,52.0933
736.4676,360.3535,18.0649,52.2931
736.4639,361.3427,18.0723,52.3145
737.4248,362.2298,18.1503,52.5404
738.4022,362.1642,18.1957,52.6717
739.3865,363.1189,18.2270,52.7623
739.3745,364.0841,18.2510,52.8318
740.3436,364.9945,18.3129,53.0109
741.3018,365.8736,18.3964,53.2527
742.2839,365.8217,18.4323,53.3567
743.2908,366.8418,18.4184,53.3164
743.2583,367.7477,18.4834,53.5046
744.2141,367.6196,18.5719,53.7609
745.2040,368.5905,18.5920,53.8190
746.1528,369.4422,18.6945,54.1156
747.1233,370.3569,18.7534,54.2861
748.1013,371.2931,18.7975,54.4139
749.0518,371.1500,18.8964,54.7000
750.0520,372.1506,18.8959,54.6988
752.0052,373.0151,18.9896,54.9698
752.9695,373.9118,19.0609,55.1763
753.9167,373.7591,19.1665,55.4819
754.8698,374.6232,19.2604,55.7537
756.7961,375.4097,19.4079,56.1806
757.7596,376.3043,19.4807,56.3914
758.7045,376.1447,19.5909,56.7105
759.6850,377.0882,19.6300,56.8237
760.6597,378.0149,19.6806,56.9702
761.6121,379.8770,19.7759,57.2461
762.5661,380.7440,19.8678,57.5120
763.5104,381.5826,19.9793,57.8347
764.4819,382.5003,20.0361,57.9994
765.4647,383.4503,20.0707,58.0995
765.4648,384.4509,20.0703,58.0983
766.4399,385.3785,20.1203,58.2429
766.3765,386.1953,20.2469,58.6094
767.3324,387.0675,20.3352,58.8651
768.2630,386.8666,20.4740,59.2668
769.2238,387.7529,20.5525,59.4941
769.2087,388.7093,20.5826,59.5814
770.1506,389.5414,20.6987,59.9173
771.0895,390.3642,20.8211,60.2716
772.0762,391.3258,20.8476,60.3484
775.0628,392.2871,20.8744,60.4259
776.0620,393.2848,20.8760,60.4305
779.0911,394.3690,20.8178,60.2620
780.1039,395.4061,20.7922,60.1878
782.1470,396.5306,20.7061,59.9387
784.1733,397.6068,20.6535,59.7863
786.1797,398.6255,20.6405,59.7490
788.1603,399.5692,20.6795,59.8617
790.1140,400.4353,20.7720,60.1294
792.0485,401.2458,20.9029,60.5085
793.9563,402.9787,21.0874,61.0425
795.8945,403.7999,21.2110,61.4002
796.8652,404.7151,21.2695,61.5697
798.8873,405.7790,21.2254,61.4420
800.9305,406.9042,21.1389,61.1916
801.9101,407.8450,21.1798,61.3099
802.9283,408.8977,21.1434,61.2047
804.9520,409.9662,21.0961,61.0675
805.8989,410.8127,21.2021,61.3746
806.8428,411.6503,21.3144,61.6995
808.7991,413.5237,21.4018,61.9526
809.7540,414.3933,21.4919,62.2134
810.6964,416.2264,21.6072,62.5471
811.6595,417.1195,21.6810,62.7609
813.6494,418.0905,21.7011,62.8190
814.5891,419.9158,21.8218,63.1683
815.6160,420.9936,21.7680,63.0127
816.6669,421.1410,21.6662,62.7180
817.6870,422.1993,21.6259,62.6014
818.7216,422.2994,21.5567,62.4011
818.6826,427.1865,21.6348,62.6270
821.6772,425.1709,21.6455,62.6582
822.5858,426.9061,21.8285,63.1879
823.5132,427.6960,21.9737,63.6080
824.4474,428.5058,22.1051,63.9884
824.3875,433.3322,22.2251,64.3357
827.4423,431.4910,22.1153,64.0180
828.4078,432.3910,22.1844,64.2181
829.3690,433.2788,22.2619,64.4425
830.2938,434.0610,22.4124,64.8780
831.2369,434.8962,22.5263,65.2076
831.1976,439.7823,22.6049,65.4353
834.2254,437.8631,22.5492,65.2739
834.1707,438.7047,22.6586,65.5906
835.1132,439.5383,22.7735,65.9233
836.0137,441.2501,22.9726,66.4998
836.9474,442.0583,23.1052,66.8835
836.8699,443.8338,23.2603,67.3325
837.8375,444.7403,23.3249,67.5195
838.7961,444.6204,23.4077,67.7593
839.7086,446.3671,23.5828,68.2659
840.7006,447.3440,23.5987,68.3120
841.6740,447.2668,23.6520,68.4664
842.5852,448.0098,23.8296,68.9805
843.5347,449.8635,23.9307,69.2731
844.4968,451.7538,24.0064,69.4923
845.4637,452.6580,24.0726,69.6840
846.4107,454.5047,24.1786,69.9906
847.3819,454.4213,24.2362,70.1574
847.3162,459.2310,24.3677,70.5380
850.2698,458.0969,24.4603,70.8062
851.2268,459.9723,24.5464,71.0554
852.2167,460.9432,24.5665,71.1136
854.1854,461.8524,24.6292,71.2951
855.1155,463.6501,24.7690,71.6997
857.0470,465.4518,24.9060,72.0964
857.9860,466.2751,25.0281,72.4499
859.9536,468.1813,25.0929,72.6375
860.8965,469.0164,25.2068,72.9672
862.8448,470.8667,25.3103,73.2666
863.8050,471.7512,25.3901,73.4976
864.8015,472.7411,25.3971,73.5178
866.7817,474.6841,25.4365,73.6319
867.7787,475.6753,25.4425,73.6495
869.7668,476.6409,25.4663,73.7183
871.7377,477.5564,25.5247,73.8872
873.7396,478.5619,25.5209,73.8763
875.7053,479.4628,25.5893,74.0743
877.6393,480.2717,25.7214,74.4566
878.5588,481.0387,25.8823,74.9226
881.4960,482.8569,26.0080,75.2862
883.4379,483.6886,26.1242,75.6227
885.4015,484.5832,26.1970,75.8335
887.3417,486.4103,26.3165,76.1793
889.3107,487.3206,26.3785,76.3589
893.2872,489.2526,26.4255,76.4949
895.2652,490.1888,26.4696,76.6224
895.2261,496.0754,26.5479,76.8492
900.1725,493.9205,26.6549,77.1589
903.1316,495.8019,26.7369,77.3962
906.1771,497.9339,26.6457,77.1323
909.1649,499.8984,26.6702,77.2033
912.0883,501.6767,26.8234,77.6467
915.0278,503.5014,26.9445,77.9971
916.9623,503.3120,27.0753,78.3760
920.9506,504.2780,27.0988,78.4440
923.9110,505.1635,27.1779,78.6730
926.8589,506.0126,27.2822,78.9747
930.7906,506.8150,27.4187,79.3700
933.6907,507.5258,27.6185,79.9483
938.6326,508.3576,27.7347,80.2847
941.5059,508.9909,27.9881,81.0182
944.4395,509.7986,28.1209,81.4027
948.3934,510.6652,28.2132,81.6697
950.3215,511.4570,28.3570,82.0860
955.2678,513.3014,28.4645,82.3973
958.1417,513.9365,28.7166,83.1271
961.0789,514.7547,28.8422,83.4906
962.9793,515.4664,29.0414,84.0673
965.9075,515.2585,29.1851,84.4831
968.8067,515.9669,29.3865,85.0663
970.7510,516.8054,29.4981,85.3892
973.7449,517.7878,29.5102,85.4243
975.6771,517.5917,29.6457,85.8166
977.5967,518.3589,29.8065,86.2821
980.5939,518.3507,29.8123,86.2986
983.5635,518.2629,29.8729,86.4742
984.4710,517.9950,30.0580,87.0100
984.3090,516.5259,30.3821,87.9482
984.2299,515.2970,30.5403,88.4060
985.1636,514.1053,30.6727,88.7893
985.0865,513.8821,30.8269,89.2358
985.0171,513.6810,30.9658,89.6380
984.8638,512.2372,31.2724,90.5255
983.7562,510.9258,31.4876,91.1485
983.7038,509.7742,31.5924,91.4516
982.6638,508.6582,31.6725,91.6837
982.6645,508.6603,31.6710,91.6793
979.6232,508.5407,31.7537,91.9185
981.5612,508.3614,31.8776,92.2772
980.5809,508.4183,31.8382,92.1633
979.6295,508.5589,31.7411,91.8822
977.5758,509.4037,31.8484,92.1926
978.5386,509.2958,31.9229,92.4083
978.5612,508.3615,31.8775,92.2771
979.5573,509.3500,31.8855,92.3001
981.5301,507.2713,31.9398,92.4574
982.3664,506.7975,32.2672,93.4050
984.2801,505.5477,32.4398,93.9046
985.3281,503.6868,32.3437,93.6265
988.3505,502.7515,32.2989,93.4969
989.3737,501.8186,32.2526,93.3627
992.3943,499.8782,32.2114,93.2436
995.5328,497.2792,31.9344,92.4416
997.5989,495.4706,31.8022,92.0589
1001.5584,492.3533,31.8832,92.2934
1005.5543,491.3414,31.8914,92.3172
1008.7336,486.8606,31.5327,91.2787
1010.7308,483.8524,31.5384,91.2953
1015.8495,482.1960,31.3009,90.6080
1022.7304,480.8512,31.5392,91.2975
1029.7152,477.8072,31.5696,91.3857
1036.7290,476.8470,31.5421,91.3060
1042.7313,476.8538,31.5374,91.2924
1047.7798,475.9942,31.4404,91.0117
1056.7543,473.9202,31.4915,91.1596
1062.7800,472.9947,31.4400,91.0105
1068.7999,473.0526,31.4001,90.8949
1075.8094,472.0800,31.3811,90.8399
1081.8494,469.1955,31.3013,90.6089
1087.9236,467.4103,31.1529,90.1793
1093.9453,466.4734,31.1093,90.0532
1099.9519,465.4923,31.0962,90.0154
1106.0182,463.6843,30.9636,89.6314
1112.0336,462.7289,30.9328,89.5423
1119.0331,459.7272,30.9339,89.5455
1125.0894,458.8901,30.8214,89.2198
1130.1528,457.0740,30.6943,88.8519
1135.1578,455.0884,30.6844,88.8232
1139.1267,453.9982,30.7467,89.0036
1145.2325,452.3049,30.5348,88.3903
1149.2620,450.3897,30.4762,88.2206
1154.2751,448.4279,30.4498,88.1442
1157.2552,446.3703,30.4896,88.2594
1162.2838,444.4533,30.4323,88.0934
1167.3047,441.5135,30.3907,87.9730
1171.2477,439.3487,30.5045,88.3026
1173.2483,439.3502,30.5035,88.2997
1175.2367,439.3168,30.5266,88.3664
1176.2002,439.2113,30.5995,88.5775
1180.1969,438.2017,30.6061,88.5966
1182.2227,437.2762,30.5546,88.4475
1185.2689,437.4101,30.4621,88.1798
1188.2723,437.4200,30.4553,88.1600
1190.2596,436.3831,30.4808,88.2338
1193.2515,435.3594,30.4972,88.2812
1195.2339,434.3086,30.5323,88.3829
1197.2072,433.2311,30.5858,88.5377
1199.2549,432.3693,30.4903,88.2614
1201.2618,431.3897,30.4762,88.2206
1203.2737,430.4237,30.4527,88.1526
1205.2472,430.3471,30.5056,88.3058
1206.2495,429.3540,30.5009,88.2921
1206.2778,429.4359,30.4443,88.1282
1208.3741,428.7148,30.2516,87.5704
1209.4468,427.9249,30.1064,87.1502
1210.5094,427.1060,29.9813,86.7880
1211.6001,426.3688,29.7997,86.2624
1211.6519,425.5187,29.6962,85.9627
1212.7162,424.7047,29.5677,85.5906
1213.8210,424.0083,29.3579,84.9834
1214.8760,423.1674,29.2480,84.6653
1214.8997,422.2359,29.2007,84.5282
