1
627.1650,317.4725,21.6700,62.0550
623.1511,317.3174,21.7784,62.3653
619.2657,317.4733,21.6695,62.0534
619.3740,317.7835,21.4528,61.4329
615.2541,317.3228,21.7746,62.3544
611.0724,316.8551,22.1012,63.2897
610.9619,316.5387,22.3222,63.9226
606.9033,316.5387,22.3222,63.9226
602.7686,316.3789,22.4338,64.2422
602.8808,316.7001,22.2095,63.5998
598.6913,316.3821,22.4316,64.2358
598.5231,315.9003,22.7680,65.1993
594.2282,315.5743,22.9957,65.8513
590.1255,315.7390,22.8807,65.5221
585.9654,315.7390,22.8807,65.5221
581.9613,316.0666,22.6519,64.8669
578.0744,316.5531,22.3121,63.8939
578.0744,316.5531,22.3121,63.8939
574.0176,316.5531,22.3121,63.8939
569.9609,316.5531,22.3121,63.8939
569.9609,316.5531,22.3121,63.8939
565.6760,316.0739,22.6468,64.8523
565.5627,315.7496,22.8733,65.5008
561.2480,315.4221,23.1020,66.1558
557.2839,315.9183,22.7555,65.1635
553.0690,315.7554,22.8693,65.4893
548.9109,315.7554,22.8693,65.4893
544.9088,316.0828,22.6406,64.8344
540.8695,316.2449,22.5274,64.5102
536.9272,320.6224,22.3021,63.8651
532.6442,320.1434,22.6366,64.8231
528.3741,319.8193,22.8630,65.4713
524.2172,319.8193,22.8630,65.4713
519.8265,315.1090,23.2059,66.4534
515.4490,314.7767,23.4380,67.1179
510.9478,314.2733,23.7896,68.1247
506.6224,314.2733,23.7896,68.1247
506.6224,318.5987,23.7896,68.1247
502.5404,319.1096,23.4327,67.1028
498.0402,318.6064,23.7842,68.1094
493.5536,318.2658,24.0221,68.7905
489.3498,318.6098,23.7818,68.1026
485.1880,318.9503,23.5440,67.4215
480.6664,314.0997,23.8972,68.4329
476.0771,313.5864,24.2556,69.4593
471.8324,313.9337,24.0131,68.7647
467.6301,314.2776,23.7730,68.0771
463.0646,313.7670,24.1296,69.0983
458.8419,314.1125,23.8883,68.4073
454.7429,314.6255,23.5299,67.3812
450.6252,314.9624,23.2946,66.7074
446.3898,319.1978,23.2946,66.7074
446.4480,319.3646,23.1782,66.3738
442.1548,319.1986,23.2941,66.7057
442.2712,315.3392,23.0611,66.0386
442.1559,315.0091,23.2917,66.6990
437.9211,315.0091,23.2917,66.6990
438.0958,311.3380,22.9423,65.6985
438.2679,311.8307,22.5982,64.7131
438.0984,311.3453,22.9372,65.6837
438.2130,311.6738,22.7078,65.0269
442.4501,312.1615,22.3672,64.0515
442.4501,312.1615,22.3672,64.0515
442.6179,312.6418,22.0317,63.0907
446.6236,308.6361,22.0317,63.0907
450.5242,308.1629,22.3622,64.0371
454.5901,304.0971,22.3622,64.0371
454.6460,304.2572,22.2504,63.7169
458.6207,303.9386,22.4729,64.3541
462.6709,303.7777,22.5852,64.6758
462.7274,303.9394,22.4723,64.3525
466.8490,304.1003,22.3599,64.0307
470.9145,304.1003,22.3599,64.0307
470.9704,300.2152,22.2481,63.7106
475.0155,300.2152,22.2481,63.7106
475.1823,300.6931,21.9144,62.7549
479.2714,297.2390,21.5857,61.8136
483.1960,297.2390,21.5857,61.8136
483.1960,297.2390,21.5857,61.8136
487.1207,293.3144,21.5857,61.8136
487.1207,293.3144,21.5857,61.8136
491.0454,293.3144,21.5857,61.8136
491.1533,293.6234,21.3698,61.1954
491.1533,293.6234,21.3698,61.1954
495.0047,289.5656,21.4767,61.5014
498.9438,289.7194,21.3693,61.1939
498.8369,285.4892,21.5830,61.8058
502.6581,285.0257,21.9067,62.7329
502.7129,285.1825,21.7972,62.4193
506.7800,281.7469,21.4702,61.4830
506.6727,281.4395,21.6849,62.0978
510.7189,281.9053,21.3597,61.1663
514.6024,281.9053,21.3597,61.1663
514.7626,282.3640,21.0393,60.2488
518.6884,282.8159,20.7237,59.3451
522.3574,282.3708,21.0345,60.2353
2
0
0
0
0
0
2
0
0
0
0
0
2
0
0
0
0
0
2
0
0
0
0
0
2
0
0
0
0
0
2
0
0
0
0
0
2
0
0
0
0
0
2
0
0
0
0
0
2
0
0
0
0
0
2
0
0
0
0
0
2
0
0
0
0
0
2
0
0
0
0
0
2
0
0
0
0
0
2
0
0
0
0
0
2
0
0
0
0
0
2
0
0
0
0
0
2
0
0
0
0
0
2
0
0
0
0
0
2
0
0
0
0
0
2
0
0
0
0
0
2
0
0
0
0
0
2
0
0
0
0
0
2
0
0
0
0
0
2
0
0
0
0
0
2
0
0
0
0
0
2
0
0
0
0
0
2
0
0
0
0
0
2
0
0
0
0
0
2
0
0
0
0
0
2
0
0
0
0
0
2
0
0
0
0
0
2
0
0
0
0
0
2
0
0
0
0
0
2
0
0
0
0
0
2
0
0
0
0
0
2
0
0
0
0
0
2
0
0
0
0
0
2
0
0
0
0
0
2
0
0
0
0
0
2
0
0
0
0
0
2
0
0
0
0
0
2
0
0
0
0
0
2
0
0
0
0
0
2
0
0
0
0
0
2
0
0
0
0
0
2
0
0
0
0
0
2
0
0
0
0
0
2
0
0
0
0
0
2
0
0
0
0
0
2
0
0
0
0
0
2
0
0
0
0
0
2
0
0
0
0
0
2
0
0
0
0
0
2
0
0
0
0
0
2
0
0
0
0
0
2
0
0
0
0
0
2
0
0
0
0
0
2
0
0
0
0
0
2
0
0
0
0
0
2
0
0
0
0
0
2
0
0
0
0
0
2
0
0
0
0
0
2
0
0
0
0
0
2
0
0
0
0
0
2
0
0
0
0
0
2
0
0
0
0
0
2
0
0
0
0
0
2
0
0
0
0
0
2
0
0
0
0
0
2
0
0
0
0
0
2
0
0
0
0
0
2
0
0
0
0
0
2
0
0
0
0
0
2
0
0
0
0
0
2
0
0
0
0
0
2
0
0
0
0
0
2
0
0
0
0
0
2
0
0
0
0
0
2
0
0
0
0
0
2
0
0
0
0
0
2
0
0
0
0
0
2
0
0
0
0
0
2
0
0
0
0
0
2
0
0
0
0
0
2
0
0
0
0
0
2
0
0
0
0
0
2
0
0
0
0
0
2
0
0
0
0
0
2
0
0
0
0
0
2
0
0
0
0
0
2
0
0
0
0
0
2
0
0
0
0
0
2
0
0
0
0
0
2
0
0
0
0
0
2
0
0
0
0
0
2
0
0
0
0
0
2
0
0
0
0
0
2
0
0
0
0
0
2
0
0
0
0
0
2
0
0
0
0
0
2
0
0
0
0
0
2
0
0
0
0
0
2
0
0
0
0
0
2
0
0
0
0
0
2
0
0
0
0
0
2
0
0
0
0
0
2
0
0
0
0
0
2
0
0
0
0
0
2
0
0
0
0
0
2
0
0
0
0
0
2
0
0
0
0
0
2
0
0
0
0
0
2
0
0
0
0
0
2
0
0
0
0
0
2
0
0
0
0
0
2
0
0
0
0
0
2
0
0
0
0
0
2
0
0
0
0
0
2
0
0
0
0
0
2
0
0
0
0
0
2
0
0
0
0
0
2
0
0
0
0
0
2
0
0
0
0
0
2
0
0
0
0
0
2
0
0
0
0
0
2
0
0
0
0
0
2
0
0
0
0
0
2
0
0
0
0
0
2
0
0
0
0
0
2
0
0
0
0
0
2
0
0
0
0
0
2
0
0
0
0
0
2
0
0
0
0
0
2
0
0
0
0
0
2
0
0
0
0
0
