1
534.0000,435.0000,19.0000,55.0000
538.0000,434.0000,19.0000,55.0000
542.0000,433.0000,19.0000,55.0000
546.0000,432.0000,19.0000,55.0000
551.0000,430.0000,19.0000,55.0000
553.0000,429.0000,19.0000,55.0000
555.0000,428.0000,19.0000,55.0000
557.0000,427.0000,19.0000,55.0000
559.0000,426.0000,19.0000,55.0000
559.0000,425.0000,19.0000,55.0000
560.0000,424.0000,19.0000,55.0000
560.0000,423.0000,19.0000,55.0000
561.0000,422.0000,19.0000,55.0000
561.0000,421.0000,19.0000,55.0000
560.0000,420.0000,19.0000,55.0000
560.0000,419.0000,19.0000,55.0000
559.0000,418.0000,19.0000,55.0000
558.0000,417.0000,19.0000,55.0000
556.0000,416.0000,19.0000,55.0000
553.0000,414.0000,19.0000,55.0000
551.0000,414.0000,19.0000,55.0000
549.0000,413.0000,19.0000,55.0000
546.0000,412.0000,19.0000,55.0000
543.0000,411.0000,19.0000,55.0000
538.0000,410.0000,19.0000,55.0000
535.0000,409.0000,19.0000,55.0000
531.0000,408.0000,19.0000,55.0000
528.0000,407.0000,19.0000,55.0000
525.0000,406.0000,19.0000,55.0000
522.0000,405.0000,19.0000,55.0000
519.0000,405.0000,19.0000,55.0000
517.0000,404.0000,19.0000,55.0000
514.0000,403.0000,19.0000,55.0000
510.0000,402.0000,19.0000,55.0000
505.0000,401.0000,19.0000,55.0000
501.0000,401.0000,19.0000,55.0000
497.0000,401.0000,19.0000,55.0000
493.0000,400.0000,19.0000,55.0000
489.0000,400.0000,19.0000,55.0000
483.0000,399.0000,19.0000,55.0000
478.0000,399.0000,19.0000,55.0000
473.0000,399.0000,19.0000,55.0000
468.0000,398.0000,19.0000,55.0000
462.0000,398.0000,19.0000,55.0000
455.0000,397.0000,19.0000,55.0000
450.0000,397.0000,19.0000,55.0000
444.0000,396.0000,19.0000,55.0000
439.0000,396.0000,19.0000,55.0000
433.0000,396.0000,19.0000,55.0000
426.0000,395.0000,19.0000,55.0000
420.0000,395.0000,19.0000,55.0000
415.0000,394.0000,19.0000,55.0000
410.0000,394.0000,19.0000,55.0000
404.0000,393.0000,19.0000,55.0000
397.0000,392.0000,19.0000,55.0000
391.0000,392.0000,19.0000,55.0000
386.0000,391.0000,19.0000,55.0000
380.0000,391.0000,19.0000,55.0000
375.0000,391.0000,19.0000,55.0000
367.0000,390.0000,19.0000,55.0000
362.0000,390.0000,19.0000,55.0000
356.0000,389.0000,19.0000,55.0000
351.0000,389.0000,19.0000,55.0000
346.0000,389.0000,19.0000,55.0000
340.0000,388.0000,19.0000,55.0000
335.0000,388.0000,19.0000,55.0000
331.0000,387.0000,19.0000,55.0000
327.0000,387.0000,19.0000,55.0000
322.0000,386.0000,19.0000,55.0000
316.0000,386.0000,19.0000,55.0000
312.0000,385.0000,19.0000,55.0000
307.0000,385.0000,19.0000,55.0000
303.0000,385.0000,19.0000,55.0000
298.0000,384.0000,19.0000,55.0000
293.0000,384.0000,19.0000,55.0000
288.0000,383.0000,19.0000,55.0000
284.0000,383.0000,19.0000,55.0000
279.0000,382.0000,19.0000,55.0000
275.0000,382.0000,19.0000,55.0000
269.0000,381.0000,19.0000,55.0000
265.0000,381.0000,19.0000,55.0000
261.0000,380.0000,19.0000,55.0000
256.0000,380.0000,19.0000,55.0000
252.0000,379.0000,19.0000,55.0000
247.0000,379.0000,19.0000,55.0000
243.0000,378.0000,19.0000,55.0000
239.0000,378.0000,19.0000,55.0000
235.0000,377.0000,19.0000,55.0000
231.0000,376.0000,19.0000,55.0000
224.0000,376.0000,19.0000,55.0000
219.0000,375.0000,19.0000,55.0000
214.0000,375.0000,19.0000,55.0000
210.0000,374.0000,19.0000,55.0000
205.0000,374.0000,19.0000,55.0000
198.0000,373.0000,19.0000,55.0000
193.0000,373.0000,19.0000,55.0000
188.0000,372.0000,19.0000,55.0000
183.0000,372.0000,19.0000,55.0000
179.0000,371.0000,19.0000,55.0000
172.0000,371.0000,19.0000,55.0000
167.0000,370.0000,19.0000,55.0000
162.0000,370.0000,19.0000,55.0000
157.0000,370.0000,19.0000,55.0000
152.0000,369.0000,19.0000,55.0000
146.0000,368.0000,19.0000,55.0000
141.0000,368.0000,19.0000,55.0000
136.0000,367.0000,19.0000,55.0000
131.0000,367.0000,19.0000,55.0000
127.0000,367.0000,19.0000,55.0000
120.0000,366.0000,19.0000,55.0000
115.0000,366.0000,19.0000,55.0000
111.0000,366.0000,19.0000,55.0000
106.0000,365.0000,19.0000,55.0000
101.0000,365.0000,19.0000,55.0000
98.0000,364.0000,19.0000,55.0000
97.0000,364.0000,19.0000,55.0000
95.0000,364.0000,19.0000,55.0000
94.0000,364.0000,19.0000,55.0000
92.0000,363.0000,19.0000,55.0000
91.0000,363.0000,19.0000,55.0000
89.0000,363.0000,19.0000,55.0000
88.0000,363.0000,19.0000,55.0000
86.0000,362.0000,19.0000,55.0000
85.0000,362.0000,19.0000,55.0000
83.0000,362.0000,19.0000,55.0000
82.0000,361.0000,19.0000,55.0000
81.0000,361.0000,19.0000,55.0000
79.0000,360.0000,19.0000,55.0000
78.0000,360.0000,19.0000,55.0000
79.0000,359.0000,19.0000,55.0000
80.0000,359.0000,19.0000,55.0000
81.0000,359.0000,19.0000,55.0000
83.0000,359.0000,19.0000,55.0000
85.0000,359.0000,19.0000,55.0000
88.0000,358.0000,19.0000,55.0000
90.0000,358.0000,19.0000,55.0000
92.0000,358.0000,19.0000,55.0000
96.0000,358.0000,19.0000,55.0000
103.0000,357.0000,19.0000,55.0000
109.0000,357.0000,19.0000,55.0000
114.0000,356.0000,19.0000,55.0000
120.0000,356.0000,19.0000,55.0000
124.0000,355.0000,19.0000,55.0000
130.0000,355.0000,19.0000,55.0000
137.0000,354.0000,19.0000,55.0000
142.0000,354.0000,19.0000,55.0000
148.0000,353.0000,19.0000,55.0000
153.0000,353.0000,19.0000,55.0000
158.0000,352.0000,19.0000,55.0000
166.0000,352.0000,19.0000,55.0000
171.0000,352.0000,19.0000,55.0000
177.0000,351.0000,19.0000,55.0000
182.0000,351.0000,19.0000,55.0000
191.0000,350.0000,19.0000,55.0000
204.0000,349.0000,19.0000,55.0000
213.0000,348.0000,19.0000,55.0000
223.0000,348.0000,19.0000,55.0000
233.0000,347.0000,19.0000,55.0000
244.0000,347.0000,19.0000,55.0000
257.0000,347.0000,19.0000,55.0000
268.0000,347.0000,19.0000,55.0000
278.0000,347.0000,19.0000,55.0000
288.0000,347.0000,19.0000,55.0000
299.0000,347.0000,19.0000,55.0000
310.0000,348.0000,19.0000,55.0000
318.0000,349.0000,19.0000,55.0000
326.0000,350.0000,19.0000,55.0000
333.0000,351.0000,19.0000,55.0000
341.0000,352.0000,19.0000,55.0000
350.0000,353.0000,19.0000,55.0000
358.0000,354.0000,19.0000,55.0000
365.0000,355.0000,19.0000,55.0000
373.0000,356.0000,19.0000,55.0000
380.0000,357.0000,19.0000,55.0000
390.0000,358.0000,19.0000,55.0000
394.0000,361.0000,19.0000,55.0000
395.0000,364.0000,19.0000,55.0000
398.0000,366.0000,19.0000,55.0000
400.0000,369.0000,19.0000,55.0000
403.0000,373.0000,19.0000,55.0000
405.0000,376.0000,19.0000,55.0000
407.0000,378.0000,19.0000,55.0000
411.0000,380.0000,19.0000,55.0000
414.0000,383.0000,19.0000,55.0000
418.0000,386.0000,19.0000,55.0000
422.0000,388.0000,19.0000,55.0000
424.0000,390.0000,19.0000,55.0000
426.0000,392.0000,19.0000,55.0000
428.0000,394.0000,19.0000,55.0000
430.0000,396.0000,19.0000,55.0000
432.0000,399.0000,19.0000,55.0000
433.0000,401.0000,19.0000,55.0000
435.0000,403.0000,19.0000,55.0000
436.0000,405.0000,19.0000,55.0000
438.0000,407.0000,19.0000,55.0000
439.0000,409.0000,19.0000,55.0000
441.0000,411.0000,19.0000,55.0000
443.0000,412.0000,19.0000,55.0000
444.0000,414.0000,19.0000,55.0000
446.0000,416.0000,19.0000,55.0000
448.0000,418.0000,19.0000,55.0000
449.0000,419.0000,19.0000,55.0000
450.0000,420.0000,19.0000,55.0000
450.0000,419.0000,19.0000,55.0000
450.0000,419.0000,19.0000,55.0000
450.0000,418.0000,19.0000,55.0000
450.0000,418.0000,19.0000,55.0000
449.0000,417.0000,19.0000,55.0000
450.0000,417.0000,19.0000,55.0000
450.0000,416.0000,19.0000,55.0000
451.0000,416.0000,19.0000,55.0000
454.0000,415.0000,19.0000,55.0000
458.0000,415.0000,19.0000,55.0000
463.0000,414.0000,19.0000,55.0000
471.0000,414.0000,19.0000,55.0000
477.0000,414.0000,19.0000,55.0000
483.0000,414.0000,19.0000,55.0000
490.0000,414.0000,19.0000,55.0000
498.0000,414.0000,19.0000,55.0000
508.0000,414.0000,19.0000,55.0000
515.0000,414.0000,19.0000,55.0000
523.0000,415.0000,19.0000,55.0000
531.0000,415.0000,19.0000,55.0000
539.0000,415.0000,19.0000,55.0000
541.0000,413.0000,19.0000,55.0000
543.0000,412.0000,19.0000,55.0000
2
0
0
0
0
0
2
0
0
0
0
0
2
0
0
0
0
0
2
0
0
0
0
0
2
0
0
0
0
0
2
0
0
0
0
0
2
0
0
0
0
0
2
0
0
0
0
0
2
0
0
0
0
0
2
0
0
0
0
0
2
0
0
0
0
0
2
0
0
0
0
0
2
0
0
0
0
0
2
0
0
0
0
0
2
0
0
0
0
0
2
0
0
0
0
0
2
0
0
0
0
0
2
0
0
0
0
0
2
0
0
0
0
0
2
0
0
0
0
0
2
0
0
0
0
0
2
0
0
0
0
0
2
0
0
0
0
0
2
0
0
0
0
0
2
0
0
0
0
0
2
0
0
0
0
0
2
0
0
0
0
0
2
0
0
0
0
0
2
0
0
0
0
0
2
0
0
0
0
0
2
0
0
0
0
0
2
0
0
0
0
0
2
0
0
0
0
0
2
0
0
0
0
0
2
0
0
0
0
0
2
0
0
0
0
0
2
0
0
0
0
0
2
0
0
0
0
0
2
0
0
0
0
0
2
0
0
0
0
0
2
0
0
0
0
0
2
0
0
0
0
0
2
0
0
0
0
0
2
0
0
0
0
0
2
0
0
0
0
0
2
0
0
0
0
0
2
0
0
0
0
0
2
0
0
0
0
0
2
0
0
0
0
0
2
0
0
0
0
0
2
0
0
0
0
0
2
0
0
0
0
0
2
0
0
0
0
0
2
0
0
0
0
0
2
0
0
0
0
0
2
0
0
0
0
0
2
0
0
0
0
0
2
0
0
0
0
0
2
0
0
0
0
0
2
0
0
0
0
0
2
0
0
0
0
0
2
0
0
0
0
0
2
0
0
0
0
0
2
0
0
0
0
0
2
0
0
0
0
0
2
0
0
0
0
0
2
0
0
0
0
0
2
0
0
0
0
0
2
0
0
0
0
0
2
0
0
0
0
0
2
0
0
0
0
0
2
0
0
0
0
0
2
0
0
0
0
0
2
0
0
0
0
0
2
0
0
0
0
0
2
0
0
0
0
0
2
0
0
0
0
0
2
0
0
0
0
0
2
0
0
0
0
0
2
0
0
0
0
0
2
0
0
0
0
0
2
0
0
0
0
0
2
0
0
0
0
0
2
0
0
0
0
0
2
0
0
0
0
0
2
0
0
0
0
0
2
0
0
0
0
0
2
0
0
0
0
0
2
0
0
0
0
0
2
0
0
0
0
0
2
0
0
0
0
0
2
0
0
0
0
0
2
0
0
0
0
0
2
0
0
0
0
0
2
0
0
0
0
0
2
0
0
0
0
0
2
0
0
0
0
0
2
0
0
0
0
0
2
0
0
0
0
0
2
0
