1
671.1350,161.0800,26.7300,15.8400
670.9345,160.9612,27.1310,16.0776
671.1380,161.0818,26.7240,15.8364
671.1380,161.0818,26.7240,15.8364
670.9376,160.9630,27.1248,16.0740
671.1410,161.0836,26.7180,15.8329
671.3414,161.2023,26.3172,15.5954
675.4078,161.3193,25.9224,15.3614
675.4078,161.3193,25.9224,15.3614
675.4078,161.3193,25.9224,15.3614
675.4078,161.3193,25.9224,15.3614
675.2134,161.2041,26.3113,15.5919
675.0161,161.0871,26.7060,15.8257
674.8157,160.9684,27.1065,16.0631
675.0190,161.0889,26.6999,15.8222
674.8188,160.9702,27.1004,16.0595
674.8188,160.9702,27.1004,16.0595
674.8188,160.9702,27.1004,16.0595
674.8188,160.9702,27.1004,16.0595
675.0220,161.0907,26.6939,15.8186
675.0220,161.0907,26.6939,15.8186
679.0062,161.0907,26.6939,15.8186
679.0062,161.0907,26.6939,15.8186
678.8060,160.9720,27.0943,16.0559
679.0092,161.0925,26.6879,15.8151
679.0092,161.0925,26.6879,15.8151
679.0092,161.0925,26.6879,15.8151
679.0092,161.0925,26.6879,15.8151
678.8091,160.9738,27.0882,16.0523
678.8091,160.9738,27.0882,16.0523
678.8091,160.9738,27.0882,16.0523
678.6736,160.8936,27.3591,16.2128
678.8104,160.9747,27.0855,16.0507
682.7105,160.8543,27.4918,16.2915
682.5043,160.7321,27.9042,16.5358
682.2950,160.6081,28.3228,16.7839
682.0826,160.4822,28.7476,17.0356
681.9389,160.3970,29.0351,17.2060
682.0841,160.4830,28.7447,17.0339
682.0841,160.4830,28.7447,17.0339
682.0841,160.4830,28.7447,17.0339
682.0841,160.4830,28.7447,17.0339
682.0841,160.4830,28.7447,17.0339
682.1559,160.5256,28.6010,16.9487
681.9415,160.3985,29.0300,17.2030
681.7237,160.2695,29.4655,17.4610
681.7237,160.2695,29.4655,17.4610
685.9665,160.1385,29.9075,17.7229
685.9665,160.1385,29.9075,17.7229
686.1909,160.2715,29.4588,17.4571
686.1909,160.2715,29.4588,17.4571
685.9699,160.1405,29.9007,17.7189
685.9699,160.1405,29.9007,17.7189
686.1942,160.2734,29.4522,17.4532
685.9733,160.1425,29.8940,17.7150
685.9733,160.1425,29.8940,17.7150
685.9733,160.1425,29.8940,17.7150
685.9733,160.1425,29.8940,17.7150
686.1974,160.2754,29.4456,17.4492
685.9766,164.6053,29.8873,17.7110
685.8271,164.5167,30.1861,17.8881
685.7517,164.4720,30.3371,17.9775
690.4393,164.6069,29.8820,17.7079
690.2151,164.4740,30.3302,17.9735
690.0635,164.3842,30.6335,18.1532
690.0635,164.3842,30.6335,18.1532
690.2166,164.4749,30.3272,17.9717
690.2166,164.4749,30.3272,17.9717
690.2925,164.5199,30.1756,17.8818
690.0662,164.3858,30.6282,18.1501
690.0662,164.3858,30.6282,18.1501
690.2958,164.5219,30.1688,17.8778
690.2205,164.4772,30.3196,17.9672
690.2962,164.5221,30.1680,17.8774
690.0699,164.3880,30.6206,18.1455
690.0699,164.3880,30.6206,18.1455
694.8013,164.5241,30.1612,17.8733
694.9521,164.6135,29.8596,17.6946
694.7281,164.4808,30.3075,17.9600
694.8040,164.5257,30.1560,17.8702
694.7285,164.4810,30.3068,17.9596
694.8043,164.5259,30.1552,17.8698
694.8043,164.5259,30.1552,17.8698
694.8043,164.5259,30.1552,17.8698
694.5781,164.3919,30.6076,18.1378
694.5781,164.3919,30.6076,18.1378
694.7312,164.4826,30.3015,17.9564
694.7312,164.4826,30.3015,17.9564
694.7312,164.4826,30.3015,17.9564
694.7312,164.4826,30.3015,17.9564
694.7312,164.4826,30.3015,17.9564
694.8069,164.5275,30.1500,17.8667
694.8069,164.5275,30.1500,17.8667
694.5808,164.3935,30.6022,18.1347
694.7338,164.4841,30.2962,17.9533
694.7338,164.4841,30.2962,17.9533
694.7338,164.4841,30.2962,17.9533
694.5066,164.3495,30.7507,18.2226
694.7372,164.4861,30.2894,17.9493
699.2581,164.4861,30.2894,17.9493
699.2581,169.0070,30.2894,17.9493
699.4852,169.1416,29.8351,17.6800
699.4852,169.1416,29.8351,17.6800
699.7090,169.2742,29.3875,17.4148
699.4886,169.1436,29.8283,17.6761
699.4886,169.1436,29.8283,17.6761
699.6377,169.2319,29.5301,17.4993
699.4901,169.1445,29.8254,17.6743
699.7137,169.2770,29.3780,17.4092
699.4934,169.1464,29.8186,17.6703
699.4934,169.1464,29.8186,17.6703
699.4934,169.1464,29.8186,17.6703
699.7170,169.2790,29.3714,17.4053
699.4968,169.1484,29.8119,17.6663
695.0472,169.1484,29.8119,17.6663
695.0472,169.1484,29.8119,17.6663
694.8236,169.0159,30.2591,17.9313
694.8993,169.0608,30.1078,17.8417
695.1251,169.1946,29.6562,17.5740
695.1992,169.2385,29.5079,17.4862
695.1992,169.2385,29.5079,17.4862
695.0517,169.1511,29.8030,17.6610
694.8282,169.0186,30.2500,17.9260
694.9794,169.1082,29.9475,17.7467
694.9794,169.1082,29.9475,17.7467
694.9794,169.1082,29.9475,17.7467
695.2040,169.2413,29.4983,17.4805
695.2040,169.2413,29.4983,17.4805
695.2040,169.2413,29.4983,17.4805
695.2040,169.2413,29.4983,17.4805
695.2040,169.2413,29.4983,17.4805
695.2040,169.2413,29.4983,17.4805
690.8013,169.2413,29.4983,17.4805
690.8013,169.2413,29.4983,17.4805
690.8013,169.2413,29.4983,17.4805
690.8013,169.2413,29.4983,17.4805
690.8013,169.2413,29.4983,17.4805
690.8013,169.2413,29.4983,17.4805
690.5801,173.5790,29.9408,17.7427
690.5052,173.5347,30.0905,17.8314
690.4300,173.4901,30.2410,17.9206
690.5056,173.5349,30.0898,17.8310
690.5056,173.5349,30.0898,17.8310
685.9169,173.4903,30.2402,17.9201
685.9169,173.4903,30.2402,17.9201
685.9169,173.4903,30.2402,17.9201
685.6901,173.3559,30.6938,18.1889
685.9203,173.4923,30.2334,17.9161
685.9203,173.4923,30.2334,17.9161
685.6935,173.3580,30.6869,18.1848
685.4634,173.2216,31.1472,18.4576
685.6970,173.3600,30.6800,18.1807
681.1179,173.3600,30.6800,18.1807
681.1179,173.3600,30.6800,18.1807
681.0412,173.3145,30.8334,18.2716
681.1183,173.3602,30.6792,18.1803
681.1183,173.3602,30.6792,18.1803
681.1183,173.3602,30.6792,18.1803
681.1183,173.3602,30.6792,18.1803
681.3484,173.4966,30.2190,17.9076
681.3484,173.4966,30.2190,17.9076
681.1217,173.3623,30.6723,18.1762
676.8425,173.4986,30.2122,17.9036
676.8425,173.4986,30.2122,17.9036
676.8425,173.4986,30.2122,17.9036
676.8425,173.4986,30.2122,17.9036
676.9180,173.5434,30.0612,17.8140
676.8428,173.4988,30.2115,17.9031
672.4318,173.5436,30.0604,17.8136
672.4318,173.5436,30.0604,17.8136
672.4318,173.5436,30.0604,17.8136
672.4318,173.5436,30.0604,17.8136
672.3566,173.4990,30.2107,17.9027
672.1300,173.3648,30.6639,18.1712
672.0533,173.3193,30.8172,18.2621
672.0533,173.3193,30.8172,18.2621
667.2537,173.2280,31.1254,18.4447
667.0981,173.1358,31.4366,18.6291
666.8623,172.9961,31.9082,18.9086
666.8623,172.9961,31.9082,18.9086
666.8623,172.9961,31.9082,18.9086
666.8623,172.9961,31.9082,18.9086
666.8623,172.9961,31.9082,18.9086
661.8927,172.9016,32.2273,19.0976
661.6510,172.7583,32.7107,19.3841
661.5692,172.7099,32.8742,19.4810
661.5692,172.7099,32.8742,19.4810
661.4871,172.6611,33.0386,19.5784
661.4871,172.6611,33.0386,19.5784
661.2393,172.5143,33.5342,19.8721
661.0716,172.4149,33.8695,20.0708
661.3256,172.5655,33.3615,19.7698
656.6712,172.7138,32.8611,19.4732
656.5891,172.6651,33.0254,19.5706
656.3413,172.5183,33.5207,19.8641
656.5927,172.6673,33.0179,19.5662
656.6753,172.7162,32.8528,19.4684
656.5931,172.6675,33.0171,19.5657
656.5931,172.6675,33.0171,19.5657
656.6757,177.6197,32.8520,19.4679
656.6757,177.6197,32.8520,19.4679
656.6757,177.6197,32.8520,19.4679
651.7724,177.6197,32.8520,19.4679
651.6902,177.5711,33.0163,19.5652
651.7728,177.6200,32.8512,19.4674
651.7728,177.6200,32.8512,19.4674
651.7728,177.6200,32.8512,19.4674
652.0192,177.7660,32.3584,19.1754
652.0192,177.7660,32.3584,19.1754
647.5047,177.9098,31.8731,18.8877
647.6641,178.0042,31.5543,18.6989
647.5063,177.9107,31.8699,18.8859
647.2673,177.7691,32.3479,19.1691
647.5099,177.9129,31.8627,18.8816
647.2709,177.7712,32.3406,19.1648
647.0284,177.6275,32.8258,19.4523
646.8643,177.5302,33.1540,19.6468
646.8643,177.5302,33.1540,19.6468
647.1129,177.6776,32.6567,19.3521
642.1328,177.6292,32.8200,19.4489
642.1328,177.6292,32.8200,19.4489
642.1328,177.6292,32.8200,19.4489
641.9686,177.5320,33.1482,19.6434
641.9686,177.5320,33.1482,19.6434
642.1344,177.6302,32.8167,19.4469
642.1344,177.6302,32.8167,19.4469
641.9703,177.5330,33.1449,19.6414
641.9703,177.5330,33.1449,19.6414
641.9703,177.5330,33.1449,19.6414
642.1360,177.6312,32.8134,19.4450
642.1360,177.6312,32.8134,19.4450
642.2181,177.6798,32.6494,19.3478
642.1364,177.6314,32.8126,19.4445
637.2390,177.6314,32.8126,19.4445
637.2390,177.6314,32.8126,19.4445
637.2390,177.6314,32.8126,19.4445
637.0750,177.5342,33.1407,19.6389
637.0750,177.5342,33.1407,19.6389
636.9092,177.4360,33.4721,19.8353
636.7419,177.3368,33.8069,20.0337
636.5729,177.2366,34.1449,20.2340
636.4875,177.1861,34.3156,20.3352
636.4875,177.1861,34.3156,20.3352
636.3159,177.0844,34.6588,20.5385
636.1426,176.9817,35.0054,20.7439
635.8801,176.8261,35.5305,21.0551
635.8801,176.8261,35.5305,21.0551
635.8801,176.8261,35.5305,21.0551
635.8801,176.8261,35.5305,21.0551
635.7025,176.7208,35.8858,21.2656
630.6959,176.8803,35.3475,20.9467
630.4307,176.7232,35.8777,21.2609
630.2513,176.6169,36.2365,21.4735
629.9796,176.4559,36.7800,21.7956
629.9796,176.4559,36.7800,21.7956
629.7957,176.3469,37.1478,22.0135
629.7957,176.3469,37.1478,22.0135
629.7957,176.3469,37.1478,22.0135
629.7957,176.3469,37.1478,22.0135
629.7957,176.3469,37.1478,22.0135
629.6099,176.2368,37.5193,22.2337
629.6099,176.2368,37.5193,22.2337
629.7975,176.3480,37.1441,22.0113
629.8904,176.4030,36.9584,21.9013
629.8904,176.4030,36.9584,21.9013
629.6132,176.2388,37.5128,22.2298
629.6132,176.2388,37.5128,22.2298
624.3796,176.4055,36.9501,21.8963
624.1025,176.2413,37.5043,22.2248
624.1025,176.2413,37.5043,22.2248
624.2900,176.3524,37.1293,22.0025
624.3828,176.4074,36.9436,21.8925
624.2905,176.3527,37.1284,22.0020
624.2905,176.3527,37.1284,22.0020
624.2905,176.3527,37.1284,22.0020
624.3833,176.4077,36.9427,21.8920
624.4756,181.9487,36.7580,21.7825
624.4756,181.9487,36.7580,21.7825
624.4756,181.9487,36.7580,21.7825
624.4756,181.9487,36.7580,21.7825
624.4756,181.9487,36.7580,21.7825
624.7513,182.1120,36.2066,21.4558
624.4798,181.9511,36.7497,21.7776
624.6635,182.0600,36.3822,21.5598
624.9364,182.2217,35.8365,21.2364
625.1156,182.3279,35.4781,21.0241
625.1156,182.3279,35.4781,21.0241
620.0507,182.4330,35.1234,20.8138
620.0507,182.4330,35.1234,20.8138
620.0507,182.4330,35.1234,20.8138
620.2263,182.5371,34.7721,20.6057
620.2263,182.5371,34.7721,20.6057
620.0524,182.4341,35.1198,20.8118
619.8768,182.3300,35.4710,21.0199
619.6995,182.2249,35.8257,21.2301
619.6995,182.2249,35.8257,21.2301
619.4308,182.0657,36.3631,21.5485
619.2490,181.9579,36.7268,21.7640
619.5244,182.1212,36.1759,21.4375
619.5244,182.1212,36.1759,21.4375
619.4340,182.0676,36.3567,21.5447
619.4340,182.0676,36.3567,21.5447
613.6536,181.9060,36.9021,21.8679
613.3768,181.7420,37.4556,22.1959
613.3768,181.7420,37.4556,22.1959
613.3768,181.7420,37.4556,22.1959
613.2831,181.6865,37.6429,22.3069
613.1890,181.6307,37.8311,22.4184
613.2836,181.6868,37.6420,22.3063
613.1895,181.6310,37.8302,22.4179
613.0004,181.5189,38.2085,22.6421
612.7138,181.3491,38.7816,22.9817
612.5199,181.2342,39.1694,23.2115
612.3240,181.1181,39.5611,23.4436
612.3240,181.1181,39.5611,23.4436
612.6207,181.2939,38.9677,23.0920
612.3285,181.1208,39.5522,23.4383
606.8104,181.2965,38.9589,23.0868
606.7130,181.2388,39.1537,23.2022
606.7130,181.2388,39.1537,23.2022
606.5172,181.1228,39.5453,23.4342
606.7149,181.2400,39.1498,23.1999
606.5192,181.1240,39.5413,23.4319
606.7169,181.2411,39.1459,23.1976
606.7169,181.2411,39.1459,23.1976
606.8148,181.2991,38.9502,23.0816
606.5226,181.1260,39.5344,23.4278
606.3250,181.0089,39.9298,23.6621
606.1253,180.8906,40.3291,23.8987
605.9236,180.7711,40.7323,24.1377
606.1273,180.8918,40.3250,23.8963
606.1273,180.8918,40.3250,23.8963
606.1273,180.8918,40.3250,23.8963
605.9257,180.7723,40.7283,24.1353
605.7220,180.6516,41.1356,24.3766
605.5164,180.5297,41.5469,24.6204
605.3087,180.4066,41.9624,24.8666
599.0456,180.4066,41.9624,24.8666
598.8358,180.2823,42.3820,25.1153
598.5179,180.0939,43.0177,25.4920
598.3028,179.9665,43.4479,25.7469
598.6287,180.1596,42.7962,25.3607
598.9496,180.3498,42.1543,24.9803
598.8443,180.2873,42.3650,25.1052
598.8443,180.2873,42.3650,25.1052
598.5266,180.0990,43.0005,25.4818
598.3115,179.9716,43.4305,25.7366
598.0944,179.8429,43.8648,25.9940
598.3137,179.9729,43.4262,25.7340
598.6394,180.1659,42.7748,25.3480
598.4255,180.0392,43.2025,25.6015
598.1015,179.8472,43.8506,25.9855
598.2111,179.9121,43.6313,25.8556
598.4293,180.0414,43.1950,25.5970
598.4293,180.0414,43.1950,25.5970
598.3213,179.9774,43.4110,25.7250
598.4298,180.0417,43.1939,25.5964
598.3218,179.9777,43.4099,25.7244
598.5389,180.1064,42.9758,25.4671
598.5389,180.1064,42.9758,25.4671
598.5389,180.1064,42.9758,25.4671
598.3240,179.9790,43.4055,25.7218
598.6495,180.1719,42.7545,25.3360
592.6847,180.3620,42.1131,24.9559
592.7900,180.4243,41.9026,24.8312
592.7900,180.4243,41.9026,24.8312
592.8947,180.4864,41.6931,24.7070
592.7905,180.4247,41.9015,24.8305
592.7905,180.4247,41.9015,24.8305
592.7905,180.4247,41.9015,24.8305
592.5810,180.3005,42.3205,25.0788
592.2635,180.1124,42.9553,25.4550
592.2635,180.1124,42.9553,25.4550
592.2635,180.1124,42.9553,25.4550
592.2635,180.1124,42.9553,25.4550
591.9414,179.9215,43.5997,25.8368
591.6144,179.7277,44.2537,26.2244
591.3931,179.5966,44.6962,26.4866
591.3931,179.5966,44.6962,26.4866
591.3931,179.5966,44.6962,26.4866
591.3931,179.5966,44.6962,26.4866
591.6166,179.7290,44.2492,26.2218
591.3954,179.5979,44.6917,26.4840
585.0151,179.7303,44.2448,26.2192
584.7939,179.5993,44.6873,26.4813
584.6822,179.5331,44.9107,26.6138
584.3453,179.3335,45.5844,27.0130
584.0035,179.1308,46.2681,27.4182
584.2348,179.2679,45.8055,27.1440
584.2348,179.2679,45.8055,27.1440
584.3493,179.3358,45.5764,27.0083
584.3493,179.3358,45.5764,27.0083
584.3493,179.3358,45.5764,27.0083
584.2354,179.2683,45.8043,27.1433
584.2354,179.2683,45.8043,27.1433
584.3499,179.3361,45.5753,27.0076
584.3499,179.3361,45.5753,27.0076
584.2360,179.2686,45.8032,27.1426
577.3997,179.2686,45.8032,27.1426
577.3997,179.2686,45.8032,27.1426
577.3997,179.2686,45.8032,27.1426
577.5142,179.3365,45.5741,27.0069
577.4002,179.2690,45.8020,27.1419
577.4002,179.2690,45.8020,27.1419
577.4002,179.2690,45.8020,27.1419
577.4002,179.2690,45.8020,27.1419
577.4002,179.2690,45.8020,27.1419
577.1712,179.1333,46.2600,27.4134
576.8243,178.9276,46.9539,27.8246
576.8243,178.9276,46.9539,27.8246
576.7069,178.8581,47.1887,27.9637
576.7069,178.8581,47.1887,27.9637
569.3574,178.7183,47.6606,28.2433
569.7149,178.9301,46.9457,27.8197
569.7149,178.9301,46.9457,27.8197
569.4802,178.7910,47.4151,28.0979
569.5987,178.8612,47.1781,27.9574
569.4807,178.7914,47.4140,28.0972
569.4807,178.7914,47.4140,28.0972
569.4807,178.7914,47.4140,28.0972
569.2437,178.6509,47.8881,28.3781
569.4831,178.7928,47.4092,28.0943
569.2461,178.6523,47.8833,28.3753
562.2548,178.7232,47.6439,28.2334
562.6121,178.9350,46.9292,27.8099
562.2601,178.7264,47.6332,28.2271
561.9028,178.5147,48.3477,28.6505
561.9028,178.5147,48.3477,28.6505
561.6611,178.3714,48.8311,28.9370
561.6611,178.3714,48.8311,28.9370
561.9053,178.5161,48.3428,28.6476
561.5427,178.3013,49.0680,29.0773
561.5427,178.3013,49.0680,29.0773
561.1747,178.0832,49.8040,29.5135
561.1747,178.0832,49.8040,29.5135
561.5482,178.3045,49.0569,29.0708
553.7485,178.0865,49.7928,29.5068
553.4996,177.9390,50.2907,29.8019
553.2481,177.7900,50.7936,30.0999
553.2481,177.7900,50.7936,30.0999
553.3751,177.8652,50.5397,29.9494
553.1224,177.7155,51.0451,30.2489
553.1224,177.7155,51.0451,30.2489
552.8672,177.5642,51.5555,30.5514
552.4805,177.3351,52.3288,31.0097
552.2189,177.1800,52.8521,31.3198
552.0867,177.1017,53.1164,31.4764
543.6416,176.8657,53.9131,31.9485
543.3721,176.7059,54.4523,32.2680
543.3721,176.7059,54.4523,32.2680
542.9637,176.4639,55.2690,32.7520
542.9637,176.4639,55.2690,32.7520
542.6873,176.3002,55.8217,33.0795
542.6873,176.3002,55.8217,33.0795
542.6873,176.3002,55.8217,33.0795
542.2687,176.0520,56.6591,33.5757
541.9854,175.8842,57.2257,33.9115
534.0015,176.1385,56.3673,33.4028
534.2834,176.3055,55.8036,33.0688
534.5624,176.4709,55.2456,32.7381
534.4243,176.3890,55.5218,32.9018
534.2855,176.3068,55.7994,33.0663
533.8670,176.0588,56.6364,33.5623
533.4422,175.8071,57.4859,34.0657
533.4422,175.8071,57.4859,34.0657
533.0110,175.5516,58.3482,34.5767
532.5734,175.2922,59.2234,35.0954
523.5419,175.2045,59.5196,35.2709
523.5419,184.0880,59.5196,35.2709
523.9883,184.3526,58.6268,34.7418
524.1348,184.4394,58.3336,34.5681
523.9890,184.3530,58.6253,34.7409
523.5493,184.0924,59.5047,35.2620
523.5493,184.0924,59.5047,35.2620
523.5493,184.0924,59.5047,35.2620
523.4006,184.0043,59.8022,35.4383
523.5500,184.0929,59.5032,35.2612
523.4013,184.0047,59.8007,35.4375
515.0582,184.2705,58.9037,34.9059
515.5000,184.5323,58.0201,34.3823
515.9351,184.7902,57.1498,33.8666
515.9351,184.7902,57.1498,33.8666
515.6494,184.6208,57.7213,34.2052
515.9380,184.7919,57.1441,33.8632
516.3666,185.0458,56.2870,33.3552
515.9444,184.7957,57.1313,33.8556
515.8016,184.7110,57.4169,34.0248
515.3710,184.4558,58.2782,34.5352
506.4836,184.3695,58.5696,34.7079
506.9228,184.6298,57.6910,34.1873
506.7786,184.5443,57.9795,34.3582
506.3438,184.2867,58.8492,34.8736
506.3438,184.2867,58.8492,34.8736
506.3438,184.2867,58.8492,34.8736
506.3438,184.2867,58.8492,34.8736
506.0495,184.1123,59.4377,35.2223
506.1981,184.2003,59.1405,35.0462
506.1981,184.2003,59.1405,35.0462
506.1981,184.2003,59.1405,35.0462
505.7545,192.8968,60.0276,35.5719
497.3798,193.1636,59.1272,35.0383
497.6754,193.3388,58.5359,34.6879
497.6754,193.3388,58.5359,34.6879
497.5291,193.2521,58.8286,34.8614
497.8232,193.4264,58.2403,34.5128
498.2600,193.6852,57.3667,33.9951
498.1166,193.6003,57.6535,34.1651
497.8283,193.4294,58.2301,34.5067
497.5372,193.2569,58.8124,34.8518
497.3902,193.1698,59.1064,35.0260
497.8335,193.4325,58.2198,34.5006
488.5769,193.1737,59.0931,35.0181
488.5769,193.1737,59.0931,35.0181
488.5769,193.1737,59.0931,35.0181
488.5769,193.1737,59.0931,35.0181
488.2815,192.9986,59.6841,35.3683
488.1323,192.9102,59.9825,35.5452
488.2822,192.9991,59.6826,35.3674
488.2822,192.9991,59.6826,35.3674
488.1330,192.9106,59.9810,35.5443
487.9831,192.8218,60.2809,35.7220
487.5310,192.5539,61.1851,36.2578
478.3989,201.6860,61.1851,36.2578
478.7048,201.8673,60.5732,35.8953
479.0077,202.0467,59.9675,35.5363
479.1576,202.1356,59.6677,35.3586
478.7101,201.8704,60.5627,35.8890
479.1643,202.1396,59.6542,35.3507
479.1643,202.1396,59.6542,35.3507
479.4626,202.3163,59.0577,34.9972
479.4626,202.3163,59.0577,34.9972
479.0196,202.0538,59.9436,35.5221
479.1695,202.1426,59.6439,35.3445
479.1695,202.1426,59.6439,35.3445
479.3186,202.2310,59.3456,35.1678
478.8735,201.9672,60.2358,35.6953
469.2964,201.6995,61.1394,36.2307
469.1436,210.7798,61.4450,36.4119
468.8364,210.5978,62.0595,36.7760
468.5261,210.4139,62.6801,37.1438
468.9962,210.6925,61.7399,36.5866
469.4592,210.9669,60.8138,36.0378
469.6113,211.0570,60.5097,35.8576
469.6113,211.0570,60.5097,35.8576
469.7625,211.1466,60.2072,35.6783
469.4615,210.9682,60.8092,36.0351
469.6135,211.0583,60.5052,35.8549
469.1597,210.7894,61.4128,36.3928
468.6991,210.5165,62.3340,36.9387
468.2316,210.2394,63.2690,37.4927
468.7061,210.5206,62.3200,36.9303
468.2387,210.2436,63.2547,37.4843
459.4138,219.8242,62.3059,36.9220
459.8811,220.1011,61.3713,36.3682
459.8811,220.1011,61.3713,36.3682
459.5742,219.9192,61.9851,36.7319
459.2643,219.7356,62.6049,37.0992
458.7947,219.4573,63.5440,37.6557
458.7947,219.4573,63.5440,37.6557
458.3182,219.1749,64.4971,38.2205
457.8344,218.8883,65.4646,38.7938
458.1618,219.0822,64.8099,38.4059
458.3238,219.1783,64.4859,38.2139
458.3238,219.1783,64.4859,38.2139
458.0013,218.9872,65.1308,38.5960
457.5129,218.6977,66.1077,39.1749
457.1823,218.5018,66.7688,39.5667
447.8671,228.6146,65.7673,38.9732
448.0315,228.7120,65.4384,38.7783
447.5407,228.4212,66.4200,39.3600
447.2086,228.2244,67.0842,39.7536
447.5440,228.4232,66.4134,39.3561
447.7101,228.5215,66.0813,39.1593
447.7101,228.5215,66.0813,39.1593
447.7101,228.5215,66.0813,39.1593
447.5449,228.4236,66.4117,39.3551
447.3788,228.3253,66.7438,39.5519
447.0451,228.1275,67.4112,39.9474
447.0451,228.1275,67.4112,39.9474
446.7081,227.9278,68.0853,40.3468
446.3676,227.7260,68.7662,40.7503
446.3676,227.7260,68.7662,40.7503
446.3676,227.7260,68.7662,40.7503
446.3676,227.7260,68.7662,40.7503
446.3676,227.7260,68.7662,40.7503
446.0238,227.5223,69.4538,41.1578
445.5029,227.2136,70.4956,41.7752
445.1504,227.0047,71.2006,42.1929
444.6164,226.6883,72.2686,42.8258
444.0744,226.3671,73.3526,43.4682
443.5243,226.0411,74.4529,44.1202
442.9659,225.7102,75.5697,44.7820
442.3991,225.3743,76.7033,45.4538
441.8238,225.0334,77.8538,46.1356
430.9621,236.8251,76.6860,45.4436
431.1538,236.9387,76.3026,45.2163
431.7260,237.2778,75.1580,44.5381
431.1624,236.9438,76.2854,45.2062
431.1624,236.9438,76.2854,45.2062
431.5438,237.1698,75.5225,44.7541
431.9214,237.3936,74.7673,44.3066
432.4821,237.7259,73.6458,43.6420
431.9298,237.3986,74.7505,44.2966
431.7429,237.2878,75.1242,44.5181
432.1186,237.5104,74.3730,44.0729
432.6764,237.8410,73.2574,43.4118
432.6764,237.8410,73.2574,43.4118
433.2258,238.1665,72.1585,42.7606
433.2258,238.1665,72.1585,42.7606
432.6846,237.8458,73.2409,43.4020
432.3184,237.6288,73.9733,43.8361
431.7636,237.3001,75.0829,44.4936
431.2005,236.9664,76.2092,45.1610
431.2005,236.9664,76.2092,45.1610
431.7720,237.3051,75.0660,44.4836
431.2090,236.9715,76.1920,45.1508
430.6376,236.6328,77.3349,45.8281
430.2509,236.4037,78.1083,46.2864
429.8604,236.1722,78.8893,46.7492
429.4659,235.9385,79.6782,47.2167
429.2668,235.8204,80.0766,47.4528
429.4669,235.9391,79.6762,47.2156
429.2677,235.8210,80.0746,47.4516
429.2677,235.8210,80.0746,47.4516
428.6672,235.4652,81.2757,48.1634
428.4640,235.3448,81.6821,48.4042
428.6682,235.4658,81.2737,48.1622
428.4650,235.3454,81.6801,48.4030
428.4650,235.3454,81.6801,48.4030
428.4650,235.3454,81.6801,48.4030
427.8524,234.9823,82.9053,49.1291
427.2306,234.6139,84.1489,49.8660
427.2306,234.6139,84.1489,49.8660
427.2306,234.6139,84.1489,49.8660
426.5995,234.2399,85.4111,50.6140
426.5995,234.2399,85.4111,50.6140
426.5995,234.2399,85.4111,50.6140
426.5995,234.2399,85.4111,50.6140
427.0266,234.4929,84.5570,50.1078
426.6038,234.2424,85.4026,50.6089
426.6038,234.2424,85.4026,50.6089
426.3903,234.1159,85.8296,50.8620
426.3903,234.1159,85.8296,50.8620
426.3903,234.1159,85.8296,50.8620
426.3903,234.1159,85.8296,50.8620
426.6049,234.2430,85.4004,50.6077
426.6049,234.2430,85.4004,50.6077
426.6049,234.2430,85.4004,50.6077
426.6049,234.2430,85.4004,50.6077
426.3914,234.1165,85.8274,50.8607
425.9622,233.8622,86.6857,51.3693
426.3956,234.1191,85.8188,50.8556
426.6102,234.2462,85.3897,50.6013
426.6102,234.2462,85.3897,50.6013
426.3967,234.1197,85.8167,50.8543
426.1822,233.9926,86.2458,51.1086
425.7509,233.7370,87.1082,51.6197
425.0976,233.3499,88.4149,52.3940
424.4345,232.9569,89.7411,53.1799
424.4345,232.9569,89.7411,53.1799
423.7614,232.5581,91.0872,53.9776
423.5338,232.4231,91.5426,54.2475
423.7626,232.5587,91.0849,53.9762
423.7626,232.5587,91.0849,53.9762
423.9903,232.6937,90.6295,53.7064
423.7637,232.5594,91.0826,53.9749
423.0806,232.1546,92.4489,54.7845
423.7740,232.5655,91.0621,53.9628
423.7740,232.5655,91.0621,53.9628
423.0910,232.1608,92.4281,54.7722
422.3978,231.7500,93.8145,55.5938
421.9287,231.4720,94.7526,56.1497
421.2181,231.0509,96.1739,56.9920
420.4968,230.6234,97.6165,57.8468
420.0087,230.3342,98.5927,58.4253
419.5157,230.0421,99.5786,59.0096
419.0179,229.7470,100.5744,59.5997
418.5150,229.4490,101.5802,60.1957
418.0071,229.1481,102.5960,60.7976
418.7766,229.6040,101.0570,59.8857
418.2712,229.3046,102.0676,60.4845
418.5264,229.4558,101.5573,60.1821
433.5061,244.5390,102.0651,60.4830
433.2509,244.3877,102.5754,60.7854
433.2509,244.3877,102.5754,60.7854
433.5074,244.5397,102.0625,60.4815
433.5074,244.5397,102.0625,60.4815
432.7419,244.0861,103.5934,61.3887
432.2240,243.7792,104.6294,62.0026
431.9624,243.6241,105.1525,62.3126
431.1737,243.1568,106.7298,63.2473
430.3733,242.6824,108.3308,64.1960
430.3733,242.6824,108.3308,64.1960
430.3733,242.6824,108.3308,64.1960
430.6441,242.8429,107.7891,63.8750
430.1052,242.5236,108.8670,64.5138
430.3773,242.6848,108.3227,64.1912
429.8357,242.3639,109.4059,64.8331
429.0152,241.8776,111.0470,65.8056
428.1823,241.3841,112.7127,66.7927
427.9005,241.2171,113.2762,67.1267
428.7501,241.7206,111.5771,66.1198
429.5869,242.2165,109.9034,65.1280
429.8617,242.3793,109.3539,64.8023
429.5883,242.2173,109.9007,65.1263
429.3135,242.0545,110.4502,65.4520
429.5897,242.2181,109.8979,65.1247
430.4139,242.7065,108.2495,64.1478
429.6021,242.2254,109.8732,65.1101
429.3274,242.0627,110.4226,65.4356
428.7752,241.7355,111.5268,66.0900
429.3329,242.0659,110.4115,65.4291
429.3329,242.0659,110.4115,65.4291
429.3329,242.0659,110.4115,65.4291
428.7808,241.7388,111.5157,66.0834
428.5020,241.5736,112.0732,66.4138
427.6615,241.0755,113.7543,67.4100
426.8083,240.5699,115.4606,68.4211
427.6743,241.0831,113.7287,67.3948
426.8213,240.5776,115.4347,68.4057
427.6871,241.0906,113.7031,67.3796
427.9713,241.2591,113.1346,67.0427
427.1228,240.7563,114.8317,68.0484
426.8358,240.5861,115.4058,68.3886
426.8358,240.5861,115.4058,68.3886
443.8581,240.4152,115.9828,68.7306
443.5681,240.2433,116.5628,69.0742
442.9853,239.8980,117.7284,69.7650
442.3967,239.5491,118.9057,70.4626
441.8022,239.1968,120.0947,71.1672
440.9015,238.6631,121.8961,72.2347
440.9015,238.6631,121.8961,72.2347
439.9872,238.1213,123.7246,73.3183
439.3686,237.7547,124.9618,74.0515
438.4314,237.1993,126.8363,75.1622
437.4801,236.6356,128.7388,76.2897
436.5146,236.0634,130.6699,77.4340
435.8612,235.6763,131.9766,78.2083
435.2014,235.2852,133.2964,78.9904
434.8681,235.0878,133.9628,79.3854
433.8634,234.4924,135.9723,80.5762
432.8436,233.8880,138.0119,81.7848
433.1886,234.0925,137.3218,81.3759
433.1886,234.0925,137.3218,81.3759
432.8453,233.8891,138.0084,81.7828
432.1553,233.4802,139.3885,82.6006
431.4583,233.0672,140.7824,83.4266
430.7544,232.6500,142.1902,84.2609
430.3990,232.4394,142.9012,84.6822
431.4707,233.0745,140.7576,83.4119
430.4150,232.4489,142.8690,84.6631
429.3435,231.8139,145.0120,85.9331
428.2559,231.1694,147.1872,87.2221
428.9919,231.6055,145.7153,86.3498
428.9919,231.6055,145.7153,86.3498
428.9919,231.6055,145.7153,86.3498
430.0847,232.2532,143.5296,85.0546
430.0847,232.2532,143.5296,85.0546
429.7259,232.0405,144.2473,85.4799
429.0046,231.6131,145.6897,86.3347
429.0046,231.6131,145.6897,86.3347
428.6404,231.3973,146.4182,86.7663
428.6404,231.3973,146.4182,86.7663
427.9083,230.9635,147.8824,87.6340
427.1689,230.5253,149.3612,88.5103
427.1689,230.5253,149.3612,88.5103
426.4221,230.0827,150.8548,89.3954
425.6678,229.6358,152.3633,90.2894
426.8106,230.3129,150.0779,88.9351
427.1858,230.5353,149.3275,88.4904
427.9324,230.9777,147.8342,87.6055
426.8236,230.3207,150.0517,88.9196
426.0734,229.8761,151.5523,89.8087
426.8311,230.3251,150.0367,88.9107
427.2062,230.5474,149.2866,88.4661
426.4598,230.1051,150.7794,89.3508
425.7059,229.6583,152.2872,90.2443
425.7059,229.6583,152.2872,90.2443
449.2365,230.3351,150.0029,88.8906
448.1115,229.6685,152.2530,90.2240
448.4922,229.8940,151.4917,89.7729
447.7347,229.4452,153.0066,90.6706
446.5872,228.7651,155.3017,92.0306
446.1989,228.5350,156.0782,92.4908
445.8087,228.3038,156.8586,92.9532
444.6323,227.6067,159.2115,94.3475
445.8264,228.3143,156.8233,92.9323
447.0025,229.0113,154.4710,91.5383
446.6164,228.7824,155.2433,91.9960
445.4520,228.0925,157.5720,93.3760
445.0581,227.8590,158.3598,93.8429
445.0581,227.8590,158.3598,93.8429
445.0581,227.8590,158.3598,93.8429
467.8607,227.1552,160.7352,95.2505
466.6552,226.4408,163.1463,96.6793
465.8395,225.9574,164.7777,97.6460
464.6037,225.2251,167.2494,99.1107
464.6037,225.2251,167.2494,99.1107
465.4399,225.7206,165.5769,98.1196
464.6120,225.2300,167.2327,99.1008
463.7758,224.7345,168.9050,100.0918
464.1981,224.9848,168.0605,99.5914
463.7780,224.7358,168.9008,100.0893
488.9870,224.7358,168.9008,100.0893
