1
550.0000,205.0000,470.0000,438.0000
550.0000,203.0000,470.0000,438.0000
551.0000,200.0000,470.0000,438.0000
551.0000,196.0000,470.0000,438.0000
552.0000,193.0000,470.0000,438.0000
552.0000,189.0000,470.0000,438.0000
553.0000,186.0000,470.0000,438.0000
553.0000,183.0000,470.0000,438.0000
553.0000,182.0000,470.0000,438.0000
553.0000,181.0000,470.0000,438.0000
553.0000,160.0000,470.0000,438.0000
553.0000,162.0000,470.0000,438.0000
553.0000,163.0000,470.0000,438.0000
552.0000,165.0000,470.0000,438.0000
552.0000,168.0000,470.0000,438.0000
551.0000,170.0000,470.0000,438.0000
550.0000,172.0000,470.0000,438.0000
549.0000,173.0000,470.0000,438.0000
548.0000,173.0000,470.0000,438.0000
547.0000,171.0000,470.0000,438.0000
546.0000,168.0000,470.0000,438.0000
546.0000,164.0000,470.0000,438.0000
546.0000,159.0000,470.0000,438.0000
545.0000,152.0000,470.0000,438.0000
545.0000,144.0000,470.0000,438.0000
545.0000,135.0000,470.0000,438.0000
545.0000,125.0000,470.0000,438.0000
544.0000,115.0000,470.0000,438.0000
543.0000,126.0000,470.0000,438.0000
543.0000,137.0000,470.0000,438.0000
543.0000,148.0000,470.0000,438.0000
543.0000,139.0000,470.0000,438.0000
542.0000,131.0000,470.0000,438.0000
541.0000,124.0000,470.0000,438.0000
540.0000,118.0000,470.0000,438.0000
538.0000,114.0000,470.0000,438.0000
537.0000,112.0000,470.0000,438.0000
536.0000,131.0000,470.0000,438.0000
535.0000,151.0000,470.0000,438.0000
534.0000,171.0000,470.0000,438.0000
534.0000,170.0000,470.0000,438.0000
533.0000,169.0000,470.0000,438.0000
532.0000,167.0000,470.0000,438.0000
530.0000,164.0000,470.0000,438.0000
529.0000,161.0000,470.0000,438.0000
529.0000,179.0000,470.0000,438.0000
528.0000,196.0000,470.0000,438.0000
527.0000,191.0000,470.0000,438.0000
526.0000,186.0000,470.0000,438.0000
524.0000,180.0000,470.0000,438.0000
522.0000,175.0000,470.0000,438.0000
518.0000,170.0000,470.0000,438.0000
514.0000,165.0000,470.0000,438.0000
511.0000,160.0000,470.0000,438.0000
508.0000,154.0000,470.0000,438.0000
505.0000,149.0000,470.0000,438.0000
504.0000,144.0000,470.0000,438.0000
504.0000,161.0000,470.0000,438.0000
505.0000,158.0000,470.0000,438.0000
505.0000,156.0000,470.0000,438.0000
505.0000,155.0000,470.0000,438.0000
505.0000,154.0000,470.0000,438.0000
505.0000,154.0000,470.0000,438.0000
504.0000,154.0000,470.0000,438.0000
502.0000,155.0000,470.0000,438.0000
501.0000,155.0000,470.0000,438.0000
499.0000,154.0000,470.0000,438.0000
498.0000,153.0000,470.0000,438.0000
498.0000,153.0000,470.0000,438.0000
499.0000,152.0000,470.0000,438.0000
499.0000,149.0000,470.0000,438.0000
499.0000,146.0000,470.0000,438.0000
499.0000,142.0000,470.0000,438.0000
498.0000,138.0000,470.0000,438.0000
497.0000,133.0000,470.0000,438.0000
496.0000,128.0000,470.0000,438.0000
494.0000,123.0000,470.0000,438.0000
492.0000,117.0000,470.0000,438.0000
491.0000,112.0000,470.0000,438.0000
490.0000,108.0000,470.0000,438.0000
490.0000,104.0000,470.0000,438.0000
489.0000,101.0000,470.0000,438.0000
489.0000,99.0000,470.0000,438.0000
488.0000,97.0000,470.0000,438.0000
487.0000,96.0000,470.0000,438.0000
486.0000,94.0000,470.0000,438.0000
485.0000,93.0000,470.0000,438.0000
484.0000,92.0000,470.0000,438.0000
483.0000,91.0000,470.0000,438.0000
483.0000,91.0000,470.0000,438.0000
483.0000,90.0000,470.0000,438.0000
482.0000,90.0000,470.0000,438.0000
482.0000,90.0000,470.0000,438.0000
481.0000,89.0000,470.0000,438.0000
480.0000,88.0000,470.0000,438.0000
480.0000,87.0000,470.0000,438.0000
480.0000,86.0000,470.0000,438.0000
480.0000,85.0000,470.0000,438.0000
480.0000,83.0000,470.0000,438.0000
481.0000,81.0000,470.0000,438.0000
480.0000,79.0000,470.0000,438.0000
480.0000,77.0000,470.0000,438.0000
480.0000,76.0000,470.0000,438.0000
480.0000,75.0000,470.0000,438.0000
480.0000,73.0000,470.0000,438.0000
481.0000,71.0000,470.0000,438.0000
482.0000,68.0000,470.0000,438.0000
482.0000,65.0000,470.0000,438.0000
482.0000,62.0000,470.0000,438.0000
482.0000,60.0000,470.0000,438.0000
482.0000,78.0000,470.0000,438.0000
482.0000,97.0000,470.0000,438.0000
482.0000,116.0000,470.0000,438.0000
482.0000,115.0000,470.0000,438.0000
482.0000,115.0000,470.0000,438.0000
482.0000,114.0000,470.0000,438.0000
483.0000,114.0000,470.0000,438.0000
483.0000,113.0000,470.0000,438.0000
483.0000,112.0000,470.0000,438.0000
483.0000,111.0000,470.0000,438.0000
484.0000,110.0000,470.0000,438.0000
484.0000,108.0000,470.0000,438.0000
484.0000,106.0000,470.0000,438.0000
484.0000,104.0000,470.0000,438.0000
485.0000,101.0000,470.0000,438.0000
485.0000,98.0000,470.0000,438.0000
485.0000,95.0000,470.0000,438.0000
485.0000,92.0000,470.0000,438.0000
485.0000,89.0000,470.0000,438.0000
485.0000,86.0000,470.0000,438.0000
485.0000,83.0000,470.0000,438.0000
485.0000,81.0000,470.0000,438.0000
485.0000,79.0000,470.0000,438.0000
485.0000,78.0000,470.0000,438.0000
485.0000,76.0000,470.0000,438.0000
485.0000,75.0000,470.0000,438.0000
485.0000,74.0000,470.0000,438.0000
485.0000,74.0000,470.0000,438.0000
485.0000,73.0000,470.0000,438.0000
485.0000,93.0000,470.0000,438.0000
485.0000,93.0000,470.0000,438.0000
486.0000,93.0000,470.0000,438.0000
486.0000,93.0000,470.0000,438.0000
486.0000,92.0000,470.0000,438.0000
486.0000,92.0000,470.0000,438.0000
486.0000,91.0000,470.0000,438.0000
487.0000,90.0000,470.0000,438.0000
487.0000,89.0000,470.0000,438.0000
487.0000,107.0000,470.0000,438.0000
487.0000,125.0000,470.0000,438.0000
487.0000,123.0000,470.0000,438.0000
487.0000,121.0000,470.0000,438.0000
487.0000,119.0000,470.0000,438.0000
487.0000,117.0000,470.0000,438.0000
487.0000,115.0000,470.0000,438.0000
487.0000,113.0000,470.0000,438.0000
488.0000,111.0000,470.0000,438.0000
488.0000,109.0000,470.0000,438.0000
488.0000,108.0000,470.0000,438.0000
488.0000,106.0000,470.0000,438.0000
489.0000,105.0000,470.0000,438.0000
489.0000,105.0000,470.0000,438.0000
489.0000,104.0000,470.0000,438.0000
489.0000,104.0000,470.0000,438.0000
490.0000,124.0000,470.0000,438.0000
490.0000,143.0000,470.0000,438.0000
490.0000,163.0000,470.0000,438.0000
490.0000,163.0000,470.0000,438.0000
491.0000,163.0000,470.0000,438.0000
491.0000,162.0000,470.0000,438.0000
491.0000,162.0000,470.0000,438.0000
491.0000,161.0000,470.0000,438.0000
492.0000,160.0000,470.0000,438.0000
492.0000,159.0000,470.0000,438.0000
492.0000,157.0000,470.0000,438.0000
492.0000,156.0000,470.0000,438.0000
493.0000,154.0000,470.0000,438.0000
493.0000,152.0000,470.0000,438.0000
493.0000,150.0000,470.0000,438.0000
493.0000,148.0000,470.0000,438.0000
494.0000,146.0000,470.0000,438.0000
494.0000,164.0000,470.0000,438.0000
494.0000,182.0000,470.0000,438.0000
495.0000,181.0000,470.0000,438.0000
495.0000,180.0000,470.0000,438.0000
495.0000,179.0000,470.0000,438.0000
496.0000,178.0000,470.0000,438.0000
496.0000,178.0000,470.0000,438.0000
496.0000,177.0000,470.0000,438.0000
497.0000,177.0000,470.0000,438.0000
497.0000,177.0000,470.0000,438.0000
498.0000,177.0000,470.0000,438.0000
498.0000,177.0000,470.0000,438.0000
498.0000,177.0000,470.0000,438.0000
499.0000,177.0000,470.0000,438.0000
499.0000,176.0000,470.0000,438.0000
500.0000,176.0000,470.0000,438.0000
500.0000,175.0000,470.0000,438.0000
500.0000,174.0000,470.0000,438.0000
501.0000,173.0000,470.0000,438.0000
501.0000,172.0000,470.0000,438.0000
501.0000,171.0000,470.0000,438.0000
502.0000,169.0000,470.0000,438.0000
502.0000,168.0000,470.0000,438.0000
502.0000,166.0000,470.0000,438.0000
503.0000,165.0000,470.0000,438.0000
503.0000,163.0000,470.0000,438.0000
504.0000,162.0000,470.0000,438.0000
504.0000,161.0000,470.0000,438.0000
504.0000,160.0000,470.0000,438.0000
505.0000,159.0000,470.0000,438.0000
505.0000,158.0000,470.0000,438.0000
506.0000,158.0000,470.0000,438.0000
506.0000,157.0000,470.0000,438.0000
506.0000,157.0000,470.0000,438.0000
507.0000,157.0000,470.0000,438.0000
507.0000,157.0000,470.0000,438.0000
508.0000,157.0000,470.0000,438.0000
508.0000,157.0000,470.0000,438.0000
509.0000,157.0000,470.0000,438.0000
509.0000,157.0000,470.0000,438.0000
509.0000,156.0000,470.0000,438.0000
510.0000,156.0000,470.0000,438.0000
510.0000,155.0000,470.0000,438.0000
510.0000,154.0000,470.0000,438.0000
510.0000,153.0000,470.0000,438.0000
510.0000,152.0000,470.0000,438.0000
510.0000,151.0000,470.0000,438.0000
510.0000,150.0000,470.0000,438.0000
510.0000,149.0000,470.0000,438.0000
510.0000,148.0000,470.0000,438.0000
509.0000,147.0000,470.0000,438.0000
509.0000,146.0000,470.0000,438.0000
508.0000,145.0000,470.0000,438.0000
507.0000,144.0000,470.0000,438.0000
507.0000,143.0000,470.0000,438.0000
506.0000,143.0000,470.0000,438.0000
505.0000,142.0000,470.0000,438.0000
504.0000,142.0000,470.0000,438.0000
504.0000,142.0000,470.0000,438.0000
503.0000,142.0000,470.0000,438.0000
502.0000,142.0000,470.0000,438.0000
502.0000,142.0000,470.0000,438.0000
501.0000,142.0000,470.0000,438.0000
500.0000,142.0000,470.0000,438.0000
500.0000,142.0000,470.0000,438.0000
499.0000,142.0000,470.0000,438.0000
498.0000,142.0000,470.0000,438.0000
498.0000,142.0000,470.0000,438.0000
497.0000,142.0000,470.0000,438.0000
496.0000,141.0000,470.0000,438.0000
496.0000,141.0000,470.0000,438.0000
495.0000,141.0000,470.0000,438.0000
494.0000,141.0000,470.0000,438.0000
494.0000,141.0000,470.0000,438.0000
493.0000,141.0000,470.0000,438.0000
493.0000,141.0000,470.0000,438.0000
492.0000,141.0000,470.0000,438.0000
491.0000,141.0000,470.0000,438.0000
491.0000,141.0000,470.0000,438.0000
490.0000,141.0000,470.0000,438.0000
489.0000,141.0000,470.0000,438.0000
489.0000,141.0000,470.0000,438.0000
488.0000,141.0000,470.0000,438.0000
487.0000,141.0000,470.0000,438.0000
487.0000,141.0000,470.0000,438.0000
486.0000,141.0000,470.0000,438.0000
485.0000,141.0000,470.0000,438.0000
485.0000,141.0000,470.0000,438.0000
484.0000,141.0000,470.0000,438.0000
483.0000,141.0000,470.0000,438.0000
482.0000,141.0000,470.0000,438.0000
482.0000,141.0000,470.0000,438.0000
481.0000,141.0000,470.0000,438.0000
480.0000,141.0000,470.0000,438.0000
480.0000,141.0000,470.0000,438.0000
479.0000,141.0000,470.0000,438.0000
478.0000,141.0000,470.0000,438.0000
478.0000,141.0000,470.0000,438.0000
477.0000,141.0000,470.0000,438.0000
478.0000,141.0000,470.0000,438.0000
478.0000,141.0000,470.0000,438.0000
479.0000,141.0000,470.0000,438.0000
479.0000,141.0000,470.0000,438.0000
480.0000,141.0000,470.0000,438.0000
480.0000,141.0000,470.0000,438.0000
481.0000,141.0000,470.0000,438.0000
481.0000,141.0000,470.0000,438.0000
482.0000,141.0000,470.0000,438.0000
482.0000,141.0000,470.0000,438.0000
483.0000,142.0000,470.0000,438.0000
483.0000,142.0000,470.0000,438.0000
484.0000,142.0000,470.0000,438.0000
484.0000,142.0000,470.0000,438.0000
484.0000,143.0000,470.0000,438.0000
484.0000,143.0000,470.0000,438.0000
484.0000,143.0000,470.0000,438.0000
483.0000,143.0000,470.0000,438.0000
484.0000,144.0000,470.0000,438.0000
484.0000,144.0000,470.0000,438.0000
484.0000,144.0000,470.0000,438.0000
485.0000,144.0000,470.0000,438.0000
485.0000,144.0000,470.0000,438.0000
485.0000,144.0000,470.0000,438.0000
486.0000,144.0000,470.0000,438.0000
486.0000,144.0000,470.0000,438.0000
486.0000,144.0000,470.0000,438.0000
486.0000,144.0000,470.0000,438.0000
487.0000,144.0000,470.0000,438.0000
487.0000,144.0000,470.0000,438.0000
486.0000,144.0000,470.0000,438.0000
485.0000,145.0000,470.0000,438.0000
484.0000,145.0000,470.0000,438.0000
484.0000,145.0000,470.0000,438.0000
483.0000,146.0000,470.0000,438.0000
478.0000,146.0000,470.0000,438.0000
470.0000,147.0000,470.0000,438.0000
462.0000,147.0000,470.0000,438.0000
462.0000,148.0000,470.0000,438.0000
463.0000,149.0000,470.0000,438.0000
478.0000,150.0000,470.0000,438.0000
511.0000,151.0000,470.0000,438.0000
543.0000,152.0000,470.0000,438.0000
572.0000,153.0000,470.0000,438.0000
582.0000,154.0000,470.0000,438.0000
583.0000,155.0000,470.0000,438.0000
584.0000,156.0000,470.0000,438.0000
593.0000,156.0000,470.0000,438.0000
606.0000,157.0000,470.0000,438.0000
620.0000,158.0000,470.0000,438.0000
633.0000,159.0000,470.0000,438.0000
647.0000,160.0000,470.0000,438.0000
660.0000,160.0000,470.0000,438.0000
674.0000,161.0000,470.0000,438.0000
688.0000,162.0000,470.0000,438.0000
702.0000,163.0000,470.0000,438.0000
716.0000,164.0000,470.0000,438.0000
730.0000,165.0000,470.0000,438.0000
735.0000,166.0000,470.0000,438.0000
736.0000,166.0000,470.0000,438.0000
737.0000,167.0000,470.0000,438.0000
740.0000,168.0000,470.0000,438.0000
753.0000,169.0000,470.0000,438.0000
761.0000,170.0000,470.0000,438.0000
763.0000,171.0000,470.0000,438.0000
764.0000,172.0000,470.0000,438.0000
766.0000,173.0000,470.0000,438.0000
767.0000,174.0000,470.0000,438.0000
769.0000,175.0000,470.0000,438.0000
771.0000,176.0000,470.0000,438.0000
773.0000,177.0000,470.0000,438.0000
775.0000,178.0000,470.0000,438.0000
777.0000,179.0000,470.0000,438.0000
779.0000,180.0000,470.0000,438.0000
781.0000,181.0000,470.0000,438.0000
783.0000,182.0000,470.0000,438.0000
785.0000,183.0000,470.0000,438.0000
787.0000,183.0000,470.0000,438.0000
789.0000,184.0000,470.0000,438.0000
791.0000,185.0000,470.0000,438.0000
793.0000,185.0000,470.0000,438.0000
795.0000,186.0000,470.0000,438.0000
797.0000,186.0000,470.0000,438.0000
799.0000,187.0000,470.0000,438.0000
802.0000,188.0000,470.0000,438.0000
808.0000,189.0000,470.0000,438.0000
815.0000,190.0000,470.0000,438.0000
822.0000,191.0000,470.0000,438.0000
829.0000,193.0000,470.0000,438.0000
836.0000,194.0000,470.0000,438.0000
844.0000,196.0000,470.0000,438.0000
2
0
0
0
0
0
2
0
0
0
0
0
2
0
0
0
0
0
2
0
0
0
0
0
2
0
0
0
0
0
2
0
0
0
0
0
2
0
0
0
0
0
2
0
0
0
0
0
2
0
0
0
0
0
2
0
0
0
0
0
2
0
0
0
0
0
2
0
0
0
0
0
2
0
0
0
0
0
2
0
0
0
0
0
2
0
0
0
0
0
818.0000,517.0000,470.0000,438.0000
828.0000,544.0000,470.0000,438.0000
831.0000,567.0000,470.0000,438.0000
835.0000,589.0000,470.0000,438.0000
2
0
0
0
0
0
735.0000,616.0000,470.0000,438.0000
2
0
0
0
0
0
715.0000,613.0000,470.0000,438.0000
712.0000,613.0000,470.0000,438.0000
710.0000,614.0000,470.0000,438.0000
697.0000,613.0000,470.0000,438.0000
697.0000,614.0000,470.0000,438.0000
691.0000,610.0000,470.0000,438.0000
757.0000,612.0000,470.0000,438.0000
2
0
0
0
0
0
2
0
0
0
0
0
2
0
0
0
0
0
2
0
0
0
0
0
2
0
0
0
0
0
2
0
0
0
0
0
2
0
0
0
0
0
2
0
0
0
0
0
2
0
0
0
0
0
2
0
0
0
0
0
2
0
0
0
0
0
2
0
0
0
0
0
2
0
0
0
0
0
2
0
0
0
0
0
2
0
0
0
0
0
2
0
0
0
0
0
2
0
0
0
0
0
2
0
0
0
0
0
2
0
0
0
0
0
2
0
0
0
0
0
2
0
0
0
0
0
2
0
0
0
0
0
2
0
0
0
0
0
2
0
0
0
0
0
2
0
0
0
0
0
2
0
0
0
0
0
2
0
0
0
0
0
2
0
0
0
0
0
2
0
0
0
0
0
2
0
0
0
0
0
2
0
0
0
0
0
2
0
0
0
0
0
2
0
0
0
0
0
2
0
0
0
0
0
2
0
0
0
0
0
2
0
0
0
0
0
2
0
0
0
0
0
2
0
0
0
0
0
2
0
0
0
0
0
2
0
0
0
0
0
2
0
0
0
0
0
2
0
0
0
0
0
2
0
0
0
0
0
2
0
0
0
0
0
2
0
0
0
0
0
2
0
0
0
0
0
2
0
0
0
0
0
2
0
0
0
0
0
2
0
0
0
0
0
2
0
0
0
0
0
2
0
0
0
0
0
2
0
0
0
0
0
2
0
0
0
0
0
2
0
0
0
0
0
2
0
0
0
0
0
2
0
0
0
0
0
2
0
0
0
0
0
2
0
0
0
0
0
2
0
0
0
0
0
2
0
0
0
0
0
2
0
0
0
0
0
2
0
0
0
0
0
2
0
0
0
0
0
2
0
0
0
0
0
2
0
0
0
0
0
2
0
0
0
0
0
2
0
0
0
0
0
2
0
0
0
0
0
2
0
0
0
0
0
2
0
0
0
0
0
2
0
0
0
0
0
2
0
0
0
0
0
2
0
0
0
0
0
2
0
0
0
0
0
2
0
0
0
0
0
2
0
0
0
0
0
2
0
0
0
0
0
2
0
0
0
0
0
2
0
0
0
0
0
2
0
0
0
0
0
2
0
0
0
0
0
2
0
0
0
0
0
2
0
0
0
0
0
2
0
0
0
0
0
2
0
0
0
0
0
2
0
0
0
0
0
2
0
0
0
0
0
2
0
0
0
0
0
2
0
0
0
0
0
2
0
0
0
0
0
2
0
0
0
0
0
2
0
0
0
0
0
2
0
0
0
0
0
2
0
0
0
0
0
2
0
0
0
0
0
2
0
0
0
0
0
2
0
0
0
0
0
2
0
0
0
0
0
2
0
0
0
0
0
2
0
0
0
0
0
2
0
0
0
0
0
2
0
0
0
0
0
2
0
0
0
0
0
2
0
0
0
0
0
2
0
0
0
0
0
2
0
0
0
0
0
2
0
0
0
0
0
2
0
0
0
0
0
2
0
0
0
0
0
2
0
0
0
0
0
2
0
0
0
0
0
2
0
0
0
0
0
2
0
0
0
0
0
2
0
0
0
0
0
2
0
0
0
0
0
2
0
0
0
0
0
2
0
0
0
0
0
2
0
0
0
0
0
2
0
0
0
0
0
2
0
0
0
0
0
2
0
0
0
0
0
2
0
0
0
0
0
2
0
0
0
0
0
2
0
0
0
0
0
2
0
0
0
0
0
2
0
0
0
0
0
2
0
0
0
0
0
2
0
0
0
0
0
2
0
0
0
0
0
2
0
0
0
0
0
2
0
0
0
0
0
2
0
0
0
0
0
2
0
0
0
0
0
2
0
0
0
0
0
2
0
0
0
0
0
2
0
0
0
