1
512.0000,308.0000,102.0000,110.0000
512.0000,308.0000,102.0000,110.0000
512.0000,308.0000,102.0000,110.0000
512.0000,308.0000,102.0000,110.0000
512.0000,308.0000,102.0000,110.0000
512.0000,308.0000,102.0000,110.0000
512.0000,308.0000,102.0000,110.0000
512.0000,308.0000,102.0000,110.0000
512.0000,308.0000,102.0000,110.0000
512.0000,308.0000,102.0000,110.0000
502.0000,308.0000,102.0000,110.0000
502.0000,308.0000,102.0000,110.0000
502.0000,308.0000,102.0000,110.0000
502.0000,308.0000,102.0000,110.0000
502.0000,308.0000,102.0000,110.0000
502.0000,308.0000,102.0000,110.0000
502.0000,298.0000,102.0000,110.0000
502.0000,298.0000,102.0000,110.0000
502.0000,298.0000,102.0000,110.0000
502.0000,298.0000,102.0000,110.0000
502.0000,298.0000,102.0000,110.0000
502.0000,298.0000,102.0000,110.0000
502.0000,298.0000,102.0000,110.0000
502.0000,298.0000,102.0000,110.0000
502.0000,298.0000,102.0000,110.0000
502.0000,298.0000,102.0000,110.0000
502.0000,298.0000,102.0000,110.0000
502.0000,298.0000,102.0000,110.0000
502.0000,298.0000,102.0000,110.0000
502.0000,298.0000,102.0000,110.0000
502.0000,298.0000,102.0000,110.0000
502.0000,298.0000,102.0000,110.0000
502.0000,298.0000,102.0000,110.0000
502.0000,298.0000,102.0000,110.0000
502.0000,298.0000,102.0000,110.0000
502.0000,298.0000,102.0000,110.0000
502.0000,298.0000,102.0000,110.0000
502.0000,298.0000,102.0000,110.0000
502.0000,298.0000,102.0000,110.0000
502.0000,298.0000,102.0000,110.0000
502.0000,298.0000,102.0000,110.0000
502.0000,298.0000,102.0000,110.0000
502.0000,298.0000,102.0000,110.0000
502.0000,298.0000,102.0000,110.0000
502.0000,298.0000,102.0000,110.0000
502.0000,298.0000,102.0000,110.0000
502.0000,298.0000,102.0000,110.0000
502.0000,298.0000,102.0000,110.0000
502.0000,298.0000,102.0000,110.0000
502.0000,298.0000,102.0000,110.0000
502.0000,298.0000,102.0000,110.0000
502.0000,298.0000,102.0000,110.0000
502.0000,298.0000,102.0000,110.0000
502.0000,298.0000,102.0000,110.0000
502.0000,298.0000,102.0000,110.0000
502.0000,298.0000,102.0000,110.0000
512.0000,298.0000,102.0000,110.0000
502.0000,298.0000,102.0000,110.0000
502.0000,298.0000,102.0000,110.0000
502.0000,298.0000,102.0000,110.0000
512.0000,298.0000,102.0000,110.0000
512.0000,298.0000,102.0000,110.0000
512.0000,298.0000,102.0000,110.0000
512.0000,298.0000,102.0000,110.0000
512.0000,298.0000,102.0000,110.0000
512.0000,298.0000,102.0000,110.0000
512.0000,298.0000,102.0000,110.0000
512.0000,298.0000,102.0000,110.0000
512.0000,298.0000,102.0000,110.0000
512.0000,298.0000,102.0000,110.0000
512.0000,298.0000,102.0000,110.0000
512.0000,298.0000,102.0000,110.0000
512.0000,298.0000,102.0000,110.0000
522.0000,298.0000,102.0000,110.0000
522.0000,298.0000,102.0000,110.0000
522.0000,298.0000,102.0000,110.0000
522.0000,298.0000,102.0000,110.0000
522.0000,298.0000,102.0000,110.0000
522.0000,298.0000,102.0000,110.0000
522.0000,298.0000,102.0000,110.0000
522.0000,298.0000,102.0000,110.0000
522.0000,298.0000,102.0000,110.0000
522.0000,298.0000,102.0000,110.0000
522.0000,298.0000,102.0000,110.0000
522.0000,298.0000,102.0000,110.0000
522.0000,298.0000,102.0000,110.0000
522.0000,298.0000,102.0000,110.0000
522.0000,298.0000,102.0000,110.0000
522.0000,298.0000,102.0000,110.0000
522.0000,298.0000,102.0000,110.0000
512.0000,298.0000,102.0000,110.0000
512.0000,298.0000,102.0000,110.0000
512.0000,298.0000,102.0000,110.0000
512.0000,298.0000,102.0000,110.0000
512.0000,298.0000,102.0000,110.0000
512.0000,298.0000,102.0000,110.0000
512.0000,298.0000,102.0000,110.0000
512.0000,298.0000,102.0000,110.0000
512.0000,298.0000,102.0000,110.0000
512.0000,298.0000,102.0000,110.0000
502.0000,308.0000,102.0000,110.0000
502.0000,308.0000,102.0000,110.0000
502.0000,308.0000,102.0000,110.0000
502.0000,308.0000,102.0000,110.0000
502.0000,308.0000,102.0000,110.0000
502.0000,308.0000,102.0000,110.0000
502.0000,308.0000,102.0000,110.0000
492.0000,308.0000,102.0000,110.0000
492.0000,308.0000,102.0000,110.0000
492.0000,308.0000,102.0000,110.0000
492.0000,308.0000,102.0000,110.0000
492.0000,308.0000,102.0000,110.0000
492.0000,308.0000,102.0000,110.0000
492.0000,308.0000,102.0000,110.0000
492.0000,308.0000,102.0000,110.0000
482.0000,308.0000,102.0000,110.0000
482.0000,308.0000,102.0000,110.0000
482.0000,308.0000,102.0000,110.0000
482.0000,308.0000,102.0000,110.0000
482.0000,308.0000,102.0000,110.0000
482.0000,308.0000,102.0000,110.0000
482.0000,308.0000,102.0000,110.0000
482.0000,308.0000,102.0000,110.0000
482.0000,308.0000,102.0000,110.0000
482.0000,318.0000,102.0000,110.0000
482.0000,318.0000,102.0000,110.0000
482.0000,318.0000,102.0000,110.0000
482.0000,318.0000,102.0000,110.0000
482.0000,318.0000,102.0000,110.0000
492.0000,318.0000,102.0000,110.0000
492.0000,318.0000,102.0000,110.0000
492.0000,318.0000,102.0000,110.0000
502.0000,318.0000,102.0000,110.0000
502.0000,318.0000,102.0000,110.0000
502.0000,318.0000,102.0000,110.0000
512.0000,318.0000,102.0000,110.0000
512.0000,318.0000,102.0000,110.0000
522.0000,318.0000,102.0000,110.0000
522.0000,318.0000,102.0000,110.0000
532.0000,318.0000,102.0000,110.0000
532.0000,318.0000,102.0000,110.0000
532.0000,318.0000,102.0000,110.0000
542.0000,318.0000,102.0000,110.0000
542.0000,318.0000,102.0000,110.0000
552.0000,318.0000,102.0000,110.0000
552.0000,318.0000,102.0000,110.0000
552.0000,318.0000,102.0000,110.0000
562.0000,318.0000,102.0000,110.0000
562.0000,318.0000,102.0000,110.0000
572.0000,318.0000,102.0000,110.0000
572.0000,318.0000,102.0000,110.0000
572.0000,318.0000,102.0000,110.0000
582.0000,318.0000,102.0000,110.0000
582.0000,318.0000,102.0000,110.0000
582.0000,318.0000,102.0000,110.0000
592.0000,318.0000,102.0000,110.0000
592.0000,318.0000,102.0000,110.0000
592.0000,318.0000,102.0000,110.0000
602.0000,318.0000,102.0000,110.0000
602.0000,328.0000,102.0000,110.0000
602.0000,328.0000,102.0000,110.0000
602.0000,328.0000,102.0000,110.0000
602.0000,328.0000,102.0000,110.0000
612.0000,328.0000,102.0000,110.0000
612.0000,328.0000,102.0000,110.0000
612.0000,328.0000,102.0000,110.0000
612.0000,328.0000,102.0000,110.0000
612.0000,328.0000,102.0000,110.0000
612.0000,328.0000,102.0000,110.0000
612.0000,328.0000,102.0000,110.0000
622.0000,328.0000,102.0000,110.0000
622.0000,328.0000,102.0000,110.0000
622.0000,328.0000,102.0000,110.0000
622.0000,328.0000,102.0000,110.0000
622.0000,328.0000,102.0000,110.0000
622.0000,328.0000,102.0000,110.0000
632.0000,328.0000,102.0000,110.0000
622.0000,328.0000,102.0000,110.0000
632.0000,328.0000,102.0000,110.0000
632.0000,328.0000,102.0000,110.0000
632.0000,328.0000,102.0000,110.0000
632.0000,328.0000,102.0000,110.0000
632.0000,328.0000,102.0000,110.0000
632.0000,328.0000,102.0000,110.0000
632.0000,328.0000,102.0000,110.0000
642.0000,338.0000,102.0000,110.0000
642.0000,338.0000,102.0000,110.0000
642.0000,338.0000,102.0000,110.0000
642.0000,338.0000,102.0000,110.0000
642.0000,338.0000,102.0000,110.0000
652.0000,338.0000,102.0000,110.0000
652.0000,338.0000,102.0000,110.0000
652.0000,338.0000,102.0000,110.0000
652.0000,338.0000,102.0000,110.0000
652.0000,338.0000,102.0000,110.0000
652.0000,348.0000,102.0000,110.0000
652.0000,348.0000,102.0000,110.0000
652.0000,348.0000,102.0000,110.0000
652.0000,348.0000,102.0000,110.0000
652.0000,348.0000,102.0000,110.0000
652.0000,348.0000,102.0000,110.0000
652.0000,348.0000,102.0000,110.0000
642.0000,348.0000,102.0000,110.0000
642.0000,348.0000,102.0000,110.0000
642.0000,358.0000,102.0000,110.0000
642.0000,358.0000,102.0000,110.0000
642.0000,358.0000,102.0000,110.0000
642.0000,358.0000,102.0000,110.0000
642.0000,358.0000,102.0000,110.0000
642.0000,358.0000,102.0000,110.0000
642.0000,358.0000,102.0000,110.0000
642.0000,358.0000,102.0000,110.0000
642.0000,358.0000,102.0000,110.0000
642.0000,358.0000,102.0000,110.0000
642.0000,358.0000,102.0000,110.0000
642.0000,358.0000,102.0000,110.0000
642.0000,368.0000,102.0000,110.0000
632.0000,368.0000,102.0000,110.0000
632.0000,368.0000,102.0000,110.0000
632.0000,368.0000,102.0000,110.0000
632.0000,368.0000,102.0000,110.0000
632.0000,368.0000,102.0000,110.0000
632.0000,368.0000,102.0000,110.0000
632.0000,368.0000,102.0000,110.0000
622.0000,378.0000,102.0000,110.0000
622.0000,378.0000,102.0000,110.0000
622.0000,378.0000,102.0000,110.0000
622.0000,378.0000,102.0000,110.0000
622.0000,378.0000,102.0000,110.0000
622.0000,378.0000,102.0000,110.0000
622.0000,378.0000,102.0000,110.0000
622.0000,378.0000,102.0000,110.0000
622.0000,378.0000,102.0000,110.0000
612.0000,388.0000,102.0000,110.0000
612.0000,388.0000,102.0000,110.0000
612.0000,388.0000,102.0000,110.0000
612.0000,388.0000,102.0000,110.0000
612.0000,388.0000,102.0000,110.0000
612.0000,388.0000,102.0000,110.0000
612.0000,388.0000,102.0000,110.0000
612.0000,388.0000,102.0000,110.0000
612.0000,388.0000,102.0000,110.0000
612.0000,388.0000,102.0000,110.0000
612.0000,388.0000,102.0000,110.0000
612.0000,398.0000,102.0000,110.0000
612.0000,398.0000,102.0000,110.0000
612.0000,398.0000,102.0000,110.0000
612.0000,398.0000,102.0000,110.0000
612.0000,398.0000,102.0000,110.0000
612.0000,398.0000,102.0000,110.0000
612.0000,398.0000,102.0000,110.0000
612.0000,398.0000,102.0000,110.0000
612.0000,398.0000,102.0000,110.0000
612.0000,398.0000,102.0000,110.0000
612.0000,398.0000,102.0000,110.0000
612.0000,398.0000,102.0000,110.0000
612.0000,398.0000,102.0000,110.0000
612.0000,398.0000,102.0000,110.0000
622.0000,398.0000,102.0000,110.0000
622.0000,398.0000,102.0000,110.0000
622.0000,408.0000,102.0000,110.0000
622.0000,408.0000,102.0000,110.0000
622.0000,398.0000,102.0000,110.0000
622.0000,398.0000,102.0000,110.0000
622.0000,398.0000,102.0000,110.0000
622.0000,398.0000,102.0000,110.0000
622.0000,398.0000,102.0000,110.0000
622.0000,398.0000,102.0000,110.0000
622.0000,398.0000,102.0000,110.0000
612.0000,398.0000,102.0000,110.0000
612.0000,398.0000,102.0000,110.0000
612.0000,398.0000,102.0000,110.0000
612.0000,398.0000,102.0000,110.0000
612.0000,398.0000,102.0000,110.0000
612.0000,398.0000,102.0000,110.0000
612.0000,398.0000,102.0000,110.0000
612.0000,398.0000,102.0000,110.0000
612.0000,398.0000,102.0000,110.0000
612.0000,398.0000,102.0000,110.0000
612.0000,398.0000,102.0000,110.0000
602.0000,398.0000,102.0000,110.0000
602.0000,398.0000,102.0000,110.0000
602.0000,398.0000,102.0000,110.0000
602.0000,398.0000,102.0000,110.0000
602.0000,398.0000,102.0000,110.0000
602.0000,398.0000,102.0000,110.0000
602.0000,398.0000,102.0000,110.0000
602.0000,398.0000,102.0000,110.0000
602.0000,398.0000,102.0000,110.0000
602.0000,398.0000,102.0000,110.0000
602.0000,398.0000,102.0000,110.0000
602.0000,398.0000,102.0000,110.0000
602.0000,398.0000,102.0000,110.0000
602.0000,398.0000,102.0000,110.0000
602.0000,398.0000,102.0000,110.0000
592.0000,398.0000,102.0000,110.0000
592.0000,398.0000,102.0000,110.0000
592.0000,398.0000,102.0000,110.0000
592.0000,398.0000,102.0000,110.0000
592.0000,398.0000,102.0000,110.0000
592.0000,398.0000,102.0000,110.0000
592.0000,398.0000,102.0000,110.0000
592.0000,398.0000,102.0000,110.0000
592.0000,398.0000,102.0000,110.0000
592.0000,398.0000,102.0000,110.0000
592.0000,398.0000,102.0000,110.0000
592.0000,398.0000,102.0000,110.0000
592.0000,398.0000,102.0000,110.0000
592.0000,398.0000,102.0000,110.0000
582.0000,398.0000,102.0000,110.0000
582.0000,398.0000,102.0000,110.0000
582.0000,398.0000,102.0000,110.0000
582.0000,398.0000,102.0000,110.0000
582.0000,398.0000,102.0000,110.0000
582.0000,398.0000,102.0000,110.0000
582.0000,398.0000,102.0000,110.0000
582.0000,398.0000,102.0000,110.0000
582.0000,398.0000,102.0000,110.0000
582.0000,398.0000,102.0000,110.0000
582.0000,398.0000,102.0000,110.0000
582.0000,408.0000,102.0000,110.0000
582.0000,408.0000,102.0000,110.0000
582.0000,408.0000,102.0000,110.0000
582.0000,408.0000,102.0000,110.0000
582.0000,408.0000,102.0000,110.0000
582.0000,408.0000,102.0000,110.0000
572.0000,408.0000,102.0000,110.0000
572.0000,408.0000,102.0000,110.0000
582.0000,408.0000,102.0000,110.0000
582.0000,418.0000,102.0000,110.0000
572.0000,418.0000,102.0000,110.0000
582.0000,418.0000,102.0000,110.0000
582.0000,418.0000,102.0000,110.0000
572.0000,418.0000,102.0000,110.0000
572.0000,418.0000,102.0000,110.0000
572.0000,418.0000,102.0000,110.0000
572.0000,418.0000,102.0000,110.0000
572.0000,428.0000,102.0000,110.0000
572.0000,428.0000,102.0000,110.0000
572.0000,428.0000,102.0000,110.0000
572.0000,428.0000,102.0000,110.0000
572.0000,428.0000,102.0000,110.0000
572.0000,428.0000,102.0000,110.0000
572.0000,428.0000,102.0000,110.0000
572.0000,428.0000,102.0000,110.0000
572.0000,438.0000,102.0000,110.0000
572.0000,438.0000,102.0000,110.0000
572.0000,438.0000,102.0000,110.0000
572.0000,438.0000,102.0000,110.0000
562.0000,438.0000,102.0000,110.0000
562.0000,438.0000,102.0000,110.0000
572.0000,438.0000,102.0000,110.0000
562.0000,448.0000,102.0000,110.0000
562.0000,448.0000,102.0000,110.0000
562.0000,448.0000,102.0000,110.0000
562.0000,448.0000,102.0000,110.0000
562.0000,448.0000,102.0000,110.0000
562.0000,448.0000,102.0000,110.0000
562.0000,448.0000,102.0000,110.0000
562.0000,448.0000,102.0000,110.0000
562.0000,458.0000,102.0000,110.0000
562.0000,458.0000,102.0000,110.0000
562.0000,458.0000,102.0000,110.0000
552.0000,458.0000,102.0000,110.0000
562.0000,458.0000,102.0000,110.0000
552.0000,458.0000,102.0000,110.0000
552.0000,458.0000,102.0000,110.0000
562.0000,458.0000,102.0000,110.0000
552.0000,468.0000,102.0000,110.0000
552.0000,468.0000,102.0000,110.0000
552.0000,468.0000,102.0000,110.0000
552.0000,468.0000,102.0000,110.0000
552.0000,468.0000,102.0000,110.0000
552.0000,468.0000,102.0000,110.0000
552.0000,468.0000,102.0000,110.0000
552.0000,468.0000,102.0000,110.0000
552.0000,468.0000,102.0000,110.0000
552.0000,478.0000,102.0000,110.0000
552.0000,478.0000,102.0000,110.0000
552.0000,478.0000,102.0000,110.0000
552.0000,478.0000,102.0000,110.0000
542.0000,478.0000,102.0000,110.0000
542.0000,478.0000,102.0000,110.0000
542.0000,478.0000,102.0000,110.0000
542.0000,478.0000,102.0000,110.0000
542.0000,478.0000,102.0000,110.0000
542.0000,478.0000,102.0000,110.0000
542.0000,478.0000,102.0000,110.0000
542.0000,468.0000,102.0000,110.0000
542.0000,468.0000,102.0000,110.0000
542.0000,468.0000,102.0000,110.0000
542.0000,468.0000,102.0000,110.0000
542.0000,468.0000,102.0000,110.0000
542.0000,468.0000,102.0000,110.0000
542.0000,468.0000,102.0000,110.0000
542.0000,468.0000,102.0000,110.0000
542.0000,458.0000,102.0000,110.0000
542.0000,458.0000,102.0000,110.0000
542.0000,458.0000,102.0000,110.0000
532.0000,458.0000,102.0000,110.0000
532.0000,458.0000,102.0000,110.0000
532.0000,458.0000,102.0000,110.0000
532.0000,458.0000,102.0000,110.0000
532.0000,458.0000,102.0000,110.0000
532.0000,448.0000,102.0000,110.0000
532.0000,448.0000,102.0000,110.0000
522.0000,448.0000,102.0000,110.0000
532.0000,448.0000,102.0000,110.0000
522.0000,448.0000,102.0000,110.0000
532.0000,448.0000,102.0000,110.0000
522.0000,438.0000,102.0000,110.0000
522.0000,438.0000,102.0000,110.0000
532.0000,438.0000,102.0000,110.0000
522.0000,438.0000,102.0000,110.0000
522.0000,438.0000,102.0000,110.0000
522.0000,438.0000,102.0000,110.0000
522.0000,428.0000,102.0000,110.0000
522.0000,428.0000,102.0000,110.0000
522.0000,428.0000,102.0000,110.0000
522.0000,428.0000,102.0000,110.0000
512.0000,428.0000,102.0000,110.0000
522.0000,428.0000,102.0000,110.0000
522.0000,418.0000,102.0000,110.0000
512.0000,418.0000,102.0000,110.0000
512.0000,418.0000,102.0000,110.0000
512.0000,418.0000,102.0000,110.0000
512.0000,418.0000,102.0000,110.0000
512.0000,418.0000,102.0000,110.0000
512.0000,418.0000,102.0000,110.0000
512.0000,408.0000,102.0000,110.0000
512.0000,408.0000,102.0000,110.0000
512.0000,408.0000,102.0000,110.0000
512.0000,408.0000,102.0000,110.0000
512.0000,408.0000,102.0000,110.0000
522.0000,408.0000,102.0000,110.0000
522.0000,398.0000,102.0000,110.0000
522.0000,398.0000,102.0000,110.0000
522.0000,398.0000,102.0000,110.0000
522.0000,398.0000,102.0000,110.0000
532.0000,398.0000,102.0000,110.0000
532.0000,398.0000,102.0000,110.0000
532.0000,398.0000,102.0000,110.0000
532.0000,388.0000,102.0000,110.0000
532.0000,388.0000,102.0000,110.0000
542.0000,388.0000,102.0000,110.0000
542.0000,388.0000,102.0000,110.0000
542.0000,388.0000,102.0000,110.0000
542.0000,388.0000,102.0000,110.0000
542.0000,388.0000,102.0000,110.0000
542.0000,378.0000,102.0000,110.0000
542.0000,378.0000,102.0000,110.0000
542.0000,378.0000,102.0000,110.0000
542.0000,378.0000,102.0000,110.0000
542.0000,378.0000,102.0000,110.0000
542.0000,378.0000,102.0000,110.0000
542.0000,378.0000,102.0000,110.0000
542.0000,378.0000,102.0000,110.0000
542.0000,378.0000,102.0000,110.0000
542.0000,378.0000,102.0000,110.0000
532.0000,378.0000,102.0000,110.0000
532.0000,378.0000,102.0000,110.0000
532.0000,378.0000,102.0000,110.0000
532.0000,368.0000,102.0000,110.0000
522.0000,368.0000,102.0000,110.0000
522.0000,368.0000,102.0000,110.0000
522.0000,368.0000,102.0000,110.0000
522.0000,368.0000,102.0000,110.0000
522.0000,368.0000,102.0000,110.0000
512.0000,368.0000,102.0000,110.0000
512.0000,368.0000,102.0000,110.0000
512.0000,368.0000,102.0000,110.0000
512.0000,368.0000,102.0000,110.0000
502.0000,368.0000,102.0000,110.0000
502.0000,368.0000,102.0000,110.0000
502.0000,368.0000,102.0000,110.0000
502.0000,368.0000,102.0000,110.0000
502.0000,368.0000,102.0000,110.0000
492.0000,368.0000,102.0000,110.0000
492.0000,368.0000,102.0000,110.0000
492.0000,358.0000,102.0000,110.0000
482.0000,358.0000,102.0000,110.0000
482.0000,358.0000,102.0000,110.0000
482.0000,358.0000,102.0000,110.0000
482.0000,358.0000,102.0000,110.0000
472.0000,358.0000,102.0000,110.0000
472.0000,358.0000,102.0000,110.0000
472.0000,358.0000,102.0000,110.0000
462.0000,358.0000,102.0000,110.0000
462.0000,358.0000,102.0000,110.0000
462.0000,358.0000,102.0000,110.0000
452.0000,358.0000,102.0000,110.0000
452.0000,358.0000,102.0000,110.0000
452.0000,358.0000,102.0000,110.0000
452.0000,358.0000,102.0000,110.0000
442.0000,358.0000,102.0000,110.0000
442.0000,358.0000,102.0000,110.0000
442.0000,358.0000,102.0000,110.0000
442.0000,358.0000,102.0000,110.0000
432.0000,358.0000,102.0000,110.0000
432.0000,358.0000,102.0000,110.0000
432.0000,358.0000,102.0000,110.0000
422.0000,358.0000,102.0000,110.0000
422.0000,358.0000,102.0000,110.0000
412.0000,358.0000,102.0000,110.0000
412.0000,358.0000,102.0000,110.0000
412.0000,358.0000,102.0000,110.0000
402.0000,358.0000,102.0000,110.0000
402.0000,358.0000,102.0000,110.0000
402.0000,358.0000,102.0000,110.0000
392.0000,358.0000,102.0000,110.0000
392.0000,358.0000,102.0000,110.0000
382.0000,358.0000,102.0000,110.0000
382.0000,358.0000,102.0000,110.0000
382.0000,358.0000,102.0000,110.0000
382.0000,358.0000,102.0000,110.0000
382.0000,358.0000,102.0000,110.0000
382.0000,358.0000,102.0000,110.0000
372.0000,358.0000,102.0000,110.0000
372.0000,358.0000,102.0000,110.0000
372.0000,358.0000,102.0000,110.0000
372.0000,358.0000,102.0000,110.0000
372.0000,358.0000,102.0000,110.0000
372.0000,358.0000,102.0000,110.0000
362.0000,348.0000,102.0000,110.0000
362.0000,348.0000,102.0000,110.0000
362.0000,348.0000,102.0000,110.0000
362.0000,348.0000,102.0000,110.0000
362.0000,348.0000,102.0000,110.0000
362.0000,348.0000,102.0000,110.0000
352.0000,348.0000,102.0000,110.0000
362.0000,348.0000,102.0000,110.0000
362.0000,348.0000,102.0000,110.0000
362.0000,348.0000,102.0000,110.0000
362.0000,348.0000,102.0000,110.0000
362.0000,348.0000,102.0000,110.0000
372.0000,348.0000,102.0000,110.0000
372.0000,348.0000,102.0000,110.0000
372.0000,348.0000,102.0000,110.0000
372.0000,348.0000,102.0000,110.0000
382.0000,348.0000,102.0000,110.0000
382.0000,348.0000,102.0000,110.0000
382.0000,348.0000,102.0000,110.0000
382.0000,338.0000,102.0000,110.0000
392.0000,348.0000,102.0000,110.0000
402.0000,348.0000,102.0000,110.0000
402.0000,348.0000,102.0000,110.0000
402.0000,338.0000,102.0000,110.0000
402.0000,338.0000,102.0000,110.0000
402.0000,338.0000,102.0000,110.0000
402.0000,338.0000,102.0000,110.0000
412.0000,338.0000,102.0000,110.0000
412.0000,338.0000,102.0000,110.0000
422.0000,338.0000,102.0000,110.0000
422.0000,338.0000,102.0000,110.0000
422.0000,338.0000,102.0000,110.0000
422.0000,338.0000,102.0000,110.0000
432.0000,338.0000,102.0000,110.0000
422.0000,328.0000,102.0000,110.0000
422.0000,328.0000,102.0000,110.0000
432.0000,328.0000,102.0000,110.0000
432.0000,328.0000,102.0000,110.0000
432.0000,328.0000,102.0000,110.0000
432.0000,328.0000,102.0000,110.0000
432.0000,328.0000,102.0000,110.0000
432.0000,328.0000,102.0000,110.0000
442.0000,328.0000,102.0000,110.0000
442.0000,328.0000,102.0000,110.0000
432.0000,318.0000,102.0000,110.0000
432.0000,318.0000,102.0000,110.0000
432.0000,318.0000,102.0000,110.0000
432.0000,318.0000,102.0000,110.0000
432.0000,318.0000,102.0000,110.0000
432.0000,318.0000,102.0000,110.0000
432.0000,318.0000,102.0000,110.0000
432.0000,318.0000,102.0000,110.0000
432.0000,318.0000,102.0000,110.0000
432.0000,318.0000,102.0000,110.0000
432.0000,318.0000,102.0000,110.0000
432.0000,318.0000,102.0000,110.0000
422.0000,318.0000,102.0000,110.0000
422.0000,318.0000,102.0000,110.0000
422.0000,318.0000,102.0000,110.0000
412.0000,308.0000,102.0000,110.0000
412.0000,308.0000,102.0000,110.0000
412.0000,308.0000,102.0000,110.0000
402.0000,308.0000,102.0000,110.0000
402.0000,308.0000,102.0000,110.0000
392.0000,308.0000,102.0000,110.0000
392.0000,308.0000,102.0000,110.0000
392.0000,308.0000,102.0000,110.0000
382.0000,308.0000,102.0000,110.0000
382.0000,308.0000,102.0000,110.0000
382.0000,308.0000,102.0000,110.0000
372.0000,308.0000,102.0000,110.0000
372.0000,308.0000,102.0000,110.0000
362.0000,298.0000,102.0000,110.0000
362.0000,298.0000,102.0000,110.0000
362.0000,298.0000,102.0000,110.0000
352.0000,298.0000,102.0000,110.0000
352.0000,298.0000,102.0000,110.0000
342.0000,298.0000,102.0000,110.0000
342.0000,298.0000,102.0000,110.0000
342.0000,298.0000,102.0000,110.0000
332.0000,288.0000,102.0000,110.0000
332.0000,298.0000,102.0000,110.0000
332.0000,288.0000,102.0000,110.0000
332.0000,288.0000,102.0000,110.0000
322.0000,288.0000,102.0000,110.0000
322.0000,288.0000,102.0000,110.0000
322.0000,288.0000,102.0000,110.0000
322.0000,288.0000,102.0000,110.0000
322.0000,288.0000,102.0000,110.0000
312.0000,288.0000,102.0000,110.0000
312.0000,288.0000,102.0000,110.0000
312.0000,288.0000,102.0000,110.0000
312.0000,288.0000,102.0000,110.0000
312.0000,288.0000,102.0000,110.0000
302.0000,288.0000,102.0000,110.0000
302.0000,288.0000,102.0000,110.0000
302.0000,288.0000,102.0000,110.0000
302.0000,288.0000,102.0000,110.0000
302.0000,278.0000,102.0000,110.0000
292.0000,278.0000,102.0000,110.0000
292.0000,278.0000,102.0000,110.0000
292.0000,278.0000,102.0000,110.0000
292.0000,278.0000,102.0000,110.0000
292.0000,278.0000,102.0000,110.0000
282.0000,278.0000,102.0000,110.0000
282.0000,278.0000,102.0000,110.0000
282.0000,278.0000,102.0000,110.0000
282.0000,278.0000,102.0000,110.0000
282.0000,278.0000,102.0000,110.0000
282.0000,278.0000,102.0000,110.0000
272.0000,268.0000,102.0000,110.0000
272.0000,268.0000,102.0000,110.0000
272.0000,268.0000,102.0000,110.0000
262.0000,268.0000,102.0000,110.0000
262.0000,268.0000,102.0000,110.0000
262.0000,268.0000,102.0000,110.0000
262.0000,268.0000,102.0000,110.0000
262.0000,268.0000,102.0000,110.0000
262.0000,268.0000,102.0000,110.0000
252.0000,258.0000,102.0000,110.0000
252.0000,258.0000,102.0000,110.0000
252.0000,258.0000,102.0000,110.0000
242.0000,258.0000,102.0000,110.0000
242.0000,258.0000,102.0000,110.0000
242.0000,258.0000,102.0000,110.0000
242.0000,258.0000,102.0000,110.0000
242.0000,258.0000,102.0000,110.0000
242.0000,258.0000,102.0000,110.0000
232.0000,248.0000,102.0000,110.0000
222.0000,248.0000,102.0000,110.0000
222.0000,248.0000,102.0000,110.0000
222.0000,248.0000,102.0000,110.0000
222.0000,248.0000,102.0000,110.0000
222.0000,248.0000,102.0000,110.0000
222.0000,248.0000,102.0000,110.0000
212.0000,248.0000,102.0000,110.0000
212.0000,248.0000,102.0000,110.0000
202.0000,238.0000,102.0000,110.0000
202.0000,238.0000,102.0000,110.0000
202.0000,238.0000,102.0000,110.0000
202.0000,238.0000,102.0000,110.0000
192.0000,238.0000,102.0000,110.0000
192.0000,238.0000,102.0000,110.0000
192.0000,238.0000,102.0000,110.0000
192.0000,238.0000,102.0000,110.0000
192.0000,238.0000,102.0000,110.0000
182.0000,238.0000,102.0000,110.0000
182.0000,228.0000,102.0000,110.0000
182.0000,238.0000,102.0000,110.0000
172.0000,228.0000,102.0000,110.0000
172.0000,228.0000,102.0000,110.0000
172.0000,228.0000,102.0000,110.0000
172.0000,228.0000,102.0000,110.0000
172.0000,228.0000,102.0000,110.0000
172.0000,228.0000,102.0000,110.0000
172.0000,228.0000,102.0000,110.0000
172.0000,228.0000,102.0000,110.0000
162.0000,218.0000,102.0000,110.0000
162.0000,218.0000,102.0000,110.0000
162.0000,218.0000,102.0000,110.0000
162.0000,218.0000,102.0000,110.0000
162.0000,218.0000,102.0000,110.0000
162.0000,218.0000,102.0000,110.0000
162.0000,218.0000,102.0000,110.0000
162.0000,218.0000,102.0000,110.0000
152.0000,208.0000,102.0000,110.0000
162.0000,208.0000,102.0000,110.0000
162.0000,208.0000,102.0000,110.0000
162.0000,208.0000,102.0000,110.0000
162.0000,208.0000,102.0000,110.0000
162.0000,208.0000,102.0000,110.0000
162.0000,208.0000,102.0000,110.0000
162.0000,208.0000,102.0000,110.0000
152.0000,198.0000,102.0000,110.0000
152.0000,198.0000,102.0000,110.0000
152.0000,198.0000,102.0000,110.0000
152.0000,198.0000,102.0000,110.0000
152.0000,198.0000,102.0000,110.0000
152.0000,198.0000,102.0000,110.0000
152.0000,198.0000,102.0000,110.0000
152.0000,198.0000,102.0000,110.0000
152.0000,188.0000,102.0000,110.0000
152.0000,188.0000,102.0000,110.0000
152.0000,188.0000,102.0000,110.0000
152.0000,188.0000,102.0000,110.0000
142.0000,188.0000,102.0000,110.0000
152.0000,188.0000,102.0000,110.0000
142.0000,178.0000,102.0000,110.0000
142.0000,178.0000,102.0000,110.0000
142.0000,178.0000,102.0000,110.0000
142.0000,178.0000,102.0000,110.0000
142.0000,178.0000,102.0000,110.0000
142.0000,178.0000,102.0000,110.0000
142.0000,178.0000,102.0000,110.0000
142.0000,178.0000,102.0000,110.0000
142.0000,178.0000,102.0000,110.0000
142.0000,178.0000,102.0000,110.0000
142.0000,178.0000,102.0000,110.0000
152.0000,178.0000,102.0000,110.0000
152.0000,178.0000,102.0000,110.0000
142.0000,168.0000,102.0000,110.0000
142.0000,168.0000,102.0000,110.0000
142.0000,168.0000,102.0000,110.0000
152.0000,168.0000,102.0000,110.0000
152.0000,168.0000,102.0000,110.0000
152.0000,168.0000,102.0000,110.0000
152.0000,168.0000,102.0000,110.0000
152.0000,168.0000,102.0000,110.0000
152.0000,158.0000,102.0000,110.0000
152.0000,158.0000,102.0000,110.0000
152.0000,158.0000,102.0000,110.0000
152.0000,158.0000,102.0000,110.0000
152.0000,158.0000,102.0000,110.0000
152.0000,158.0000,102.0000,110.0000
152.0000,158.0000,102.0000,110.0000
152.0000,158.0000,102.0000,110.0000
152.0000,158.0000,102.0000,110.0000
152.0000,158.0000,102.0000,110.0000
162.0000,168.0000,102.0000,110.0000
162.0000,168.0000,102.0000,110.0000
162.0000,168.0000,102.0000,110.0000
162.0000,168.0000,102.0000,110.0000
162.0000,178.0000,102.0000,110.0000
162.0000,178.0000,102.0000,110.0000
162.0000,178.0000,102.0000,110.0000
162.0000,178.0000,102.0000,110.0000
162.0000,178.0000,102.0000,110.0000
162.0000,178.0000,102.0000,110.0000
162.0000,178.0000,102.0000,110.0000
162.0000,188.0000,102.0000,110.0000
162.0000,188.0000,102.0000,110.0000
162.0000,188.0000,102.0000,110.0000
162.0000,188.0000,102.0000,110.0000
162.0000,188.0000,102.0000,110.0000
162.0000,188.0000,102.0000,110.0000
162.0000,188.0000,102.0000,110.0000
162.0000,198.0000,102.0000,110.0000
162.0000,198.0000,102.0000,110.0000
172.0000,198.0000,102.0000,110.0000
172.0000,198.0000,102.0000,110.0000
172.0000,198.0000,102.0000,110.0000
172.0000,198.0000,102.0000,110.0000
172.0000,198.0000,102.0000,110.0000
172.0000,198.0000,102.0000,110.0000
172.0000,198.0000,102.0000,110.0000
172.0000,198.0000,102.0000,110.0000
172.0000,198.0000,102.0000,110.0000
172.0000,198.0000,102.0000,110.0000
172.0000,198.0000,102.0000,110.0000
172.0000,198.0000,102.0000,110.0000
172.0000,198.0000,102.0000,110.0000
182.0000,198.0000,102.0000,110.0000
182.0000,198.0000,102.0000,110.0000
182.0000,198.0000,102.0000,110.0000
182.0000,198.0000,102.0000,110.0000
182.0000,198.0000,102.0000,110.0000
192.0000,198.0000,102.0000,110.0000
192.0000,198.0000,102.0000,110.0000
192.0000,198.0000,102.0000,110.0000
202.0000,198.0000,102.0000,110.0000
202.0000,198.0000,102.0000,110.0000
202.0000,198.0000,102.0000,110.0000
212.0000,198.0000,102.0000,110.0000
222.0000,198.0000,102.0000,110.0000
222.0000,198.0000,102.0000,110.0000
222.0000,198.0000,102.0000,110.0000
232.0000,198.0000,102.0000,110.0000
242.0000,198.0000,102.0000,110.0000
242.0000,198.0000,102.0000,110.0000
252.0000,198.0000,102.0000,110.0000
262.0000,198.0000,102.0000,110.0000
272.0000,198.0000,102.0000,110.0000
282.0000,198.0000,102.0000,110.0000
282.0000,198.0000,102.0000,110.0000
292.0000,198.0000,102.0000,110.0000
302.0000,198.0000,102.0000,110.0000
312.0000,198.0000,102.0000,110.0000
322.0000,198.0000,102.0000,110.0000
332.0000,198.0000,102.0000,110.0000
342.0000,198.0000,102.0000,110.0000
352.0000,198.0000,102.0000,110.0000
362.0000,198.0000,102.0000,110.0000
372.0000,198.0000,102.0000,110.0000
382.0000,198.0000,102.0000,110.0000
392.0000,198.0000,102.0000,110.0000
402.0000,198.0000,102.0000,110.0000
412.0000,198.0000,102.0000,110.0000
422.0000,198.0000,102.0000,110.0000
432.0000,198.0000,102.0000,110.0000
442.0000,198.0000,102.0000,110.0000
452.0000,198.0000,102.0000,110.0000
462.0000,198.0000,102.0000,110.0000
472.0000,198.0000,102.0000,110.0000
482.0000,198.0000,102.0000,110.0000
492.0000,198.0000,102.0000,110.0000
492.0000,198.0000,102.0000,110.0000
502.0000,198.0000,102.0000,110.0000
512.0000,198.0000,102.0000,110.0000
512.0000,198.0000,102.0000,110.0000
512.0000,198.0000,102.0000,110.0000
512.0000,198.0000,102.0000,110.0000
512.0000,198.0000,102.0000,110.0000
512.0000,198.0000,102.0000,110.0000
512.0000,198.0000,102.0000,110.0000
512.0000,198.0000,102.0000,110.0000
512.0000,198.0000,102.0000,110.0000
512.0000,198.0000,102.0000,110.0000
502.0000,198.0000,102.0000,110.0000
502.0000,198.0000,102.0000,110.0000
502.0000,198.0000,102.0000,110.0000
502.0000,198.0000,102.0000,110.0000
492.0000,198.0000,102.0000,110.0000
492.0000,198.0000,102.0000,110.0000
492.0000,198.0000,102.0000,110.0000
492.0000,198.0000,102.0000,110.0000
492.0000,198.0000,102.0000,110.0000
482.0000,198.0000,102.0000,110.0000
482.0000,198.0000,102.0000,110.0000
482.0000,198.0000,102.0000,110.0000
482.0000,198.0000,102.0000,110.0000
472.0000,198.0000,102.0000,110.0000
472.0000,198.0000,102.0000,110.0000
472.0000,198.0000,102.0000,110.0000
472.0000,198.0000,102.0000,110.0000
472.0000,198.0000,102.0000,110.0000
462.0000,198.0000,102.0000,110.0000
462.0000,198.0000,102.0000,110.0000
462.0000,198.0000,102.0000,110.0000
462.0000,198.0000,102.0000,110.0000
462.0000,198.0000,102.0000,110.0000
452.0000,198.0000,102.0000,110.0000
452.0000,198.0000,102.0000,110.0000
452.0000,198.0000,102.0000,110.0000
452.0000,198.0000,102.0000,110.0000
452.0000,198.0000,102.0000,110.0000
442.0000,198.0000,102.0000,110.0000
442.0000,198.0000,102.0000,110.0000
442.0000,198.0000,102.0000,110.0000
442.0000,198.0000,102.0000,110.0000
442.0000,198.0000,102.0000,110.0000
432.0000,198.0000,102.0000,110.0000
432.0000,198.0000,102.0000,110.0000
432.0000,198.0000,102.0000,110.0000
432.0000,198.0000,102.0000,110.0000
432.0000,198.0000,102.0000,110.0000
432.0000,198.0000,102.0000,110.0000
422.0000,198.0000,102.0000,110.0000
422.0000,198.0000,102.0000,110.0000
422.0000,198.0000,102.0000,110.0000
422.0000,198.0000,102.0000,110.0000
422.0000,208.0000,102.0000,110.0000
422.0000,208.0000,102.0000,110.0000
422.0000,208.0000,102.0000,110.0000
422.0000,208.0000,102.0000,110.0000
422.0000,208.0000,102.0000,110.0000
422.0000,208.0000,102.0000,110.0000
412.0000,208.0000,102.0000,110.0000
422.0000,208.0000,102.0000,110.0000
422.0000,208.0000,102.0000,110.0000
422.0000,208.0000,102.0000,110.0000
422.0000,208.0000,102.0000,110.0000
422.0000,208.0000,102.0000,110.0000
422.0000,208.0000,102.0000,110.0000
422.0000,208.0000,102.0000,110.0000
432.0000,208.0000,102.0000,110.0000
432.0000,208.0000,102.0000,110.0000
432.0000,208.0000,102.0000,110.0000
442.0000,208.0000,102.0000,110.0000
442.0000,208.0000,102.0000,110.0000
442.0000,208.0000,102.0000,110.0000
442.0000,208.0000,102.0000,110.0000
452.0000,208.0000,102.0000,110.0000
452.0000,208.0000,102.0000,110.0000
452.0000,208.0000,102.0000,110.0000
462.0000,208.0000,102.0000,110.0000
462.0000,208.0000,102.0000,110.0000
462.0000,208.0000,102.0000,110.0000
472.0000,208.0000,102.0000,110.0000
472.0000,208.0000,102.0000,110.0000
472.0000,208.0000,102.0000,110.0000
472.0000,208.0000,102.0000,110.0000
482.0000,208.0000,102.0000,110.0000
482.0000,208.0000,102.0000,110.0000
482.0000,208.0000,102.0000,110.0000
482.0000,208.0000,102.0000,110.0000
482.0000,208.0000,102.0000,110.0000
492.0000,208.0000,102.0000,110.0000
492.0000,208.0000,102.0000,110.0000
502.0000,208.0000,102.0000,110.0000
502.0000,208.0000,102.0000,110.0000
502.0000,208.0000,102.0000,110.0000
502.0000,208.0000,102.0000,110.0000
512.0000,208.0000,102.0000,110.0000
512.0000,208.0000,102.0000,110.0000
512.0000,208.0000,102.0000,110.0000
512.0000,208.0000,102.0000,110.0000
522.0000,208.0000,102.0000,110.0000
522.0000,208.0000,102.0000,110.0000
522.0000,208.0000,102.0000,110.0000
522.0000,208.0000,102.0000,110.0000
532.0000,208.0000,102.0000,110.0000
532.0000,208.0000,102.0000,110.0000
532.0000,208.0000,102.0000,110.0000
532.0000,208.0000,102.0000,110.0000
532.0000,208.0000,102.0000,110.0000
542.0000,208.0000,102.0000,110.0000
542.0000,208.0000,102.0000,110.0000
542.0000,208.0000,102.0000,110.0000
542.0000,208.0000,102.0000,110.0000
552.0000,218.0000,102.0000,110.0000
552.0000,218.0000,102.0000,110.0000
552.0000,218.0000,102.0000,110.0000
562.0000,218.0000,102.0000,110.0000
562.0000,218.0000,102.0000,110.0000
562.0000,218.0000,102.0000,110.0000
562.0000,218.0000,102.0000,110.0000
562.0000,218.0000,102.0000,110.0000
572.0000,218.0000,102.0000,110.0000
572.0000,218.0000,102.0000,110.0000
572.0000,218.0000,102.0000,110.0000
572.0000,218.0000,102.0000,110.0000
572.0000,218.0000,102.0000,110.0000
572.0000,218.0000,102.0000,110.0000
572.0000,218.0000,102.0000,110.0000
572.0000,218.0000,102.0000,110.0000
572.0000,218.0000,102.0000,110.0000
582.0000,218.0000,102.0000,110.0000
582.0000,218.0000,102.0000,110.0000
582.0000,218.0000,102.0000,110.0000
582.0000,218.0000,102.0000,110.0000
582.0000,218.0000,102.0000,110.0000
592.0000,228.0000,102.0000,110.0000
592.0000,228.0000,102.0000,110.0000
592.0000,228.0000,102.0000,110.0000
592.0000,228.0000,102.0000,110.0000
592.0000,228.0000,102.0000,110.0000
592.0000,228.0000,102.0000,110.0000
592.0000,228.0000,102.0000,110.0000
592.0000,228.0000,102.0000,110.0000
602.0000,228.0000,102.0000,110.0000
602.0000,228.0000,102.0000,110.0000
602.0000,228.0000,102.0000,110.0000
602.0000,228.0000,102.0000,110.0000
602.0000,228.0000,102.0000,110.0000
602.0000,228.0000,102.0000,110.0000
602.0000,228.0000,102.0000,110.0000
612.0000,238.0000,102.0000,110.0000
612.0000,238.0000,102.0000,110.0000
612.0000,238.0000,102.0000,110.0000
612.0000,238.0000,102.0000,110.0000
612.0000,238.0000,102.0000,110.0000
612.0000,238.0000,102.0000,110.0000
622.0000,238.0000,102.0000,110.0000
622.0000,238.0000,102.0000,110.0000
622.0000,238.0000,102.0000,110.0000
622.0000,238.0000,102.0000,110.0000
622.0000,238.0000,102.0000,110.0000
622.0000,238.0000,102.0000,110.0000
632.0000,248.0000,102.0000,110.0000
632.0000,248.0000,102.0000,110.0000
632.0000,248.0000,102.0000,110.0000
632.0000,248.0000,102.0000,110.0000
632.0000,248.0000,102.0000,110.0000
632.0000,248.0000,102.0000,110.0000
642.0000,248.0000,102.0000,110.0000
642.0000,248.0000,102.0000,110.0000
642.0000,258.0000,102.0000,110.0000
642.0000,258.0000,102.0000,110.0000
652.0000,258.0000,102.0000,110.0000
652.0000,258.0000,102.0000,110.0000
652.0000,258.0000,102.0000,110.0000
652.0000,258.0000,102.0000,110.0000
652.0000,258.0000,102.0000,110.0000
652.0000,258.0000,102.0000,110.0000
662.0000,268.0000,102.0000,110.0000
662.0000,268.0000,102.0000,110.0000
662.0000,268.0000,102.0000,110.0000
672.0000,268.0000,102.0000,110.0000
672.0000,268.0000,102.0000,110.0000
672.0000,268.0000,102.0000,110.0000
672.0000,268.0000,102.0000,110.0000
672.0000,268.0000,102.0000,110.0000
672.0000,268.0000,102.0000,110.0000
682.0000,278.0000,102.0000,110.0000
682.0000,278.0000,102.0000,110.0000
682.0000,278.0000,102.0000,110.0000
682.0000,278.0000,102.0000,110.0000
692.0000,278.0000,102.0000,110.0000
692.0000,278.0000,102.0000,110.0000
692.0000,278.0000,102.0000,110.0000
692.0000,288.0000,102.0000,110.0000
702.0000,288.0000,102.0000,110.0000
702.0000,288.0000,102.0000,110.0000
702.0000,288.0000,102.0000,110.0000
702.0000,288.0000,102.0000,110.0000
702.0000,288.0000,102.0000,110.0000
712.0000,298.0000,102.0000,110.0000
712.0000,298.0000,102.0000,110.0000
722.0000,298.0000,102.0000,110.0000
712.0000,298.0000,102.0000,110.0000
722.0000,298.0000,102.0000,110.0000
722.0000,298.0000,102.0000,110.0000
732.0000,308.0000,102.0000,110.0000
732.0000,308.0000,102.0000,110.0000
732.0000,308.0000,102.0000,110.0000
732.0000,308.0000,102.0000,110.0000
742.0000,308.0000,102.0000,110.0000
742.0000,318.0000,102.0000,110.0000
742.0000,318.0000,102.0000,110.0000
752.0000,318.0000,102.0000,110.0000
752.0000,318.0000,102.0000,110.0000
752.0000,318.0000,102.0000,110.0000
762.0000,328.0000,102.0000,110.0000
762.0000,328.0000,102.0000,110.0000
762.0000,328.0000,102.0000,110.0000
762.0000,328.0000,102.0000,110.0000
772.0000,328.0000,102.0000,110.0000
772.0000,338.0000,102.0000,110.0000
772.0000,338.0000,102.0000,110.0000
772.0000,338.0000,102.0000,110.0000
782.0000,338.0000,102.0000,110.0000
782.0000,338.0000,102.0000,110.0000
782.0000,338.0000,102.0000,110.0000
782.0000,348.0000,102.0000,110.0000
792.0000,348.0000,102.0000,110.0000
792.0000,348.0000,102.0000,110.0000
792.0000,348.0000,102.0000,110.0000
792.0000,358.0000,102.0000,110.0000
802.0000,358.0000,102.0000,110.0000
802.0000,358.0000,102.0000,110.0000
802.0000,358.0000,102.0000,110.0000
802.0000,358.0000,102.0000,110.0000
812.0000,368.0000,102.0000,110.0000
812.0000,368.0000,102.0000,110.0000
812.0000,368.0000,102.0000,110.0000
812.0000,378.0000,102.0000,110.0000
822.0000,378.0000,102.0000,110.0000
822.0000,378.0000,102.0000,110.0000
822.0000,378.0000,102.0000,110.0000
822.0000,388.0000,102.0000,110.0000
832.0000,388.0000,102.0000,110.0000
832.0000,388.0000,102.0000,110.0000
832.0000,388.0000,102.0000,110.0000
832.0000,398.0000,102.0000,110.0000
842.0000,398.0000,102.0000,110.0000
842.0000,398.0000,102.0000,110.0000
842.0000,408.0000,102.0000,110.0000
852.0000,408.0000,102.0000,110.0000
852.0000,408.0000,102.0000,110.0000
852.0000,408.0000,102.0000,110.0000
852.0000,418.0000,102.0000,110.0000
862.0000,418.0000,102.0000,110.0000
862.0000,418.0000,102.0000,110.0000
862.0000,428.0000,102.0000,110.0000
862.0000,428.0000,102.0000,110.0000
872.0000,428.0000,102.0000,110.0000
872.0000,428.0000,102.0000,110.0000
872.0000,438.0000,102.0000,110.0000
872.0000,438.0000,102.0000,110.0000
882.0000,438.0000,102.0000,110.0000
882.0000,448.0000,102.0000,110.0000
882.0000,448.0000,102.0000,110.0000
892.0000,448.0000,102.0000,110.0000
892.0000,458.0000,102.0000,110.0000
892.0000,458.0000,102.0000,110.0000
902.0000,458.0000,102.0000,110.0000
902.0000,468.0000,102.0000,110.0000
902.0000,468.0000,102.0000,110.0000
912.0000,468.0000,102.0000,110.0000
912.0000,478.0000,102.0000,110.0000
912.0000,478.0000,102.0000,110.0000
922.0000,478.0000,102.0000,110.0000
922.0000,478.0000,102.0000,110.0000
922.0000,488.0000,102.0000,110.0000
922.0000,488.0000,102.0000,110.0000
932.0000,488.0000,102.0000,110.0000
932.0000,498.0000,102.0000,110.0000
932.0000,498.0000,102.0000,110.0000
932.0000,498.0000,102.0000,110.0000
942.0000,508.0000,102.0000,110.0000
942.0000,508.0000,102.0000,110.0000
942.0000,518.0000,102.0000,110.0000
942.0000,518.0000,102.0000,110.0000
952.0000,518.0000,102.0000,110.0000
952.0000,528.0000,102.0000,110.0000
952.0000,528.0000,102.0000,110.0000
952.0000,538.0000,102.0000,110.0000
962.0000,538.0000,102.0000,110.0000
962.0000,548.0000,102.0000,110.0000
962.0000,548.0000,102.0000,110.0000
972.0000,548.0000,102.0000,110.0000
972.0000,548.0000,102.0000,110.0000
972.0000,558.0000,102.0000,110.0000
972.0000,558.0000,102.0000,110.0000
972.0000,558.0000,102.0000,110.0000
2
0
0
0
0
0
992.0000,578.0000,102.0000,110.0000
992.0000,578.0000,102.0000,110.0000
992.0000,578.0000,102.0000,110.0000
2
0
0
0
0
0
2
0
0
0
0
0
2
0
0
0
0
0
982.0000,588.0000,102.0000,110.0000
972.0000,588.0000,102.0000,110.0000
2
0
0
0
0
0
922.0000,568.0000,102.0000,110.0000
912.0000,568.0000,102.0000,110.0000
902.0000,558.0000,102.0000,110.0000
892.0000,558.0000,102.0000,110.0000
882.0000,558.0000,102.0000,110.0000
882.0000,558.0000,102.0000,110.0000
872.0000,558.0000,102.0000,110.0000
862.0000,558.0000,102.0000,110.0000
862.0000,558.0000,102.0000,110.0000
852.0000,558.0000,102.0000,110.0000
852.0000,558.0000,102.0000,110.0000
842.0000,558.0000,102.0000,110.0000
842.0000,558.0000,102.0000,110.0000
832.0000,558.0000,102.0000,110.0000
832.0000,558.0000,102.0000,110.0000
832.0000,558.0000,102.0000,110.0000
832.0000,558.0000,102.0000,110.0000
832.0000,558.0000,102.0000,110.0000
832.0000,558.0000,102.0000,110.0000
822.0000,568.0000,102.0000,110.0000
822.0000,558.0000,102.0000,110.0000
822.0000,548.0000,102.0000,110.0000
822.0000,558.0000,102.0000,110.0000
822.0000,568.0000,102.0000,110.0000
822.0000,568.0000,102.0000,110.0000
822.0000,568.0000,102.0000,110.0000
822.0000,568.0000,102.0000,110.0000
822.0000,568.0000,102.0000,110.0000
822.0000,578.0000,102.0000,110.0000
822.0000,568.0000,102.0000,110.0000
822.0000,578.0000,102.0000,110.0000
822.0000,578.0000,102.0000,110.0000
822.0000,578.0000,102.0000,110.0000
822.0000,578.0000,102.0000,110.0000
822.0000,588.0000,102.0000,110.0000
822.0000,588.0000,102.0000,110.0000
822.0000,588.0000,102.0000,110.0000
822.0000,588.0000,102.0000,110.0000
832.0000,578.0000,102.0000,110.0000
832.0000,588.0000,102.0000,110.0000
832.0000,578.0000,102.0000,110.0000
832.0000,578.0000,102.0000,110.0000
832.0000,598.0000,102.0000,110.0000
832.0000,598.0000,102.0000,110.0000
832.0000,578.0000,102.0000,110.0000
832.0000,578.0000,102.0000,110.0000
832.0000,588.0000,102.0000,110.0000
832.0000,588.0000,102.0000,110.0000
832.0000,598.0000,102.0000,110.0000
832.0000,598.0000,102.0000,110.0000
832.0000,598.0000,102.0000,110.0000
832.0000,598.0000,102.0000,110.0000
832.0000,598.0000,102.0000,110.0000
832.0000,598.0000,102.0000,110.0000
842.0000,598.0000,102.0000,110.0000
842.0000,598.0000,102.0000,110.0000
842.0000,598.0000,102.0000,110.0000
842.0000,598.0000,102.0000,110.0000
842.0000,598.0000,102.0000,110.0000
852.0000,598.0000,102.0000,110.0000
852.0000,598.0000,102.0000,110.0000
852.0000,598.0000,102.0000,110.0000
852.0000,598.0000,102.0000,110.0000
852.0000,598.0000,102.0000,110.0000
852.0000,598.0000,102.0000,110.0000
852.0000,598.0000,102.0000,110.0000
862.0000,598.0000,102.0000,110.0000
862.0000,598.0000,102.0000,110.0000
862.0000,598.0000,102.0000,110.0000
862.0000,598.0000,102.0000,110.0000
862.0000,608.0000,102.0000,110.0000
852.0000,608.0000,102.0000,110.0000
852.0000,608.0000,102.0000,110.0000
852.0000,608.0000,102.0000,110.0000
852.0000,608.0000,102.0000,110.0000
842.0000,608.0000,102.0000,110.0000
842.0000,608.0000,102.0000,110.0000
832.0000,608.0000,102.0000,110.0000
832.0000,608.0000,102.0000,110.0000
832.0000,598.0000,102.0000,110.0000
822.0000,598.0000,102.0000,110.0000
812.0000,598.0000,102.0000,110.0000
802.0000,598.0000,102.0000,110.0000
792.0000,598.0000,102.0000,110.0000
782.0000,598.0000,102.0000,110.0000
772.0000,598.0000,102.0000,110.0000
762.0000,598.0000,102.0000,110.0000
752.0000,598.0000,102.0000,110.0000
742.0000,598.0000,102.0000,110.0000
732.0000,598.0000,102.0000,110.0000
722.0000,598.0000,102.0000,110.0000
702.0000,598.0000,102.0000,110.0000
692.0000,598.0000,102.0000,110.0000
682.0000,598.0000,102.0000,110.0000
672.0000,598.0000,102.0000,110.0000
662.0000,598.0000,102.0000,110.0000
652.0000,578.0000,102.0000,110.0000
642.0000,578.0000,102.0000,110.0000
632.0000,568.0000,102.0000,110.0000
622.0000,578.0000,102.0000,110.0000
622.0000,558.0000,102.0000,110.0000
602.0000,568.0000,102.0000,110.0000
602.0000,558.0000,102.0000,110.0000
592.0000,558.0000,102.0000,110.0000
582.0000,588.0000,102.0000,110.0000
582.0000,558.0000,102.0000,110.0000
572.0000,558.0000,102.0000,110.0000
572.0000,558.0000,102.0000,110.0000
562.0000,578.0000,102.0000,110.0000
562.0000,558.0000,102.0000,110.0000
552.0000,578.0000,102.0000,110.0000
552.0000,568.0000,102.0000,110.0000
552.0000,568.0000,102.0000,110.0000
552.0000,548.0000,102.0000,110.0000
552.0000,538.0000,102.0000,110.0000
542.0000,558.0000,102.0000,110.0000
542.0000,538.0000,102.0000,110.0000
542.0000,558.0000,102.0000,110.0000
542.0000,558.0000,102.0000,110.0000
542.0000,548.0000,102.0000,110.0000
542.0000,538.0000,102.0000,110.0000
542.0000,538.0000,102.0000,110.0000
542.0000,538.0000,102.0000,110.0000
542.0000,538.0000,102.0000,110.0000
532.0000,538.0000,102.0000,110.0000
532.0000,538.0000,102.0000,110.0000
532.0000,538.0000,102.0000,110.0000
532.0000,538.0000,102.0000,110.0000
532.0000,538.0000,102.0000,110.0000
532.0000,528.0000,102.0000,110.0000
532.0000,528.0000,102.0000,110.0000
522.0000,538.0000,102.0000,110.0000
522.0000,538.0000,102.0000,110.0000
522.0000,538.0000,102.0000,110.0000
522.0000,538.0000,102.0000,110.0000
522.0000,528.0000,102.0000,110.0000
522.0000,528.0000,102.0000,110.0000
522.0000,528.0000,102.0000,110.0000
522.0000,528.0000,102.0000,110.0000
532.0000,518.0000,102.0000,110.0000
532.0000,528.0000,102.0000,110.0000
532.0000,528.0000,102.0000,110.0000
532.0000,518.0000,102.0000,110.0000
532.0000,528.0000,102.0000,110.0000
542.0000,518.0000,102.0000,110.0000
542.0000,518.0000,102.0000,110.0000
542.0000,518.0000,102.0000,110.0000
542.0000,518.0000,102.0000,110.0000
552.0000,518.0000,102.0000,110.0000
552.0000,518.0000,102.0000,110.0000
552.0000,518.0000,102.0000,110.0000
562.0000,518.0000,102.0000,110.0000
562.0000,508.0000,102.0000,110.0000
562.0000,518.0000,102.0000,110.0000
572.0000,508.0000,102.0000,110.0000
572.0000,508.0000,102.0000,110.0000
572.0000,508.0000,102.0000,110.0000
582.0000,498.0000,102.0000,110.0000
582.0000,498.0000,102.0000,110.0000
582.0000,498.0000,102.0000,110.0000
592.0000,498.0000,102.0000,110.0000
592.0000,498.0000,102.0000,110.0000
592.0000,498.0000,102.0000,110.0000
592.0000,498.0000,102.0000,110.0000
592.0000,498.0000,102.0000,110.0000
592.0000,488.0000,102.0000,110.0000
592.0000,488.0000,102.0000,110.0000
592.0000,488.0000,102.0000,110.0000
592.0000,488.0000,102.0000,110.0000
592.0000,488.0000,102.0000,110.0000
592.0000,488.0000,102.0000,110.0000
592.0000,488.0000,102.0000,110.0000
592.0000,488.0000,102.0000,110.0000
592.0000,488.0000,102.0000,110.0000
592.0000,488.0000,102.0000,110.0000
582.0000,498.0000,102.0000,110.0000
582.0000,488.0000,102.0000,110.0000
582.0000,478.0000,102.0000,110.0000
582.0000,478.0000,102.0000,110.0000
582.0000,478.0000,102.0000,110.0000
582.0000,478.0000,102.0000,110.0000
582.0000,468.0000,102.0000,110.0000
572.0000,468.0000,102.0000,110.0000
572.0000,468.0000,102.0000,110.0000
572.0000,468.0000,102.0000,110.0000
572.0000,468.0000,102.0000,110.0000
562.0000,468.0000,102.0000,110.0000
562.0000,468.0000,102.0000,110.0000
562.0000,468.0000,102.0000,110.0000
562.0000,468.0000,102.0000,110.0000
552.0000,468.0000,102.0000,110.0000
552.0000,468.0000,102.0000,110.0000
552.0000,468.0000,102.0000,110.0000
552.0000,468.0000,102.0000,110.0000
542.0000,468.0000,102.0000,110.0000
542.0000,468.0000,102.0000,110.0000
542.0000,458.0000,102.0000,110.0000
542.0000,458.0000,102.0000,110.0000
542.0000,458.0000,102.0000,110.0000
542.0000,458.0000,102.0000,110.0000
542.0000,458.0000,102.0000,110.0000
542.0000,448.0000,102.0000,110.0000
542.0000,448.0000,102.0000,110.0000
