1
750.0000,230.0000,67.5000,152.5000
755.0000,227.5000,67.5000,152.5000
752.5000,225.0000,67.5000,152.5000
757.5000,222.5000,67.5000,152.5000
755.0000,220.0000,67.5000,152.5000
760.0000,217.5000,67.5000,152.5000
757.5000,215.0000,67.5000,152.5000
755.0000,212.5000,67.5000,152.5000
760.0000,225.0000,67.5000,152.5000
757.5000,222.5000,67.5000,152.5000
755.0000,220.0000,67.5000,152.5000
760.0000,217.5000,67.5000,152.5000
757.5000,215.0000,67.5000,152.5000
762.5000,212.5000,67.5000,152.5000
760.0000,210.0000,67.5000,152.5000
757.5000,207.5000,67.5000,152.5000
762.5000,205.0000,67.5000,152.5000
760.0000,202.5000,67.5000,152.5000
765.0000,200.0000,67.5000,152.5000
762.5000,197.5000,67.5000,152.5000
767.5000,195.0000,67.5000,152.5000
765.0000,192.5000,67.5000,152.5000
762.5000,205.0000,67.5000,152.5000
767.5000,202.5000,67.5000,152.5000
765.0000,200.0000,67.5000,152.5000
770.0000,197.5000,67.5000,152.5000
767.5000,195.0000,67.5000,152.5000
772.5000,192.5000,67.5000,152.5000
770.0000,190.0000,67.5000,152.5000
767.5000,187.5000,67.5000,152.5000
772.5000,185.0000,67.5000,152.5000
777.5000,182.5000,67.5000,152.5000
775.0000,180.0000,67.5000,152.5000
780.0000,177.5000,67.5000,152.5000
777.5000,175.0000,67.5000,152.5000
782.5000,172.5000,67.5000,152.5000
780.0000,185.0000,67.5000,152.5000
785.0000,182.5000,67.5000,152.5000
782.5000,180.0000,67.5000,152.5000
787.5000,177.5000,67.5000,152.5000
785.0000,175.0000,67.5000,152.5000
790.0000,172.5000,67.5000,152.5000
787.5000,170.0000,67.5000,152.5000
792.5000,167.5000,67.5000,152.5000
790.0000,165.0000,67.5000,152.5000
795.0000,162.5000,67.5000,152.5000
792.5000,160.0000,67.5000,152.5000
797.5000,157.5000,67.5000,152.5000
795.0000,155.0000,67.5000,152.5000
792.5000,152.5000,67.5000,152.5000
797.5000,150.0000,67.5000,152.5000
795.0000,147.5000,67.5000,152.5000
792.5000,160.0000,67.5000,152.5000
790.0000,157.5000,67.5000,152.5000
795.0000,155.0000,67.5000,152.5000
792.5000,152.5000,67.5000,152.5000
790.0000,150.0000,67.5000,152.5000
787.5000,147.5000,67.5000,152.5000
785.0000,145.0000,67.5000,152.5000
782.5000,142.5000,67.5000,152.5000
780.0000,140.0000,67.5000,152.5000
777.5000,137.5000,67.5000,152.5000
782.5000,135.0000,67.5000,152.5000
780.0000,132.5000,67.5000,152.5000
777.5000,145.0000,67.5000,152.5000
775.0000,142.5000,67.5000,152.5000
772.5000,140.0000,67.5000,152.5000
770.0000,137.5000,67.5000,152.5000
775.0000,135.0000,67.5000,152.5000
772.5000,132.5000,67.5000,152.5000
770.0000,130.0000,67.5000,152.5000
767.5000,142.5000,67.5000,152.5000
772.5000,140.0000,67.5000,152.5000
770.0000,137.5000,67.5000,152.5000
767.5000,135.0000,67.5000,152.5000
765.0000,132.5000,67.5000,152.5000
770.0000,130.0000,67.5000,152.5000
767.5000,127.5000,67.5000,152.5000
765.0000,140.0000,67.5000,152.5000
770.0000,137.5000,67.5000,152.5000
767.5000,135.0000,67.5000,152.5000
765.0000,132.5000,67.5000,152.5000
770.0000,130.0000,67.5000,152.5000
767.5000,127.5000,67.5000,152.5000
772.5000,125.0000,67.5000,152.5000
770.0000,122.5000,67.5000,152.5000
767.5000,135.0000,67.5000,152.5000
772.5000,132.5000,67.5000,152.5000
770.0000,130.0000,67.5000,152.5000
775.0000,127.5000,67.5000,152.5000
772.5000,125.0000,67.5000,152.5000
770.0000,122.5000,67.5000,152.5000
775.0000,120.0000,67.5000,152.5000
772.5000,117.5000,67.5000,152.5000
777.5000,115.0000,67.5000,152.5000
775.0000,127.5000,67.5000,152.5000
780.0000,125.0000,67.5000,152.5000
777.5000,122.5000,67.5000,152.5000
782.5000,105.0000,67.5000,152.5000
780.0000,102.5000,67.5000,152.5000
777.5000,115.0000,67.5000,152.5000
782.5000,112.5000,67.5000,152.5000
780.0000,110.0000,67.5000,152.5000
785.0000,107.5000,67.5000,152.5000
782.5000,105.0000,67.5000,152.5000
780.0000,102.5000,67.5000,152.5000
785.0000,100.0000,67.5000,152.5000
782.5000,112.5000,67.5000,152.5000
780.0000,110.0000,67.5000,152.5000
785.0000,107.5000,67.5000,152.5000
782.5000,105.0000,67.5000,152.5000
780.0000,117.5000,67.5000,152.5000
777.5000,115.0000,67.5000,152.5000
775.0000,112.5000,67.5000,152.5000
780.0000,110.0000,67.5000,152.5000
777.5000,107.5000,67.5000,152.5000
775.0000,105.0000,67.5000,152.5000
772.5000,117.5000,67.5000,152.5000
770.0000,115.0000,67.5000,152.5000
767.5000,112.5000,67.5000,152.5000
765.0000,110.0000,67.5000,152.5000
762.5000,107.5000,67.5000,152.5000
760.0000,105.0000,67.5000,152.5000
757.5000,102.5000,67.5000,152.5000
755.0000,115.0000,67.5000,152.5000
752.5000,112.5000,67.5000,152.5000
750.0000,110.0000,67.5000,152.5000
747.5000,107.5000,67.5000,152.5000
745.0000,105.0000,67.5000,152.5000
742.5000,117.5000,67.5000,152.5000
740.0000,115.0000,67.5000,152.5000
737.5000,112.5000,67.5000,152.5000
735.0000,110.0000,67.5000,152.5000
740.0000,107.5000,67.5000,152.5000
737.5000,105.0000,67.5000,152.5000
735.0000,117.5000,67.5000,152.5000
732.5000,115.0000,67.5000,152.5000
737.5000,112.5000,67.5000,152.5000
735.0000,110.0000,67.5000,152.5000
732.5000,122.5000,67.5000,152.5000
737.5000,105.0000,67.5000,152.5000
735.0000,117.5000,67.5000,152.5000
732.5000,115.0000,67.5000,152.5000
737.5000,112.5000,67.5000,152.5000
735.0000,110.0000,67.5000,152.5000
740.0000,107.5000,67.5000,152.5000
737.5000,105.0000,67.5000,152.5000
735.0000,117.5000,67.5000,152.5000
740.0000,115.0000,67.5000,152.5000
737.5000,112.5000,67.5000,152.5000
742.5000,110.0000,67.5000,152.5000
740.0000,122.5000,67.5000,152.5000
737.5000,120.0000,67.5000,152.5000
735.0000,117.5000,67.5000,152.5000
740.0000,115.0000,67.5000,152.5000
737.5000,112.5000,67.5000,152.5000
735.0000,125.0000,67.5000,152.5000
740.0000,122.5000,67.5000,152.5000
737.5000,135.0000,67.5000,152.5000
742.5000,117.5000,67.5000,152.5000
740.0000,130.0000,67.5000,152.5000
737.5000,127.5000,67.5000,152.5000
742.5000,125.0000,67.5000,152.5000
740.0000,122.5000,67.5000,152.5000
745.0000,120.0000,67.5000,152.5000
742.5000,117.5000,67.5000,152.5000
740.0000,115.0000,67.5000,152.5000
745.0000,127.5000,67.5000,152.5000
742.5000,125.0000,67.5000,152.5000
740.0000,122.5000,67.5000,152.5000
745.0000,120.0000,67.5000,152.5000
742.5000,132.5000,67.5000,152.5000
740.0000,130.0000,67.5000,152.5000
745.0000,142.5000,67.5000,152.5000
742.5000,140.0000,67.5000,152.5000
740.0000,137.5000,67.5000,152.5000
737.5000,135.0000,67.5000,152.5000
742.5000,132.5000,67.5000,152.5000
740.0000,130.0000,67.5000,152.5000
737.5000,142.5000,67.5000,152.5000
742.5000,140.0000,67.5000,152.5000
740.0000,137.5000,67.5000,152.5000
737.5000,135.0000,67.5000,152.5000
735.0000,147.5000,67.5000,152.5000
732.5000,145.0000,67.5000,152.5000
730.0000,142.5000,67.5000,152.5000
727.5000,140.0000,67.5000,152.5000
725.0000,137.5000,67.5000,152.5000
722.5000,150.0000,67.5000,152.5000
720.0000,132.5000,67.5000,152.5000
717.5000,145.0000,67.5000,152.5000
715.0000,142.5000,67.5000,152.5000
712.5000,140.0000,67.5000,152.5000
710.0000,152.5000,67.5000,152.5000
707.5000,150.0000,67.5000,152.5000
705.0000,147.5000,67.5000,152.5000
702.5000,145.0000,67.5000,152.5000
700.0000,142.5000,67.5000,152.5000
690.0000,155.0000,67.5000,152.5000
687.5000,152.5000,67.5000,152.5000
685.0000,150.0000,67.5000,152.5000
682.5000,147.5000,67.5000,152.5000
680.0000,145.0000,67.5000,152.5000
677.5000,142.5000,67.5000,152.5000
675.0000,155.0000,67.5000,152.5000
680.0000,152.5000,67.5000,152.5000
677.5000,150.0000,67.5000,152.5000
675.0000,147.5000,67.5000,152.5000
672.5000,145.0000,67.5000,152.5000
677.5000,142.5000,67.5000,152.5000
675.0000,155.0000,67.5000,152.5000
672.5000,152.5000,67.5000,152.5000
677.5000,150.0000,67.5000,152.5000
675.0000,147.5000,67.5000,152.5000
672.5000,145.0000,67.5000,152.5000
670.0000,142.5000,67.5000,152.5000
675.0000,140.0000,67.5000,152.5000
672.5000,137.5000,67.5000,152.5000
670.0000,150.0000,67.5000,152.5000
675.0000,147.5000,67.5000,152.5000
672.5000,145.0000,67.5000,152.5000
677.5000,142.5000,67.5000,152.5000
675.0000,140.0000,67.5000,152.5000
680.0000,137.5000,67.5000,152.5000
677.5000,135.0000,67.5000,152.5000
675.0000,132.5000,67.5000,152.5000
680.0000,145.0000,67.5000,152.5000
677.5000,142.5000,67.5000,152.5000
682.5000,140.0000,67.5000,152.5000
680.0000,137.5000,67.5000,152.5000
677.5000,135.0000,67.5000,152.5000
682.5000,132.5000,67.5000,152.5000
680.0000,130.0000,67.5000,152.5000
677.5000,127.5000,67.5000,152.5000
675.0000,140.0000,67.5000,152.5000
680.0000,122.5000,67.5000,152.5000
677.5000,135.0000,67.5000,152.5000
675.0000,132.5000,67.5000,152.5000
672.5000,130.0000,67.5000,152.5000
670.0000,127.5000,67.5000,152.5000
667.5000,125.0000,67.5000,152.5000
665.0000,122.5000,67.5000,152.5000
662.5000,120.0000,67.5000,152.5000
660.0000,117.5000,67.5000,152.5000
657.5000,115.0000,67.5000,152.5000
655.0000,112.5000,67.5000,152.5000
652.5000,110.0000,67.5000,152.5000
657.5000,107.5000,67.5000,152.5000
655.0000,105.0000,67.5000,152.5000
652.5000,117.5000,67.5000,152.5000
650.0000,115.0000,67.5000,152.5000
647.5000,112.5000,67.5000,152.5000
645.0000,95.0000,67.5000,152.5000
642.5000,107.5000,67.5000,152.5000
647.5000,105.0000,67.5000,152.5000
645.0000,102.5000,67.5000,152.5000
642.5000,100.0000,67.5000,152.5000
647.5000,97.5000,67.5000,152.5000
645.0000,95.0000,67.5000,152.5000
642.5000,107.5000,67.5000,152.5000
647.5000,90.0000,67.5000,152.5000
645.0000,102.5000,67.5000,152.5000
642.5000,100.0000,67.5000,152.5000
647.5000,97.5000,67.5000,152.5000
652.5000,95.0000,67.5000,152.5000
650.0000,92.5000,67.5000,152.5000
655.0000,90.0000,67.5000,152.5000
652.5000,102.5000,67.5000,152.5000
650.0000,100.0000,67.5000,152.5000
655.0000,82.5000,67.5000,152.5000
660.0000,80.0000,67.5000,152.5000
657.5000,92.5000,67.5000,152.5000
655.0000,90.0000,67.5000,152.5000
660.0000,87.5000,67.5000,152.5000
665.0000,85.0000,67.5000,152.5000
662.5000,82.5000,67.5000,152.5000
667.5000,80.0000,67.5000,152.5000
665.0000,92.5000,67.5000,152.5000
670.0000,90.0000,67.5000,152.5000
667.5000,87.5000,67.5000,152.5000
672.5000,85.0000,67.5000,152.5000
677.5000,82.5000,67.5000,152.5000
675.0000,80.0000,67.5000,152.5000
680.0000,77.5000,67.5000,152.5000
677.5000,75.0000,67.5000,152.5000
682.5000,72.5000,67.5000,152.5000
680.0000,85.0000,67.5000,152.5000
685.0000,82.5000,67.5000,152.5000
682.5000,80.0000,67.5000,152.5000
687.5000,77.5000,67.5000,152.5000
685.0000,90.0000,67.5000,152.5000
690.0000,72.5000,67.5000,152.5000
687.5000,85.0000,67.5000,152.5000
685.0000,82.5000,67.5000,152.5000
690.0000,80.0000,67.5000,152.5000
687.5000,77.5000,67.5000,152.5000
685.0000,90.0000,67.5000,152.5000
690.0000,87.5000,67.5000,152.5000
687.5000,85.0000,67.5000,152.5000
685.0000,82.5000,67.5000,152.5000
690.0000,80.0000,67.5000,152.5000
687.5000,77.5000,67.5000,152.5000
692.5000,75.0000,67.5000,152.5000
690.0000,72.5000,67.5000,152.5000
695.0000,70.0000,67.5000,152.5000
692.5000,82.5000,67.5000,152.5000
690.0000,80.0000,67.5000,152.5000
687.5000,77.5000,67.5000,152.5000
692.5000,75.0000,67.5000,152.5000
690.0000,72.5000,67.5000,152.5000
687.5000,85.0000,67.5000,152.5000
685.0000,82.5000,67.5000,152.5000
690.0000,80.0000,67.5000,152.5000
687.5000,77.5000,67.5000,152.5000
685.0000,90.0000,67.5000,152.5000
690.0000,87.5000,67.5000,152.5000
687.5000,85.0000,67.5000,152.5000
685.0000,82.5000,67.5000,152.5000
690.0000,80.0000,67.5000,152.5000
687.5000,77.5000,67.5000,152.5000
685.0000,90.0000,67.5000,152.5000
690.0000,87.5000,67.5000,152.5000
687.5000,85.0000,67.5000,152.5000
692.5000,82.5000,67.5000,152.5000
690.0000,80.0000,67.5000,152.5000
687.5000,92.5000,67.5000,152.5000
685.0000,90.0000,67.5000,152.5000
690.0000,87.5000,67.5000,152.5000
687.5000,85.0000,67.5000,152.5000
692.5000,82.5000,67.5000,152.5000
690.0000,95.0000,67.5000,152.5000
687.5000,92.5000,67.5000,152.5000
685.0000,90.0000,67.5000,152.5000
690.0000,87.5000,67.5000,152.5000
687.5000,85.0000,67.5000,152.5000
685.0000,97.5000,67.5000,152.5000
690.0000,95.0000,67.5000,152.5000
687.5000,92.5000,67.5000,152.5000
685.0000,90.0000,67.5000,152.5000
682.5000,102.5000,67.5000,152.5000
687.5000,100.0000,67.5000,152.5000
685.0000,97.5000,67.5000,152.5000
682.5000,95.0000,67.5000,152.5000
680.0000,92.5000,67.5000,152.5000
685.0000,105.0000,67.5000,152.5000
682.5000,102.5000,67.5000,152.5000
687.5000,100.0000,67.5000,152.5000
685.0000,97.5000,67.5000,152.5000
682.5000,95.0000,67.5000,152.5000
680.0000,107.5000,67.5000,152.5000
685.0000,105.0000,67.5000,152.5000
682.5000,102.5000,67.5000,152.5000
687.5000,100.0000,67.5000,152.5000
685.0000,97.5000,67.5000,152.5000
682.5000,110.0000,67.5000,152.5000
680.0000,107.5000,67.5000,152.5000
685.0000,105.0000,67.5000,152.5000
682.5000,102.5000,67.5000,152.5000
680.0000,100.0000,67.5000,152.5000
677.5000,112.5000,67.5000,152.5000
682.5000,110.0000,67.5000,152.5000
680.0000,107.5000,67.5000,152.5000
677.5000,105.0000,67.5000,152.5000
675.0000,117.5000,67.5000,152.5000
672.5000,115.0000,67.5000,152.5000
670.0000,112.5000,67.5000,152.5000
675.0000,110.0000,67.5000,152.5000
672.5000,107.5000,67.5000,152.5000
670.0000,105.0000,67.5000,152.5000
667.5000,117.5000,67.5000,152.5000
665.0000,115.0000,67.5000,152.5000
662.5000,112.5000,67.5000,152.5000
660.0000,110.0000,67.5000,152.5000
657.5000,107.5000,67.5000,152.5000
647.5000,120.0000,67.5000,152.5000
645.0000,117.5000,67.5000,152.5000
642.5000,115.0000,67.5000,152.5000
640.0000,112.5000,67.5000,152.5000
637.5000,110.0000,67.5000,152.5000
635.0000,107.5000,67.5000,152.5000
625.0000,120.0000,67.5000,152.5000
622.5000,117.5000,67.5000,152.5000
620.0000,115.0000,67.5000,152.5000
617.5000,112.5000,67.5000,152.5000
615.0000,125.0000,67.5000,152.5000
612.5000,122.5000,67.5000,152.5000
610.0000,120.0000,67.5000,152.5000
607.5000,117.5000,67.5000,152.5000
605.0000,115.0000,67.5000,152.5000
595.0000,127.5000,67.5000,152.5000
592.5000,125.0000,67.5000,152.5000
590.0000,122.5000,67.5000,152.5000
587.5000,120.0000,67.5000,152.5000
585.0000,117.5000,67.5000,152.5000
582.5000,130.0000,67.5000,152.5000
587.5000,127.5000,67.5000,152.5000
585.0000,125.0000,67.5000,152.5000
582.5000,122.5000,67.5000,152.5000
580.0000,120.0000,67.5000,152.5000
577.5000,132.5000,67.5000,152.5000
582.5000,130.0000,67.5000,152.5000
580.0000,127.5000,67.5000,152.5000
577.5000,125.0000,67.5000,152.5000
582.5000,122.5000,67.5000,152.5000
580.0000,120.0000,67.5000,152.5000
577.5000,132.5000,67.5000,152.5000
582.5000,130.0000,67.5000,152.5000
580.0000,127.5000,67.5000,152.5000
577.5000,125.0000,67.5000,152.5000
582.5000,122.5000,67.5000,152.5000
580.0000,135.0000,67.5000,152.5000
577.5000,132.5000,67.5000,152.5000
582.5000,130.0000,67.5000,152.5000
587.5000,127.5000,67.5000,152.5000
585.0000,140.0000,67.5000,152.5000
582.5000,137.5000,67.5000,152.5000
587.5000,135.0000,67.5000,152.5000
585.0000,132.5000,67.5000,152.5000
590.0000,130.0000,67.5000,152.5000
587.5000,142.5000,67.5000,152.5000
592.5000,140.0000,67.5000,152.5000
590.0000,137.5000,67.5000,152.5000
595.0000,120.0000,67.5000,152.5000
600.0000,117.5000,67.5000,152.5000
597.5000,115.0000,67.5000,152.5000
595.0000,127.5000,67.5000,152.5000
600.0000,125.0000,67.5000,152.5000
597.5000,137.5000,67.5000,152.5000
595.0000,135.0000,67.5000,152.5000
600.0000,132.5000,67.5000,152.5000
597.5000,145.0000,67.5000,152.5000
602.5000,127.5000,67.5000,152.5000
600.0000,140.0000,67.5000,152.5000
597.5000,137.5000,67.5000,152.5000
602.5000,135.0000,67.5000,152.5000
600.0000,132.5000,67.5000,152.5000
605.0000,130.0000,67.5000,152.5000
602.5000,127.5000,67.5000,152.5000
607.5000,125.0000,67.5000,152.5000
605.0000,152.5000,67.5000,152.5000
602.5000,150.0000,67.5000,152.5000
607.5000,132.5000,67.5000,152.5000
605.0000,130.0000,67.5000,152.5000
610.0000,127.5000,67.5000,152.5000
607.5000,140.0000,67.5000,152.5000
612.5000,137.5000,67.5000,152.5000
610.0000,135.0000,67.5000,152.5000
615.0000,132.5000,67.5000,152.5000
612.5000,145.0000,67.5000,152.5000
617.5000,142.5000,67.5000,152.5000
615.0000,140.0000,67.5000,152.5000
620.0000,137.5000,67.5000,152.5000
617.5000,150.0000,67.5000,152.5000
622.5000,147.5000,67.5000,152.5000
620.0000,145.0000,67.5000,152.5000
625.0000,142.5000,67.5000,152.5000
630.0000,155.0000,67.5000,152.5000
627.5000,152.5000,67.5000,152.5000
632.5000,150.0000,67.5000,152.5000
637.5000,147.5000,67.5000,152.5000
635.0000,145.0000,67.5000,152.5000
640.0000,142.5000,67.5000,152.5000
645.0000,140.0000,67.5000,152.5000
642.5000,152.5000,67.5000,152.5000
647.5000,135.0000,67.5000,152.5000
645.0000,132.5000,67.5000,152.5000
650.0000,130.0000,67.5000,152.5000
655.0000,142.5000,67.5000,152.5000
652.5000,140.0000,67.5000,152.5000
657.5000,137.5000,67.5000,152.5000
655.0000,135.0000,67.5000,152.5000
660.0000,132.5000,67.5000,152.5000
657.5000,145.0000,67.5000,152.5000
655.0000,157.5000,67.5000,152.5000
660.0000,140.0000,67.5000,152.5000
657.5000,137.5000,67.5000,152.5000
655.0000,150.0000,67.5000,152.5000
660.0000,147.5000,67.5000,152.5000
657.5000,145.0000,67.5000,152.5000
655.0000,142.5000,67.5000,152.5000
660.0000,140.0000,67.5000,152.5000
657.5000,137.5000,67.5000,152.5000
655.0000,150.0000,67.5000,152.5000
652.5000,162.5000,67.5000,152.5000
650.0000,160.0000,67.5000,152.5000
655.0000,157.5000,67.5000,152.5000
652.5000,140.0000,67.5000,152.5000
650.0000,137.5000,67.5000,152.5000
647.5000,150.0000,67.5000,152.5000
645.0000,147.5000,67.5000,152.5000
642.5000,145.0000,67.5000,152.5000
640.0000,142.5000,67.5000,152.5000
637.5000,140.0000,67.5000,152.5000
635.0000,137.5000,67.5000,152.5000
632.5000,135.0000,67.5000,152.5000
630.0000,147.5000,67.5000,152.5000
627.5000,145.0000,67.5000,152.5000
625.0000,142.5000,67.5000,152.5000
622.5000,140.0000,67.5000,152.5000
620.0000,137.5000,67.5000,152.5000
617.5000,135.0000,67.5000,152.5000
615.0000,147.5000,67.5000,152.5000
612.5000,145.0000,67.5000,152.5000
617.5000,142.5000,67.5000,152.5000
615.0000,140.0000,67.5000,152.5000
612.5000,137.5000,67.5000,152.5000
610.0000,135.0000,67.5000,152.5000
615.0000,132.5000,67.5000,152.5000
612.5000,130.0000,67.5000,152.5000
610.0000,127.5000,67.5000,152.5000
615.0000,140.0000,67.5000,152.5000
612.5000,137.5000,67.5000,152.5000
617.5000,135.0000,67.5000,152.5000
622.5000,132.5000,67.5000,152.5000
620.0000,130.0000,67.5000,152.5000
625.0000,127.5000,67.5000,152.5000
622.5000,125.0000,67.5000,152.5000
627.5000,137.5000,67.5000,152.5000
632.5000,135.0000,67.5000,152.5000
630.0000,132.5000,67.5000,152.5000
635.0000,130.0000,67.5000,152.5000
632.5000,127.5000,67.5000,152.5000
637.5000,125.0000,67.5000,152.5000
635.0000,137.5000,67.5000,152.5000
640.0000,135.0000,67.5000,152.5000
645.0000,132.5000,67.5000,152.5000
642.5000,130.0000,67.5000,152.5000
647.5000,127.5000,67.5000,152.5000
645.0000,125.0000,67.5000,152.5000
650.0000,137.5000,67.5000,152.5000
647.5000,135.0000,67.5000,152.5000
652.5000,132.5000,67.5000,152.5000
650.0000,130.0000,67.5000,152.5000
655.0000,127.5000,67.5000,152.5000
652.5000,125.0000,67.5000,152.5000
650.0000,122.5000,67.5000,152.5000
655.0000,135.0000,67.5000,152.5000
652.5000,132.5000,67.5000,152.5000
650.0000,130.0000,67.5000,152.5000
655.0000,127.5000,67.5000,152.5000
652.5000,125.0000,67.5000,152.5000
650.0000,122.5000,67.5000,152.5000
647.5000,135.0000,67.5000,152.5000
652.5000,132.5000,67.5000,152.5000
650.0000,130.0000,67.5000,152.5000
647.5000,127.5000,67.5000,152.5000
652.5000,125.0000,67.5000,152.5000
642.5000,122.5000,67.5000,152.5000
647.5000,135.0000,67.5000,152.5000
652.5000,132.5000,67.5000,152.5000
642.5000,130.0000,67.5000,152.5000
647.5000,127.5000,67.5000,152.5000
645.0000,125.0000,67.5000,152.5000
650.0000,122.5000,67.5000,152.5000
647.5000,120.0000,67.5000,152.5000
645.0000,132.5000,67.5000,152.5000
642.5000,130.0000,67.5000,152.5000
647.5000,127.5000,67.5000,152.5000
645.0000,125.0000,67.5000,152.5000
642.5000,122.5000,67.5000,152.5000
640.0000,120.0000,67.5000,152.5000
637.5000,117.5000,67.5000,152.5000
642.5000,130.0000,67.5000,152.5000
640.0000,127.5000,67.5000,152.5000
637.5000,125.0000,67.5000,152.5000
635.0000,122.5000,67.5000,152.5000
640.0000,120.0000,67.5000,152.5000
637.5000,117.5000,67.5000,152.5000
635.0000,130.0000,67.5000,152.5000
632.5000,127.5000,67.5000,152.5000
630.0000,125.0000,67.5000,152.5000
627.5000,122.5000,67.5000,152.5000
625.0000,120.0000,67.5000,152.5000
630.0000,117.5000,67.5000,152.5000
627.5000,115.0000,67.5000,152.5000
632.5000,127.5000,67.5000,152.5000
622.5000,125.0000,67.5000,152.5000
627.5000,122.5000,67.5000,152.5000
625.0000,120.0000,67.5000,152.5000
622.5000,117.5000,67.5000,152.5000
627.5000,115.0000,67.5000,152.5000
617.5000,127.5000,67.5000,152.5000
622.5000,125.0000,67.5000,152.5000
620.0000,122.5000,67.5000,152.5000
617.5000,120.0000,67.5000,152.5000
622.5000,117.5000,67.5000,152.5000
620.0000,115.0000,67.5000,152.5000
617.5000,127.5000,67.5000,152.5000
622.5000,125.0000,67.5000,152.5000
620.0000,122.5000,67.5000,152.5000
617.5000,120.0000,67.5000,152.5000
622.5000,117.5000,67.5000,152.5000
627.5000,115.0000,67.5000,152.5000
625.0000,112.5000,67.5000,152.5000
630.0000,125.0000,67.5000,152.5000
627.5000,122.5000,67.5000,152.5000
625.0000,120.0000,67.5000,152.5000
622.5000,117.5000,67.5000,152.5000
627.5000,115.0000,67.5000,152.5000
625.0000,112.5000,67.5000,152.5000
622.5000,110.0000,67.5000,152.5000
627.5000,107.5000,67.5000,152.5000
625.0000,105.0000,67.5000,152.5000
622.5000,117.5000,67.5000,152.5000
620.0000,115.0000,67.5000,152.5000
617.5000,112.5000,67.5000,152.5000
622.5000,110.0000,67.5000,152.5000
620.0000,107.5000,67.5000,152.5000
617.5000,105.0000,67.5000,152.5000
615.0000,102.5000,67.5000,152.5000
612.5000,100.0000,67.5000,152.5000
617.5000,112.5000,67.5000,152.5000
615.0000,110.0000,67.5000,152.5000
605.0000,122.5000,67.5000,152.5000
602.5000,120.0000,67.5000,152.5000
607.5000,117.5000,67.5000,152.5000
605.0000,115.0000,67.5000,152.5000
602.5000,112.5000,67.5000,152.5000
607.5000,110.0000,67.5000,152.5000
605.0000,107.5000,67.5000,152.5000
602.5000,120.0000,67.5000,152.5000
607.5000,117.5000,67.5000,152.5000
605.0000,115.0000,67.5000,152.5000
602.5000,112.5000,67.5000,152.5000
600.0000,110.0000,67.5000,152.5000
597.5000,107.5000,67.5000,152.5000
602.5000,120.0000,67.5000,152.5000
600.0000,117.5000,67.5000,152.5000
597.5000,115.0000,67.5000,152.5000
595.0000,112.5000,67.5000,152.5000
592.5000,95.0000,67.5000,152.5000
590.0000,107.5000,67.5000,152.5000
587.5000,90.0000,67.5000,152.5000
592.5000,117.5000,67.5000,152.5000
590.0000,115.0000,67.5000,152.5000
595.0000,112.5000,67.5000,152.5000
592.5000,110.0000,67.5000,152.5000
590.0000,107.5000,67.5000,152.5000
587.5000,90.0000,67.5000,152.5000
585.0000,87.5000,67.5000,152.5000
582.5000,100.0000,67.5000,152.5000
587.5000,112.5000,67.5000,152.5000
585.0000,110.0000,67.5000,152.5000
590.0000,107.5000,67.5000,152.5000
587.5000,105.0000,67.5000,152.5000
585.0000,102.5000,67.5000,152.5000
582.5000,115.0000,67.5000,152.5000
580.0000,112.5000,67.5000,152.5000
585.0000,110.0000,67.5000,152.5000
582.5000,107.5000,67.5000,152.5000
580.0000,105.0000,67.5000,152.5000
577.5000,102.5000,67.5000,152.5000
575.0000,85.0000,67.5000,152.5000
572.5000,112.5000,67.5000,152.5000
577.5000,110.0000,67.5000,152.5000
575.0000,107.5000,67.5000,152.5000
572.5000,105.0000,67.5000,152.5000
570.0000,102.5000,67.5000,152.5000
575.0000,100.0000,67.5000,152.5000
572.5000,112.5000,67.5000,152.5000
570.0000,110.0000,67.5000,152.5000
567.5000,107.5000,67.5000,152.5000
565.0000,105.0000,67.5000,152.5000
562.5000,102.5000,67.5000,152.5000
560.0000,115.0000,67.5000,152.5000
565.0000,112.5000,67.5000,152.5000
555.0000,110.0000,67.5000,152.5000
560.0000,107.5000,67.5000,152.5000
550.0000,120.0000,67.5000,152.5000
555.0000,117.5000,67.5000,152.5000
552.5000,115.0000,67.5000,152.5000
542.5000,112.5000,67.5000,152.5000
540.0000,110.0000,67.5000,152.5000
537.5000,107.5000,67.5000,152.5000
542.5000,120.0000,67.5000,152.5000
540.0000,117.5000,67.5000,152.5000
537.5000,115.0000,67.5000,152.5000
527.5000,112.5000,67.5000,152.5000
532.5000,125.0000,67.5000,152.5000
530.0000,122.5000,67.5000,152.5000
527.5000,120.0000,67.5000,152.5000
525.0000,117.5000,67.5000,152.5000
530.0000,115.0000,67.5000,152.5000
520.0000,127.5000,67.5000,152.5000
525.0000,125.0000,67.5000,152.5000
522.5000,122.5000,67.5000,152.5000
520.0000,135.0000,67.5000,152.5000
517.5000,132.5000,67.5000,152.5000
522.5000,130.0000,67.5000,152.5000
520.0000,127.5000,67.5000,152.5000
517.5000,125.0000,67.5000,152.5000
515.0000,137.5000,67.5000,152.5000
512.5000,135.0000,67.5000,152.5000
517.5000,132.5000,67.5000,152.5000
515.0000,130.0000,67.5000,152.5000
512.5000,127.5000,67.5000,152.5000
510.0000,140.0000,67.5000,152.5000
507.5000,137.5000,67.5000,152.5000
505.0000,135.0000,67.5000,152.5000
502.5000,147.5000,67.5000,152.5000
507.5000,145.0000,67.5000,152.5000
497.5000,142.5000,67.5000,152.5000
502.5000,140.0000,67.5000,152.5000
492.5000,137.5000,67.5000,152.5000
497.5000,135.0000,67.5000,152.5000
495.0000,147.5000,67.5000,152.5000
492.5000,145.0000,67.5000,152.5000
497.5000,142.5000,67.5000,152.5000
495.0000,140.0000,67.5000,152.5000
492.5000,152.5000,67.5000,152.5000
497.5000,150.0000,67.5000,152.5000
495.0000,147.5000,67.5000,152.5000
492.5000,145.0000,67.5000,152.5000
490.0000,142.5000,67.5000,152.5000
495.0000,140.0000,67.5000,152.5000
492.5000,152.5000,67.5000,152.5000
490.0000,150.0000,67.5000,152.5000
495.0000,147.5000,67.5000,152.5000
492.5000,145.0000,67.5000,152.5000
490.0000,142.5000,67.5000,152.5000
487.5000,140.0000,67.5000,152.5000
485.0000,137.5000,67.5000,152.5000
490.0000,150.0000,67.5000,152.5000
487.5000,147.5000,67.5000,152.5000
485.0000,145.0000,67.5000,152.5000
482.5000,142.5000,67.5000,152.5000
480.0000,140.0000,67.5000,152.5000
485.0000,137.5000,67.5000,152.5000
482.5000,150.0000,67.5000,152.5000
480.0000,147.5000,67.5000,152.5000
477.5000,145.0000,67.5000,152.5000
482.5000,142.5000,67.5000,152.5000
480.0000,140.0000,67.5000,152.5000
477.5000,137.5000,67.5000,152.5000
482.5000,135.0000,67.5000,152.5000
480.0000,132.5000,67.5000,152.5000
477.5000,130.0000,67.5000,152.5000
475.0000,127.5000,67.5000,152.5000
480.0000,140.0000,67.5000,152.5000
477.5000,137.5000,67.5000,152.5000
475.0000,135.0000,67.5000,152.5000
472.5000,132.5000,67.5000,152.5000
470.0000,130.0000,67.5000,152.5000
475.0000,142.5000,67.5000,152.5000
472.5000,140.0000,67.5000,152.5000
470.0000,137.5000,67.5000,152.5000
475.0000,135.0000,67.5000,152.5000
472.5000,132.5000,67.5000,152.5000
470.0000,145.0000,67.5000,152.5000
475.0000,142.5000,67.5000,152.5000
472.5000,140.0000,67.5000,152.5000
477.5000,137.5000,67.5000,152.5000
482.5000,135.0000,67.5000,152.5000
480.0000,147.5000,67.5000,152.5000
485.0000,145.0000,67.5000,152.5000
490.0000,142.5000,67.5000,152.5000
487.5000,140.0000,67.5000,152.5000
492.5000,137.5000,67.5000,152.5000
497.5000,135.0000,67.5000,152.5000
502.5000,147.5000,67.5000,152.5000
500.0000,145.0000,67.5000,152.5000
505.0000,142.5000,67.5000,152.5000
510.0000,140.0000,67.5000,152.5000
515.0000,137.5000,67.5000,152.5000
520.0000,150.0000,67.5000,152.5000
525.0000,147.5000,67.5000,152.5000
530.0000,145.0000,67.5000,152.5000
535.0000,142.5000,67.5000,152.5000
540.0000,140.0000,67.5000,152.5000
545.0000,137.5000,67.5000,152.5000
550.0000,150.0000,67.5000,152.5000
555.0000,147.5000,67.5000,152.5000
560.0000,145.0000,67.5000,152.5000
565.0000,142.5000,67.5000,152.5000
570.0000,140.0000,67.5000,152.5000
575.0000,137.5000,67.5000,152.5000
580.0000,150.0000,67.5000,152.5000
585.0000,147.5000,67.5000,152.5000
590.0000,145.0000,67.5000,152.5000
595.0000,142.5000,67.5000,152.5000
600.0000,140.0000,67.5000,152.5000
605.0000,152.5000,67.5000,152.5000
610.0000,150.0000,67.5000,152.5000
615.0000,147.5000,67.5000,152.5000
620.0000,145.0000,67.5000,152.5000
625.0000,157.5000,67.5000,152.5000
622.5000,155.0000,67.5000,152.5000
627.5000,152.5000,67.5000,152.5000
632.5000,150.0000,67.5000,152.5000
630.0000,147.5000,67.5000,152.5000
635.0000,160.0000,67.5000,152.5000
632.5000,157.5000,67.5000,152.5000
637.5000,155.0000,67.5000,152.5000
635.0000,152.5000,67.5000,152.5000
640.0000,150.0000,67.5000,152.5000
637.5000,147.5000,67.5000,152.5000
635.0000,145.0000,67.5000,152.5000
632.5000,157.5000,67.5000,152.5000
637.5000,155.0000,67.5000,152.5000
635.0000,152.5000,67.5000,152.5000
632.5000,150.0000,67.5000,152.5000
630.0000,147.5000,67.5000,152.5000
627.5000,160.0000,67.5000,152.5000
625.0000,157.5000,67.5000,152.5000
622.5000,155.0000,67.5000,152.5000
620.0000,152.5000,67.5000,152.5000
617.5000,150.0000,67.5000,152.5000
615.0000,147.5000,67.5000,152.5000
612.5000,145.0000,67.5000,152.5000
610.0000,157.5000,67.5000,152.5000
607.5000,155.0000,67.5000,152.5000
605.0000,152.5000,67.5000,152.5000
602.5000,150.0000,67.5000,152.5000
600.0000,147.5000,67.5000,152.5000
597.5000,145.0000,67.5000,152.5000
595.0000,142.5000,67.5000,152.5000
592.5000,155.0000,67.5000,152.5000
590.0000,152.5000,67.5000,152.5000
595.0000,150.0000,67.5000,152.5000
592.5000,147.5000,67.5000,152.5000
590.0000,160.0000,67.5000,152.5000
595.0000,157.5000,67.5000,152.5000
592.5000,155.0000,67.5000,152.5000
597.5000,152.5000,67.5000,152.5000
595.0000,150.0000,67.5000,152.5000
600.0000,147.5000,67.5000,152.5000
597.5000,145.0000,67.5000,152.5000
602.5000,142.5000,67.5000,152.5000
600.0000,155.0000,67.5000,152.5000
605.0000,152.5000,67.5000,152.5000
602.5000,150.0000,67.5000,152.5000
607.5000,147.5000,67.5000,152.5000
605.0000,145.0000,67.5000,152.5000
610.0000,142.5000,67.5000,152.5000
607.5000,140.0000,67.5000,152.5000
605.0000,137.5000,67.5000,152.5000
610.0000,135.0000,67.5000,152.5000
607.5000,147.5000,67.5000,152.5000
612.5000,145.0000,67.5000,152.5000
610.0000,142.5000,67.5000,152.5000
607.5000,140.0000,67.5000,152.5000
612.5000,137.5000,67.5000,152.5000
610.0000,135.0000,67.5000,152.5000
607.5000,132.5000,67.5000,152.5000
605.0000,130.0000,67.5000,152.5000
602.5000,127.5000,67.5000,152.5000
600.0000,140.0000,67.5000,152.5000
597.5000,137.5000,67.5000,152.5000
595.0000,135.0000,67.5000,152.5000
592.5000,132.5000,67.5000,152.5000
590.0000,130.0000,67.5000,152.5000
587.5000,127.5000,67.5000,152.5000
585.0000,140.0000,67.5000,152.5000
582.5000,137.5000,67.5000,152.5000
580.0000,135.0000,67.5000,152.5000
577.5000,132.5000,67.5000,152.5000
575.0000,130.0000,67.5000,152.5000
565.0000,127.5000,67.5000,152.5000
570.0000,125.0000,67.5000,152.5000
567.5000,122.5000,67.5000,152.5000
565.0000,120.0000,67.5000,152.5000
562.5000,132.5000,67.5000,152.5000
560.0000,130.0000,67.5000,152.5000
557.5000,127.5000,67.5000,152.5000
562.5000,125.0000,67.5000,152.5000
560.0000,122.5000,67.5000,152.5000
557.5000,120.0000,67.5000,152.5000
555.0000,132.5000,67.5000,152.5000
552.5000,130.0000,67.5000,152.5000
557.5000,127.5000,67.5000,152.5000
555.0000,125.0000,67.5000,152.5000
552.5000,122.5000,67.5000,152.5000
550.0000,135.0000,67.5000,152.5000
555.0000,132.5000,67.5000,152.5000
552.5000,130.0000,67.5000,152.5000
550.0000,127.5000,67.5000,152.5000
