1
492.5900,245.4900,82.8200,305.0200
492.5900,245.4900,82.8200,305.0200
492.1759,243.9649,83.6482,308.0702
483.4749,242.4245,84.4847,311.1509
483.4749,242.4245,84.4847,311.1509
483.2636,241.6467,84.9071,312.7067
483.6882,243.2102,84.0580,309.5796
483.4780,242.4362,84.4783,311.1275
483.0556,240.8806,85.3231,314.2388
483.2690,249.9894,84.8965,312.6676
483.0567,249.2077,85.3210,314.2309
483.0567,249.2077,85.3210,314.2309
483.0567,249.2077,85.3210,314.2309
474.6919,249.2077,85.3210,314.2309
474.2653,247.6366,86.1742,317.3732
474.6962,249.2234,85.3124,314.1995
475.3360,251.5799,84.0328,309.4865
474.7057,249.2588,85.2933,314.1288
475.1322,250.8294,84.4403,310.9875
475.3433,259.8440,84.0181,309.4326
474.7132,257.5232,85.2784,314.0741
474.9264,258.3084,84.8520,312.5037
466.6076,249.9896,84.8520,312.5037
466.3954,249.2083,85.2763,314.0662
466.3954,249.2083,85.2763,314.0662
466.3954,249.2083,85.2763,314.0662
466.3954,249.2083,85.2763,314.0662
466.3954,249.2083,85.2763,314.0662
466.8218,250.7787,84.4235,310.9255
466.3997,249.2240,85.2677,314.0348
466.3997,249.2240,85.2677,314.0348
466.3997,249.2240,85.2677,314.0348
466.6129,241.6913,84.8414,312.4646
467.2492,244.0348,83.5688,307.7776
467.4581,244.8043,83.1509,306.2388
467.2502,244.0387,83.5667,307.7700
467.2502,244.0387,83.5667,307.7700
467.2502,244.0387,83.5667,307.7700
466.6235,241.7304,84.8202,312.3865
467.2596,244.0733,83.5479,307.7007
466.6330,241.7655,84.8011,312.3162
466.6330,241.7655,84.8011,312.3162
467.2690,244.1079,83.5291,307.6315
466.6425,241.8007,84.7820,312.2459
466.6425,241.8007,84.7820,312.2459
466.6425,241.8007,84.7820,312.2459
467.2784,244.1425,83.5103,307.5623
467.6960,245.6803,82.6752,304.4866
467.2826,244.1579,83.5019,307.5315
466.6563,241.8514,84.7545,312.1445
466.6563,241.8514,84.7545,312.1445
466.4445,241.0710,85.1782,313.7052
466.4445,241.0710,85.1782,313.7052
466.6574,241.8553,84.7523,312.1367
466.4455,241.0750,85.1761,313.6974
466.4455,241.0750,85.1761,313.6974
466.6584,233.5504,84.7502,312.1289
466.6584,233.5504,84.7502,312.1289
467.0822,235.1110,83.9027,309.0076
466.6627,233.5660,84.7417,312.0977
466.4508,232.7857,85.1655,313.6581
466.6638,233.5699,84.7396,312.0898
466.4519,232.7897,85.1633,313.6503
466.4519,232.7897,85.1633,313.6503
466.4519,232.7897,85.1633,313.6503
466.4519,232.7897,85.1633,313.6503
466.0261,231.2214,86.0150,316.7868
466.6712,233.5973,84.7247,312.0350
466.0358,231.2570,85.9956,316.7155
466.2508,232.0488,85.5656,315.1320
466.2508,232.0488,85.5656,315.1320
466.2508,232.0488,85.5656,315.1320
466.8925,234.4123,84.2821,310.4050
466.6818,233.6363,84.7036,311.9570
466.8936,234.4162,84.2800,310.3972
466.6828,233.6402,84.7014,311.9492
466.6828,233.6402,84.7014,311.9492
466.6828,233.6402,84.7014,311.9492
466.6828,225.3362,84.7014,311.9492
466.6828,225.3362,84.7014,311.9492
466.6828,225.3362,84.7014,311.9492
467.1064,226.8959,83.8544,308.8297
466.8967,226.1238,84.2737,310.3738
466.6860,225.3479,84.6951,311.9257
466.2625,223.7883,85.5420,315.0450
458.1319,224.5759,85.1143,313.4698
458.1319,224.5759,85.1143,313.4698
458.3447,225.3595,84.6887,311.9024
457.9212,215.4142,85.5356,315.0214
457.2797,213.0515,86.8187,319.7468
457.0627,212.2522,87.2527,321.3455
457.2808,213.0555,86.8165,319.7388
457.2808,213.0555,86.8165,319.7388
457.0638,212.2562,87.2506,321.3375
457.5000,213.8629,86.3781,318.1241
457.0681,212.2722,87.2418,321.3053
456.4138,209.8624,88.5505,326.1249
456.4138,209.8624,88.5505,326.1249
455.7497,207.4165,89.8787,331.0168
455.7497,207.4165,89.8787,331.0168
455.7497,207.4165,89.8787,331.0168
455.9744,208.2440,89.4293,329.3617
456.1979,209.0675,88.9822,327.7149
455.7530,198.6179,89.8720,330.9920
464.5640,198.6179,89.8720,330.9920
464.1147,196.9629,90.7707,334.3019
464.7954,199.4702,89.4092,329.2874
464.7954,199.4702,89.4092,329.2874
464.3484,197.8238,90.3033,332.5803
465.0257,200.3181,88.9487,327.5916
465.0257,200.3181,88.9487,327.5916
465.0257,200.3181,88.9487,327.5916
464.3585,197.8612,90.2829,332.5055
464.1328,197.0299,90.7344,334.1680
464.3596,197.8653,90.2807,332.4972
463.6826,195.3716,91.6349,337.4846
463.2244,193.6842,92.5512,340.8595
463.9185,196.2406,91.1630,335.7466
472.6729,195.4013,91.6188,337.4253
472.2148,193.7141,92.5350,340.7996
472.2148,193.7141,92.5350,340.7996
471.9834,192.8621,92.9977,342.5035
472.4484,194.5747,92.0677,339.0785
472.4484,194.5747,92.0677,339.0785
472.9088,196.2701,91.1470,335.6877
472.2251,193.7524,92.5142,340.7231
471.5313,181.9909,93.9019,345.8339
480.9261,182.8555,93.4324,344.1047
480.6925,181.9952,93.8996,345.8252
481.1620,183.7243,92.9606,342.3670
480.6972,182.0125,93.8902,345.7906
480.6972,182.0125,93.8902,345.7906
480.6972,182.0125,93.8902,345.7906
480.9319,182.8770,93.4207,344.0617
480.6984,182.0168,93.8878,345.7820
489.9030,182.0168,93.8878,345.7820
489.9030,182.0168,93.8878,345.7820
490.3725,183.7457,92.9490,342.3242
490.3725,183.7457,92.9490,342.3242
490.1401,182.8899,93.4137,344.0358
489.9066,182.0298,93.8808,345.7560
489.2025,170.0946,95.2890,350.9423
489.6789,171.8493,94.3361,347.4329
488.9714,169.2436,95.7511,352.6444
488.7320,168.3620,96.2299,354.4076
489.2132,170.1340,95.2676,350.8636
489.2132,170.1340,95.2676,350.8636
489.4514,171.0112,94.7912,349.1092
489.2144,170.1384,95.2652,350.8548
489.6907,171.8927,94.3126,347.3462
489.4549,171.0243,94.7841,349.0829
488.9810,169.2789,95.7320,352.5738
488.9810,169.2789,95.7320,352.5738
488.7417,168.3975,96.2106,354.3367
489.4632,171.0550,94.7675,349.0216
489.4632,171.0550,94.7675,349.0216
488.9894,169.3099,95.7151,352.5118
489.4680,171.0724,94.7580,348.9867
489.7049,171.9449,94.2842,347.2418
489.4692,161.7870,94.7556,348.9780
488.7585,159.1697,96.1769,354.2126
488.9989,160.0552,95.6961,352.4416
489.4774,161.8174,94.7391,348.9172
489.9511,163.5620,93.7917,345.4280
481.3168,165.2892,92.8538,341.9737
481.5489,166.1441,92.3895,340.2639
480.8560,163.5921,93.7754,345.3678
480.6215,162.7287,94.2442,347.0946
480.3859,161.8610,94.7155,348.8301
480.8595,163.6051,93.7683,345.3418
480.8595,163.6051,93.7683,345.3418
472.5077,166.1952,92.3618,340.1617
472.2768,165.3448,92.8236,341.8625
471.5806,162.7808,94.2160,346.9904
472.2872,165.3832,92.8027,341.7856
472.9832,167.9466,91.4107,336.6588
463.2014,165.4217,92.7818,341.7087
462.9695,164.5674,93.2457,343.4172
462.7363,163.7089,93.7120,345.1343
453.5489,163.7089,93.7120,345.1343
454.0175,165.4345,92.7748,341.6830
453.5536,163.7261,93.7026,345.0998
444.3670,163.7261,93.7026,345.0998
445.0698,166.3144,92.2971,339.9233
445.0698,166.3144,92.2971,339.9233
436.2971,167.1642,91.8356,338.2237
436.0675,157.2701,92.2947,339.9148
435.3753,154.7207,93.6792,345.0135
425.6308,152.9957,94.6160,348.4637
425.3943,152.1245,95.0890,350.2060
416.3561,153.0000,94.6136,348.4550
415.8831,151.2578,95.5597,351.9395
406.5145,151.2578,95.5597,351.9395
407.2312,153.8973,94.1263,346.6604
398.2845,154.7640,93.6557,344.9271
397.5822,152.1770,95.0605,350.1010
387.9782,160.6680,95.5358,351.8515
387.2617,158.0291,96.9689,357.1293
378.6248,160.7076,95.5143,351.7723
368.6895,158.9487,96.4695,355.2901
368.2071,157.1723,97.4342,358.8430
358.3634,165.8753,97.9214,360.6372
358.1186,164.9737,98.4110,362.4404
349.0590,166.7859,97.4268,358.8160
349.0590,166.7859,97.4268,358.8160
348.3283,164.0948,98.8883,364.1982
348.5755,165.0053,98.3938,362.3772
348.5755,165.0053,98.3938,362.3772
348.8215,165.9112,97.9018,360.5653
348.8215,165.9112,97.9018,360.5653
348.8215,165.9112,97.9018,360.5653
348.3320,173.8026,98.8809,364.1710
347.5904,171.0713,100.3641,369.6335
336.8504,168.2991,101.8695,375.1780
336.3411,166.4232,102.8882,378.9298
337.1128,169.2652,101.3449,373.2459
336.6060,167.3989,102.3584,376.9783
336.0942,175.6495,103.3819,380.7481
336.3527,176.6014,102.8650,378.8444
335.5812,173.7601,104.4080,384.5270
325.0329,172.7988,104.9300,386.4497
324.5083,170.8665,105.9793,390.3142
324.7732,171.8423,105.4495,388.3626
323.9824,179.4228,107.0312,394.1880
312.5290,176.4664,108.6367,400.1009
312.2574,175.4662,109.1798,402.1014
312.2574,175.4662,109.1798,402.1014
301.8799,176.4714,108.6339,400.0909
301.6083,175.4712,109.1771,402.0913
301.8813,176.4764,108.6312,400.0809
301.6097,175.4762,109.1744,402.0813
301.6097,175.4762,109.1744,402.0813
291.8857,178.4918,107.5368,396.0500
292.6922,181.4622,105.9237,390.1093
292.4274,180.4869,106.4533,392.0598
281.9908,180.4869,106.4533,392.0598
282.7892,183.4274,104.8565,386.1790
283.5757,186.3237,103.2837,380.3863
284.3503,189.1766,101.7344,374.6805
274.3763,199.1506,101.7344,374.6805
264.4023,199.1506,101.7344,374.6805
255.0368,201.0240,100.7171,370.9337
246.0661,203.8060,99.2063,365.3697
235.7467,201.9791,100.1984,369.0233
226.2229,212.6759,99.6974,367.1783
215.5543,209.9221,101.1929,372.6859
215.0483,208.0587,102.2048,376.4128
204.1114,205.2356,103.7379,382.0590
203.3334,202.3701,105.2939,387.7899
192.3808,200.4312,106.3469,391.6678
181.0006,197.4937,107.9421,397.5428
180.1910,194.5121,109.5612,403.5059
179.3693,202.3882,111.2046,409.5585
167.4693,199.3165,112.8727,415.7019
167.1871,198.2773,113.4371,417.7804
167.1871,198.2773,113.4371,417.7804
166.9035,197.2328,114.0042,419.8693
155.3858,207.4159,114.5743,421.9686
154.5265,204.2512,116.2929,428.2982
142.7775,203.1804,116.8743,430.4397
141.9009,199.9521,118.6275,436.8962
141.0112,196.6754,120.4069,443.4497
130.2867,200.0013,118.6008,436.7979
129.3972,196.7253,120.3798,443.3499
116.5154,193.4002,122.1855,450.0002
115.9045,191.1502,123.4073,454.5002
116.5215,193.4227,122.1733,449.9552
103.4478,190.0480,124.0059,456.7045
104.3778,193.4733,122.1458,449.8539
105.2939,196.8472,120.3136,443.1061
106.1963,200.1705,118.5089,436.4595
94.5778,200.1705,118.5089,436.4595
93.9852,197.9882,119.6940,440.8241
93.9852,197.9882,119.6940,440.8241
93.9852,197.9882,119.6940,440.8241
94.2844,199.0903,119.0955,438.6200
95.1777,202.3799,117.3091,432.0407
94.2978,199.1396,119.0687,438.5213
94.0002,198.0433,119.6640,440.7139
94.0002,198.0433,119.6640,440.7139
93.4018,195.8397,120.8607,445.1211
105.4938,196.9525,120.2564,442.8954
105.1932,195.8453,120.8577,445.1099
104.2868,192.5070,122.6705,451.7866
116.5598,193.6364,122.0572,449.5276
115.6444,190.2650,123.8880,456.2706
127.5413,189.1243,124.5075,458.5519
127.2300,175.7103,125.1300,460.8447
127.8557,178.0145,123.8787,456.2362
139.7517,176.8739,124.4981,458.5174
140.3742,179.1665,123.2531,453.9322
152.2101,178.0317,123.8694,456.2019
152.5198,179.1722,123.2500,453.9209
165.0985,181.4418,122.0175,449.3817
164.7935,168.2960,122.6276,451.6286
164.7935,168.2960,122.6276,451.6286
164.4869,167.1669,123.2408,453.8867
176.8170,168.3017,122.6246,451.6173
176.8170,168.3017,122.6246,451.6173
175.8973,164.9145,124.4639,458.3915
175.5862,163.7685,125.0863,460.6835
174.6480,160.3134,126.9625,467.5938
187.6057,162.6514,125.6929,462.9178
186.6630,159.1795,127.5783,469.8616
186.6630,146.6718,127.5783,469.8616
187.3009,149.0211,126.3025,465.1630
187.9324,151.3469,125.0395,460.5114
200.9451,154.8008,123.1639,453.6037
201.8688,158.2028,121.3165,446.7996
202.7787,149.8384,119.4967,440.0976
203.3762,152.0389,118.3017,435.6967
214.9744,152.0389,118.3017,435.6967
214.6786,150.9497,118.8932,437.8751
214.0842,148.7603,120.0822,442.2539
226.0983,149.8659,119.4818,440.0426
225.2021,146.5656,121.2740,446.6432
226.1117,149.9155,119.4549,439.9436
238.5432,153.2150,117.6631,433.3445
237.9549,151.0483,118.8397,437.6779
249.1282,148.8599,120.0281,442.0547
249.1282,137.0925,120.0281,442.0547
250.0284,140.4079,118.2277,435.4239
261.3817,139.3193,118.8188,437.6010
262.2728,142.6013,117.0365,431.0370
273.9822,143.6789,116.4513,428.8818
274.2733,144.7511,115.8691,426.7374
274.5630,145.8179,115.2897,424.6037
286.5611,149.0025,113.5604,418.2346
286.5611,149.0025,113.5604,418.2346
297.4662,147.9569,114.1282,420.3258
296.8956,145.8553,115.2695,424.5291
307.5015,142.6713,116.9985,430.8970
307.2090,141.5941,117.5835,433.0515
318.2642,139.4288,118.7593,437.3820
318.8579,141.6157,117.5718,433.0082
330.6209,142.6982,116.9839,430.8431
329.7435,139.4669,118.7387,437.3058
341.3846,139.4669,118.7387,437.3058
341.3846,139.4669,118.7387,437.3058
353.7415,142.7467,116.9576,430.7462
354.0339,132.4145,116.3728,428.5925
366.1447,135.6289,114.6272,422.1636
367.0044,138.7951,112.9078,415.8311
378.5276,140.8743,111.7787,411.6728
377.9687,138.8159,112.8965,415.7895
388.3563,135.6975,114.5899,422.0264
388.0698,134.6424,115.1629,424.1365
399.3603,134.6424,115.1629,424.1365
399.3603,134.6424,115.1629,424.1365
410.8822,135.7028,114.5871,422.0158
410.3093,133.5927,115.7329,426.2360
421.8883,123.3687,115.1543,424.1048
422.7519,126.5494,113.4270,417.7432
434.5561,129.6825,111.7256,411.4771
433.9975,127.6251,112.8428,415.5919
445.7409,130.7421,111.1502,409.3580
457.0847,132.7889,110.0387,405.2644
457.6349,134.8152,108.9383,401.2118
468.9720,137.8243,107.3042,395.1936
468.7037,136.8363,107.8407,397.1696
479.9266,139.8151,106.2231,391.2120
479.3955,137.8590,107.2854,395.1241
490.1293,138.8468,106.7489,393.1485
489.5955,136.8811,107.8164,397.0800
499.7324,134.8957,108.8946,401.0508
509.9706,132.8904,109.9835,405.0613
509.1457,129.8524,111.6333,411.1372
520.7632,122.1557,109.9588,404.9702
520.2134,131.0189,111.0584,409.0199
531.5479,122.2848,109.9478,404.9297
531.8228,123.2972,109.3980,402.9050
531.5493,122.2899,109.9450,404.9195
542.9911,125.3268,108.2959,398.8457
543.2619,126.3239,107.7544,396.8515
554.0426,127.3160,107.2156,394.8672
554.0426,127.3160,107.2156,394.8672
554.8467,130.2775,105.6074,388.9442
554.5827,129.3052,106.1354,390.8890
564.7748,128.3280,106.6661,392.8434
564.5082,127.3458,107.1994,394.8076
563.9722,125.3718,108.2714,398.7557
574.1518,123.3780,109.3541,402.7433
573.3317,120.3575,110.9944,408.7844
573.3317,120.3575,110.9944,408.7844
584.4365,121.3794,110.4395,406.7405
584.1604,120.3626,110.9917,408.7742
583.8829,119.3406,111.5466,410.8181
595.4915,122.4218,109.8734,404.6558
595.2167,121.4101,110.4228,406.6791
606.2645,122.4268,109.8707,404.6457
607.0885,125.4617,108.2226,398.5760
606.8179,124.4652,108.7637,400.5689
607.3618,126.4681,107.6761,396.5632
617.9182,126.4681,107.6761,396.5632
617.6490,125.4767,108.2145,398.5460
618.1901,127.4694,107.1323,394.5605
618.9936,130.4286,105.5253,388.6421
618.2021,127.5138,107.1082,394.4718
617.6666,125.5414,108.1793,398.4165
628.4899,126.5375,107.6384,396.4244
627.9517,124.5553,108.7148,400.3886
627.4081,122.5534,109.8019,404.3925
626.8591,131.4040,110.9000,408.4365
626.3046,129.3618,112.0090,412.5208
625.7445,127.2992,113.1291,416.6460
626.3102,129.3824,111.9978,412.4796
637.7405,131.4448,110.8778,408.3548
638.0178,132.4657,110.3234,406.3130
638.5693,134.4973,109.2202,402.2499
638.0233,132.4860,110.3124,406.2724
649.2816,134.5174,109.2092,402.2097
649.2816,134.5174,109.2092,402.2097
648.4625,142.3682,110.8474,408.2428
648.1854,141.3476,111.4016,410.2840
658.6594,139.2962,112.5156,414.3868
658.0968,137.2242,113.6408,418.5307
658.6650,139.3169,112.5044,414.3454
657.8212,136.2093,114.1919,420.5606
669.7050,139.3635,112.4791,414.2522
669.4238,138.3279,113.0415,416.3234
670.2716,141.4503,111.3458,410.0786
681.4116,142.4755,110.7891,408.0282
681.4116,142.4755,110.7891,408.0282
681.9656,144.5156,109.6812,403.9479
682.7882,147.5453,108.0360,397.8887
692.9457,145.5558,109.1164,401.8676
692.1273,142.5418,110.7531,407.8956
692.6811,144.5813,109.6456,403.8166
691.8588,141.5527,111.2903,409.8739
691.8588,141.5527,111.2903,409.8739
692.4152,143.6020,110.1774,405.7751
692.6907,144.6165,109.6265,403.7463
692.1425,142.5977,110.7227,407.7837
692.6961,155.3833,109.6155,403.7059
703.0021,153.3647,110.7117,407.7430
703.2789,154.3841,110.1581,405.7042
703.0035,153.3698,110.7089,407.7328
702.1732,150.3118,112.3695,413.8488
701.8923,149.2772,112.9314,415.9180
713.6449,152.3966,111.2374,409.6792
712.8106,160.3932,112.9060,415.8244
712.2461,158.3141,114.0350,419.9827
711.9610,157.2641,114.6052,422.0826
712.2475,158.3194,114.0322,419.9722
712.2475,158.3194,114.0322,419.9722
712.5326,159.3693,113.4620,417.8723
713.0999,161.4586,112.3274,413.6936
723.6609,159.3902,113.4507,417.8305
723.9445,160.4348,112.8834,415.7414
723.6623,159.3954,113.4478,417.8201
723.3787,158.3508,114.0151,419.9092
723.0936,157.3011,114.5851,422.0087
734.5578,147.1784,114.0122,419.8987
735.1278,149.2779,112.8721,415.6997
735.1278,160.3438,112.8721,415.6997
735.4100,161.3831,112.3077,413.6212
735.4100,161.3831,112.3077,413.6212
734.5677,158.2809,113.9924,419.8255
746.4307,161.4296,112.2825,413.5281
745.5886,158.3281,113.9667,419.7310
746.1584,160.4268,112.8270,415.5337
745.8764,159.3880,113.3912,417.6114
746.1599,160.4320,112.8242,415.5233
734.4240,158.3544,113.9525,419.6786
734.9937,160.4528,112.8129,415.4818
734.9937,160.4528,112.8129,415.4818
735.2757,161.4915,112.2489,413.4044
734.9951,160.4580,112.8101,415.4714
735.5591,162.5353,111.6820,411.3167
735.0007,160.4787,112.7988,415.4298
734.7188,159.4402,113.3628,417.5070
734.1519,168.5778,114.4965,421.6821
734.4382,169.6320,113.9240,419.5737
745.6072,169.6320,113.9240,419.5737
745.8920,170.6809,113.3544,417.4758
745.8920,170.6809,113.3544,417.4758
745.0419,167.5498,115.0547,423.7379
744.1790,164.3718,116.7805,430.0940
743.8870,163.2966,117.3644,432.2445
743.0068,160.0547,119.1249,438.7281
743.3046,161.1516,118.5292,436.5345
744.1935,164.4256,116.7513,429.9865
744.1935,164.4256,116.7513,429.9865
743.6097,162.2756,117.9188,434.2863
744.4941,165.5328,116.1500,427.7720
744.4941,154.1455,116.1500,427.7720
744.2038,153.0761,116.7308,429.9109
755.8826,154.1509,116.1471,427.7614
756.7537,157.3591,114.4049,421.3449
756.7537,157.3591,114.4049,421.3449
757.3257,159.4658,113.2609,417.1315
756.7594,157.3801,114.3935,421.3028
757.6174,160.5399,112.6776,414.9832
758.1807,162.6148,111.5508,410.8334
759.0174,165.6961,109.8775,404.6709
758.4680,163.6727,110.9763,408.7176
759.0229,165.7163,109.8665,404.6305
747.9231,164.7047,110.4159,406.6536
747.0950,161.6548,112.0721,412.7534
746.5347,159.5911,113.1928,416.8810
747.3836,162.7177,111.4949,410.6277
747.1049,161.6911,112.0524,412.6809
746.5446,159.6277,113.1729,416.8077
745.9787,157.5437,114.3047,420.9758
746.2645,158.5961,113.7332,418.8709
745.4115,155.4546,115.4391,425.1539
745.1229,165.7658,116.0163,427.2797
745.1229,165.7658,116.0163,427.2797
745.7029,167.9022,114.8562,423.0069
745.4158,166.8447,115.4305,425.1219
745.7044,167.9075,114.8533,422.9963
745.7044,167.9075,114.8533,422.9963
745.7044,167.9075,114.8533,422.9963
745.1301,165.7925,116.0018,427.2263
745.7101,167.9287,114.8418,422.9540
744.8488,164.7565,116.5645,429.2983
745.4316,166.9030,115.3988,425.0054
745.4316,166.9030,115.3988,425.0054
745.7202,156.7085,114.8218,422.8803
757.4387,158.8229,113.6736,418.6516
757.7229,159.8695,113.1052,416.5583
757.4402,158.8281,113.6708,418.6411
757.4402,158.8281,113.6708,418.6411
758.0085,160.9213,112.5340,414.4547
757.7272,159.8852,113.0967,416.5269
769.4970,163.0091,111.4003,410.2790
768.6615,159.9320,113.0713,416.4332
769.2269,162.0142,111.9406,412.2689
769.2269,162.0142,111.9406,412.2689
769.5067,163.0449,111.3809,410.2076
769.5067,163.0449,111.3809,410.2076
769.2283,162.0194,111.9378,412.2586
758.2540,162.0194,111.9378,412.2586
757.4144,158.9274,113.6168,418.4424
756.8463,156.8352,114.7530,422.6269
757.7070,160.0049,113.0317,416.2875
757.1418,157.9235,114.1620,420.4503
756.8564,156.8723,114.7328,422.5526
755.9959,165.1203,116.4538,428.8909
755.1225,161.9036,118.2006,435.3242
755.1225,161.9036,118.2006,435.3242
754.5315,159.7269,119.3826,439.6775
754.2331,158.6277,119.9795,441.8759
754.5330,159.7324,119.3796,439.6665
766.9567,163.0299,117.5890,433.0715
766.3688,160.8646,118.7648,437.4022
766.3688,160.8646,118.7648,437.4022
766.9626,163.0516,117.5772,433.0282
766.6686,161.9690,118.1651,435.1933
767.5549,165.2330,116.3926,428.6654
766.9729,163.0896,117.5565,432.9521
766.9729,151.5645,117.5565,432.9521
767.2668,152.6469,116.9688,430.7873
768.1440,155.8778,115.2142,424.3255
767.8560,154.8170,115.7903,426.4471
768.7244,158.0153,114.0534,420.0504
780.1354,159.0654,113.4832,417.9502
780.9865,162.2001,111.7809,411.6809
781.5454,164.2585,110.6631,407.5641
781.5454,164.2585,110.6631,407.5641
780.7155,161.2018,112.3231,413.6776
780.9962,162.2359,111.7614,411.6092
780.7169,161.2069,112.3202,413.6672
780.7169,161.2069,112.3202,413.6672
780.9976,162.2411,111.7586,411.5989
771.0435,165.3281,110.0823,405.4249
770.4930,163.3009,111.1831,409.4792
769.6592,160.2299,112.8508,415.6214
770.5056,163.3470,111.1581,409.3871
770.7834,164.3705,110.6023,407.3401
770.5070,163.3521,111.1553,409.3768
769.6733,160.2818,112.8226,415.5175
768.8271,157.1654,114.5150,421.7502
769.6860,160.3286,112.7972,415.4240
769.6860,160.3286,112.7972,415.4240
768.8400,157.2129,114.4892,421.6553
768.8400,157.2129,114.4892,421.6553
768.8400,168.4373,114.4892,421.6553
768.2675,166.3290,115.6341,425.8719
768.2675,166.3290,115.6341,425.8719
767.4003,163.1350,117.3686,432.2600
767.9871,165.2963,116.1949,427.9374
767.9871,165.2963,116.1949,427.9374
768.8586,157.2850,114.4520,421.5183
768.8586,157.2850,114.4520,421.5183
769.7170,160.4464,112.7352,415.1955
769.9988,161.4844,112.1715,413.1195
769.1575,158.3860,113.8541,419.3163
769.1575,158.3860,113.8541,419.3163
770.0114,161.5309,112.1463,413.0266
770.2918,162.5635,111.5856,410.9615
770.5707,163.5909,111.0276,408.9066
770.8483,164.6131,110.4725,406.8621
770.8483,164.6131,110.4725,406.8621
770.5721,163.5960,111.0249,408.8964
771.4048,166.6627,109.3595,402.7630
771.4048,166.6627,109.3595,402.7630
771.4048,166.6627,109.3595,402.7630
770.8580,164.6489,110.4531,406.7906
770.0297,161.5979,112.1099,412.8925
770.3099,162.6302,111.5493,410.8280
770.5888,163.6573,110.9916,408.7739
771.1437,165.7011,109.8817,404.6861
760.3710,165.7011,109.8817,404.6861
759.8217,163.6777,110.9805,408.7330
760.3765,165.7214,109.8707,404.6457
759.5525,162.6865,111.5187,410.7154
760.3889,165.7669,109.8460,404.5546
759.5651,162.7327,111.4936,410.6230
759.8438,163.7593,110.9362,408.5698
759.5665,162.7379,111.4909,410.6127
759.8452,163.7644,110.9334,408.5596
760.3998,165.8072,109.8241,404.4740
760.9490,167.8295,108.7258,400.4293
760.6771,166.8285,109.2695,402.4314
759.8576,163.8102,110.9085,408.4679
759.8576,163.8102,110.9085,408.4679
759.0258,160.7467,112.5721,414.5949
758.4630,158.6738,113.6979,418.7409
758.7472,159.7206,113.1294,416.6472
758.1815,157.6374,114.2607,420.8136
758.4672,158.6894,113.6894,418.7096
758.7514,159.7362,113.1209,416.6160
758.7514,159.7362,113.1209,416.6160
759.3170,161.8193,111.9897,412.4499
759.5970,151.9259,111.4297,410.3876
760.1542,153.9778,110.3155,406.2837
760.9815,157.0250,108.6607,400.1895
760.9815,157.0250,108.6607,400.1895
761.7964,160.0264,107.0308,394.1866
760.9937,167.7206,108.6363,400.0994
760.1790,164.7199,110.2658,406.1009
759.3520,161.6741,111.9198,412.1924
748.7141,162.7046,111.3602,410.1315
749.2709,153.9467,110.2466,406.0302
749.5465,154.9618,109.6954,404.0000
750.0950,156.9818,108.5984,399.9600
750.3665,157.9817,108.0554,397.9602
749.8262,155.9919,109.1360,401.9398
740.1057,159.0065,107.4989,395.9107
739.8369,158.0167,108.0364,397.8903
739.0266,165.7832,109.6570,403.8586
738.2042,162.7543,111.3018,409.9165
738.2042,162.7543,111.3018,409.9165
737.6476,160.7047,112.4148,414.0157
737.9287,161.7397,111.8528,411.9456
737.3694,159.6800,112.9713,416.0650
737.6519,160.7202,112.4064,413.9847
737.6519,160.7202,112.4064,413.9847
738.2139,162.7901,111.2824,409.8449
739.0485,165.8639,109.6131,403.6972
738.5004,163.8454,110.7093,407.7342
738.2237,162.8261,111.2628,409.7728
738.2237,162.8261,111.2628,409.7728
737.9456,161.8017,111.8191,411.8217
738.5046,163.8608,110.7010,407.7035
737.6744,160.8030,112.3615,413.8190
737.3934,159.7684,112.9233,415.8881
737.3934,159.7684,112.9233,415.8881
737.3934,159.7684,112.9233,415.8881
738.2404,162.8876,111.2294,409.6498
738.2404,162.8876,111.2294,409.6498
739.0746,165.9600,109.5610,403.5051
739.6224,167.9775,108.4654,399.4700
739.8936,168.9762,107.9230,397.4727
739.8936,168.9762,107.9230,397.4727
739.0842,165.9951,109.5419,403.4348
738.5364,163.9780,110.6373,407.4691
738.8130,164.9966,110.0841,405.4318
728.3497,166.0102,109.5337,403.4046
727.8020,163.9932,110.6290,407.4386
727.8020,163.9932,110.6290,407.4386
716.9560,163.9932,110.6290,407.4386
716.9560,163.9932,110.6290,407.4386
716.9560,163.9932,110.6290,407.4386
716.6794,162.9746,111.1822,409.4758
715.8456,170.9672,112.8499,415.6180
716.1277,172.0063,112.2857,413.5399
715.5663,169.9386,113.4085,417.6753
715.8498,170.9828,112.8415,415.5869
715.5677,169.9438,113.4057,417.6649
715.5677,169.9438,113.4057,417.6649
715.5677,169.9438,113.4057,417.6649
715.5677,169.9438,113.4057,417.6649
704.4495,169.9438,113.4057,417.6649
704.4495,169.9438,113.4057,417.6649
704.7330,170.9880,112.8387,415.5765
704.1688,168.9101,113.9670,419.7323
703.8839,167.8608,114.5369,421.8309
704.1702,168.9153,113.9642,419.7218
704.1702,168.9153,113.9642,419.7218
703.8853,167.8660,114.5340,421.8204
704.7443,171.0297,112.8160,415.4931
704.7443,171.0297,112.8160,415.4931
704.7443,171.0297,112.8160,415.4931
705.3084,173.1071,111.6878,411.3382
705.3084,173.1071,111.6878,411.3382
694.6926,174.1355,111.1294,409.2815
694.6926,174.1355,111.1294,409.2815
695.5261,177.2051,109.4625,403.1422
694.9787,175.1894,110.5571,407.1737
685.1315,178.2432,108.8987,401.0661
684.5870,176.2379,109.9877,405.0767
684.0371,174.2125,111.0876,409.1275
672.8140,173.1897,111.6430,411.1731
672.8140,173.1897,111.6430,411.1731
673.3723,175.2455,110.5266,407.0614
673.0959,174.2279,111.0792,409.0967
661.5415,183.1814,112.1900,413.1877
662.1024,185.2474,111.0681,409.0558
661.2694,182.1794,112.7342,415.1916
661.2694,182.1794,112.7342,415.1916
660.9876,181.1415,113.2978,417.2676
661.2708,182.1846,112.7313,415.1812
662.1163,185.2985,111.0404,408.9535
661.2835,193.2809,112.7060,415.0878
649.5599,191.2055,113.8330,419.2387
649.5599,191.2055,113.8330,419.2387
649.2753,190.1574,114.4022,421.3349
649.8473,181.1603,113.2582,417.1216
638.0662,179.0747,114.3908,421.2928
638.0662,179.0747,114.3908,421.2928
638.9242,182.2344,112.6749,414.9734
638.6425,181.1970,113.2383,417.0482
638.9256,182.2396,112.6721,414.9630
638.9256,182.2396,112.6721,414.9630
639.7706,185.3518,110.9820,408.7386
639.2157,183.3081,112.0918,412.8260
638.9355,182.2761,112.6523,414.8901
628.5649,184.3505,111.5257,410.7412
628.8437,185.3774,110.9681,408.6875
628.2888,183.3339,112.0778,412.7744
628.8492,185.3978,110.9570,408.6466
618.6346,187.4410,109.8475,404.5602
617.8108,184.4068,111.4952,410.6285
607.8801,187.4866,109.8227,404.4691
607.3309,185.4642,110.9210,408.5138
607.0536,184.4429,111.4756,410.5564
597.1247,187.5221,109.8034,404.3980
596.3011,184.4891,111.4505,410.4640
596.0225,183.4630,112.0077,412.5163
584.0366,191.5150,113.6879,418.7041
583.1840,188.3747,115.3932,424.9846
582.8954,187.3122,115.9701,427.1096
582.0257,184.1089,117.7097,433.5162
582.3199,185.1927,117.1211,431.3486
581.7343,194.6332,118.2924,435.6621
580.8472,191.3658,120.0667,442.1970
579.9467,188.0493,121.8677,448.8300
568.3632,189.1714,121.2584,446.5858
568.3632,189.1714,121.2584,446.5858
568.3632,189.1714,121.2584,446.5858
568.0601,188.0549,121.8647,448.8188
567.7554,186.9328,122.4740,451.0629
556.8469,190.3158,120.6369,444.2969
557.7516,181.9983,118.8274,437.6324
558.6428,185.2805,117.0449,431.0680
558.3502,184.2029,117.6302,433.2233
558.6443,185.2859,117.0420,431.0572
559.2295,187.4412,115.8716,426.7466
559.5192,188.5081,115.2922,424.6129
558.6545,196.7962,117.0216,430.9821
558.0694,194.6413,118.1918,435.2919
557.7739,193.5531,118.7828,437.4684
546.1285,193.5531,118.7828,437.4684
546.7224,195.7404,117.5950,433.0937
546.1345,193.5749,118.7709,437.4246
534.8454,194.6685,118.1771,435.2375
535.7318,197.9328,116.4044,428.7089
534.8587,194.7175,118.1505,435.1396
523.6286,195.8053,117.5597,432.9639
523.3347,194.7229,118.1475,435.1287
522.4486,191.4594,119.9197,441.6556
509.6160,200.0802,121.7185,448.2805
509.3117,198.9595,122.3271,450.5219
508.3943,195.5806,124.1620,457.2797
507.4630,192.1510,126.0245,464.1389
506.8329,202.3092,127.2847,468.7803
506.1965,199.9653,128.5576,473.4681
506.1965,199.9653,128.5576,473.4681
505.8751,198.7816,129.2003,475.8354
492.0494,208.0695,131.1384,482.9729
492.0494,208.0695,131.1384,482.9729
493.0330,211.6918,129.1713,475.7283
492.7100,210.5025,129.8171,478.1070
491.7364,206.9167,131.7644,485.2786
490.7482,203.2771,133.7408,492.5578
490.7482,203.2771,133.7408,492.5578
478.0362,204.5085,133.0721,490.0950
479.0343,208.1842,131.0761,482.7436
479.3619,209.3911,130.4207,480.3298
479.3619,209.3911,130.4207,480.3298
479.6880,210.5919,129.7686,477.9282
478.7148,207.0075,131.7151,485.0971
479.3733,209.4330,130.3980,480.2462
479.6993,210.6336,129.7460,477.8449
480.3481,213.0228,128.4485,473.0665
479.3847,209.4748,130.3752,480.1625
478.7328,219.9837,131.6790,484.9641
479.3912,209.6279,130.3622,480.1144
467.7800,213.2288,128.4068,472.9127
467.7800,213.2288,128.4068,472.9127
468.7431,216.7756,126.4807,465.8190
455.9648,215.6111,127.1131,468.1481
455.6470,214.4407,127.7486,470.4889
455.0083,212.0882,129.0261,475.1938
454.0406,208.5243,130.9615,482.3217
453.7132,207.3185,131.6163,484.7333
454.0422,208.5303,130.9582,482.3096
454.0422,208.5303,130.9582,482.3096
454.0422,208.5303,130.9582,482.3096
454.0422,208.5303,130.9582,482.3096
454.0422,208.5303,130.9582,482.3096
453.0600,204.9130,132.9226,489.5443
452.7277,203.6891,133.5872,491.9920
452.3937,202.4592,134.2552,494.4519
453.0650,204.9314,132.9126,489.5074
453.7296,194.4786,131.5835,484.6123
453.0717,192.0555,132.8993,489.4585
454.0684,195.7265,130.9058,482.1166
454.0684,195.7265,130.9058,482.1166
454.3957,196.9318,130.2513,479.7060
455.3726,187.9514,128.2975,472.5104
455.0518,186.7701,128.9390,474.8730
454.4071,184.3957,130.2284,479.6217
455.0583,186.7939,128.9261,474.8255
455.0583,186.7939,128.9261,474.8255
455.7029,189.1680,127.6369,470.0772
455.0647,186.8176,128.9132,474.7780
455.3870,188.0045,128.2687,472.4041
454.4250,184.4615,130.1927,479.4902
454.7505,185.6602,129.5417,477.0927
454.7505,185.6602,129.5417,477.0927
455.3982,188.0457,128.2463,472.3218
455.7188,176.7162,127.6051,469.9602
456.3568,179.0660,126.3290,465.2606
444.7271,181.3923,125.0657,460.6080
445.6651,184.8469,123.1898,453.6989
445.6651,184.8469,123.1898,453.6989
446.2811,175.1587,121.9579,449.1619
446.5859,176.2816,121.3481,446.9160
446.5859,176.2816,121.3481,446.9160
434.6891,176.2816,121.3481,446.9160
433.7790,172.9297,123.1683,453.6198
434.7027,176.3319,121.3208,446.8155
434.0961,174.0978,122.5340,451.2837
433.7898,185.0428,123.1466,453.5401
432.8662,181.6413,124.9938,460.3432
432.2412,179.3395,126.2438,464.9466
432.2412,179.3395,126.2438,464.9466
431.2944,175.8524,128.1374,471.9208
432.2554,179.3918,126.2154,464.8420
431.6244,177.0676,127.4775,469.4904
432.2617,179.4151,126.2028,464.7955
432.8928,169.4900,124.9407,460.1476
432.8928,169.4900,124.9407,460.1476
432.5804,168.3396,125.5654,462.4483
432.5804,168.3396,125.5654,462.4483
433.2082,158.4646,124.3098,457.8238
434.1405,161.8983,122.4451,450.9565
434.4467,163.0257,121.8329,448.7017
435.0558,165.2692,120.6146,444.2147
435.9604,168.6008,118.8054,437.5514
436.2574,169.6947,118.2113,435.3637
436.5530,170.7831,117.6203,433.1869
437.4351,174.0320,115.8560,426.6891
436.5662,170.8318,117.5938,433.0894
437.1542,172.9973,116.4179,428.7585
436.2810,169.7816,118.1641,435.1899
435.3948,166.5177,119.9366,441.7177
424.7122,169.8305,118.1376,435.0919
425.0076,170.9183,117.5469,432.9165
424.7137,169.8360,118.1346,435.0811
423.8277,166.5729,119.9066,441.6073
423.8277,166.5729,119.9066,441.6073
424.7270,169.8849,118.1080,434.9832
423.8412,166.6225,119.8796,441.5079
423.5415,165.5188,120.4790,443.7155
423.2403,164.4095,121.0814,445.9341
423.2403,164.4095,121.0814,445.9341
423.5430,165.5243,120.4760,443.7044
422.6394,162.1965,122.2832,450.3600
422.6394,174.1851,122.2832,450.3600
422.6394,174.1851,122.2832,450.3600
422.6394,174.1851,122.2832,450.3600
422.3337,173.0592,122.8946,452.6118
421.7192,182.9651,124.1235,457.1379
421.4089,181.8223,124.7441,459.4236
421.7208,182.9708,124.1204,457.1264
422.6517,174.4131,122.2586,450.2695
423.2630,176.6645,121.0360,445.7668
423.8682,178.8933,119.8257,441.3092
424.1677,179.9966,119.2265,439.1026
424.1677,179.9966,119.2265,439.1026
424.7639,182.1921,118.0343,434.7116
423.8786,190.6773,119.8048,441.2323
423.5791,189.5742,120.4038,443.4384
423.8801,190.6828,119.8018,441.2213
422.9816,199.2951,121.5988,447.8396
423.5896,201.5343,120.3828,443.3612
423.5896,201.5343,120.3828,443.3612
424.4925,204.8595,118.5771,436.7108
425.0853,207.0431,117.3913,432.3437
425.0853,207.0431,117.3913,432.3437
424.2049,215.4821,119.1522,438.8288
423.6091,213.2880,120.3437,443.2171
422.7066,209.9638,122.1489,449.8654
423.0119,211.0885,121.5381,447.6160
422.7081,221.9445,122.1458,449.8541
421.7920,218.5706,123.9780,456.6019
410.7495,221.9951,122.1183,449.7529
410.1389,231.8385,123.3395,454.2504
409.2138,228.4316,125.1896,461.0642
409.2138,228.4316,125.1896,461.0642
409.8398,242.8877,123.9377,456.4535
410.1496,244.0288,123.3180,454.1713
422.2396,244.0288,123.3180,454.1713
421.6230,253.9689,124.5512,458.7130
421.6230,253.9689,124.5512,458.7130
420.6889,250.5285,126.4195,465.5937
421.3210,252.8565,125.1553,460.9377
421.6339,254.0088,124.5295,458.6330
422.5678,257.4486,122.6616,451.7535
423.4878,260.8367,120.8216,444.9772
422.5816,269.5223,122.6340,451.6519
422.2751,268.3932,123.2471,453.9102
423.1994,271.7975,121.3984,447.1015
422.5924,281.5829,122.6124,451.5725
423.5120,284.9696,120.7732,444.7989
422.9081,294.7046,121.9809,449.2469
423.2131,295.8277,121.3710,447.0007
423.8199,298.0627,120.1573,442.5307
422.9188,306.7005,121.9597,449.1686
423.5286,308.9464,120.7401,444.6769
412.7744,312.2815,118.9290,438.0068
413.6664,315.5665,117.1451,431.4367
413.9592,316.6451,116.5593,429.2795
413.0851,313.4255,118.3077,435.7187
413.0851,313.4255,118.3077,435.7187
412.1977,310.1576,120.0823,442.2545
400.4250,310.1576,120.0823,442.2545
400.4250,310.1576,120.0823,442.2545
399.8246,319.8369,121.2832,446.6770
399.5213,318.7202,121.8896,448.9104
400.4355,322.0870,120.0612,442.1768
399.5351,330.7179,121.8622,448.8094
398.9258,328.4739,123.0808,453.2975
398.9258,328.4739,123.0808,453.2975
398.6180,339.4677,123.6962,455.5640
398.9273,340.6066,123.0777,453.2862
398.6196,339.4734,123.6931,455.5526
399.2380,341.7512,122.4562,450.9971
398.6258,339.4962,123.6807,455.5070
398.6258,339.4962,123.6807,455.5070
397.6982,348.3873,125.5359,462.3397
396.7567,344.9198,127.4190,469.2747
396.7567,344.9198,127.4190,469.2747
396.4381,343.7466,128.0561,471.6211
395.7978,354.0685,129.3366,476.3373
395.1511,351.6869,130.6300,481.1007
396.1309,355.2951,128.6705,473.8842
396.7742,370.1532,127.3838,469.1454
397.0927,371.3260,126.7469,466.7996
398.0433,374.8270,124.8457,459.7976
397.4190,384.8902,126.0942,464.3956
398.0495,387.2122,124.8332,459.7516
397.1133,396.1862,126.7057,466.6479
397.1133,396.1862,126.7057,466.6479
384.3123,395.0196,127.3393,468.9812
384.9489,397.3645,126.0659,464.2914
384.9489,397.3645,126.0659,464.2914
384.6338,408.6249,126.6962,466.6128
383.6836,405.1253,128.5966,473.6120
371.4606,406.3094,127.9537,471.2440
372.4202,409.8437,126.0343,464.1753
371.7901,420.0027,127.2947,468.8170
370.8354,416.4865,129.2041,475.8493
370.8354,416.4865,129.2041,475.8493
371.4814,418.8658,127.9121,471.0908
370.5220,428.0611,129.8307,478.1572
370.1974,426.8657,130.4799,480.5479
370.8499,429.2685,129.1751,475.7425
370.2040,439.6806,130.4669,480.4999
369.8778,438.4794,131.1192,482.9024
370.5334,440.8939,129.8080,478.0734
370.5334,440.8939,129.8080,478.0734
370.8579,442.0891,129.1590,475.6830
371.8266,445.6567,127.2216,468.5478
372.4627,447.9995,125.9494,463.8623
371.8330,445.6801,127.2089,468.5009
372.4690,448.0226,125.9368,463.8159
372.7839,449.1822,125.3071,461.4968
373.4104,451.4897,124.0540,456.8818
372.4800,460.4076,125.9148,463.7351
371.5356,456.9296,127.8035,470.6911
372.1747,459.2831,126.5255,465.9842
373.1236,462.7780,124.6276,458.9944
372.8120,473.9099,125.2508,461.2894
373.1252,475.0632,124.6245,458.9829
373.4367,476.2106,124.0014,456.6880
373.4367,476.2106,124.0014,456.6880
373.4367,476.2106,124.0014,456.6880
374.3667,479.6358,122.1414,449.8377
373.7560,477.3866,123.3628,454.3361
373.1392,475.1149,124.5964,458.8795
373.7622,477.4093,123.3504,454.2906
374.0706,478.5450,122.7337,452.0192
373.1501,475.1549,124.5747,458.7995
374.0844,478.5959,122.7061,451.9175
373.1641,487.4170,124.5467,458.6963
373.4754,488.5637,123.9239,456.4028
374.4049,491.9867,122.0651,449.5567
374.4049,491.9867,122.0651,449.5567
375.0152,494.2345,120.8444,445.0612
374.1089,502.9218,122.6571,451.7371
385.6411,500.6631,123.8837,456.2545
386.5702,504.0850,122.0254,449.4106
386.2651,502.9615,122.6355,451.6577
386.5717,504.0906,122.0224,449.3994
398.5347,504.0906,122.0224,449.3994
399.1448,506.3376,120.8021,444.9054
398.2388,503.0008,122.6142,451.5790
397.3192,499.6140,124.4534,458.3527
409.5205,499.6140,124.4534,458.3527
408.5871,508.5607,126.3202,465.2280
408.9029,509.7237,125.6886,462.9018
408.5887,508.5665,126.3170,465.2163
420.9727,508.5665,126.3170,465.2163
421.2885,509.7295,125.6854,462.8903
420.3458,518.7648,127.5707,469.8336
419.3890,515.2410,129.4843,476.8811
420.0365,517.6254,128.1894,472.1123
420.3569,518.8057,127.5485,469.7517
421.3135,522.3289,125.6353,462.7055
433.8832,523.4856,125.0071,460.3919
434.8208,526.9385,123.1320,453.4861
435.7443,530.3397,121.2850,446.6838
435.1378,528.1063,122.4978,451.1506
434.5254,525.8505,123.7228,455.6621
434.5254,525.8505,123.7228,455.6621
434.5254,525.8505,123.7228,455.6621
434.5254,525.8505,123.7228,455.6621
434.5254,537.9802,123.7228,455.6621
433.9067,535.7019,124.9601,460.2188
446.4089,536.8524,124.3353,457.9176
445.7872,534.5629,125.5786,462.4968
445.4733,545.7798,126.2065,464.8093
444.5267,542.2938,128.0996,471.7814
457.0855,542.2938,128.0996,471.7814
458.0462,545.8321,126.1781,464.7047
458.9926,549.3174,124.2854,457.7342
471.9268,552.7504,122.4212,450.8681
472.8449,556.1319,120.5848,444.1051
473.4479,558.3524,119.3790,439.6641
484.4319,555.0549,121.1697,446.2590
483.5231,551.7080,122.9872,452.9529
483.2157,550.5756,123.6021,455.2177
495.3335,550.5756,123.6021,455.2177
495.9515,552.8517,122.3661,450.6655
495.6456,551.7250,122.9780,452.9188
495.0307,561.6377,124.2077,457.4480
507.9568,553.0740,122.3446,450.5863
507.0393,561.8691,124.1798,457.3451
507.0393,561.8691,124.1798,457.3451
507.0393,561.8691,124.1798,457.3451
519.7130,564.1558,122.9380,452.7716
520.6349,567.5516,121.0939,445.9801
521.5432,570.8964,119.2775,439.2904
522.1395,573.0929,118.0847,434.8975
521.5491,570.9184,119.2656,439.2464
520.6547,567.6240,121.0546,445.8351
520.6547,567.6240,121.0546,445.8351
520.3520,566.5095,121.6598,448.0643
531.5459,563.1490,123.4847,454.7853
531.8546,564.2859,122.8673,452.5114
531.2403,562.0234,124.0960,457.0365
530.6198,559.7382,125.3370,461.6068
543.4116,562.0462,124.0836,456.9908
542.7911,559.7613,125.3244,461.5607
541.8512,556.2996,127.2043,468.4841
542.8052,559.8132,125.2962,461.4568
555.3410,560.9669,124.6697,459.1495
555.9644,563.2626,123.4230,454.5580
555.6558,562.1262,124.0402,456.8308
567.8166,562.1262,124.0402,456.8308
567.8166,562.1262,124.0402,456.8308
567.5065,560.9841,124.6604,459.1150
579.7281,560.9841,124.6604,459.1150
579.7281,560.9841,124.6604,459.1150
579.4164,559.8363,125.2837,461.4106
578.7900,557.5293,126.5365,466.0247
590.6869,555.1992,127.8019,470.6849
591.6454,546.3876,125.8848,463.6246
592.2748,548.7057,124.6260,458.9884
604.7435,549.8532,124.0029,456.6935
604.7435,549.8532,124.0029,456.6935
605.6736,553.2784,122.1428,449.8430
606.2843,555.5276,120.9214,445.3446
606.8889,557.7544,119.7122,440.8912
619.3472,561.0610,117.9165,434.2778
619.9368,563.2324,116.7373,429.9350
619.6449,562.1576,117.3210,432.0847
619.9382,563.2378,116.7344,429.9243
620.5219,565.3875,115.5671,425.6250
619.9441,563.2593,116.7227,429.8813
619.3605,561.1099,117.8900,434.1801
619.6552,562.1954,117.3005,432.0092
619.6552,562.1954,117.3005,432.0092
620.2417,564.3554,116.1275,427.6891
620.2417,564.3554,116.1275,427.6891
619.6610,562.2170,117.2888,431.9660
620.2475,564.3768,116.1159,427.6463
619.6669,562.2386,117.2770,431.9228
631.4003,563.3184,116.6907,429.7632
630.8169,572.7242,117.8576,434.0608
630.5223,571.6390,118.4469,436.2311
630.2261,570.5485,119.0391,438.4123
631.1190,573.8365,117.2535,431.8361
630.2396,570.5978,119.0123,438.3136
630.2396,570.5978,119.0123,438.3136
630.5370,571.6936,118.4172,436.1221
630.8331,572.7839,117.8252,433.9414
629.9494,569.5294,119.5925,440.4506
629.9494,569.5294,119.5925,440.4506
630.2484,570.6304,118.9946,438.2483
629.3560,567.3436,120.7795,444.8221
628.4501,564.0074,122.5912,451.4944
628.7566,565.1362,121.9782,449.2369
629.0615,566.2593,121.3683,446.9907
629.9718,569.6117,119.5478,440.2859
630.2706,570.7124,118.9501,438.0844
618.6089,570.7124,118.9501,438.0844
618.9062,571.8076,118.3553,435.8940
618.9062,571.8076,118.3553,435.8940
618.9062,571.8076,118.3553,435.8940
619.4980,573.9871,117.1718,431.5351
620.0839,576.1448,116.0001,427.2197
609.7520,579.3489,114.2601,420.8114
609.1806,577.2449,115.4027,425.0195
608.8921,576.1823,115.9797,427.1446
608.0223,572.9787,117.7194,433.5518
608.6108,575.1465,116.5422,429.2163
608.9022,576.2195,115.9595,427.0702
608.6123,575.1519,116.5393,429.2055
608.0296,573.0058,117.7047,433.4976
607.7354,571.9221,118.2932,435.6651
608.6226,575.1896,116.5188,429.1301
608.9139,576.2624,115.9362,426.9845
609.4935,578.3973,114.7768,422.7146
609.4935,578.3973,114.7768,422.7146
609.4935,578.3973,114.7768,422.7146
610.3544,581.5677,113.0552,416.3739
610.3544,581.5677,113.0552,416.3739
621.4382,581.5677,113.0552,416.3739
621.1556,580.5267,113.6204,418.4558
620.8715,579.4806,114.1885,420.5481
620.5861,578.4292,114.7595,422.6508
619.7253,575.2593,116.4809,428.9905
619.1429,573.1144,117.6457,433.2805
619.4371,574.1976,117.0575,431.1140
620.0223,576.3531,115.8869,426.8029
620.8915,579.5542,114.1486,420.4009
631.6237,577.4521,115.2901,424.6049
631.9119,578.5137,114.7136,422.4818
632.7723,581.6823,112.9929,416.1446
633.0547,582.7227,112.4279,414.0639
633.3358,583.7578,111.8658,411.9936
633.6155,584.7878,111.3065,409.9336
634.4503,587.8623,109.6369,403.7846
634.4503,587.8623,109.6369,403.7846
634.7244,588.8718,109.0887,401.7657
634.4517,587.8674,109.6341,403.7745
633.9035,585.8485,110.7305,407.8123
633.6266,584.8290,111.2841,409.8513
632.7921,581.7551,112.9534,415.9991
632.2273,579.6750,114.0829,420.1591
632.7977,581.7759,112.9421,415.9575
632.7977,581.7759,112.9421,415.9575
632.7977,581.7759,112.9421,415.9575
632.5153,580.7360,113.5068,418.0373
643.6434,580.7360,113.5068,418.0373
642.7922,588.8958,115.2094,424.3078
642.7922,588.8958,115.2094,424.3078
643.3682,591.0173,114.0573,420.0648
654.0918,588.9169,115.1979,424.2654
654.3798,589.9776,114.6219,422.1441
654.0933,588.9222,115.1950,424.2548
653.2293,585.7404,116.9229,430.6186
665.3973,588.9700,115.1691,424.1594
664.8215,586.8492,116.3208,428.4009
665.6938,590.0622,114.5760,421.9749
665.4074,589.0073,115.1489,424.0848
677.1594,591.1277,113.9974,419.8440
677.1594,591.1277,113.9974,419.8440
677.4444,592.1773,113.4274,417.7447
677.1608,591.1329,113.9945,419.8335
677.7308,593.2321,112.8546,415.6351
689.4754,596.3494,111.1618,409.4006
690.3091,599.4199,109.4943,403.2596
690.3091,610.1546,109.4943,403.2596
689.4879,607.1301,111.1367,409.3085
689.2101,606.1069,111.6924,411.3550
689.2101,606.1069,111.6924,411.3550
689.4893,607.1353,111.1340,409.2982
690.3228,610.2050,109.4669,403.1588
701.4949,601.5961,108.3723,399.1272
702.0367,603.5917,107.2886,395.1359
702.0367,603.5917,107.2886,395.1359
702.8414,606.5552,105.6792,389.2089
713.4145,607.5283,105.1508,387.2628
713.9402,609.4645,104.0993,383.3902
714.7210,612.3400,102.5378,377.6393
724.9798,613.2841,102.0251,375.7512
724.2146,620.6185,103.5555,381.3874
724.7324,622.5254,102.5200,377.5735
734.9894,623.4693,102.0074,375.6857
734.9894,623.4693,102.0074,375.6857
734.9894,623.4693,102.0074,375.6857
734.9894,623.4693,102.0074,375.6857
734.9894,623.4693,102.0074,375.6857
745.1951,624.4085,101.4973,373.8073
744.9414,623.4740,102.0048,375.6763
744.9414,623.4740,102.0048,375.6763
745.1964,624.4132,101.4948,373.7979
744.9427,623.4787,102.0023,375.6669
755.1479,624.4179,101.4923,373.7886
755.1479,624.4179,101.4923,373.7886
754.8942,623.4834,101.9997,375.6575
755.1492,624.4225,101.4897,373.7792
755.6566,626.2914,100.4748,370.0414
755.9078,627.2166,99.9725,368.1912
766.1109,629.0575,98.9727,364.5093
766.3583,629.9688,98.4779,362.6868
767.0969,632.6890,97.0007,357.2465
767.5819,643.8900,96.0307,353.6740
767.1017,642.1216,96.9910,357.2107
767.8292,644.8007,95.5361,351.8526
767.8292,644.8007,95.5361,351.8526
768.0681,645.6803,95.0584,350.0933
768.3057,646.5555,94.5832,348.3428
767.8328,644.8138,95.5290,351.8263
767.1163,642.1751,96.9619,357.1037
767.8435,635.4899,95.5075,351.7471
759.0512,637.2487,94.5524,348.2296
758.3420,634.6369,95.9707,353.4531
758.1021,633.7533,96.4506,355.2203
757.6199,631.9772,97.4151,358.7726
756.8893,629.2864,98.8763,364.1541
757.6309,632.0175,97.3931,358.6918
757.8743,632.9142,96.9062,356.8984
757.8743,632.9142,96.9062,356.8984
757.1475,630.2375,98.3598,362.2518
756.4099,627.5206,99.8352,367.6856
756.9090,629.3591,98.8368,364.0088
756.6619,628.4490,99.3310,365.8288
756.6619,628.4490,99.3310,365.8288
757.1586,620.6373,98.3377,362.1705
757.1586,620.6373,98.3377,362.1705
756.4210,617.9210,99.8128,367.6031
757.1696,611.0392,98.3156,362.0890
756.4323,608.3235,99.7903,367.5204
756.9312,600.4756,98.7924,363.8452
756.4373,598.6564,99.7803,367.4836
756.6867,589.8416,99.2814,365.6462
756.4385,588.9275,99.7778,367.4744
756.9374,581.0806,98.7800,363.7997
756.1965,578.3521,100.2617,369.2567
755.4446,575.5826,101.7657,374.7955
755.9534,567.5793,100.7480,371.0476
755.4496,565.7241,101.7555,374.7581
755.1953,554.7613,102.2643,376.6318
754.4283,551.9366,103.7982,382.2813
754.1688,550.9809,104.3172,384.1927
754.9512,543.7886,102.7525,378.4298
754.4374,541.8964,103.7800,382.2141
753.6591,539.0298,105.3367,387.9474
752.8690,536.1202,106.9167,393.7665
741.4279,533.1669,108.5205,399.6731
740.6140,530.1694,110.1483,405.6682
740.3386,529.1552,110.6990,407.6965
739.5084,526.0975,112.3595,413.8120
738.6657,522.9939,114.0449,420.0191
738.9508,524.0439,113.4747,417.9190
738.3834,521.9543,114.6095,422.0982
738.6699,523.0096,114.0364,419.9877
727.8309,524.0596,113.4662,417.8878
726.9799,520.9254,115.1682,424.1561
727.2678,521.9858,114.5924,422.0353
726.9813,520.9307,115.1653,424.1455
726.6934,519.8704,115.7412,426.2662
726.4041,518.8047,116.3199,428.3976
727.2765,522.0177,114.5751,421.9716
739.2001,525.1824,112.8564,415.6420
740.0466,528.2998,111.1636,409.4074
740.6024,530.3468,110.0520,405.3133
740.8775,531.3601,109.5017,403.2867
741.6988,534.3848,107.8592,397.2375
741.9684,535.3779,107.3199,395.2513
753.1371,538.3422,105.7101,389.3225
752.6085,536.3956,106.7672,393.2157
753.4092,539.3447,105.1657,387.3175
753.1464,538.3765,105.6915,389.2541
753.1464,538.3765,105.6915,389.2541
762.8710,535.4570,107.2769,395.0929
762.3346,533.4816,108.3496,399.0438
762.8763,524.9605,107.2661,395.0534
762.3400,522.9852,108.3388,399.0039
762.6109,513.4144,107.7971,397.0089
772.5293,510.4368,109.4141,402.9640
772.2557,498.6489,109.9611,404.9788
772.5306,499.6614,109.4113,402.9539
773.0777,491.0568,108.3172,398.9244
772.2653,488.0648,109.9420,404.9083
783.7068,480.4847,108.2928,398.8347
783.4361,479.4876,108.8343,400.8288
782.6198,476.4814,110.4668,406.8412
782.6198,476.4814,110.4668,406.8412
783.4484,468.8651,108.8098,400.7386
783.9924,470.8688,107.7217,396.7312
784.5310,462.3971,106.6445,392.7639
784.2644,461.4152,107.1777,394.7278
784.2644,461.4152,107.1777,394.7278
784.2644,461.4152,107.1777,394.7278
783.4606,458.4547,108.7854,400.6487
794.7817,450.9543,107.1536,394.6389
795.5853,453.9142,105.5463,388.7194
795.8492,454.8860,105.0186,386.7758
796.1118,455.8529,104.4935,384.8419
796.6342,457.7771,103.4486,380.9935
796.3756,456.8246,103.9658,382.8984
805.9415,453.9529,105.5253,388.6419
806.7329,456.8677,103.9424,382.8123
807.5125,459.7388,102.3833,377.0701
807.7684,460.6815,101.8714,375.1847
818.3701,463.4953,100.3433,369.5570
819.1226,466.2670,98.8381,364.0136
819.6168,468.0871,97.8498,360.3735
818.8829,475.1213,99.3175,365.7791
828.0211,472.3780,100.8073,371.2658
828.0211,472.3780,100.8073,371.2658
827.7691,471.4498,101.3113,373.1221
838.3124,474.2482,99.7916,367.5253
837.5640,471.4918,101.2885,373.0381
836.8043,468.6940,102.8078,378.6337
836.0333,465.8542,104.3499,384.3132
846.8928,458.6596,102.7847,378.5485
846.3789,456.7669,103.8125,382.3340
845.6003,453.8994,105.3697,388.0690
855.9307,443.5690,105.3697,388.0690
855.4039,441.6287,106.4234,391.9497
854.6057,438.6891,108.0198,397.8289
855.4158,431.2415,106.3995,391.8615
865.6333,430.2618,106.9315,393.8208
865.9006,431.2463,106.3968,391.8517
866.6986,423.9106,104.8009,385.9739
866.1746,421.9808,105.8489,389.8337
866.4392,422.9554,105.3196,387.8845
866.1759,421.9857,105.8462,389.8239
865.3821,419.0620,107.4339,395.6713
865.1135,407.4874,107.9711,397.6497
865.1135,407.4874,107.9711,397.6497
865.1135,407.4874,107.9711,397.6497
865.9233,400.0432,106.3515,391.6849
865.9233,400.0432,106.3515,391.6849
866.7209,392.7105,104.7563,385.8096
867.5066,395.6041,103.1849,380.0225
866.7327,392.7540,104.7327,385.7228
866.9945,393.7183,104.2090,383.7942
866.7340,392.7588,104.7301,385.7132
866.7340,392.7588,104.7301,385.7132
865.9485,389.8659,106.3010,391.4989
865.6828,388.8872,106.8325,393.4564
866.4840,391.8381,105.2300,387.5545
865.6948,388.9315,106.8085,393.3679
865.1608,386.9646,107.8766,397.3015
865.4304,387.9579,107.3372,395.3150
865.9671,389.9344,106.2638,391.3619
866.7641,392.8697,104.6699,385.4915
866.7641,392.8697,104.6699,385.4915
866.2408,390.9422,105.7166,389.3463
865.4479,388.0221,107.3023,395.1866
865.4479,388.0221,107.3023,395.1866
865.9844,389.9980,106.2293,391.2347
866.2499,390.9761,105.6981,389.2785
876.6125,390.9761,105.6981,389.2785
876.0840,389.0297,106.7551,393.1713
876.0840,389.0297,106.7551,393.1713
876.0840,389.0297,106.7551,393.1713
876.0840,389.0297,106.7551,393.1713
886.7648,390.0126,106.2213,391.2054
886.2337,388.0566,107.2836,395.1175
887.0383,391.0200,105.6743,389.1907
