1
1062.5000,515.5000,81.0000,99.0000
1066.0000,513.0000,81.0000,99.0000
1069.5000,511.5000,81.0000,99.0000
1072.0000,510.0000,81.0000,99.0000
1074.5000,509.5000,81.0000,99.0000
1077.0000,509.0000,81.0000,99.0000
1080.5000,510.5000,81.0000,99.0000
1082.0000,511.0000,81.0000,99.0000
1084.5000,511.5000,81.0000,99.0000
1086.0000,513.0000,81.0000,99.0000
1086.5000,514.5000,81.0000,99.0000
1082.0000,508.0000,81.0000,99.0000
1080.5000,509.5000,81.0000,99.0000
1079.0000,511.0000,81.0000,99.0000
1078.5000,512.5000,81.0000,99.0000
1078.0000,513.0000,81.0000,99.0000
1076.5000,514.5000,81.0000,99.0000
1076.0000,517.0000,81.0000,99.0000
1075.5000,518.5000,81.0000,99.0000
1075.0000,523.0000,81.0000,99.0000
1072.5000,526.5000,81.0000,99.0000
1069.0000,530.0000,81.0000,99.0000
1065.5000,535.5000,81.0000,99.0000
1061.0000,540.0000,81.0000,99.0000
1056.5000,544.5000,81.0000,99.0000
1053.0000,547.0000,81.0000,99.0000
1048.5000,549.5000,81.0000,99.0000
1045.0000,552.0000,81.0000,99.0000
1041.5000,553.5000,81.0000,99.0000
1036.0000,555.0000,81.0000,99.0000
1032.5000,555.5000,81.0000,99.0000
1029.0000,557.0000,81.0000,99.0000
1024.5000,558.5000,81.0000,99.0000
1020.0000,560.0000,81.0000,99.0000
1014.5000,560.5000,81.0000,99.0000
1011.0000,561.0000,81.0000,99.0000
1006.5000,559.5000,81.0000,99.0000
1003.0000,558.0000,81.0000,99.0000
998.5000,556.5000,81.0000,99.0000
994.0000,553.0000,81.0000,99.0000
990.5000,551.5000,81.0000,99.0000
986.0000,549.0000,81.0000,99.0000
982.5000,547.5000,81.0000,99.0000
980.0000,546.0000,81.0000,99.0000
975.5000,544.5000,81.0000,99.0000
972.0000,543.0000,81.0000,99.0000
967.5000,541.5000,81.0000,99.0000
965.0000,541.0000,81.0000,99.0000
961.5000,538.5000,81.0000,99.0000
957.0000,535.0000,81.0000,99.0000
952.5000,532.5000,81.0000,99.0000
949.0000,529.0000,81.0000,99.0000
944.5000,526.5000,81.0000,99.0000
941.0000,524.0000,81.0000,99.0000
936.5000,521.5000,81.0000,99.0000
933.0000,520.0000,81.0000,99.0000
928.5000,518.5000,81.0000,99.0000
925.0000,517.0000,81.0000,99.0000
921.5000,517.5000,81.0000,99.0000
919.0000,519.0000,81.0000,99.0000
917.5000,520.5000,81.0000,99.0000
917.0000,523.0000,81.0000,99.0000
916.5000,525.5000,81.0000,99.0000
915.0000,528.0000,81.0000,99.0000
914.5000,532.5000,81.0000,99.0000
914.0000,535.0000,81.0000,99.0000
912.5000,538.5000,81.0000,99.0000
911.0000,542.0000,81.0000,99.0000
909.5000,544.5000,81.0000,99.0000
908.0000,550.0000,81.0000,99.0000
907.5000,552.5000,81.0000,99.0000
907.0000,557.0000,81.0000,99.0000
907.5000,561.5000,81.0000,99.0000
908.0000,566.0000,81.0000,99.0000
909.5000,572.5000,81.0000,99.0000
910.0000,578.0000,81.0000,99.0000
909.5000,582.5000,81.0000,99.0000
910.0000,587.0000,81.0000,99.0000
908.5000,590.5000,81.0000,99.0000
906.0000,594.0000,81.0000,99.0000
903.5000,593.5000,81.0000,99.0000
901.0000,592.0000,81.0000,99.0000
898.5000,591.5000,81.0000,99.0000
895.0000,590.0000,81.0000,99.0000
891.5000,585.5000,81.0000,99.0000
889.0000,582.0000,81.0000,99.0000
886.5000,578.5000,81.0000,99.0000
883.0000,573.0000,81.0000,99.0000
880.5000,566.5000,81.0000,99.0000
876.0000,555.0000,81.0000,99.0000
872.5000,542.5000,81.0000,99.0000
869.0000,529.0000,81.0000,99.0000
866.5000,514.5000,81.0000,99.0000
864.0000,500.0000,81.0000,99.0000
859.5000,479.5000,81.0000,99.0000
857.0000,465.0000,81.0000,99.0000
855.5000,452.5000,81.0000,99.0000
853.0000,440.0000,81.0000,99.0000
850.5000,428.5000,81.0000,99.0000
849.0000,417.0000,81.0000,99.0000
848.5000,411.5000,81.0000,99.0000
847.0000,406.0000,81.0000,99.0000
847.5000,401.5000,81.0000,99.0000
846.0000,398.0000,81.0000,99.0000
846.5000,394.5000,81.0000,99.0000
846.0000,392.0000,81.0000,99.0000
845.5000,388.5000,81.0000,99.0000
846.0000,386.0000,81.0000,99.0000
845.5000,383.5000,81.0000,99.0000
846.0000,380.0000,81.0000,99.0000
845.5000,377.5000,81.0000,99.0000
845.0000,376.0000,81.0000,99.0000
844.5000,375.5000,81.0000,99.0000
844.0000,378.0000,81.0000,99.0000
842.5000,381.5000,81.0000,99.0000
842.0000,384.0000,81.0000,99.0000
840.5000,386.5000,81.0000,99.0000
839.0000,389.0000,81.0000,99.0000
837.5000,391.5000,81.0000,99.0000
836.0000,396.0000,81.0000,99.0000
834.5000,399.5000,81.0000,99.0000
833.0000,403.0000,81.0000,99.0000
830.5000,407.5000,81.0000,99.0000
829.0000,412.0000,81.0000,99.0000
825.5000,418.5000,81.0000,99.0000
823.0000,424.0000,81.0000,99.0000
820.5000,429.5000,81.0000,99.0000
818.0000,435.0000,81.0000,99.0000
814.5000,439.5000,81.0000,99.0000
812.0000,446.0000,81.0000,99.0000
809.5000,450.5000,81.0000,99.0000
807.0000,455.0000,81.0000,99.0000
804.5000,458.5000,81.0000,99.0000
802.0000,463.0000,81.0000,99.0000
797.5000,468.5000,81.0000,99.0000
794.0000,472.0000,81.0000,99.0000
789.5000,475.5000,81.0000,99.0000
784.0000,478.0000,81.0000,99.0000
779.5000,479.5000,81.0000,99.0000
773.0000,481.0000,81.0000,99.0000
769.5000,480.5000,81.0000,99.0000
766.0000,481.0000,81.0000,99.0000
762.5000,481.5000,81.0000,99.0000
760.0000,483.0000,81.0000,99.0000
756.5000,484.5000,81.0000,99.0000
753.0000,486.0000,81.0000,99.0000
749.5000,488.5000,81.0000,99.0000
744.0000,491.0000,81.0000,99.0000
737.5000,494.5000,81.0000,99.0000
729.0000,498.0000,81.0000,99.0000
721.5000,501.5000,81.0000,99.0000
714.0000,504.0000,81.0000,99.0000
706.5000,505.5000,81.0000,99.0000
698.0000,507.0000,81.0000,99.0000
687.5000,509.5000,81.0000,99.0000
679.0000,510.0000,81.0000,99.0000
671.5000,511.5000,81.0000,99.0000
663.0000,513.0000,81.0000,99.0000
653.5000,515.5000,81.0000,99.0000
642.0000,518.0000,81.0000,99.0000
632.5000,520.5000,81.0000,99.0000
623.0000,524.0000,81.0000,99.0000
613.5000,527.5000,81.0000,99.0000
606.0000,531.0000,81.0000,99.0000
597.5000,535.5000,81.0000,99.0000
592.0000,539.0000,81.0000,99.0000
590.5000,541.5000,81.0000,99.0000
593.0000,544.0000,81.0000,99.0000
594.5000,546.5000,81.0000,99.0000
595.0000,550.0000,81.0000,99.0000
595.5000,551.5000,81.0000,99.0000
595.0000,554.0000,81.0000,99.0000
593.5000,556.5000,81.0000,99.0000
592.0000,558.0000,81.0000,99.0000
590.5000,558.5000,81.0000,99.0000
589.0000,560.0000,81.0000,99.0000
587.5000,560.5000,81.0000,99.0000
587.0000,562.0000,81.0000,99.0000
586.5000,562.5000,81.0000,99.0000
585.0000,563.0000,81.0000,99.0000
584.5000,563.5000,81.0000,99.0000
584.0000,564.0000,81.0000,99.0000
584.5000,564.5000,81.0000,99.0000
585.0000,565.0000,81.0000,99.0000
584.5000,563.5000,81.0000,99.0000
585.0000,564.0000,81.0000,99.0000
584.5000,563.5000,81.0000,99.0000
585.0000,563.0000,81.0000,99.0000
583.5000,561.5000,81.0000,99.0000
580.0000,560.0000,81.0000,99.0000
578.5000,558.5000,81.0000,99.0000
575.0000,557.0000,81.0000,99.0000
572.5000,555.5000,81.0000,99.0000
570.0000,554.0000,81.0000,99.0000
565.5000,550.5000,81.0000,99.0000
563.0000,548.0000,81.0000,99.0000
560.5000,546.5000,81.0000,99.0000
558.0000,544.0000,81.0000,99.0000
555.5000,541.5000,81.0000,99.0000
553.0000,539.0000,81.0000,99.0000
551.5000,536.5000,81.0000,99.0000
549.0000,533.0000,81.0000,99.0000
547.5000,530.5000,81.0000,99.0000
545.0000,528.0000,81.0000,99.0000
541.5000,525.5000,81.0000,99.0000
539.0000,522.0000,81.0000,99.0000
535.5000,518.5000,81.0000,99.0000
532.0000,517.0000,81.0000,99.0000
528.5000,514.5000,81.0000,99.0000
524.0000,511.0000,81.0000,99.0000
520.5000,508.5000,81.0000,99.0000
518.0000,505.0000,81.0000,99.0000
514.5000,502.5000,81.0000,99.0000
511.0000,501.0000,81.0000,99.0000
508.5000,498.5000,81.0000,99.0000
506.0000,496.0000,81.0000,99.0000
503.5000,493.5000,81.0000,99.0000
502.0000,491.0000,81.0000,99.0000
499.5000,488.5000,81.0000,99.0000
497.0000,485.0000,81.0000,99.0000
495.5000,482.5000,81.0000,99.0000
494.0000,480.0000,81.0000,99.0000
493.5000,477.5000,81.0000,99.0000
492.0000,475.0000,81.0000,99.0000
490.5000,473.5000,81.0000,99.0000
490.0000,472.0000,81.0000,99.0000
488.5000,470.5000,81.0000,99.0000
487.0000,469.0000,81.0000,99.0000
485.5000,467.5000,81.0000,99.0000
484.0000,466.0000,81.0000,99.0000
482.5000,464.5000,81.0000,99.0000
482.0000,464.0000,81.0000,99.0000
480.5000,462.5000,81.0000,99.0000
480.0000,462.0000,81.0000,99.0000
478.5000,461.5000,81.0000,99.0000
478.0000,462.0000,81.0000,99.0000
477.5000,461.5000,81.0000,99.0000
477.0000,462.0000,81.0000,99.0000
476.5000,461.5000,81.0000,99.0000
476.0000,462.0000,81.0000,99.0000
476.5000,462.5000,81.0000,99.0000
477.0000,463.0000,81.0000,99.0000
477.5000,463.5000,81.0000,99.0000
477.0000,465.0000,81.0000,99.0000
478.5000,466.5000,81.0000,99.0000
479.0000,467.0000,81.0000,99.0000
479.5000,468.5000,81.0000,99.0000
480.0000,469.0000,81.0000,99.0000
481.5000,470.5000,81.0000,99.0000
483.0000,472.0000,81.0000,99.0000
484.5000,473.5000,81.0000,99.0000
485.0000,475.0000,81.0000,99.0000
486.5000,476.5000,81.0000,99.0000
488.0000,478.0000,81.0000,99.0000
489.5000,480.5000,81.0000,99.0000
491.0000,482.0000,81.0000,99.0000
492.5000,484.5000,81.0000,99.0000
494.0000,486.0000,81.0000,99.0000
495.5000,488.5000,81.0000,99.0000
497.0000,492.0000,81.0000,99.0000
499.5000,494.5000,81.0000,99.0000
501.0000,497.0000,81.0000,99.0000
502.5000,499.5000,81.0000,99.0000
504.0000,503.0000,81.0000,99.0000
505.5000,506.5000,81.0000,99.0000
507.0000,510.0000,81.0000,99.0000
509.5000,512.5000,81.0000,99.0000
512.0000,515.0000,81.0000,99.0000
513.5000,518.5000,81.0000,99.0000
517.0000,522.0000,81.0000,99.0000
519.5000,524.5000,81.0000,99.0000
522.0000,527.0000,81.0000,99.0000
524.5000,528.5000,81.0000,99.0000
527.0000,530.0000,81.0000,99.0000
530.5000,531.5000,81.0000,99.0000
533.0000,533.0000,81.0000,99.0000
536.5000,533.5000,81.0000,99.0000
539.0000,535.0000,81.0000,99.0000
542.5000,536.5000,81.0000,99.0000
546.0000,538.0000,81.0000,99.0000
549.5000,539.5000,81.0000,99.0000
553.0000,540.0000,81.0000,99.0000
556.5000,541.5000,81.0000,99.0000
561.0000,542.0000,81.0000,99.0000
566.5000,543.5000,81.0000,99.0000
570.0000,545.0000,81.0000,99.0000
574.5000,546.5000,81.0000,99.0000
580.0000,547.0000,81.0000,99.0000
584.5000,548.5000,81.0000,99.0000
591.0000,550.0000,81.0000,99.0000
596.5000,550.5000,81.0000,99.0000
602.0000,551.0000,81.0000,99.0000
607.5000,551.5000,81.0000,99.0000
613.0000,551.0000,81.0000,99.0000
620.5000,550.5000,81.0000,99.0000
626.0000,550.0000,81.0000,99.0000
630.5000,549.5000,81.0000,99.0000
636.0000,549.0000,81.0000,99.0000
641.5000,549.5000,81.0000,99.0000
650.0000,549.0000,81.0000,99.0000
656.5000,549.5000,81.0000,99.0000
663.0000,550.0000,81.0000,99.0000
669.5000,550.5000,81.0000,99.0000
675.0000,551.0000,81.0000,99.0000
683.5000,551.5000,81.0000,99.0000
690.0000,552.0000,81.0000,99.0000
697.5000,552.5000,81.0000,99.0000
705.0000,553.0000,81.0000,99.0000
712.5000,553.5000,81.0000,99.0000
722.0000,555.0000,81.0000,99.0000
729.5000,555.5000,81.0000,99.0000
737.0000,556.0000,81.0000,99.0000
744.5000,556.5000,81.0000,99.0000
753.0000,557.0000,81.0000,99.0000
763.5000,556.5000,81.0000,99.0000
771.0000,556.0000,81.0000,99.0000
778.5000,556.5000,81.0000,99.0000
786.0000,556.0000,81.0000,99.0000
792.5000,555.5000,81.0000,99.0000
801.0000,556.0000,81.0000,99.0000
807.5000,555.5000,81.0000,99.0000
813.0000,555.0000,81.0000,99.0000
818.5000,554.5000,81.0000,99.0000
824.0000,553.0000,81.0000,99.0000
830.5000,551.5000,81.0000,99.0000
835.0000,549.0000,81.0000,99.0000
838.5000,547.5000,81.0000,99.0000
843.0000,544.0000,81.0000,99.0000
847.5000,540.5000,81.0000,99.0000
853.0000,536.0000,81.0000,99.0000
855.5000,531.5000,81.0000,99.0000
859.0000,527.0000,81.0000,99.0000
862.5000,521.5000,81.0000,99.0000
864.0000,517.0000,81.0000,99.0000
867.5000,508.5000,81.0000,99.0000
871.0000,501.0000,81.0000,99.0000
873.5000,494.5000,81.0000,99.0000
874.0000,488.0000,81.0000,99.0000
873.5000,482.5000,81.0000,99.0000
873.0000,482.0000,81.0000,99.0000
864.5000,490.5000,81.0000,99.0000
868.0000,494.0000,81.0000,99.0000
869.5000,486.5000,81.0000,99.0000
872.0000,478.0000,81.0000,99.0000
878.5000,466.5000,81.0000,99.0000
888.0000,457.0000,81.0000,99.0000
885.5000,450.5000,81.0000,99.0000
891.0000,445.0000,81.0000,99.0000
890.5000,441.5000,81.0000,99.0000
868.0000,447.0000,81.0000,99.0000
868.5000,446.5000,81.0000,99.0000
870.0000,446.0000,81.0000,99.0000
872.5000,445.5000,81.0000,99.0000
874.0000,446.0000,81.0000,99.0000
876.5000,447.5000,81.0000,99.0000
879.0000,448.0000,81.0000,99.0000
879.5000,448.5000,81.0000,99.0000
881.0000,449.0000,81.0000,99.0000
882.5000,448.5000,81.0000,99.0000
885.0000,448.0000,81.0000,99.0000
886.5000,447.5000,81.0000,99.0000
888.0000,446.0000,81.0000,99.0000
888.5000,445.5000,81.0000,99.0000
890.0000,445.0000,81.0000,99.0000
891.5000,443.5000,81.0000,99.0000
893.0000,443.0000,81.0000,99.0000
895.5000,441.5000,81.0000,99.0000
896.0000,441.0000,81.0000,99.0000
896.5000,440.5000,81.0000,99.0000
897.0000,439.0000,81.0000,99.0000
897.5000,437.5000,81.0000,99.0000
898.0000,436.0000,81.0000,99.0000
898.5000,434.5000,81.0000,99.0000
899.0000,433.0000,81.0000,99.0000
899.5000,431.5000,81.0000,99.0000
900.0000,430.0000,81.0000,99.0000
899.5000,428.5000,81.0000,99.0000
900.0000,427.0000,81.0000,99.0000
900.5000,425.5000,81.0000,99.0000
900.0000,424.0000,81.0000,99.0000
900.5000,422.5000,81.0000,99.0000
900.0000,421.0000,81.0000,99.0000
899.5000,419.5000,81.0000,99.0000
899.0000,419.0000,81.0000,99.0000
898.5000,417.5000,81.0000,99.0000
898.0000,416.0000,81.0000,99.0000
898.5000,414.5000,81.0000,99.0000
898.0000,413.0000,81.0000,99.0000
898.5000,411.5000,81.0000,99.0000
899.0000,410.0000,81.0000,99.0000
898.5000,409.5000,81.0000,99.0000
898.0000,409.0000,81.0000,99.0000
898.5000,407.5000,81.0000,99.0000
898.0000,407.0000,81.0000,99.0000
897.5000,406.5000,81.0000,99.0000
898.0000,406.0000,81.0000,99.0000
897.5000,405.5000,81.0000,99.0000
897.0000,405.0000,81.0000,99.0000
897.5000,404.5000,81.0000,99.0000
897.0000,403.0000,81.0000,99.0000
897.5000,402.5000,81.0000,99.0000
897.0000,401.0000,81.0000,99.0000
896.5000,400.5000,81.0000,99.0000
897.0000,399.0000,81.0000,99.0000
898.5000,397.5000,81.0000,99.0000
899.0000,396.0000,81.0000,99.0000
900.5000,395.5000,81.0000,99.0000
902.0000,394.0000,81.0000,99.0000
903.5000,391.5000,81.0000,99.0000
905.0000,389.0000,81.0000,99.0000
906.5000,387.5000,81.0000,99.0000
908.0000,386.0000,81.0000,99.0000
909.5000,385.5000,81.0000,99.0000
911.0000,385.0000,81.0000,99.0000
912.5000,384.5000,81.0000,99.0000
914.0000,384.0000,81.0000,99.0000
915.5000,383.5000,81.0000,99.0000
917.0000,383.0000,81.0000,99.0000
918.5000,381.5000,81.0000,99.0000
921.0000,381.0000,81.0000,99.0000
921.5000,379.5000,81.0000,99.0000
922.0000,379.0000,81.0000,99.0000
921.5000,377.5000,81.0000,99.0000
921.0000,377.0000,81.0000,99.0000
919.5000,376.5000,81.0000,99.0000
919.0000,377.0000,81.0000,99.0000
917.5000,376.5000,81.0000,99.0000
916.0000,376.0000,81.0000,99.0000
914.5000,375.5000,81.0000,99.0000
913.0000,375.0000,81.0000,99.0000
911.5000,374.5000,81.0000,99.0000
911.0000,374.0000,81.0000,99.0000
909.5000,373.5000,81.0000,99.0000
909.0000,373.0000,81.0000,99.0000
907.5000,371.5000,81.0000,99.0000
906.0000,371.0000,81.0000,99.0000
904.5000,370.5000,81.0000,99.0000
904.0000,369.0000,81.0000,99.0000
902.5000,368.5000,81.0000,99.0000
901.0000,367.0000,81.0000,99.0000
899.5000,365.5000,81.0000,99.0000
899.0000,365.0000,81.0000,99.0000
897.5000,363.5000,81.0000,99.0000
897.0000,363.0000,81.0000,99.0000
895.5000,361.5000,81.0000,99.0000
895.0000,360.0000,81.0000,99.0000
894.5000,358.5000,81.0000,99.0000
894.0000,358.0000,81.0000,99.0000
893.5000,356.5000,81.0000,99.0000
893.0000,356.0000,81.0000,99.0000
892.5000,354.5000,81.0000,99.0000
892.0000,354.0000,81.0000,99.0000
891.5000,353.5000,81.0000,99.0000
891.0000,353.0000,81.0000,99.0000
890.5000,352.5000,81.0000,99.0000
890.0000,352.0000,81.0000,99.0000
889.5000,351.5000,81.0000,99.0000
889.0000,351.0000,81.0000,99.0000
888.5000,350.5000,81.0000,99.0000
888.0000,350.0000,81.0000,99.0000
887.5000,349.5000,81.0000,99.0000
888.0000,350.0000,81.0000,99.0000
887.5000,349.5000,81.0000,99.0000
887.0000,349.0000,81.0000,99.0000
887.5000,349.5000,81.0000,99.0000
887.0000,349.0000,81.0000,99.0000
887.5000,349.5000,81.0000,99.0000
888.0000,350.0000,81.0000,99.0000
887.5000,350.5000,81.0000,99.0000
889.0000,351.0000,81.0000,99.0000
889.5000,351.5000,81.0000,99.0000
890.0000,352.0000,81.0000,99.0000
891.5000,351.5000,81.0000,99.0000
892.0000,352.0000,81.0000,99.0000
893.5000,353.5000,81.0000,99.0000
895.0000,354.0000,81.0000,99.0000
896.5000,354.5000,81.0000,99.0000
898.0000,356.0000,81.0000,99.0000
899.5000,356.5000,81.0000,99.0000
902.0000,358.0000,81.0000,99.0000
903.5000,359.5000,81.0000,99.0000
906.0000,361.0000,81.0000,99.0000
908.5000,362.5000,81.0000,99.0000
910.0000,364.0000,81.0000,99.0000
913.5000,365.5000,81.0000,99.0000
916.0000,367.0000,81.0000,99.0000
919.5000,368.5000,81.0000,99.0000
922.0000,370.0000,81.0000,99.0000
925.5000,371.5000,81.0000,99.0000
930.0000,373.0000,81.0000,99.0000
932.5000,374.5000,81.0000,99.0000
936.0000,376.0000,81.0000,99.0000
940.5000,377.5000,81.0000,99.0000
945.0000,378.0000,81.0000,99.0000
950.5000,378.5000,81.0000,99.0000
955.0000,379.0000,81.0000,99.0000
959.5000,379.5000,81.0000,99.0000
964.0000,380.0000,81.0000,99.0000
968.5000,380.5000,81.0000,99.0000
974.0000,381.0000,81.0000,99.0000
977.5000,380.5000,81.0000,99.0000
982.0000,381.0000,81.0000,99.0000
984.5000,381.5000,81.0000,99.0000
988.0000,382.0000,81.0000,99.0000
991.5000,382.5000,81.0000,99.0000
994.0000,383.0000,81.0000,99.0000
997.5000,382.5000,81.0000,99.0000
1000.0000,383.0000,81.0000,99.0000
1003.5000,383.5000,81.0000,99.0000
1007.0000,384.0000,81.0000,99.0000
1010.5000,384.5000,81.0000,99.0000
1014.0000,386.0000,81.0000,99.0000
1017.5000,386.5000,81.0000,99.0000
1022.0000,387.0000,81.0000,99.0000
1026.5000,387.5000,81.0000,99.0000
1031.0000,389.0000,81.0000,99.0000
1035.5000,389.5000,81.0000,99.0000
1040.0000,390.0000,81.0000,99.0000
1044.5000,391.5000,81.0000,99.0000
1050.0000,392.0000,81.0000,99.0000
1054.5000,393.5000,81.0000,99.0000
1059.0000,395.0000,81.0000,99.0000
1064.5000,396.5000,81.0000,99.0000
1069.0000,398.0000,81.0000,99.0000
1076.5000,401.5000,81.0000,99.0000
1082.0000,403.0000,81.0000,99.0000
1086.5000,405.5000,81.0000,99.0000
1092.0000,407.0000,81.0000,99.0000
1097.5000,408.5000,81.0000,99.0000
1105.0000,411.0000,81.0000,99.0000
1110.5000,412.5000,81.0000,99.0000
1116.0000,415.0000,81.0000,99.0000
1122.5000,416.5000,81.0000,99.0000
1128.0000,419.0000,81.0000,99.0000
1134.5000,421.5000,81.0000,99.0000
1140.0000,424.0000,81.0000,99.0000
1144.5000,426.5000,81.0000,99.0000
1149.0000,429.0000,81.0000,99.0000
1153.5000,431.5000,81.0000,99.0000
1159.0000,435.0000,81.0000,99.0000
1162.5000,437.5000,81.0000,99.0000
1167.0000,440.0000,81.0000,99.0000
1170.5000,442.5000,81.0000,99.0000
1174.0000,444.0000,81.0000,99.0000
1177.5000,444.5000,81.0000,99.0000
1180.0000,445.0000,81.0000,99.0000
1182.5000,444.5000,81.0000,99.0000
1183.0000,444.0000,81.0000,99.0000
1183.5000,442.5000,81.0000,99.0000
1184.0000,441.0000,81.0000,99.0000
1183.5000,439.5000,81.0000,99.0000
1182.0000,437.0000,81.0000,99.0000
1180.5000,434.5000,81.0000,99.0000
1177.0000,431.0000,81.0000,99.0000
1167.5000,424.5000,81.0000,99.0000
1161.0000,419.0000,81.0000,99.0000
1151.5000,411.5000,81.0000,99.0000
1138.0000,402.0000,81.0000,99.0000
1124.5000,391.5000,81.0000,99.0000
1107.0000,377.0000,81.0000,99.0000
1094.5000,364.5000,81.0000,99.0000
1082.0000,351.0000,81.0000,99.0000
1069.5000,336.5000,81.0000,99.0000
1059.0000,322.0000,81.0000,99.0000
1045.5000,302.5000,81.0000,99.0000
1035.0000,290.0000,81.0000,99.0000
1024.5000,278.5000,81.0000,99.0000
1013.0000,280.0000,81.0000,99.0000
1004.5000,267.5000,81.0000,99.0000
1000.0000,259.0000,81.0000,99.0000
996.5000,254.5000,81.0000,99.0000
994.0000,251.0000,81.0000,99.0000
993.5000,248.5000,81.0000,99.0000
993.0000,246.0000,81.0000,99.0000
993.5000,244.5000,81.0000,99.0000
994.0000,244.0000,81.0000,99.0000
994.5000,243.5000,81.0000,99.0000
994.0000,243.0000,81.0000,99.0000
993.5000,243.5000,81.0000,99.0000
992.0000,245.0000,81.0000,99.0000
990.5000,247.5000,81.0000,99.0000
989.0000,250.0000,81.0000,99.0000
986.5000,253.5000,81.0000,99.0000
984.0000,256.0000,81.0000,99.0000
980.5000,260.5000,81.0000,99.0000
977.0000,265.0000,81.0000,99.0000
973.5000,269.5000,81.0000,99.0000
969.0000,274.0000,81.0000,99.0000
964.5000,280.5000,81.0000,99.0000
959.0000,289.0000,81.0000,99.0000
953.5000,295.5000,81.0000,99.0000
948.0000,303.0000,81.0000,99.0000
942.5000,310.5000,81.0000,99.0000
937.0000,317.0000,81.0000,99.0000
928.5000,326.5000,81.0000,99.0000
922.0000,334.0000,81.0000,99.0000
914.5000,338.5000,81.0000,99.0000
908.0000,344.0000,81.0000,99.0000
901.5000,347.5000,81.0000,99.0000
893.0000,350.0000,81.0000,99.0000
886.5000,350.5000,81.0000,99.0000
880.0000,349.0000,81.0000,99.0000
874.5000,347.5000,81.0000,99.0000
869.0000,347.0000,81.0000,99.0000
861.5000,344.5000,81.0000,99.0000
856.0000,344.0000,81.0000,99.0000
849.5000,343.5000,81.0000,99.0000
843.0000,343.0000,81.0000,99.0000
837.5000,344.5000,81.0000,99.0000
830.0000,346.0000,81.0000,99.0000
824.5000,347.5000,81.0000,99.0000
820.0000,348.0000,81.0000,99.0000
814.5000,349.5000,81.0000,99.0000
810.0000,351.0000,81.0000,99.0000
803.5000,352.5000,81.0000,99.0000
799.0000,353.0000,81.0000,99.0000
795.5000,353.5000,81.0000,99.0000
792.0000,355.0000,81.0000,99.0000
787.5000,355.5000,81.0000,99.0000
783.0000,356.0000,81.0000,99.0000
778.5000,355.5000,81.0000,99.0000
775.0000,355.0000,81.0000,99.0000
771.5000,354.5000,81.0000,99.0000
768.0000,353.0000,81.0000,99.0000
762.5000,350.5000,81.0000,99.0000
759.0000,349.0000,81.0000,99.0000
754.5000,347.5000,81.0000,99.0000
750.0000,346.0000,81.0000,99.0000
745.5000,343.5000,81.0000,99.0000
740.0000,341.0000,81.0000,99.0000
736.5000,338.5000,81.0000,99.0000
733.0000,335.0000,81.0000,99.0000
729.5000,331.5000,81.0000,99.0000
725.0000,328.0000,81.0000,99.0000
720.5000,324.5000,81.0000,99.0000
717.0000,322.0000,81.0000,99.0000
713.5000,319.5000,81.0000,99.0000
711.0000,317.0000,81.0000,99.0000
707.5000,314.5000,81.0000,99.0000
705.0000,312.0000,81.0000,99.0000
702.5000,310.5000,81.0000,99.0000
701.0000,308.0000,81.0000,99.0000
699.5000,305.5000,81.0000,99.0000
698.0000,303.0000,81.0000,99.0000
695.5000,299.5000,81.0000,99.0000
695.0000,297.0000,81.0000,99.0000
693.5000,294.5000,81.0000,99.0000
693.0000,292.0000,81.0000,99.0000
693.5000,289.5000,81.0000,99.0000
694.0000,286.0000,81.0000,99.0000
694.5000,283.5000,81.0000,99.0000
695.0000,280.0000,81.0000,99.0000
696.5000,277.5000,81.0000,99.0000
698.0000,274.0000,81.0000,99.0000
699.5000,269.5000,81.0000,99.0000
701.0000,267.0000,81.0000,99.0000
701.5000,264.5000,81.0000,99.0000
703.0000,262.0000,81.0000,99.0000
703.5000,260.5000,81.0000,99.0000
705.0000,258.0000,81.0000,99.0000
705.5000,255.5000,81.0000,99.0000
706.0000,253.0000,81.0000,99.0000
706.5000,250.5000,81.0000,99.0000
706.0000,249.0000,81.0000,99.0000
706.5000,246.5000,81.0000,99.0000
707.0000,244.0000,81.0000,99.0000
707.5000,241.5000,81.0000,99.0000
708.0000,238.0000,81.0000,99.0000
708.5000,235.5000,81.0000,99.0000
709.0000,232.0000,81.0000,99.0000
709.5000,229.5000,81.0000,99.0000
710.0000,227.0000,81.0000,99.0000
710.5000,224.5000,81.0000,99.0000
711.0000,222.0000,81.0000,99.0000
711.5000,219.5000,81.0000,99.0000
712.0000,217.0000,81.0000,99.0000
712.5000,215.5000,81.0000,99.0000
713.0000,214.0000,81.0000,99.0000
714.5000,211.5000,81.0000,99.0000
715.0000,209.0000,81.0000,99.0000
715.5000,207.5000,81.0000,99.0000
717.0000,206.0000,81.0000,99.0000
717.5000,204.5000,81.0000,99.0000
718.0000,203.0000,81.0000,99.0000
718.5000,200.5000,81.0000,99.0000
719.0000,199.0000,81.0000,99.0000
719.5000,197.5000,81.0000,99.0000
719.0000,196.0000,81.0000,99.0000
719.5000,195.5000,81.0000,99.0000
719.0000,194.0000,81.0000,99.0000
718.5000,193.5000,81.0000,99.0000
718.0000,192.0000,81.0000,99.0000
717.5000,191.5000,81.0000,99.0000
717.0000,190.0000,81.0000,99.0000
715.5000,188.5000,81.0000,99.0000
714.0000,187.0000,81.0000,99.0000
712.5000,185.5000,81.0000,99.0000
711.0000,184.0000,81.0000,99.0000
709.5000,183.5000,81.0000,99.0000
706.0000,183.0000,81.0000,99.0000
704.5000,182.5000,81.0000,99.0000
702.0000,182.0000,81.0000,99.0000
699.5000,183.5000,81.0000,99.0000
697.0000,185.0000,81.0000,99.0000
693.5000,188.5000,81.0000,99.0000
690.0000,191.0000,81.0000,99.0000
687.5000,193.5000,81.0000,99.0000
684.0000,197.0000,81.0000,99.0000
680.5000,199.5000,81.0000,99.0000
677.0000,203.0000,81.0000,99.0000
673.5000,205.5000,81.0000,99.0000
670.0000,208.0000,81.0000,99.0000
666.5000,210.5000,81.0000,99.0000
663.0000,212.0000,81.0000,99.0000
658.5000,214.5000,81.0000,99.0000
654.0000,216.0000,81.0000,99.0000
650.5000,216.5000,81.0000,99.0000
646.0000,218.0000,81.0000,99.0000
641.5000,219.5000,81.0000,99.0000
636.0000,222.0000,81.0000,99.0000
631.5000,224.5000,81.0000,99.0000
627.0000,226.0000,81.0000,99.0000
622.5000,228.5000,81.0000,99.0000
618.0000,231.0000,81.0000,99.0000
611.5000,233.5000,81.0000,99.0000
607.0000,235.0000,81.0000,99.0000
601.5000,236.5000,81.0000,99.0000
597.0000,239.0000,81.0000,99.0000
591.5000,240.5000,81.0000,99.0000
585.0000,243.0000,81.0000,99.0000
579.5000,244.5000,81.0000,99.0000
575.0000,246.0000,81.0000,99.0000
569.5000,247.5000,81.0000,99.0000
565.0000,250.0000,81.0000,99.0000
558.5000,252.5000,81.0000,99.0000
553.0000,255.0000,81.0000,99.0000
548.5000,258.5000,81.0000,99.0000
544.0000,261.0000,81.0000,99.0000
538.5000,264.5000,81.0000,99.0000
532.0000,268.0000,81.0000,99.0000
527.5000,271.5000,81.0000,99.0000
523.0000,274.0000,81.0000,99.0000
518.5000,276.5000,81.0000,99.0000
514.0000,279.0000,81.0000,99.0000
508.5000,281.5000,81.0000,99.0000
504.0000,283.0000,81.0000,99.0000
499.5000,284.5000,81.0000,99.0000
495.0000,285.0000,81.0000,99.0000
490.5000,286.5000,81.0000,99.0000
485.0000,287.0000,81.0000,99.0000
481.5000,287.5000,81.0000,99.0000
477.0000,287.0000,81.0000,99.0000
473.5000,286.5000,81.0000,99.0000
469.0000,286.0000,81.0000,99.0000
464.5000,286.5000,81.0000,99.0000
461.0000,287.0000,81.0000,99.0000
457.5000,288.5000,81.0000,99.0000
454.0000,290.0000,81.0000,99.0000
450.5000,291.5000,81.0000,99.0000
447.0000,293.0000,81.0000,99.0000
444.5000,294.5000,81.0000,99.0000
442.0000,296.0000,81.0000,99.0000
439.5000,297.5000,81.0000,99.0000
437.0000,298.0000,81.0000,99.0000
435.5000,300.5000,81.0000,99.0000
433.0000,302.0000,81.0000,99.0000
431.5000,304.5000,81.0000,99.0000
430.0000,307.0000,81.0000,99.0000
428.5000,309.5000,81.0000,99.0000
426.0000,313.0000,81.0000,99.0000
424.5000,316.5000,81.0000,99.0000
423.0000,319.0000,81.0000,99.0000
422.5000,321.5000,81.0000,99.0000
421.0000,324.0000,81.0000,99.0000
419.5000,326.5000,81.0000,99.0000
419.0000,328.0000,81.0000,99.0000
418.5000,329.5000,81.0000,99.0000
417.0000,331.0000,81.0000,99.0000
416.5000,331.5000,81.0000,99.0000
416.0000,333.0000,81.0000,99.0000
415.5000,334.5000,81.0000,99.0000
415.0000,336.0000,81.0000,99.0000
414.5000,338.5000,81.0000,99.0000
414.0000,340.0000,81.0000,99.0000
412.5000,343.5000,81.0000,99.0000
413.0000,345.0000,81.0000,99.0000
412.5000,346.5000,81.0000,99.0000
412.0000,347.0000,81.0000,99.0000
411.5000,347.5000,81.0000,99.0000
412.0000,348.0000,81.0000,99.0000
411.5000,348.5000,81.0000,99.0000
412.0000,349.0000,81.0000,99.0000
412.5000,349.5000,81.0000,99.0000
413.0000,349.0000,81.0000,99.0000
413.5000,350.5000,81.0000,99.0000
415.0000,351.0000,81.0000,99.0000
415.5000,351.5000,81.0000,99.0000
416.0000,353.0000,81.0000,99.0000
417.5000,354.5000,81.0000,99.0000
419.0000,356.0000,81.0000,99.0000
419.5000,357.5000,81.0000,99.0000
421.0000,359.0000,81.0000,99.0000
421.5000,359.5000,81.0000,99.0000
423.0000,361.0000,81.0000,99.0000
425.5000,361.5000,81.0000,99.0000
427.0000,362.0000,81.0000,99.0000
428.5000,362.5000,81.0000,99.0000
430.0000,363.0000,81.0000,99.0000
431.5000,363.5000,81.0000,99.0000
433.0000,366.0000,81.0000,99.0000
434.5000,367.5000,81.0000,99.0000
436.0000,369.0000,81.0000,99.0000
437.5000,371.5000,81.0000,99.0000
438.0000,373.0000,81.0000,99.0000
439.5000,376.5000,81.0000,99.0000
441.0000,378.0000,81.0000,99.0000
441.5000,380.5000,81.0000,99.0000
442.0000,382.0000,81.0000,99.0000
442.5000,383.5000,81.0000,99.0000
442.0000,385.0000,81.0000,99.0000
442.5000,386.5000,81.0000,99.0000
442.0000,388.0000,81.0000,99.0000
441.5000,390.5000,81.0000,99.0000
440.0000,392.0000,81.0000,99.0000
439.5000,394.5000,81.0000,99.0000
438.0000,397.0000,81.0000,99.0000
436.5000,398.5000,81.0000,99.0000
435.0000,401.0000,81.0000,99.0000
433.5000,402.5000,81.0000,99.0000
431.0000,405.0000,81.0000,99.0000
429.5000,406.5000,81.0000,99.0000
427.0000,408.0000,81.0000,99.0000
424.5000,410.5000,81.0000,99.0000
422.0000,412.0000,81.0000,99.0000
418.5000,415.5000,81.0000,99.0000
416.0000,417.0000,81.0000,99.0000
412.5000,418.5000,81.0000,99.0000
410.0000,420.0000,81.0000,99.0000
406.5000,420.5000,81.0000,99.0000
403.0000,422.0000,81.0000,99.0000
399.5000,422.5000,81.0000,99.0000
397.0000,423.0000,81.0000,99.0000
393.5000,423.5000,81.0000,99.0000
390.0000,424.0000,81.0000,99.0000
386.5000,424.5000,81.0000,99.0000
384.0000,425.0000,81.0000,99.0000
380.5000,425.5000,81.0000,99.0000
378.0000,426.0000,81.0000,99.0000
374.5000,426.5000,81.0000,99.0000
370.0000,427.0000,81.0000,99.0000
367.5000,427.5000,81.0000,99.0000
364.0000,428.0000,81.0000,99.0000
360.5000,428.5000,81.0000,99.0000
357.0000,429.0000,81.0000,99.0000
352.5000,428.5000,81.0000,99.0000
349.0000,429.0000,81.0000,99.0000
346.5000,429.5000,81.0000,99.0000
343.0000,429.0000,81.0000,99.0000
339.5000,429.5000,81.0000,99.0000
335.0000,429.0000,81.0000,99.0000
332.5000,429.5000,81.0000,99.0000
329.0000,430.0000,81.0000,99.0000
325.5000,429.5000,81.0000,99.0000
323.0000,430.0000,81.0000,99.0000
318.5000,429.5000,81.0000,99.0000
316.0000,430.0000,81.0000,99.0000
313.5000,430.5000,81.0000,99.0000
310.0000,430.0000,81.0000,99.0000
306.5000,430.5000,81.0000,99.0000
303.0000,430.0000,81.0000,99.0000
300.5000,429.5000,81.0000,99.0000
298.0000,429.0000,81.0000,99.0000
295.5000,428.5000,81.0000,99.0000
293.0000,428.0000,81.0000,99.0000
288.5000,427.5000,81.0000,99.0000
285.0000,427.0000,81.0000,99.0000
282.5000,426.5000,81.0000,99.0000
280.0000,426.0000,81.0000,99.0000
276.5000,425.5000,81.0000,99.0000
273.0000,425.0000,81.0000,99.0000
270.5000,424.5000,81.0000,99.0000
268.0000,424.0000,81.0000,99.0000
265.5000,423.5000,81.0000,99.0000
263.0000,423.0000,81.0000,99.0000
260.5000,422.5000,81.0000,99.0000
258.0000,423.0000,81.0000,99.0000
254.5000,423.5000,81.0000,99.0000
251.0000,424.0000,81.0000,99.0000
247.5000,423.5000,81.0000,99.0000
244.0000,422.0000,81.0000,99.0000
240.5000,420.5000,81.0000,99.0000
238.0000,418.0000,81.0000,99.0000
234.5000,415.5000,81.0000,99.0000
232.0000,413.0000,81.0000,99.0000
227.5000,409.5000,81.0000,99.0000
225.0000,407.0000,81.0000,99.0000
222.5000,405.5000,81.0000,99.0000
220.0000,404.0000,81.0000,99.0000
216.5000,403.5000,81.0000,99.0000
213.0000,403.0000,81.0000,99.0000
210.5000,403.5000,81.0000,99.0000
208.0000,403.0000,81.0000,99.0000
205.5000,403.5000,81.0000,99.0000
203.0000,404.0000,81.0000,99.0000
200.5000,404.5000,81.0000,99.0000
198.0000,406.0000,81.0000,99.0000
196.5000,407.5000,81.0000,99.0000
195.0000,409.0000,81.0000,99.0000
193.5000,410.5000,81.0000,99.0000
192.0000,412.0000,81.0000,99.0000
190.5000,409.5000,81.0000,99.0000
189.0000,409.0000,81.0000,99.0000
188.5000,408.5000,81.0000,99.0000
188.0000,407.0000,81.0000,99.0000
186.5000,405.5000,81.0000,99.0000
186.0000,405.0000,81.0000,99.0000
185.5000,404.5000,81.0000,99.0000
185.0000,404.0000,81.0000,99.0000
184.5000,403.5000,81.0000,99.0000
184.0000,403.0000,81.0000,99.0000
184.5000,402.5000,81.0000,99.0000
184.0000,402.0000,81.0000,99.0000
183.5000,401.5000,81.0000,99.0000
184.0000,401.0000,81.0000,99.0000
184.5000,400.5000,81.0000,99.0000
184.0000,400.0000,81.0000,99.0000
184.5000,399.5000,81.0000,99.0000
185.0000,399.0000,81.0000,99.0000
185.5000,398.5000,81.0000,99.0000
187.0000,398.0000,81.0000,99.0000
187.5000,397.5000,81.0000,99.0000
188.0000,397.0000,81.0000,99.0000
189.5000,396.5000,81.0000,99.0000
191.0000,396.0000,81.0000,99.0000
193.5000,395.5000,81.0000,99.0000
195.0000,395.0000,81.0000,99.0000
196.5000,394.5000,81.0000,99.0000
198.0000,394.0000,81.0000,99.0000
200.5000,393.5000,81.0000,99.0000
203.0000,393.0000,81.0000,99.0000
205.5000,392.5000,81.0000,99.0000
208.0000,392.0000,81.0000,99.0000
210.5000,391.5000,81.0000,99.0000
214.0000,391.0000,81.0000,99.0000
217.5000,390.5000,81.0000,99.0000
221.0000,390.0000,81.0000,99.0000
223.5000,390.5000,81.0000,99.0000
227.0000,390.0000,81.0000,99.0000
230.5000,389.5000,81.0000,99.0000
235.0000,389.0000,81.0000,99.0000
238.5000,388.5000,81.0000,99.0000
242.0000,388.0000,81.0000,99.0000
245.5000,388.5000,81.0000,99.0000
249.0000,388.0000,81.0000,99.0000
254.5000,387.5000,81.0000,99.0000
259.0000,387.0000,81.0000,99.0000
263.5000,386.5000,81.0000,99.0000
268.0000,386.0000,81.0000,99.0000
272.5000,386.5000,81.0000,99.0000
278.0000,386.0000,81.0000,99.0000
282.5000,385.5000,81.0000,99.0000
286.0000,386.0000,81.0000,99.0000
289.5000,385.5000,81.0000,99.0000
294.0000,385.0000,81.0000,99.0000
298.5000,385.5000,81.0000,99.0000
302.0000,385.0000,81.0000,99.0000
305.5000,384.5000,81.0000,99.0000
309.0000,385.0000,81.0000,99.0000
312.5000,384.5000,81.0000,99.0000
317.0000,384.0000,81.0000,99.0000
320.5000,383.5000,81.0000,99.0000
324.0000,384.0000,81.0000,99.0000
327.5000,383.5000,81.0000,99.0000
331.0000,383.0000,81.0000,99.0000
336.5000,383.5000,81.0000,99.0000
340.0000,383.0000,81.0000,99.0000
344.5000,382.5000,81.0000,99.0000
349.0000,383.0000,81.0000,99.0000
353.5000,382.5000,81.0000,99.0000
360.0000,382.0000,81.0000,99.0000
364.5000,382.5000,81.0000,99.0000
369.0000,382.0000,81.0000,99.0000
373.5000,382.5000,81.0000,99.0000
379.0000,382.0000,81.0000,99.0000
385.5000,382.5000,81.0000,99.0000
390.0000,382.0000,81.0000,99.0000
395.5000,381.5000,81.0000,99.0000
400.0000,382.0000,81.0000,99.0000
405.5000,381.5000,81.0000,99.0000
412.0000,381.0000,81.0000,99.0000
417.5000,380.5000,81.0000,99.0000
423.0000,381.0000,81.0000,99.0000
428.5000,380.5000,81.0000,99.0000
433.0000,380.0000,81.0000,99.0000
440.5000,380.5000,81.0000,99.0000
445.0000,380.0000,81.0000,99.0000
450.5000,379.5000,81.0000,99.0000
455.0000,379.0000,81.0000,99.0000
460.5000,379.5000,81.0000,99.0000
468.0000,379.0000,81.0000,99.0000
472.5000,378.5000,81.0000,99.0000
478.0000,378.0000,81.0000,99.0000
482.5000,377.5000,81.0000,99.0000
487.0000,378.0000,81.0000,99.0000
493.5000,377.5000,81.0000,99.0000
498.0000,377.0000,81.0000,99.0000
502.5000,377.5000,81.0000,99.0000
507.0000,377.0000,81.0000,99.0000
511.5000,376.5000,81.0000,99.0000
518.0000,376.0000,81.0000,99.0000
522.5000,376.5000,81.0000,99.0000
527.0000,376.0000,81.0000,99.0000
531.5000,376.5000,81.0000,99.0000
536.0000,376.0000,81.0000,99.0000
541.5000,375.5000,81.0000,99.0000
546.0000,375.0000,81.0000,99.0000
550.5000,374.5000,81.0000,99.0000
554.0000,374.0000,81.0000,99.0000
558.5000,373.5000,81.0000,99.0000
564.0000,371.0000,81.0000,99.0000
567.5000,369.5000,81.0000,99.0000
571.0000,367.0000,81.0000,99.0000
573.5000,364.5000,81.0000,99.0000
576.0000,361.0000,81.0000,99.0000
578.5000,356.5000,81.0000,99.0000
581.0000,353.0000,81.0000,99.0000
582.5000,350.5000,81.0000,99.0000
585.0000,347.0000,81.0000,99.0000
586.5000,344.5000,81.0000,99.0000
590.0000,342.0000,81.0000,99.0000
591.5000,339.5000,81.0000,99.0000
594.0000,338.0000,81.0000,99.0000
595.5000,336.5000,81.0000,99.0000
598.0000,335.0000,81.0000,99.0000
600.5000,333.5000,81.0000,99.0000
603.0000,333.0000,81.0000,99.0000
604.5000,332.5000,81.0000,99.0000
607.0000,332.0000,81.0000,99.0000
607.5000,332.5000,81.0000,99.0000
610.0000,332.0000,81.0000,99.0000
610.5000,332.5000,81.0000,99.0000
612.0000,333.0000,81.0000,99.0000
612.5000,333.5000,81.0000,99.0000
614.0000,333.0000,81.0000,99.0000
615.5000,334.5000,81.0000,99.0000
616.0000,335.0000,81.0000,99.0000
616.5000,335.5000,81.0000,99.0000
617.0000,337.0000,81.0000,99.0000
618.5000,338.5000,81.0000,99.0000
621.0000,341.0000,81.0000,99.0000
622.5000,342.5000,81.0000,99.0000
624.0000,344.0000,81.0000,99.0000
624.5000,346.5000,81.0000,99.0000
625.0000,348.0000,81.0000,99.0000
625.5000,350.5000,81.0000,99.0000
626.0000,352.0000,81.0000,99.0000
626.5000,353.5000,81.0000,99.0000
627.0000,355.0000,81.0000,99.0000
627.5000,355.5000,81.0000,99.0000
628.0000,357.0000,81.0000,99.0000
628.5000,357.5000,81.0000,99.0000
629.0000,358.0000,81.0000,99.0000
629.5000,358.5000,81.0000,99.0000
630.0000,358.0000,81.0000,99.0000
630.5000,358.5000,81.0000,99.0000
631.0000,359.0000,81.0000,99.0000
630.5000,358.5000,81.0000,99.0000
631.0000,359.0000,81.0000,99.0000
631.5000,358.5000,81.0000,99.0000
631.0000,359.0000,81.0000,99.0000
630.5000,358.5000,81.0000,99.0000
631.0000,359.0000,81.0000,99.0000
630.5000,359.5000,81.0000,99.0000
631.0000,360.0000,81.0000,99.0000
630.5000,360.5000,81.0000,99.0000
630.0000,361.0000,81.0000,99.0000
630.5000,361.5000,81.0000,99.0000
630.0000,362.0000,81.0000,99.0000
629.5000,362.5000,81.0000,99.0000
630.0000,363.0000,81.0000,99.0000
629.5000,362.5000,81.0000,99.0000
630.0000,362.0000,81.0000,99.0000
629.5000,361.5000,81.0000,99.0000
630.0000,362.0000,81.0000,99.0000
630.5000,361.5000,81.0000,99.0000
631.0000,362.0000,81.0000,99.0000
631.5000,362.5000,81.0000,99.0000
631.0000,362.0000,81.0000,99.0000
631.5000,362.5000,81.0000,99.0000
632.0000,362.0000,81.0000,99.0000
632.5000,362.5000,81.0000,99.0000
633.0000,362.0000,81.0000,99.0000
633.5000,362.5000,81.0000,99.0000
633.0000,363.0000,81.0000,99.0000
633.5000,362.5000,81.0000,99.0000
633.0000,363.0000,81.0000,99.0000
633.5000,363.5000,81.0000,99.0000
633.0000,364.0000,81.0000,99.0000
632.5000,363.5000,81.0000,99.0000
633.0000,364.0000,81.0000,99.0000
632.5000,364.5000,81.0000,99.0000
633.0000,365.0000,81.0000,99.0000
632.5000,364.5000,81.0000,99.0000
632.0000,365.0000,81.0000,99.0000
631.5000,365.5000,81.0000,99.0000
631.0000,365.0000,81.0000,99.0000
630.5000,365.5000,81.0000,99.0000
630.0000,366.0000,81.0000,99.0000
628.5000,365.5000,81.0000,99.0000
628.0000,366.0000,81.0000,99.0000
626.5000,366.5000,81.0000,99.0000
626.0000,366.0000,81.0000,99.0000
625.5000,366.5000,81.0000,99.0000
624.0000,366.0000,81.0000,99.0000
623.5000,366.5000,81.0000,99.0000
623.0000,367.0000,81.0000,99.0000
622.5000,366.5000,81.0000,99.0000
621.0000,367.0000,81.0000,99.0000
620.5000,366.5000,81.0000,99.0000
619.0000,367.0000,81.0000,99.0000
617.5000,366.5000,81.0000,99.0000
617.0000,366.0000,81.0000,99.0000
615.5000,366.5000,81.0000,99.0000
614.0000,366.0000,81.0000,99.0000
612.5000,366.5000,81.0000,99.0000
612.0000,366.0000,81.0000,99.0000
610.5000,366.5000,81.0000,99.0000
609.0000,366.0000,81.0000,99.0000
607.5000,366.5000,81.0000,99.0000
606.0000,366.0000,81.0000,99.0000
604.5000,366.5000,81.0000,99.0000
603.0000,366.0000,81.0000,99.0000
601.5000,366.5000,81.0000,99.0000
600.0000,366.0000,81.0000,99.0000
597.5000,366.5000,81.0000,99.0000
596.0000,366.0000,81.0000,99.0000
594.5000,365.5000,81.0000,99.0000
593.0000,366.0000,81.0000,99.0000
591.5000,365.5000,81.0000,99.0000
589.0000,365.0000,81.0000,99.0000
587.5000,364.5000,81.0000,99.0000
585.0000,365.0000,81.0000,99.0000
583.5000,364.5000,81.0000,99.0000
581.0000,365.0000,81.0000,99.0000
578.5000,364.5000,81.0000,99.0000
577.0000,365.0000,81.0000,99.0000
575.5000,364.5000,81.0000,99.0000
573.0000,364.0000,81.0000,99.0000
571.5000,364.5000,81.0000,99.0000
569.0000,364.0000,81.0000,99.0000
567.5000,364.5000,81.0000,99.0000
566.0000,364.0000,81.0000,99.0000
563.5000,363.5000,81.0000,99.0000
562.0000,364.0000,81.0000,99.0000
559.5000,363.5000,81.0000,99.0000
558.0000,364.0000,81.0000,99.0000
556.5000,364.5000,81.0000,99.0000
554.0000,364.0000,81.0000,99.0000
552.5000,364.5000,81.0000,99.0000
550.0000,364.0000,81.0000,99.0000
548.5000,363.5000,81.0000,99.0000
547.0000,363.0000,81.0000,99.0000
545.5000,363.5000,81.0000,99.0000
544.0000,363.0000,81.0000,99.0000
542.5000,362.5000,81.0000,99.0000
541.0000,362.0000,81.0000,99.0000
539.5000,362.5000,81.0000,99.0000
538.0000,362.0000,81.0000,99.0000
536.5000,361.5000,81.0000,99.0000
534.0000,362.0000,81.0000,99.0000
532.5000,361.5000,81.0000,99.0000
531.0000,362.0000,81.0000,99.0000
529.5000,362.5000,81.0000,99.0000
528.0000,363.0000,81.0000,99.0000
526.5000,363.5000,81.0000,99.0000
525.0000,363.0000,81.0000,99.0000
523.5000,363.5000,81.0000,99.0000
522.0000,363.0000,81.0000,99.0000
520.5000,362.5000,81.0000,99.0000
518.0000,363.0000,81.0000,99.0000
516.5000,362.5000,81.0000,99.0000
515.0000,363.0000,81.0000,99.0000
513.5000,362.5000,81.0000,99.0000
512.0000,362.0000,81.0000,99.0000
509.5000,362.5000,81.0000,99.0000
508.0000,362.0000,81.0000,99.0000
506.5000,362.5000,81.0000,99.0000
505.0000,362.0000,81.0000,99.0000
503.5000,361.5000,81.0000,99.0000
501.0000,362.0000,81.0000,99.0000
499.5000,361.5000,81.0000,99.0000
498.0000,362.0000,81.0000,99.0000
496.5000,361.5000,81.0000,99.0000
495.0000,362.0000,81.0000,99.0000
492.5000,361.5000,81.0000,99.0000
491.0000,362.0000,81.0000,99.0000
489.5000,361.5000,81.0000,99.0000
487.0000,362.0000,81.0000,99.0000
485.5000,361.5000,81.0000,99.0000
483.0000,362.0000,81.0000,99.0000
481.5000,361.5000,81.0000,99.0000
480.0000,362.0000,81.0000,99.0000
478.5000,361.5000,81.0000,99.0000
477.0000,362.0000,81.0000,99.0000
474.5000,361.5000,81.0000,99.0000
473.0000,362.0000,81.0000,99.0000
471.5000,361.5000,81.0000,99.0000
469.0000,362.0000,81.0000,99.0000
467.5000,361.5000,81.0000,99.0000
465.0000,362.0000,81.0000,99.0000
463.5000,361.5000,81.0000,99.0000
462.0000,362.0000,81.0000,99.0000
460.5000,361.5000,81.0000,99.0000
459.0000,362.0000,81.0000,99.0000
456.5000,361.5000,81.0000,99.0000
455.0000,361.0000,81.0000,99.0000
453.5000,361.5000,81.0000,99.0000
451.0000,361.0000,81.0000,99.0000
449.5000,361.5000,81.0000,99.0000
448.0000,361.0000,81.0000,99.0000
445.5000,360.5000,81.0000,99.0000
444.0000,361.0000,81.0000,99.0000
442.5000,360.5000,81.0000,99.0000
441.0000,360.0000,81.0000,99.0000
438.5000,360.5000,81.0000,99.0000
438.0000,360.0000,81.0000,99.0000
436.5000,359.5000,81.0000,99.0000
435.0000,360.0000,81.0000,99.0000
433.5000,359.5000,81.0000,99.0000
433.0000,360.0000,81.0000,99.0000
433.5000,359.5000,81.0000,99.0000
435.0000,360.0000,81.0000,99.0000
437.5000,359.5000,81.0000,99.0000
441.0000,359.0000,81.0000,99.0000
444.5000,359.5000,81.0000,99.0000
449.0000,359.0000,81.0000,99.0000
454.5000,359.5000,81.0000,99.0000
460.0000,359.0000,81.0000,99.0000
466.5000,358.5000,81.0000,99.0000
473.0000,359.0000,81.0000,99.0000
478.5000,358.5000,81.0000,99.0000
484.0000,359.0000,81.0000,99.0000
489.5000,358.5000,81.0000,99.0000
496.0000,359.0000,81.0000,99.0000
505.5000,358.5000,81.0000,99.0000
512.0000,358.0000,81.0000,99.0000
518.5000,358.5000,81.0000,99.0000
525.0000,358.0000,81.0000,99.0000
531.5000,358.5000,81.0000,99.0000
540.0000,358.0000,81.0000,99.0000
547.5000,358.5000,81.0000,99.0000
554.0000,358.0000,81.0000,99.0000
560.5000,358.5000,81.0000,99.0000
567.0000,358.0000,81.0000,99.0000
576.5000,358.5000,81.0000,99.0000
583.0000,359.0000,81.0000,99.0000
589.5000,358.5000,81.0000,99.0000
596.0000,359.0000,81.0000,99.0000
603.5000,358.5000,81.0000,99.0000
612.0000,359.0000,81.0000,99.0000
618.5000,359.5000,81.0000,99.0000
626.0000,359.0000,81.0000,99.0000
632.5000,359.5000,81.0000,99.0000
640.0000,359.0000,81.0000,99.0000
649.5000,359.5000,81.0000,99.0000
657.0000,360.0000,81.0000,99.0000
664.5000,359.5000,81.0000,99.0000
672.0000,360.0000,81.0000,99.0000
680.5000,360.5000,81.0000,99.0000
691.0000,360.0000,81.0000,99.0000
698.5000,360.5000,81.0000,99.0000
707.0000,361.0000,81.0000,99.0000
714.5000,360.5000,81.0000,99.0000
722.0000,361.0000,81.0000,99.0000
732.5000,361.5000,81.0000,99.0000
739.0000,361.0000,81.0000,99.0000
746.5000,361.5000,81.0000,99.0000
754.0000,362.0000,81.0000,99.0000
761.5000,361.5000,81.0000,99.0000
770.0000,362.0000,81.0000,99.0000
774.5000,362.5000,81.0000,99.0000
778.0000,362.0000,81.0000,99.0000
780.5000,362.5000,81.0000,99.0000
781.0000,363.0000,81.0000,99.0000
780.5000,362.5000,81.0000,99.0000
779.0000,363.0000,81.0000,99.0000
778.5000,362.5000,81.0000,99.0000
777.0000,363.0000,81.0000,99.0000
775.5000,362.5000,81.0000,99.0000
774.0000,363.0000,81.0000,99.0000
772.5000,362.5000,81.0000,99.0000
771.0000,363.0000,81.0000,99.0000
769.5000,362.5000,81.0000,99.0000
768.0000,363.0000,81.0000,99.0000
765.5000,362.5000,81.0000,99.0000
764.0000,363.0000,81.0000,99.0000
762.5000,362.5000,81.0000,99.0000
761.0000,363.0000,81.0000,99.0000
759.5000,362.5000,81.0000,99.0000
758.0000,363.0000,81.0000,99.0000
756.5000,362.5000,81.0000,99.0000
755.0000,363.0000,81.0000,99.0000
753.5000,362.5000,81.0000,99.0000
752.0000,363.0000,81.0000,99.0000
749.5000,362.5000,81.0000,99.0000
748.0000,363.0000,81.0000,99.0000
746.5000,362.5000,81.0000,99.0000
745.0000,363.0000,81.0000,99.0000
743.5000,362.5000,81.0000,99.0000
742.0000,362.0000,81.0000,99.0000
740.5000,362.5000,81.0000,99.0000
739.0000,362.0000,81.0000,99.0000
737.5000,362.5000,81.0000,99.0000
736.0000,362.0000,81.0000,99.0000
734.5000,362.5000,81.0000,99.0000
733.0000,362.0000,81.0000,99.0000
731.5000,362.5000,81.0000,99.0000
730.0000,362.0000,81.0000,99.0000
728.5000,362.5000,81.0000,99.0000
726.0000,362.0000,81.0000,99.0000
724.5000,362.5000,81.0000,99.0000
723.0000,362.0000,81.0000,99.0000
721.5000,362.5000,81.0000,99.0000
720.0000,362.0000,81.0000,99.0000
718.5000,362.5000,81.0000,99.0000
717.0000,362.0000,81.0000,99.0000
715.5000,362.5000,81.0000,99.0000
714.0000,362.0000,81.0000,99.0000
712.5000,362.5000,81.0000,99.0000
711.0000,362.0000,81.0000,99.0000
709.5000,362.5000,81.0000,99.0000
708.0000,362.0000,81.0000,99.0000
706.5000,362.5000,81.0000,99.0000
705.0000,362.0000,81.0000,99.0000
703.5000,362.5000,81.0000,99.0000
702.0000,362.0000,81.0000,99.0000
700.5000,362.5000,81.0000,99.0000
699.0000,362.0000,81.0000,99.0000
697.5000,362.5000,81.0000,99.0000
696.0000,362.0000,81.0000,99.0000
694.5000,362.5000,81.0000,99.0000
693.0000,362.0000,81.0000,99.0000
691.5000,362.5000,81.0000,99.0000
690.0000,362.0000,81.0000,99.0000
688.5000,362.5000,81.0000,99.0000
687.0000,362.0000,81.0000,99.0000
685.5000,361.5000,81.0000,99.0000
684.0000,362.0000,81.0000,99.0000
682.5000,361.5000,81.0000,99.0000
681.0000,361.0000,81.0000,99.0000
679.5000,361.5000,81.0000,99.0000
678.0000,361.0000,81.0000,99.0000
676.5000,360.5000,81.0000,99.0000
675.0000,360.0000,81.0000,99.0000
674.5000,359.5000,81.0000,99.0000
674.0000,359.0000,81.0000,99.0000
673.5000,358.5000,81.0000,99.0000
673.0000,358.0000,81.0000,99.0000
672.5000,357.5000,81.0000,99.0000
672.0000,356.0000,81.0000,99.0000
672.5000,355.5000,81.0000,99.0000
672.0000,355.0000,81.0000,99.0000
672.5000,354.5000,81.0000,99.0000
673.0000,353.0000,81.0000,99.0000
673.5000,352.5000,81.0000,99.0000
674.0000,352.0000,81.0000,99.0000
674.5000,350.5000,81.0000,99.0000
675.0000,350.0000,81.0000,99.0000
675.5000,349.5000,81.0000,99.0000
677.0000,348.0000,81.0000,99.0000
677.5000,347.5000,81.0000,99.0000
679.0000,346.0000,81.0000,99.0000
679.5000,345.5000,81.0000,99.0000
680.0000,345.0000,81.0000,99.0000
680.5000,343.5000,81.0000,99.0000
682.0000,343.0000,81.0000,99.0000
682.5000,341.5000,81.0000,99.0000
683.0000,341.0000,81.0000,99.0000
683.5000,339.5000,81.0000,99.0000
684.0000,338.0000,81.0000,99.0000
684.5000,337.5000,81.0000,99.0000
685.0000,336.0000,81.0000,99.0000
685.5000,334.5000,81.0000,99.0000
685.0000,333.0000,81.0000,99.0000
685.5000,331.5000,81.0000,99.0000
685.0000,330.0000,81.0000,99.0000
684.5000,329.5000,81.0000,99.0000
684.0000,328.0000,81.0000,99.0000
683.5000,326.5000,81.0000,99.0000
683.0000,325.0000,81.0000,99.0000
682.5000,324.5000,81.0000,99.0000
683.0000,323.0000,81.0000,99.0000
682.5000,321.5000,81.0000,99.0000
682.0000,321.0000,81.0000,99.0000
681.5000,319.5000,81.0000,99.0000
681.0000,318.0000,81.0000,99.0000
681.5000,316.5000,81.0000,99.0000
681.0000,316.0000,81.0000,99.0000
680.5000,314.5000,81.0000,99.0000
680.0000,313.0000,81.0000,99.0000
679.5000,311.5000,81.0000,99.0000
679.0000,310.0000,81.0000,99.0000
678.5000,309.5000,81.0000,99.0000
679.0000,308.0000,81.0000,99.0000
678.5000,306.5000,81.0000,99.0000
679.0000,305.0000,81.0000,99.0000
679.5000,304.5000,81.0000,99.0000
681.0000,304.0000,81.0000,99.0000
681.5000,304.5000,81.0000,99.0000
684.0000,304.0000,81.0000,99.0000
685.5000,304.5000,81.0000,99.0000
687.0000,304.0000,81.0000,99.0000
689.5000,304.5000,81.0000,99.0000
691.0000,305.0000,81.0000,99.0000
694.5000,304.5000,81.0000,99.0000
697.0000,305.0000,81.0000,99.0000
699.5000,304.5000,81.0000,99.0000
702.0000,305.0000,81.0000,99.0000
704.5000,304.5000,81.0000,99.0000
707.0000,305.0000,81.0000,99.0000
709.5000,305.5000,81.0000,99.0000
712.0000,305.0000,81.0000,99.0000
713.5000,305.5000,81.0000,99.0000
715.0000,305.0000,81.0000,99.0000
717.5000,305.5000,81.0000,99.0000
718.0000,306.0000,81.0000,99.0000
718.5000,305.5000,81.0000,99.0000
719.0000,306.0000,81.0000,99.0000
718.5000,305.5000,81.0000,99.0000
719.0000,306.0000,81.0000,99.0000
719.5000,305.5000,81.0000,99.0000
719.0000,306.0000,81.0000,99.0000
717.5000,306.5000,81.0000,99.0000
716.0000,306.0000,81.0000,99.0000
713.5000,306.5000,81.0000,99.0000
712.0000,306.0000,81.0000,99.0000
710.5000,306.5000,81.0000,99.0000
709.0000,306.0000,81.0000,99.0000
707.5000,306.5000,81.0000,99.0000
707.0000,306.0000,81.0000,99.0000
705.5000,306.5000,81.0000,99.0000
705.0000,306.0000,81.0000,99.0000
704.5000,306.5000,81.0000,99.0000
704.0000,306.0000,81.0000,99.0000
703.5000,306.5000,81.0000,99.0000
703.0000,306.0000,81.0000,99.0000
702.5000,306.5000,81.0000,99.0000
701.0000,307.0000,81.0000,99.0000
699.5000,306.5000,81.0000,99.0000
699.0000,307.0000,81.0000,99.0000
697.5000,306.5000,81.0000,99.0000
697.0000,307.0000,81.0000,99.0000
695.5000,306.5000,81.0000,99.0000
695.0000,307.0000,81.0000,99.0000
693.5000,307.5000,81.0000,99.0000
692.0000,307.0000,81.0000,99.0000
691.5000,307.5000,81.0000,99.0000
690.0000,307.0000,81.0000,99.0000
689.5000,307.5000,81.0000,99.0000
689.0000,308.0000,81.0000,99.0000
688.5000,307.5000,81.0000,99.0000
688.0000,308.0000,81.0000,99.0000
687.5000,307.5000,81.0000,99.0000
687.0000,308.0000,81.0000,99.0000
686.5000,307.5000,81.0000,99.0000
686.0000,308.0000,81.0000,99.0000
685.5000,308.5000,81.0000,99.0000
685.0000,308.0000,81.0000,99.0000
684.5000,308.5000,81.0000,99.0000
685.0000,309.0000,81.0000,99.0000
685.5000,308.5000,81.0000,99.0000
685.0000,309.0000,81.0000,99.0000
685.5000,308.5000,81.0000,99.0000
686.0000,309.0000,81.0000,99.0000
686.5000,309.5000,81.0000,99.0000
686.0000,309.0000,81.0000,99.0000
686.5000,309.5000,81.0000,99.0000
687.0000,309.0000,81.0000,99.0000
687.5000,309.5000,81.0000,99.0000
688.0000,310.0000,81.0000,99.0000
687.5000,309.5000,81.0000,99.0000
688.0000,310.0000,81.0000,99.0000
688.5000,310.5000,81.0000,99.0000
688.0000,310.0000,81.0000,99.0000
687.5000,310.5000,81.0000,99.0000
688.0000,310.0000,81.0000,99.0000
686.5000,310.5000,81.0000,99.0000
686.0000,311.0000,81.0000,99.0000
685.5000,310.5000,81.0000,99.0000
684.0000,311.0000,81.0000,99.0000
683.5000,311.5000,81.0000,99.0000
683.0000,311.0000,81.0000,99.0000
681.5000,311.5000,81.0000,99.0000
681.0000,312.0000,81.0000,99.0000
679.5000,311.5000,81.0000,99.0000
678.0000,312.0000,81.0000,99.0000
677.5000,312.5000,81.0000,99.0000
676.0000,312.0000,81.0000,99.0000
675.5000,312.5000,81.0000,99.0000
674.0000,313.0000,81.0000,99.0000
672.5000,312.5000,81.0000,99.0000
672.0000,313.0000,81.0000,99.0000
670.5000,312.5000,81.0000,99.0000
670.0000,313.0000,81.0000,99.0000
668.5000,312.5000,81.0000,99.0000
668.0000,313.0000,81.0000,99.0000
666.5000,312.5000,81.0000,99.0000
666.0000,313.0000,81.0000,99.0000
664.5000,313.5000,81.0000,99.0000
663.0000,313.0000,81.0000,99.0000
662.5000,313.5000,81.0000,99.0000
662.0000,314.0000,81.0000,99.0000
660.5000,313.5000,81.0000,99.0000
660.0000,314.0000,81.0000,99.0000
659.5000,313.5000,81.0000,99.0000
658.0000,314.0000,81.0000,99.0000
657.5000,314.5000,81.0000,99.0000
657.0000,314.0000,81.0000,99.0000
656.5000,314.5000,81.0000,99.0000
656.0000,315.0000,81.0000,99.0000
655.5000,314.5000,81.0000,99.0000
655.0000,315.0000,81.0000,99.0000
654.5000,315.5000,81.0000,99.0000
654.0000,315.0000,81.0000,99.0000
653.5000,315.5000,81.0000,99.0000
653.0000,316.0000,81.0000,99.0000
652.5000,315.5000,81.0000,99.0000
652.0000,316.0000,81.0000,99.0000
651.5000,315.5000,81.0000,99.0000
651.0000,316.0000,81.0000,99.0000
651.5000,315.5000,81.0000,99.0000
651.0000,316.0000,81.0000,99.0000
650.5000,315.5000,81.0000,99.0000
651.0000,316.0000,81.0000,99.0000
650.5000,315.5000,81.0000,99.0000
650.0000,316.0000,81.0000,99.0000
650.5000,315.5000,81.0000,99.0000
650.0000,316.0000,81.0000,99.0000
650.5000,316.5000,81.0000,99.0000
650.0000,316.0000,81.0000,99.0000
649.5000,316.5000,81.0000,99.0000
649.0000,317.0000,81.0000,99.0000
649.5000,316.5000,81.0000,99.0000
649.0000,317.0000,81.0000,99.0000
648.5000,317.5000,81.0000,99.0000
649.0000,317.0000,81.0000,99.0000
649.5000,317.5000,81.0000,99.0000
649.0000,317.0000,81.0000,99.0000
649.5000,317.5000,81.0000,99.0000
650.0000,318.0000,81.0000,99.0000
650.5000,317.5000,81.0000,99.0000
651.0000,318.0000,81.0000,99.0000
651.5000,318.5000,81.0000,99.0000
652.0000,318.0000,81.0000,99.0000
652.5000,318.5000,81.0000,99.0000
653.0000,319.0000,81.0000,99.0000
653.5000,318.5000,81.0000,99.0000
654.0000,319.0000,81.0000,99.0000
654.5000,318.5000,81.0000,99.0000
655.0000,319.0000,81.0000,99.0000
655.5000,319.5000,81.0000,99.0000
656.0000,320.0000,81.0000,99.0000
656.5000,319.5000,81.0000,99.0000
657.0000,320.0000,81.0000,99.0000
657.5000,320.5000,81.0000,99.0000
658.0000,321.0000,81.0000,99.0000
659.5000,320.5000,81.0000,99.0000
660.0000,321.0000,81.0000,99.0000
660.5000,321.5000,81.0000,99.0000
662.0000,321.0000,81.0000,99.0000
662.5000,321.5000,81.0000,99.0000
663.0000,322.0000,81.0000,99.0000
663.5000,321.5000,81.0000,99.0000
664.0000,322.0000,81.0000,99.0000
665.5000,322.5000,81.0000,99.0000
666.0000,323.0000,81.0000,99.0000
666.5000,322.5000,81.0000,99.0000
668.0000,323.0000,81.0000,99.0000
668.5000,323.5000,81.0000,99.0000
669.0000,324.0000,81.0000,99.0000
670.5000,323.5000,81.0000,99.0000
671.0000,324.0000,81.0000,99.0000
671.5000,324.5000,81.0000,99.0000
673.0000,325.0000,81.0000,99.0000
673.5000,324.5000,81.0000,99.0000
674.0000,325.0000,81.0000,99.0000
674.5000,325.5000,81.0000,99.0000
676.0000,326.0000,81.0000,99.0000
676.5000,325.5000,81.0000,99.0000
677.0000,326.0000,81.0000,99.0000
677.5000,326.5000,81.0000,99.0000
679.0000,327.0000,81.0000,99.0000
679.5000,326.5000,81.0000,99.0000
680.0000,327.0000,81.0000,99.0000
680.5000,327.5000,81.0000,99.0000
681.0000,328.0000,81.0000,99.0000
681.5000,327.5000,81.0000,99.0000
682.0000,328.0000,81.0000,99.0000
681.5000,328.5000,81.0000,99.0000
682.0000,329.0000,81.0000,99.0000
681.5000,328.5000,81.0000,99.0000
681.0000,329.0000,81.0000,99.0000
680.5000,329.5000,81.0000,99.0000
680.0000,330.0000,81.0000,99.0000
679.5000,329.5000,81.0000,99.0000
679.0000,330.0000,81.0000,99.0000
678.5000,330.5000,81.0000,99.0000
678.0000,331.0000,81.0000,99.0000
677.5000,330.5000,81.0000,99.0000
677.0000,331.0000,81.0000,99.0000
676.5000,331.5000,81.0000,99.0000
676.0000,332.0000,81.0000,99.0000
675.5000,331.5000,81.0000,99.0000
675.0000,332.0000,81.0000,99.0000
674.5000,331.5000,81.0000,99.0000
674.0000,332.0000,81.0000,99.0000
673.5000,332.5000,81.0000,99.0000
674.0000,332.0000,81.0000,99.0000
673.5000,332.5000,81.0000,99.0000
673.0000,332.0000,81.0000,99.0000
673.5000,332.5000,81.0000,99.0000
673.0000,333.0000,81.0000,99.0000
673.5000,333.5000,81.0000,99.0000
673.0000,333.0000,81.0000,99.0000
672.5000,333.5000,81.0000,99.0000
673.0000,333.0000,81.0000,99.0000
672.5000,333.5000,81.0000,99.0000
673.0000,333.0000,81.0000,99.0000
672.5000,333.5000,81.0000,99.0000
673.0000,334.0000,81.0000,99.0000
672.5000,333.5000,81.0000,99.0000
673.0000,334.0000,81.0000,99.0000
673.5000,333.5000,81.0000,99.0000
673.0000,334.0000,81.0000,99.0000
673.5000,334.5000,81.0000,99.0000
673.0000,334.0000,81.0000,99.0000
673.5000,334.5000,81.0000,99.0000
673.0000,334.0000,81.0000,99.0000
673.5000,334.5000,81.0000,99.0000
2
0
0
0
0
0
2
0
0
0
0
0
2
0
0
0
0
0
2
0
0
0
0
0
2
0
0
0
0
0
2
0
0
0
0
