1
707.5000,58.0000,31.0000,108.0000
707.5000,58.0000,31.0000,108.0000
707.5000,58.0000,31.0000,108.0000
707.5000,58.0000,31.0000,108.0000
711.5000,58.0000,31.0000,108.0000
711.5000,58.0000,31.0000,108.0000
711.5000,54.0000,31.0000,108.0000
711.5000,54.0000,31.0000,108.0000
711.5000,54.0000,31.0000,108.0000
711.5000,54.0000,31.0000,108.0000
711.5000,54.0000,31.0000,108.0000
711.5000,50.0000,31.0000,108.0000
711.5000,50.0000,31.0000,108.0000
715.5000,46.0000,31.0000,108.0000
715.5000,46.0000,31.0000,108.0000
715.5000,46.0000,31.0000,108.0000
715.5000,42.0000,31.0000,108.0000
715.5000,42.0000,31.0000,108.0000
715.5000,42.0000,31.0000,108.0000
715.5000,42.0000,31.0000,108.0000
719.5000,38.0000,31.0000,108.0000
719.5000,38.0000,31.0000,108.0000
719.5000,38.0000,31.0000,108.0000
719.5000,34.0000,31.0000,108.0000
719.5000,34.0000,31.0000,108.0000
719.5000,34.0000,31.0000,108.0000
719.5000,34.0000,31.0000,108.0000
719.5000,34.0000,31.0000,108.0000
719.5000,34.0000,31.0000,108.0000
719.5000,30.0000,31.0000,108.0000
719.5000,30.0000,31.0000,108.0000
719.5000,30.0000,31.0000,108.0000
719.5000,30.0000,31.0000,108.0000
719.5000,26.0000,31.0000,108.0000
719.5000,26.0000,31.0000,108.0000
719.5000,22.0000,31.0000,108.0000
719.5000,22.0000,31.0000,108.0000
719.5000,18.0000,31.0000,108.0000
719.5000,18.0000,31.0000,108.0000
719.5000,18.0000,31.0000,108.0000
719.5000,18.0000,31.0000,108.0000
723.5000,18.0000,31.0000,108.0000
723.5000,22.0000,31.0000,108.0000
723.5000,22.0000,31.0000,108.0000
723.5000,22.0000,31.0000,108.0000
723.5000,18.0000,31.0000,108.0000
727.5000,18.0000,31.0000,108.0000
727.5000,14.0000,31.0000,108.0000
727.5000,14.0000,31.0000,108.0000
727.5000,14.0000,31.0000,108.0000
727.5000,14.0000,31.0000,108.0000
731.5000,14.0000,31.0000,108.0000
731.5000,14.0000,31.0000,108.0000
731.5000,18.0000,31.0000,108.0000
731.5000,22.0000,31.0000,108.0000
731.5000,22.0000,31.0000,108.0000
731.5000,22.0000,31.0000,108.0000
731.5000,22.0000,31.0000,108.0000
731.5000,18.0000,31.0000,108.0000
731.5000,18.0000,31.0000,108.0000
727.5000,18.0000,31.0000,108.0000
723.5000,18.0000,31.0000,108.0000
719.5000,18.0000,31.0000,108.0000
715.5000,18.0000,31.0000,108.0000
711.5000,22.0000,31.0000,108.0000
707.5000,22.0000,31.0000,108.0000
703.5000,26.0000,31.0000,108.0000
695.5000,30.0000,31.0000,108.0000
691.5000,30.0000,31.0000,108.0000
687.5000,30.0000,31.0000,108.0000
679.5000,30.0000,31.0000,108.0000
675.5000,26.0000,31.0000,108.0000
667.5000,26.0000,31.0000,108.0000
663.5000,26.0000,31.0000,108.0000
655.5000,26.0000,31.0000,108.0000
651.5000,30.0000,31.0000,108.0000
643.5000,30.0000,31.0000,108.0000
635.5000,34.0000,31.0000,108.0000
631.5000,38.0000,31.0000,108.0000
623.5000,42.0000,31.0000,108.0000
619.5000,42.0000,31.0000,108.0000
611.5000,42.0000,31.0000,108.0000
607.5000,42.0000,31.0000,108.0000
603.5000,46.0000,31.0000,108.0000
599.5000,46.0000,31.0000,108.0000
599.5000,46.0000,31.0000,108.0000
595.5000,46.0000,31.0000,108.0000
595.5000,46.0000,31.0000,108.0000
595.5000,50.0000,31.0000,108.0000
595.5000,54.0000,31.0000,108.0000
595.5000,54.0000,31.0000,108.0000
595.5000,58.0000,31.0000,108.0000
595.5000,58.0000,31.0000,108.0000
595.5000,58.0000,31.0000,108.0000
595.5000,58.0000,31.0000,108.0000
595.5000,58.0000,31.0000,108.0000
595.5000,58.0000,31.0000,108.0000
595.5000,58.0000,31.0000,108.0000
595.5000,58.0000,31.0000,108.0000
595.5000,58.0000,31.0000,108.0000
595.5000,62.0000,31.0000,108.0000
595.5000,66.0000,31.0000,108.0000
595.5000,66.0000,31.0000,108.0000
595.5000,70.0000,31.0000,108.0000
595.5000,70.0000,31.0000,108.0000
595.5000,70.0000,31.0000,108.0000
595.5000,70.0000,31.0000,108.0000
595.5000,66.0000,31.0000,108.0000
595.5000,66.0000,31.0000,108.0000
595.5000,66.0000,31.0000,108.0000
595.5000,66.0000,31.0000,108.0000
595.5000,70.0000,31.0000,108.0000
595.5000,70.0000,31.0000,108.0000
595.5000,74.0000,31.0000,108.0000
595.5000,74.0000,31.0000,108.0000
599.5000,78.0000,31.0000,108.0000
599.5000,78.0000,31.0000,108.0000
599.5000,74.0000,31.0000,108.0000
599.5000,74.0000,31.0000,108.0000
599.5000,70.0000,31.0000,108.0000
599.5000,70.0000,31.0000,108.0000
599.5000,70.0000,31.0000,108.0000
599.5000,70.0000,31.0000,108.0000
599.5000,70.0000,31.0000,108.0000
599.5000,74.0000,31.0000,108.0000
599.5000,74.0000,31.0000,108.0000
599.5000,78.0000,31.0000,108.0000
599.5000,78.0000,31.0000,108.0000
599.5000,74.0000,31.0000,108.0000
599.5000,74.0000,31.0000,108.0000
599.5000,70.0000,31.0000,108.0000
599.5000,70.0000,31.0000,108.0000
599.5000,70.0000,31.0000,108.0000
599.5000,66.0000,31.0000,108.0000
599.5000,66.0000,31.0000,108.0000
599.5000,70.0000,31.0000,108.0000
599.5000,70.0000,31.0000,108.0000
595.5000,74.0000,31.0000,108.0000
595.5000,74.0000,31.0000,108.0000
595.5000,70.0000,31.0000,108.0000
595.5000,70.0000,31.0000,108.0000
595.5000,66.0000,31.0000,108.0000
595.5000,62.0000,31.0000,108.0000
595.5000,62.0000,31.0000,108.0000
595.5000,62.0000,31.0000,108.0000
595.5000,62.0000,31.0000,108.0000
591.5000,62.0000,31.0000,108.0000
591.5000,62.0000,31.0000,108.0000
591.5000,66.0000,31.0000,108.0000
591.5000,66.0000,31.0000,108.0000
587.5000,62.0000,31.0000,108.0000
587.5000,58.0000,31.0000,108.0000
587.5000,58.0000,31.0000,108.0000
587.5000,54.0000,31.0000,108.0000
587.5000,54.0000,31.0000,108.0000
587.5000,54.0000,31.0000,108.0000
583.5000,54.0000,31.0000,108.0000
583.5000,54.0000,31.0000,108.0000
583.5000,54.0000,31.0000,108.0000
583.5000,58.0000,31.0000,108.0000
583.5000,58.0000,31.0000,108.0000
579.5000,54.0000,31.0000,108.0000
579.5000,50.0000,31.0000,108.0000
579.5000,46.0000,31.0000,108.0000
575.5000,46.0000,31.0000,108.0000
575.5000,42.0000,31.0000,108.0000
575.5000,42.0000,31.0000,108.0000
571.5000,46.0000,31.0000,108.0000
571.5000,46.0000,31.0000,108.0000
567.5000,46.0000,31.0000,108.0000
567.5000,46.0000,31.0000,108.0000
563.5000,42.0000,31.0000,108.0000
563.5000,42.0000,31.0000,108.0000
559.5000,38.0000,31.0000,108.0000
559.5000,34.0000,31.0000,108.0000
555.5000,34.0000,31.0000,108.0000
555.5000,34.0000,31.0000,108.0000
551.5000,34.0000,31.0000,108.0000
551.5000,34.0000,31.0000,108.0000
551.5000,34.0000,31.0000,108.0000
547.5000,38.0000,31.0000,108.0000
547.5000,38.0000,31.0000,108.0000
543.5000,34.0000,31.0000,108.0000
543.5000,34.0000,31.0000,108.0000
539.5000,30.0000,31.0000,108.0000
535.5000,30.0000,31.0000,108.0000
531.5000,26.0000,31.0000,108.0000
531.5000,26.0000,31.0000,108.0000
527.5000,26.0000,31.0000,108.0000
523.5000,30.0000,31.0000,108.0000
523.5000,30.0000,31.0000,108.0000
519.5000,34.0000,31.0000,108.0000
515.5000,34.0000,31.0000,108.0000
511.5000,34.0000,31.0000,108.0000
507.5000,30.0000,31.0000,108.0000
503.5000,30.0000,31.0000,108.0000
503.5000,30.0000,31.0000,108.0000
499.5000,30.0000,31.0000,108.0000
495.5000,30.0000,31.0000,108.0000
491.5000,30.0000,31.0000,108.0000
487.5000,34.0000,31.0000,108.0000
483.5000,38.0000,31.0000,108.0000
483.5000,38.0000,31.0000,108.0000
479.5000,42.0000,31.0000,108.0000
475.5000,38.0000,31.0000,108.0000
471.5000,38.0000,31.0000,108.0000
467.5000,38.0000,31.0000,108.0000
467.5000,34.0000,31.0000,108.0000
467.5000,34.0000,31.0000,108.0000
467.5000,34.0000,31.0000,108.0000
471.5000,34.0000,31.0000,108.0000
479.5000,38.0000,31.0000,108.0000
487.5000,38.0000,31.0000,108.0000
495.5000,38.0000,31.0000,108.0000
507.5000,38.0000,31.0000,108.0000
519.5000,38.0000,31.0000,108.0000
531.5000,34.0000,31.0000,108.0000
543.5000,34.0000,31.0000,108.0000
559.5000,34.0000,31.0000,108.0000
575.5000,30.0000,31.0000,108.0000
591.5000,30.0000,31.0000,108.0000
607.5000,30.0000,31.0000,108.0000
627.5000,34.0000,31.0000,108.0000
647.5000,38.0000,31.0000,108.0000
667.5000,42.0000,31.0000,108.0000
667.5000,46.0000,31.0000,108.0000
2
0
0
0
0
0
2
0
0
0
0
0
2
0
0
0
0
0
2
0
0
0
0
0
2
0
0
0
0
0
2
0
0
0
0
0
2
0
0
0
0
0
2
0
0
0
0
0
2
0
0
0
0
0
683.5000,74.0000,31.0000,108.0000
679.5000,74.0000,31.0000,108.0000
675.5000,74.0000,31.0000,108.0000
671.5000,78.0000,31.0000,108.0000
667.5000,78.0000,31.0000,108.0000
663.5000,82.0000,31.0000,108.0000
655.5000,86.0000,31.0000,108.0000
651.5000,90.0000,31.0000,108.0000
647.5000,94.0000,31.0000,108.0000
643.5000,94.0000,31.0000,108.0000
639.5000,94.0000,31.0000,108.0000
631.5000,98.0000,31.0000,108.0000
623.5000,98.0000,31.0000,108.0000
619.5000,102.0000,31.0000,108.0000
615.5000,102.0000,31.0000,108.0000
611.5000,106.0000,31.0000,108.0000
611.5000,110.0000,31.0000,108.0000
611.5000,114.0000,31.0000,108.0000
607.5000,118.0000,31.0000,108.0000
607.5000,118.0000,31.0000,108.0000
603.5000,122.0000,31.0000,108.0000
599.5000,126.0000,31.0000,108.0000
599.5000,130.0000,31.0000,108.0000
599.5000,138.0000,31.0000,108.0000
599.5000,146.0000,31.0000,108.0000
595.5000,150.0000,31.0000,108.0000
599.5000,154.0000,31.0000,108.0000
599.5000,158.0000,31.0000,108.0000
599.5000,162.0000,31.0000,108.0000
599.5000,166.0000,31.0000,108.0000
603.5000,174.0000,31.0000,108.0000
607.5000,178.0000,31.0000,108.0000
607.5000,186.0000,31.0000,108.0000
611.5000,190.0000,31.0000,108.0000
615.5000,198.0000,31.0000,108.0000
619.5000,202.0000,31.0000,108.0000
623.5000,210.0000,31.0000,108.0000
619.5000,230.0000,31.0000,108.0000
619.5000,238.0000,31.0000,108.0000
619.5000,238.0000,31.0000,108.0000
619.5000,238.0000,31.0000,108.0000
2
0
0
0
0
0
2
0
0
0
0
0
2
0
0
0
0
0
2
0
0
0
0
0
2
0
0
0
0
0
2
0
0
0
0
0
2
0
0
0
0
0
2
0
0
0
0
0
2
0
0
0
0
0
2
0
0
0
0
0
2
0
0
0
0
0
2
0
0
0
0
0
2
0
0
0
0
0
2
0
0
0
0
0
2
0
0
0
0
0
627.5000,266.0000,31.0000,108.0000
623.5000,270.0000,31.0000,108.0000
619.5000,270.0000,31.0000,108.0000
615.5000,270.0000,31.0000,108.0000
611.5000,266.0000,31.0000,108.0000
607.5000,266.0000,31.0000,108.0000
603.5000,266.0000,31.0000,108.0000
599.5000,266.0000,31.0000,108.0000
595.5000,266.0000,31.0000,108.0000
587.5000,266.0000,31.0000,108.0000
583.5000,270.0000,31.0000,108.0000
579.5000,274.0000,31.0000,108.0000
575.5000,274.0000,31.0000,108.0000
571.5000,278.0000,31.0000,108.0000
563.5000,282.0000,31.0000,108.0000
559.5000,282.0000,31.0000,108.0000
551.5000,282.0000,31.0000,108.0000
547.5000,282.0000,31.0000,108.0000
543.5000,282.0000,31.0000,108.0000
539.5000,282.0000,31.0000,108.0000
535.5000,286.0000,31.0000,108.0000
531.5000,290.0000,31.0000,108.0000
527.5000,290.0000,31.0000,108.0000
523.5000,294.0000,31.0000,108.0000
519.5000,298.0000,31.0000,108.0000
515.5000,298.0000,31.0000,108.0000
507.5000,298.0000,31.0000,108.0000
503.5000,298.0000,31.0000,108.0000
499.5000,298.0000,31.0000,108.0000
495.5000,298.0000,31.0000,108.0000
491.5000,298.0000,31.0000,108.0000
487.5000,302.0000,31.0000,108.0000
483.5000,306.0000,31.0000,108.0000
475.5000,306.0000,31.0000,108.0000
471.5000,310.0000,31.0000,108.0000
467.5000,310.0000,31.0000,108.0000
467.5000,310.0000,31.0000,108.0000
471.5000,306.0000,31.0000,108.0000
475.5000,306.0000,31.0000,108.0000
479.5000,302.0000,31.0000,108.0000
483.5000,302.0000,31.0000,108.0000
491.5000,298.0000,31.0000,108.0000
495.5000,298.0000,31.0000,108.0000
503.5000,298.0000,31.0000,108.0000
511.5000,298.0000,31.0000,108.0000
515.5000,294.0000,31.0000,108.0000
519.5000,290.0000,31.0000,108.0000
527.5000,286.0000,31.0000,108.0000
531.5000,286.0000,31.0000,108.0000
535.5000,286.0000,31.0000,108.0000
539.5000,282.0000,31.0000,108.0000
543.5000,282.0000,31.0000,108.0000
547.5000,282.0000,31.0000,108.0000
547.5000,278.0000,31.0000,108.0000
551.5000,274.0000,31.0000,108.0000
551.5000,270.0000,31.0000,108.0000
551.5000,266.0000,31.0000,108.0000
551.5000,266.0000,31.0000,108.0000
551.5000,262.0000,31.0000,108.0000
547.5000,258.0000,31.0000,108.0000
547.5000,258.0000,31.0000,108.0000
543.5000,254.0000,31.0000,108.0000
539.5000,246.0000,31.0000,108.0000
531.5000,242.0000,31.0000,108.0000
527.5000,238.0000,31.0000,108.0000
523.5000,234.0000,31.0000,108.0000
515.5000,234.0000,31.0000,108.0000
511.5000,230.0000,31.0000,108.0000
503.5000,230.0000,31.0000,108.0000
499.5000,226.0000,31.0000,108.0000
491.5000,222.0000,31.0000,108.0000
487.5000,218.0000,31.0000,108.0000
479.5000,214.0000,31.0000,108.0000
475.5000,210.0000,31.0000,108.0000
471.5000,210.0000,31.0000,108.0000
467.5000,206.0000,31.0000,108.0000
463.5000,202.0000,31.0000,108.0000
459.5000,198.0000,31.0000,108.0000
459.5000,194.0000,31.0000,108.0000
459.5000,190.0000,31.0000,108.0000
459.5000,182.0000,31.0000,108.0000
463.5000,178.0000,31.0000,108.0000
467.5000,174.0000,31.0000,108.0000
471.5000,174.0000,31.0000,108.0000
475.5000,170.0000,31.0000,108.0000
483.5000,166.0000,31.0000,108.0000
491.5000,162.0000,31.0000,108.0000
499.5000,158.0000,31.0000,108.0000
507.5000,154.0000,31.0000,108.0000
519.5000,150.0000,31.0000,108.0000
531.5000,146.0000,31.0000,108.0000
543.5000,142.0000,31.0000,108.0000
555.5000,138.0000,31.0000,108.0000
567.5000,134.0000,31.0000,108.0000
579.5000,130.0000,31.0000,108.0000
595.5000,126.0000,31.0000,108.0000
607.5000,122.0000,31.0000,108.0000
623.5000,118.0000,31.0000,108.0000
635.5000,114.0000,31.0000,108.0000
647.5000,110.0000,31.0000,108.0000
659.5000,110.0000,31.0000,108.0000
671.5000,110.0000,31.0000,108.0000
683.5000,110.0000,31.0000,108.0000
691.5000,106.0000,31.0000,108.0000
695.5000,102.0000,31.0000,108.0000
703.5000,98.0000,31.0000,108.0000
711.5000,98.0000,31.0000,108.0000
715.5000,94.0000,31.0000,108.0000
719.5000,94.0000,31.0000,108.0000
719.5000,90.0000,31.0000,108.0000
723.5000,90.0000,31.0000,108.0000
723.5000,86.0000,31.0000,108.0000
723.5000,82.0000,31.0000,108.0000
723.5000,78.0000,31.0000,108.0000
723.5000,74.0000,31.0000,108.0000
719.5000,70.0000,31.0000,108.0000
719.5000,70.0000,31.0000,108.0000
715.5000,66.0000,31.0000,108.0000
711.5000,66.0000,31.0000,108.0000
707.5000,66.0000,31.0000,108.0000
707.5000,66.0000,31.0000,108.0000
703.5000,62.0000,31.0000,108.0000
699.5000,62.0000,31.0000,108.0000
695.5000,58.0000,31.0000,108.0000
691.5000,54.0000,31.0000,108.0000
687.5000,54.0000,31.0000,108.0000
687.5000,50.0000,31.0000,108.0000
683.5000,50.0000,31.0000,108.0000
683.5000,50.0000,31.0000,108.0000
679.5000,50.0000,31.0000,108.0000
679.5000,50.0000,31.0000,108.0000
675.5000,50.0000,31.0000,108.0000
675.5000,50.0000,31.0000,108.0000
671.5000,46.0000,31.0000,108.0000
667.5000,42.0000,31.0000,108.0000
667.5000,42.0000,31.0000,108.0000
663.5000,42.0000,31.0000,108.0000
663.5000,42.0000,31.0000,108.0000
659.5000,42.0000,31.0000,108.0000
655.5000,42.0000,31.0000,108.0000
655.5000,42.0000,31.0000,108.0000
651.5000,42.0000,31.0000,108.0000
651.5000,42.0000,31.0000,108.0000
647.5000,42.0000,31.0000,108.0000
643.5000,42.0000,31.0000,108.0000
643.5000,42.0000,31.0000,108.0000
639.5000,38.0000,31.0000,108.0000
639.5000,42.0000,31.0000,108.0000
635.5000,42.0000,31.0000,108.0000
635.5000,42.0000,31.0000,108.0000
631.5000,46.0000,31.0000,108.0000
631.5000,46.0000,31.0000,108.0000
627.5000,46.0000,31.0000,108.0000
627.5000,46.0000,31.0000,108.0000
627.5000,46.0000,31.0000,108.0000
631.5000,46.0000,31.0000,108.0000
635.5000,46.0000,31.0000,108.0000
643.5000,46.0000,31.0000,108.0000
651.5000,50.0000,31.0000,108.0000
663.5000,54.0000,31.0000,108.0000
671.5000,54.0000,31.0000,108.0000
683.5000,58.0000,31.0000,108.0000
695.5000,58.0000,31.0000,108.0000
707.5000,62.0000,31.0000,108.0000
719.5000,62.0000,31.0000,108.0000
735.5000,62.0000,31.0000,108.0000
747.5000,66.0000,31.0000,108.0000
759.5000,66.0000,31.0000,108.0000
771.5000,70.0000,31.0000,108.0000
783.5000,74.0000,31.0000,108.0000
791.5000,78.0000,31.0000,108.0000
799.5000,82.0000,31.0000,108.0000
807.5000,86.0000,31.0000,108.0000
815.5000,86.0000,31.0000,108.0000
823.5000,86.0000,31.0000,108.0000
827.5000,86.0000,31.0000,108.0000
831.5000,90.0000,31.0000,108.0000
835.5000,90.0000,31.0000,108.0000
839.5000,90.0000,31.0000,108.0000
839.5000,94.0000,31.0000,108.0000
839.5000,98.0000,31.0000,108.0000
839.5000,98.0000,31.0000,108.0000
839.5000,102.0000,31.0000,108.0000
835.5000,102.0000,31.0000,108.0000
831.5000,102.0000,31.0000,108.0000
827.5000,102.0000,31.0000,108.0000
827.5000,102.0000,31.0000,108.0000
823.5000,102.0000,31.0000,108.0000
819.5000,102.0000,31.0000,108.0000
819.5000,106.0000,31.0000,108.0000
815.5000,106.0000,31.0000,108.0000
815.5000,110.0000,31.0000,108.0000
811.5000,114.0000,31.0000,108.0000
807.5000,114.0000,31.0000,108.0000
803.5000,118.0000,31.0000,108.0000
803.5000,118.0000,31.0000,108.0000
799.5000,118.0000,31.0000,108.0000
795.5000,118.0000,31.0000,108.0000
791.5000,118.0000,31.0000,108.0000
791.5000,118.0000,31.0000,108.0000
787.5000,118.0000,31.0000,108.0000
783.5000,118.0000,31.0000,108.0000
779.5000,122.0000,31.0000,108.0000
775.5000,126.0000,31.0000,108.0000
771.5000,126.0000,31.0000,108.0000
767.5000,126.0000,31.0000,108.0000
763.5000,126.0000,31.0000,108.0000
759.5000,126.0000,31.0000,108.0000
755.5000,126.0000,31.0000,108.0000
751.5000,126.0000,31.0000,108.0000
747.5000,126.0000,31.0000,108.0000
743.5000,126.0000,31.0000,108.0000
739.5000,126.0000,31.0000,108.0000
735.5000,130.0000,31.0000,108.0000
731.5000,130.0000,31.0000,108.0000
727.5000,134.0000,31.0000,108.0000
723.5000,138.0000,31.0000,108.0000
715.5000,138.0000,31.0000,108.0000
711.5000,138.0000,31.0000,108.0000
707.5000,138.0000,31.0000,108.0000
703.5000,138.0000,31.0000,108.0000
699.5000,138.0000,31.0000,108.0000
695.5000,138.0000,31.0000,108.0000
687.5000,138.0000,31.0000,108.0000
683.5000,142.0000,31.0000,108.0000
679.5000,142.0000,31.0000,108.0000
675.5000,146.0000,31.0000,108.0000
667.5000,146.0000,31.0000,108.0000
663.5000,150.0000,31.0000,108.0000
655.5000,150.0000,31.0000,108.0000
651.5000,154.0000,31.0000,108.0000
647.5000,154.0000,31.0000,108.0000
647.5000,158.0000,31.0000,108.0000
647.5000,162.0000,31.0000,108.0000
651.5000,166.0000,31.0000,108.0000
655.5000,170.0000,31.0000,108.0000
659.5000,174.0000,31.0000,108.0000
663.5000,178.0000,31.0000,108.0000
671.5000,178.0000,31.0000,108.0000
675.5000,182.0000,31.0000,108.0000
679.5000,186.0000,31.0000,108.0000
683.5000,190.0000,31.0000,108.0000
687.5000,194.0000,31.0000,108.0000
695.5000,194.0000,31.0000,108.0000
699.5000,198.0000,31.0000,108.0000
707.5000,202.0000,31.0000,108.0000
711.5000,206.0000,31.0000,108.0000
715.5000,210.0000,31.0000,108.0000
723.5000,214.0000,31.0000,108.0000
727.5000,222.0000,31.0000,108.0000
731.5000,226.0000,31.0000,108.0000
735.5000,230.0000,31.0000,108.0000
739.5000,242.0000,31.0000,108.0000
743.5000,238.0000,31.0000,108.0000
739.5000,238.0000,31.0000,108.0000
743.5000,246.0000,31.0000,108.0000
751.5000,258.0000,31.0000,108.0000
759.5000,266.0000,31.0000,108.0000
763.5000,274.0000,31.0000,108.0000
771.5000,282.0000,31.0000,108.0000
767.5000,298.0000,31.0000,108.0000
771.5000,306.0000,31.0000,108.0000
2
0
0
0
0
0
2
0
0
0
0
0
2
0
0
0
0
0
2
0
0
0
0
0
2
0
0
0
0
0
2
0
0
0
0
0
2
0
0
0
0
0
2
0
0
0
0
0
2
0
0
0
0
0
2
0
0
0
0
0
2
0
0
0
0
0
2
0
0
0
0
0
2
0
0
0
0
0
2
0
0
0
0
0
2
0
0
0
0
0
2
0
0
0
0
0
2
0
0
0
0
0
2
0
0
0
0
0
2
0
0
0
0
0
2
0
0
0
0
0
2
0
0
0
0
0
2
0
0
0
0
0
2
0
0
0
0
0
2
0
0
0
0
0
2
0
0
0
0
0
2
0
0
0
0
0
2
0
0
0
0
0
2
0
0
0
0
0
2
0
0
0
0
0
2
0
0
0
0
0
2
0
0
0
0
0
2
0
0
0
0
0
2
0
0
0
0
0
2
0
0
0
0
0
2
0
0
0
0
0
2
0
0
0
0
0
2
0
0
0
0
0
2
0
0
0
0
0
2
0
0
0
0
0
2
0
0
0
0
0
2
0
0
0
0
0
2
0
0
0
0
0
2
0
0
0
0
0
2
0
0
0
0
0
2
0
0
0
0
0
2
0
0
0
0
0
2
0
0
0
0
0
2
0
0
0
0
0
2
0
0
0
0
0
2
0
0
0
0
0
2
0
0
0
0
0
2
0
0
0
0
0
2
0
0
0
0
0
2
0
0
0
0
0
2
0
0
0
0
0
2
0
0
0
0
0
2
0
0
0
0
0
2
0
0
0
0
0
2
0
0
0
0
0
2
0
0
0
0
0
2
0
0
0
0
0
2
0
0
0
0
0
2
0
0
0
0
0
2
0
0
0
0
0
2
0
0
0
0
0
2
0
0
0
0
0
2
0
0
0
0
0
2
0
0
0
0
0
2
0
0
0
0
0
2
0
0
0
0
0
2
0
0
0
0
0
2
0
0
0
0
0
2
0
0
0
0
0
2
0
0
0
0
0
2
0
0
0
0
0
2
0
0
0
0
0
2
0
0
0
0
0
2
0
0
0
0
0
2
0
0
0
0
0
2
0
0
0
0
0
2
0
0
0
0
0
2
0
0
0
0
0
2
0
0
0
0
0
2
0
0
0
0
0
2
0
0
0
0
0
2
0
0
0
0
0
2
0
0
0
0
0
2
0
0
0
0
0
2
0
0
0
0
0
2
0
0
0
0
0
2
0
0
0
0
0
2
0
0
0
0
0
2
0
0
0
0
0
2
0
0
0
0
0
2
0
0
0
0
0
2
0
0
0
0
