1
951.8392,324.7070,28.3217,51.5859
953.9020,328.8216,28.1959,51.3568
954.8690,332.7614,28.2620,51.4773
956.8739,336.7704,28.2522,51.4593
959.9510,340.9107,28.0980,51.1786
962.1197,344.2180,27.7606,50.5639
965.1451,346.2642,27.7099,50.4716
966.2857,349.5204,27.4286,49.9593
969.3758,351.6845,27.2484,49.6310
972.4281,354.7798,27.1438,49.4404
974.4836,356.8809,27.0327,49.2381
976.5733,358.0442,26.8534,48.9116
979.6591,360.2005,26.6818,48.5989
981.7248,362.3202,26.5504,48.3596
984.8301,364.5121,26.3397,47.9758
986.8979,366.6355,26.2042,47.7291
988.9629,367.7538,26.0742,47.4924
991.0313,368.8785,25.9374,47.2431
994.0938,369.9922,25.8125,47.0156
997.1359,371.0690,25.7281,46.8620
999.1709,373.1327,25.6583,46.7347
1002.2012,374.1880,25.5975,46.6240
1004.2509,376.2783,25.4983,46.4434
1006.2870,377.3443,25.4259,46.3114
1009.2920,378.3533,25.4160,46.2934
1012.2439,379.2657,25.5121,46.4686
1015.1981,381.1822,25.6038,46.6356
1017.1245,382.0482,25.7510,46.9036
1019.0634,383.9369,25.8732,47.1262
1022.1007,386.0049,25.7985,46.9902
1024.1284,387.0553,25.7432,46.8894
1026.0912,387.9874,25.8177,47.0252
1029.1100,389.0217,25.7801,46.9567
1031.1730,391.1366,25.6540,46.7269
1034.2010,392.1876,25.5979,46.6248
1037.2589,393.2929,25.4823,46.4141
1039.2766,394.3253,25.4468,46.3495
1041.2605,395.2960,25.4790,46.4081
1043.2617,396.2981,25.4766,46.4038
1045.3115,397.3888,25.3770,46.2224
1046.3112,397.3881,25.3778,46.2238
1046.3147,398.3947,25.3705,46.2106
1045.3562,399.4703,25.2875,46.0594
1045.4209,400.5880,25.1582,45.8239
1042.4674,400.6728,25.0651,45.6544
1041.5198,401.7681,24.9606,45.4639
1039.5302,401.7870,24.9398,45.4260
1037.5714,402.8621,24.8573,45.2757
1035.5844,402.8858,24.8313,45.2284
1032.6541,404.0128,24.6919,44.9745
1030.6663,404.0350,24.6675,44.9300
1027.6638,405.0306,24.6723,44.9388
1024.6754,406.0517,24.6492,44.8967
1021.6418,405.9903,24.7165,45.0193
1018.6769,407.0543,24.6463,44.8914
1015.6562,408.0167,24.6875,44.9665
1010.6711,408.0438,24.6578,44.9124
1008.6930,409.0837,24.6140,44.8327
1005.6799,409.0598,24.6402,44.8804
1002.7144,410.1226,24.5713,44.7549
999.6694,410.0406,24.6613,44.9187
996.6301,409.9692,24.7397,45.0616
993.6097,409.9320,24.7806,45.1360
990.5804,409.8787,24.8391,45.2426
985.5851,409.8873,24.8297,45.2255
982.5557,408.8335,24.8887,45.3329
977.5048,407.7408,24.9905,45.5185
974.4609,405.6610,25.0781,45.6779
970.3918,403.5351,25.2163,45.9298
965.2690,400.3114,25.4620,46.3773
962.2734,396.3194,25.4532,46.3611
958.2429,393.2638,25.5142,46.4724
955.2588,389.2928,25.4824,46.4144
951.1930,385.1729,25.6141,46.6542
946.2655,381.3051,25.4690,46.3899
943.2833,379.3375,25.4333,46.3250
938.2832,376.3373,25.4336,46.3255
935.3232,375.4102,25.3535,46.1795
931.3197,373.4037,25.3606,46.1926
926.1407,370.0777,25.7186,46.8447
922.1261,370.0511,25.7478,46.8979
918.0756,368.9591,25.8488,47.0817
913.1116,369.0247,25.7768,46.9506
910.0504,368.9131,25.8993,47.1737
905.0704,367.9497,25.8591,47.1006
901.1171,368.0346,25.7659,46.9307
897.1583,368.1097,25.6835,46.7807
893.1547,368.1032,25.6906,46.7936
889.2126,370.2087,25.5747,46.5826
883.2095,371.2031,25.5809,46.5938
879.1902,374.1678,25.6196,46.6643
875.0994,375.0025,25.8012,46.9950
870.2236,375.2288,25.5527,46.5424
866.3038,376.3748,25.3924,46.2505
860.2983,378.3647,25.4034,46.2705
855.2996,380.3671,25.4008,46.2657
851.3300,382.4225,25.3400,46.1550
847.3112,383.3882,25.3776,46.2235
842.2704,387.3139,25.4593,46.3723
836.2547,390.2854,25.4906,46.4293
831.2433,395.2646,25.5134,46.4708
826.2242,399.2297,25.5517,46.5405
821.3066,400.3800,25.3867,46.2400
816.2954,401.3595,25.4092,46.2811
811.2552,401.2863,25.4896,46.4274
807.3040,402.3752,25.3920,46.2497
803.1740,402.1382,25.6521,46.7235
800.1932,399.1733,25.6136,46.6534
796.1515,398.0973,25.6971,46.8054
792.1094,397.0207,25.7812,46.9586
787.0349,398.8849,25.9303,47.2302
783.9474,398.7256,26.1052,47.5487
780.9119,398.6610,26.1761,47.6779
776.9336,397.7005,26.1328,47.5990
771.9978,396.8174,26.0044,47.3651
767.9552,396.7398,26.0896,47.5204
764.9141,395.6649,26.1718,47.6701
761.8641,394.5740,26.2717,47.8520
757.8697,392.5841,26.2606,47.8318
753.8556,391.5584,26.2888,47.8831
750.8939,390.6282,26.2122,47.7436
746.9217,389.6788,26.1566,47.6423
743.9868,389.7974,26.0264,47.4053
740.0236,389.8644,25.9528,47.2712
736.0514,389.9151,25.8972,47.1699
733.1107,389.0231,25.7785,46.9537
729.1253,389.0496,25.7494,46.9008
726.1584,389.1099,25.6832,46.7802
723.1177,387.0359,25.7646,46.9283
719.1963,386.1790,25.6074,46.6420
716.1835,385.1557,25.6330,46.6887
714.1572,384.1078,25.6856,46.7845
712.1834,383.1555,25.6331,46.6889
709.2277,381.2361,25.5447,46.5279
706.2610,380.2968,25.4780,46.4064
704.3416,378.4437,25.3167,46.1126
702.3654,377.4870,25.2692,46.0260
700.3870,376.5262,25.2261,45.9475
699.4310,374.6065,25.1380,45.7870
697.4915,372.7166,25.0171,45.5669
695.5044,371.7401,24.9912,45.5197
693.4969,370.7266,25.0061,45.5469
692.4410,370.6247,25.1180,45.7506
690.4410,370.6247,25.1179,45.7505
689.3766,369.5073,25.2469,45.9854
687.2868,369.3438,25.4264,46.3125
686.2740,369.3205,25.4520,46.3591
685.2726,369.3180,25.4548,46.3641
685.3029,368.3731,25.3942,46.2537
683.2625,367.2995,25.4750,46.4009
683.3152,366.3955,25.3696,46.2090
683.3128,365.3911,25.3744,46.2177
683.3456,365.4510,25.3087,46.0980
684.3212,363.4066,25.3575,46.1869
685.2997,362.3672,25.4007,46.2655
686.1910,359.1693,25.6181,46.6615
688.0829,356.9725,25.8341,47.0550
689.9269,353.6883,26.1462,47.6234
690.8602,351.5668,26.2796,47.8663
694.7612,349.3865,26.4775,48.2270
695.7769,347.4150,26.4463,48.1701
697.8527,346.5531,26.2946,47.8938
699.8555,344.5583,26.2889,47.8834
700.9811,342.7870,26.0379,47.4261
703.1069,341.0163,25.7861,46.9675
705.1213,341.0424,25.7574,46.9152
706.1411,340.0784,25.7179,46.8433
707.1026,339.0084,25.7947,46.9833
708.0466,337.9064,25.9067,47.1872
710.1061,338.0148,25.7877,46.9704
712.0436,336.9008,25.9129,47.1985
714.0391,336.8926,25.9218,47.2148
715.0714,335.9515,25.8571,47.0969
716.1456,335.0867,25.7087,46.8266
719.2740,334.3205,25.4520,46.3590
721.3923,333.5360,25.2154,45.9280
722.4304,331.6054,25.1392,45.7892
724.4181,330.5829,25.1639,45.8342
726.3494,329.4577,25.3013,46.0845
729.2620,328.2987,25.4759,46.4026
731.2589,327.2930,25.4822,46.4140
733.2136,327.2104,25.5728,46.5791
735.1717,326.1341,25.6566,46.7317
737.1580,326.1091,25.6841,46.7818
740.1870,325.1619,25.6261,46.6761
741.2584,325.2921,25.4831,46.4157
744.2584,324.2920,25.4833,46.4160
746.3051,324.3770,25.3899,46.2459
748.3843,323.5214,25.2314,45.9572
750.4160,322.5791,25.1681,45.8418
752.4631,321.6649,25.0738,45.6702
754.4793,321.6945,25.0414,45.6111
755.5411,320.8069,24.9179,45.3862
757.5534,320.8295,24.8931,45.3411
759.5547,319.8317,24.8906,45.3365
761.5469,319.8175,24.9063,45.3650
763.5579,319.8375,24.8843,45.3250
765.5942,319.9038,24.8115,45.1924
767.5989,318.9124,24.8021,45.1753
769.6277,318.9647,24.7447,45.0706
771.6243,318.9585,24.7515,45.0830
772.6896,319.0775,24.6208,44.8450
774.6362,318.9802,24.7276,45.0396
776.6301,317.9691,24.7398,45.0619
779.5729,316.8650,24.8541,45.2700
780.6308,316.9704,24.7384,45.0593
782.6589,316.0217,24.6821,44.9566
784.7046,315.1048,24.5908,44.7904
786.7037,314.1031,24.5927,44.7938
788.7220,313.1366,24.5559,44.7268
789.7827,312.2471,24.4345,44.5057
791.7572,312.2006,24.4856,44.5988
792.7913,311.2628,24.4173,44.4744
794.7744,311.2320,24.4511,44.5360
796.8068,310.2910,24.3864,44.4180
797.8301,310.3334,24.3398,44.3332
799.8615,310.3905,24.2771,44.2190
800.8910,309.4443,24.2180,44.1113
802.8752,308.4155,24.2496,44.1689
804.8765,307.4179,24.2470,44.1642
806.8860,306.4352,24.2281,44.1297
807.9376,305.5292,24.1248,43.9416
808.9696,305.5875,24.0608,43.8250
810.9387,303.5311,24.1227,43.9377
812.9427,303.5385,24.1146,43.9230
814.9552,303.5613,24.0896,43.8774
815.9874,303.6200,24.0251,43.7600
817.9604,302.5708,24.0791,43.8583
818.9920,302.6282,24.0160,43.7435
820.9629,302.5753,24.0742,43.8495
821.9420,302.5372,24.1161,43.9257
823.9294,302.5143,24.1412,43.9714
824.9378,303.5296,24.1243,43.9408
825.9552,304.5612,24.0896,43.8776
827.9465,303.5455,24.1069,43.9090
829.9905,304.6256,24.0189,43.7488
831.0533,304.7400,23.8933,43.5199
833.0542,304.7416,23.8916,43.5168
835.1202,305.8618,23.7596,43.2764
837.0945,305.8149,23.8110,43.3701
839.0698,305.7699,23.8605,43.4601
841.0131,305.6667,23.9738,43.6665
842.9448,305.5424,24.1104,43.9153
844.8721,305.4099,24.2558,44.1802
847.8434,306.3577,24.3131,44.2845
849.7820,306.2459,24.4359,44.5082
851.7408,306.1707,24.5184,44.6585
852.7390,307.1674,24.5221,44.6652
855.7145,307.1228,24.5710,44.7543
857.6838,307.0670,24.6324,44.8661
859.6324,306.9734,24.7351,45.0532
860.5804,306.8785,24.8393,45.2430
861.5339,306.7940,24.9321,45.4120
863.4932,305.7198,25.0135,45.5604
864.4946,305.7223,25.0109,45.5555
865.4937,305.7205,25.0128,45.5589
867.4526,304.6458,25.0948,45.7084
868.4706,303.6786,25.0588,45.6428
868.4702,303.6779,25.0596,45.6442
869.4020,302.5536,25.1961,45.8929
871.3702,301.4958,25.2596,46.0085
872.4165,301.5800,25.1670,45.8399
872.4888,301.7117,25.0224,45.5766
873.4899,300.7138,25.0202,45.5725
874.5203,299.7692,24.9593,45.4616
874.6174,298.9461,24.7651,45.1079
874.6282,297.9657,24.7436,45.0686
874.7017,298.0996,24.5965,44.8008
874.7383,297.1663,24.5233,44.6675
874.7689,295.2219,24.4622,44.5562
874.8760,294.4169,24.2481,44.1662
874.9480,293.5481,24.1040,43.9038
873.9581,293.5666,24.0837,43.8668
872.9830,292.6120,24.0339,43.7760
870.9848,292.6152,24.0304,43.7696
869.9695,292.5874,24.0609,43.8252
867.9536,291.5583,24.0928,43.8833
866.9710,291.5901,24.0580,43.8198
865.9721,290.5921,24.0558,43.8158
864.9915,289.6274,24.0170,43.7453
864.0073,288.6561,23.9854,43.6878
863.0017,287.6460,23.9966,43.7081
862.0222,286.6833,23.9556,43.6335
861.0206,285.6805,23.9587,43.6391
861.0621,284.7560,23.8757,43.4879
860.1095,283.8423,23.7810,43.3153
859.1821,282.9745,23.6359,43.0511
858.3060,283.2002,23.3881,42.5997
856.3887,283.3507,23.2227,42.2985
854.4116,283.3925,23.1769,42.2151
852.4603,283.4812,23.0794,42.0376
850.5067,283.5657,22.9867,41.8687
849.5226,283.5947,22.9548,41.8106
848.5394,283.6253,22.9213,41.7495
845.5557,284.6550,22.8887,41.6901
844.6077,284.7497,22.7847,41.5006
842.6324,284.7948,22.7352,41.4105
841.6976,285.9135,22.6048,41.1730
839.7498,286.0086,22.5003,40.9827
837.7599,285.0270,22.4802,40.9460
836.8332,285.1605,22.3336,40.6791
833.8825,285.2502,22.2350,40.4995
832.9332,285.3425,22.1337,40.3150
830.9392,285.3535,22.1216,40.2929
827.9709,285.4113,22.0581,40.1773
826.9728,284.4148,22.0543,40.1704
824.9990,284.4624,22.0021,40.0752
821.9962,284.4575,22.0075,40.0851
820.9777,284.4236,22.0447,40.1529
818.0027,283.4693,21.9945,40.0615
816.0153,283.4922,21.9694,40.0157
814.0332,283.5248,21.9336,39.9505
812.0024,282.4688,21.9951,40.0624
810.0123,281.4867,21.9754,40.0266
808.0106,281.4836,21.9788,40.0327
806.0050,281.4734,21.9900,40.0531
802.9907,281.4473,22.0187,40.1054
801.0036,280.4708,21.9928,40.0583
799.0309,280.5206,21.9382,39.9589
796.0538,280.5623,21.8924,39.8755
793.0768,279.6042,21.8463,39.7915
791.1021,279.6503,21.7958,39.6994
789.1066,279.6584,21.7869,39.6833
786.0766,278.6039,21.8468,39.7923
783.0297,278.5183,21.9406,39.9633
780.9959,277.4568,22.0082,40.0863
777.9298,277.3365,22.1404,40.3271
776.9421,276.3588,22.1159,40.2825
773.8996,275.2814,22.2008,40.4372
770.8770,275.2401,22.2461,40.5197
768.8011,274.1021,22.3977,40.7958
765.8085,274.1155,22.3829,40.7689
762.8568,274.2035,22.2863,40.5930
760.8842,273.2533,22.2317,40.4934
756.8994,274.2810,22.2012,40.4380
754.9402,274.3553,22.1196,40.2893
751.9822,274.4320,22.0355,40.1360
749.0507,274.5566,21.8987,39.8868
747.1321,274.7049,21.7358,39.5903
744.1830,274.7977,21.6339,39.4045
741.2188,274.8628,21.5624,39.2744
739.2830,274.9798,21.4339,39.0404
737.3157,275.0393,21.3686,38.9214
734.3489,274.0998,21.3022,38.8004
731.3687,274.1357,21.2627,38.7285
729.3967,273.1868,21.2067,38.6264
727.4382,273.2624,21.1237,38.4752
725.4942,273.3645,21.0116,38.2711
723.5009,273.3765,20.9983,38.2470
720.5001,273.3753,20.9997,38.2495
718.4836,273.3451,21.0328,38.3097
716.4731,273.3260,21.0537,38.3479
714.4893,273.3555,21.0214,38.2889
712.4862,273.3499,21.0276,38.3003
709.4680,273.3168,21.0639,38.3664
707.4830,272.3441,21.0339,38.3118
705.4866,272.3507,21.0267,38.2987
703.5007,272.3762,20.9987,38.2476
701.4973,272.3701,21.0054,38.2598
698.4849,272.3475,21.0302,38.3051
696.5223,272.4156,20.9554,38.1687
694.5458,271.4584,20.9084,38.0832
692.5771,271.5154,20.8459,37.9692
690.6099,271.5752,20.7802,37.8497
687.6373,271.6250,20.7255,37.7500
685.6569,270.6608,20.6862,37.6785
683.6846,270.7111,20.6309,37.5777
680.6930,270.7266,20.6140,37.5469
678.7097,270.7570,20.5805,37.4860
675.6896,270.7203,20.6209,37.5594
673.7219,270.7792,20.5562,37.4416
671.7590,270.8468,20.4819,37.3063
669.7977,270.9172,20.4046,37.1656
667.8281,269.9726,20.3438,37.0548
664.8083,269.9365,20.3834,37.1269
662.8676,270.0446,20.2648,36.9109
660.9332,270.1639,20.1337,36.6721
658.9822,270.2533,20.0356,36.4935
658.0404,270.3593,19.9191,36.2813
656.0454,270.3684,19.9092,36.2632
655.0786,270.4287,19.8430,36.1425
654.0945,269.4579,19.8110,36.0843
653.1151,269.4952,19.7699,36.0095
652.0988,269.4656,19.8025,36.0688
650.0698,269.4129,19.8603,36.1741
649.0771,269.4262,19.8457,36.1475
648.0829,269.4367,19.8342,36.1265
647.0828,269.4366,19.8343,36.1268
646.0908,269.4510,19.8185,36.0980
644.1047,268.4765,19.7905,36.0470
643.1285,268.5197,19.7430,35.9605
642.1696,268.5947,19.6607,35.8106
641.1770,268.6081,19.6460,35.7839
640.1660,268.5879,19.6681,35.8241
638.2062,268.6613,19.5876,35.6774
637.2200,267.6864,19.5601,35.6273
636.2019,267.6534,19.5962,35.6932
635.1830,267.6190,19.6341,35.7620
635.1627,267.5820,19.6747,35.8360
633.1524,266.5633,19.6952,35.8734
632.1664,266.5888,19.6672,35.8225
632.2046,266.6584,19.5908,35.6833
631.2571,266.7539,19.4859,35.4921
630.2872,266.8089,19.4255,35.3822
630.3112,266.8524,19.3777,35.2951
629.3524,266.9275,19.2953,35.1450
629.3849,265.9867,19.2303,35.0266
629.3663,265.9529,19.2675,35.0943
628.3704,265.9603,19.2592,35.0793
628.3522,265.9272,19.2956,35.1455
627.3228,265.8736,19.3545,35.2528
627.3094,265.8492,19.3812,35.3015
627.3038,266.8391,19.3924,35.3218
627.3126,265.8551,19.3748,35.2898
627.3235,265.8749,19.3531,35.2502
627.3726,266.9644,19.2548,35.0713
626.3772,266.9727,19.2456,35.0546
626.3770,266.9723,19.2461,35.0554
626.4075,267.0280,19.1849,34.9440
626.4813,267.1623,19.0375,34.6754
625.5457,267.2796,18.9087,34.4408
624.5531,266.2931,18.8938,34.4137
624.5394,266.2682,18.9212,34.4637
624.5500,266.2876,18.8999,34.4248
624.5579,266.3018,18.8843,34.3964
623.6001,266.3787,18.7999,34.2426
623.6323,266.4374,18.7354,34.1252
623.6601,266.4880,18.6798,34.0239
622.7021,265.5646,18.5958,33.8709
622.7729,265.6936,18.4541,33.6128
621.7939,265.7319,18.4121,33.5362
621.7955,264.7347,18.4089,33.5305
620.8234,264.7856,18.3531,33.4289
620.8548,263.8427,18.2904,33.3146
619.8668,263.8645,18.2665,33.2711
618.8650,262.8612,18.2701,33.2776
618.8762,262.8817,18.2476,33.2366
618.9010,262.9269,18.1979,33.1463
617.9578,263.0303,18.0844,32.9394
616.9899,263.0887,18.0203,32.8226
617.0081,262.1218,17.9839,32.7564
616.0443,262.1879,17.9114,32.6243
615.0750,262.2437,17.8501,32.5127
615.0830,261.2584,17.8339,32.4832
614.1107,261.3088,17.7785,32.3823
613.1192,261.3243,17.7616,32.3514
613.1080,261.3039,17.7839,32.3922
613.0797,261.2523,17.8406,32.4954
612.0583,261.2133,17.8834,32.5734
611.0509,261.1999,17.8981,32.6002
611.0425,261.1845,17.9151,32.6310
610.0289,260.1597,17.9422,32.6805
610.0427,260.1849,17.9146,32.6302
609.0603,260.2170,17.8794,32.5660
609.0572,260.2113,17.8856,32.5773
608.0616,260.2193,17.8769,32.5614
608.0709,260.2362,17.8582,32.5275
608.0647,259.2249,17.8706,32.5501
607.0988,259.2871,17.8024,32.4259
607.1310,259.3457,17.7380,32.3085
606.1853,259.4447,17.6294,32.1106
606.2178,259.5039,17.5643,31.9922
605.2472,259.5574,17.5056,31.8852
605.3041,258.6610,17.3918,31.6779
605.3417,258.7296,17.3165,31.5408
605.3817,258.8023,17.2367,31.3955
605.4063,258.8472,17.1874,31.3056
605.4330,258.8958,17.1340,31.2084
605.4744,258.9713,17.0511,31.0574
606.4680,257.9596,17.0640,31.0808
606.4720,257.9669,17.0559,31.0661
606.4697,256.9627,17.0605,31.0745
606.4817,256.9845,17.0366,31.0310
606.4902,257.0000,17.0196,31.0000
607.4952,256.0091,17.0096,30.9818
607.5269,256.0668,16.9462,30.8664
607.5431,256.0964,16.9138,30.8072
607.5659,256.1379,16.8682,30.7242
607.5526,255.1137,16.8948,30.7726
608.5768,255.1577,16.8465,30.6846
608.5586,255.1246,16.8828,30.7508
609.5531,255.1146,16.8938,30.7709
609.5429,255.0960,16.9142,30.8080
610.5654,255.1369,16.8693,30.7262
611.6201,254.2365,16.7599,30.5270
611.6781,254.3423,16.6438,30.3155
611.7305,253.4377,16.5390,30.1246
612.7004,253.3829,16.5992,30.2343
613.6677,253.3233,16.6646,30.3533
613.6656,253.3196,16.6687,30.3609
614.6432,253.2788,16.7135,30.4424
615.6159,253.2289,16.7682,30.5421
616.5987,253.1976,16.8026,30.6047
617.5428,253.0959,16.9143,30.8081
618.4818,252.9846,17.0365,31.0307
619.4700,252.9633,17.0599,31.0734
620.4366,252.9024,17.1267,31.1951
621.3835,251.8057,17.2329,31.3886
621.4178,251.8681,17.1644,31.2637
623.3539,250.7518,17.2922,31.4964
623.3897,250.8170,17.2206,31.3660
624.3643,250.7706,17.2715,31.4588
625.3363,250.7197,17.3274,31.5606
625.3392,249.7249,17.3217,31.5502
627.3350,249.7172,17.3301,31.5655
627.3828,249.8045,17.2343,31.3911
628.4343,249.8981,17.1315,31.2038
629.4890,249.9978,17.0220,31.0044
630.5414,250.0932,16.9173,30.8136
630.6058,251.2105,16.7885,30.5790
631.6204,251.2372,16.7591,30.5255
632.6498,251.2908,16.7003,30.4184
632.6981,251.3787,16.6038,30.2425
633.6992,252.3808,16.6015,30.2385
634.7139,252.4074,16.5722,30.1852
635.7329,253.4421,16.5341,30.1157
636.7990,254.5624,16.4021,29.8752
636.8588,254.6713,16.2825,29.6573
637.8846,255.7184,16.2308,29.5633
638.9289,256.7990,16.1423,29.4020
639.9661,256.8668,16.0679,29.2665
640.9761,257.8850,16.0478,29.2299
641.0178,258.9610,15.9643,29.0779
642.0244,258.9730,15.9512,29.0540
643.0380,259.9977,15.9241,29.0046
643.0524,261.0241,15.8951,28.9519
644.0289,260.9811,15.9423,29.0378
645.0510,262.0214,15.8981,28.9573
645.0986,263.1083,15.8027,28.7835
647.0763,264.0676,15.8474,28.8649
647.1210,264.1489,15.7580,28.7022
648.1265,265.1590,15.7470,28.6821
648.1641,265.2275,15.6717,28.5449
649.1640,266.2272,15.6721,28.5455
650.1680,267.2345,15.6641,28.5310
651.1672,267.2332,15.6656,28.5337
651.1817,268.2595,15.6367,28.4810
652.1599,269.2199,15.6801,28.5603
653.1547,269.2103,15.6906,28.5794
653.1951,270.2840,15.6098,28.4321
654.2071,271.3058,15.5858,28.3884
654.2163,272.3226,15.5674,28.3548
655.2015,272.2955,15.5971,28.4090
655.2315,273.3502,15.5370,28.2996
657.2285,273.3447,15.5430,28.3105
657.2639,274.4092,15.4722,28.1816
657.2838,274.4455,15.4324,28.1090
658.2772,274.4334,15.4456,28.1331
659.2965,275.4686,15.4070,28.0628
659.3229,276.5167,15.3542,27.9666
660.3016,276.4780,15.3967,28.0440
660.3018,277.4782,15.3964,28.0435
660.3109,277.4949,15.3782,28.0102
661.3015,278.4777,15.3970,28.0446
662.3060,279.4860,15.3879,28.0280
662.2943,279.4646,15.4114,28.0708
663.2811,279.4406,15.4378,28.1189
663.2920,280.4604,15.4160,28.0792
663.3087,280.4909,15.3825,28.0181
664.3027,281.4799,15.3946,28.0401
664.3154,282.5031,15.3692,27.9938
665.2961,282.4680,15.4077,28.0639
665.3102,283.4935,15.3797,28.0129
665.3341,283.5371,15.3318,27.9258
665.3605,284.5852,15.2790,27.8295
666.3804,285.6215,15.2391,27.7570
666.3895,285.6380,15.2210,27.7240
666.4168,286.6877,15.1664,27.6245
667.4407,286.7312,15.1187,27.5376
667.4788,287.8006,15.0424,27.3987
667.4844,287.8108,15.0313,27.3784
668.4465,288.7419,15.1070,27.5163
668.4737,289.7913,15.0527,27.4174
668.4382,289.7267,15.1237,27.5467
669.4193,290.6923,15.1614,27.6153
669.3698,291.6021,15.2604,27.7958
669.3160,292.5043,15.3679,27.9915
670.2882,292.4536,15.4235,28.0929
670.2901,292.4570,15.4198,28.0861
671.2697,293.4198,15.4606,28.1604
671.3154,294.5031,15.3691,27.9937
671.3136,294.4998,15.3728,28.0004
672.3176,295.5070,15.3649,27.9860
672.3612,295.5865,15.2776,27.8270
672.3690,296.6006,15.2620,27.7987
673.4304,297.7125,15.1392,27.5750
673.5020,298.8428,14.9961,27.3144
673.5223,298.8800,14.9553,27.2400
673.5289,299.8920,14.9421,27.2160
673.5144,299.8655,14.9712,27.2689
673.4860,300.8138,15.0280,27.3725
674.4441,300.7375,15.1118,27.5251
674.4433,300.7361,15.1134,27.5279
674.4487,301.7458,15.1027,27.5085
675.4081,301.6718,15.1839,27.6564
675.4421,302.7338,15.1158,27.5323
675.4371,302.7247,15.1259,27.5507
675.4402,302.7303,15.1196,27.5393
675.4658,302.7771,15.0683,27.4459
676.4771,302.7975,15.0459,27.4051
676.5142,302.8651,14.9716,27.2698
676.5454,303.9220,14.9092,27.1560
676.5347,303.9026,14.9305,27.1949
676.5387,303.9098,14.9226,27.1804
676.5188,303.8735,14.9624,27.2530
676.5267,303.8879,14.9466,27.2241
676.5338,304.9008,14.9325,27.1985
677.5173,304.8708,14.9654,27.2583
677.5657,304.9589,14.8687,27.0823
677.5771,305.9798,14.8458,27.0405
678.5497,305.9299,14.9005,27.1401
678.5792,305.9836,14.8416,27.0329
678.6174,306.0531,14.7652,26.8937
678.6418,306.0975,14.7164,26.8049
679.5588,305.9465,14.8823,27.1070
679.5357,305.9044,14.9285,27.1913
680.5302,305.8942,14.9397,27.2117
680.5400,305.9121,14.9200,27.1758
681.5127,306.8624,14.9747,27.2753
681.5251,306.8850,14.9498,27.2300
681.5305,306.8948,14.9390,27.2104
681.5272,307.8889,14.9455,27.2222
682.4912,307.8233,15.0176,27.3535
682.5293,307.8927,14.9414,27.2146
682.5688,308.9647,14.8623,27.0706
682.5275,308.8893,14.9450,27.2213
682.5201,309.8759,14.9598,27.2482
682.4804,309.8036,15.0391,27.3927
682.4155,309.6855,15.1689,27.6291
682.3765,310.6143,15.2471,27.7715
682.3115,310.4960,15.3769,28.0080
683.2407,310.3670,15.5186,28.2660
683.2482,311.3807,15.5036,28.2386
683.2180,311.3256,15.5640,28.3488
683.2021,312.2966,15.5958,28.4067
683.2140,312.3183,15.5721,28.3634
683.2073,313.3062,15.5853,28.3876
683.1922,313.2786,15.6156,28.4428
683.2299,314.3472,15.5403,28.3056
682.2487,314.3816,15.5025,28.2368
682.2424,315.3700,15.5153,28.2599
682.2518,315.3872,15.4964,28.2255
682.2279,315.3437,15.5442,28.3127
682.2629,316.4073,15.4743,28.1853
681.2542,316.3915,15.4917,28.2170
680.2422,317.3698,15.5156,28.2605
680.2295,317.3465,15.5411,28.3069
680.2219,317.3328,15.5562,28.3345
680.2219,318.3327,15.5562,28.3346
679.1506,318.2030,15.6987,28.5940
679.1030,319.1162,15.7940,28.7676
679.0438,319.0084,15.9124,28.9832
679.0337,319.9899,15.9326,29.0201
680.0569,320.0322,15.8862,28.9356
680.0994,321.1096,15.8012,28.7808
680.1199,322.1469,15.7602,28.7061
680.1166,322.1409,15.7668,28.7181
681.1190,322.1454,15.7619,28.7092
681.1368,322.1778,15.7263,28.6443
682.0957,323.1029,15.8086,28.7942
682.0782,323.0710,15.8435,28.8579
683.0832,323.0801,15.8336,28.8398
684.0896,324.0918,15.8208,28.8164
685.0670,324.0505,15.8661,28.8990
686.0621,324.0418,15.8757,28.9164
686.0380,324.9978,15.9239,29.0043
687.0133,324.9528,15.9734,29.0944
689.0004,325.9294,15.9991,29.1412
689.9138,325.7716,16.1723,29.4568
691.8813,325.7124,16.2373,29.5751
692.8307,326.6201,16.3387,29.7597
694.7487,326.4707,16.5027,30.0585
695.6732,326.3332,16.6537,30.3335
696.6044,327.2080,16.7912,30.5840
698.4807,327.9826,17.0387,31.0347
698.4176,327.8678,17.1648,31.2644
699.3378,328.7223,17.3245,31.5554
700.2465,328.5562,17.5069,31.8876
701.0908,328.2726,17.8184,32.4549
701.9966,328.1009,18.0068,32.7982
701.9609,328.0360,18.0781,32.9281
701.8999,327.9248,18.2002,33.1504
701.8508,327.8354,18.2984,33.3292
701.8543,327.8418,18.2914,33.3164
701.9069,327.9375,18.1863,33.1251
701.0644,329.2244,17.8712,32.5512
701.9679,329.0487,18.0642,32.9026
701.9113,328.9456,18.1774,33.1089
701.8529,328.8392,18.2942,33.3216
701.8003,328.7434,18.3994,33.5133
701.7708,328.6896,18.4585,33.6208
702.7406,328.6347,18.5188,33.7306
702.7572,328.6649,18.4856,33.6701
702.7721,328.6921,18.4558,33.6158
702.7493,328.6505,18.5014,33.6990
702.7249,328.6060,18.5503,33.7880
701.6851,328.5335,18.6299,33.9329
701.6603,328.4885,18.6793,34.0231
701.6609,328.4895,18.6782,34.0210
701.6882,328.5391,18.6237,33.9218
700.7612,329.6722,18.4776,33.6556
699.7997,329.7423,18.4006,33.5153
700.8039,330.7499,18.3922,33.5001
699.7831,330.7121,18.4337,33.5757
698.7876,331.7202,18.4248,33.5595
698.7408,331.6351,18.5184,33.7299
698.6827,331.5291,18.6347,33.9417
697.6415,331.4542,18.7170,34.0916
697.6315,331.4359,18.7370,34.1282
697.6049,331.3874,18.7903,34.2251
696.5618,331.3089,18.8765,34.3822
696.5032,331.2023,18.9936,34.5955
695.5099,332.2144,18.9802,34.5712
695.3949,332.0050,19.2102,34.9900
694.3476,331.9189,19.3048,35.1623
694.2822,332.7996,19.4357,35.4008
694.1823,332.6178,19.6354,35.7645
693.1639,332.5843,19.6721,35.8314
693.1705,333.5963,19.6590,35.8075
692.1219,333.5078,19.7562,35.9844
692.0984,333.4649,19.8033,36.0702
691.1031,333.4735,19.7938,36.0530
691.0930,333.4551,19.8140,36.0898
690.1211,334.5063,19.7578,35.9874
690.1057,334.4781,19.7888,36.0438
689.0881,335.4462,19.8238,36.1077
688.0807,335.4328,19.8385,36.1344
688.0923,336.4539,19.8153,36.0921
687.1079,336.4823,19.7841,36.0354
687.1561,337.5699,19.6879,35.8601
686.1584,337.5742,19.6833,35.8517
686.1638,337.5840,19.6724,35.8319
686.1754,338.6051,19.6493,35.7899
685.1508,338.5604,19.6984,35.8792
684.1743,339.6032,19.6513,35.7935
684.1283,339.5194,19.7434,35.9613
683.1247,340.5128,19.7506,35.9743
682.1387,341.5384,19.7226,35.9233
682.1512,342.5612,19.6975,35.8776
681.1445,343.5490,19.7109,35.9020
680.1525,343.5635,19.6950,35.8731
679.1857,343.6240,19.6286,35.7520
678.1987,343.6477,19.6025,35.7046
677.2031,344.6556,19.5938,35.6888
677.1617,344.5804,19.6765,35.8393
676.1583,345.5741,19.6834,35.8518
675.1184,345.5014,19.7632,35.9972
674.0797,346.4309,19.8405,36.1381
673.0255,346.3321,19.9491,36.3358
673.0114,347.3065,19.9772,36.3871
671.0012,347.2879,19.9975,36.4241
669.9927,347.2725,20.0145,36.4550
670.0604,348.3957,19.8792,36.2086
670.0510,348.3785,19.8981,36.2429
670.0647,349.4036,19.8706,36.1928
669.9887,349.2652,20.0226,36.4697
670.9443,350.1843,20.1114,36.6315
670.9273,351.1533,20.1454,36.6934
670.8693,351.0476,20.2615,36.9048
671.8413,351.9967,20.3174,37.0066
671.8894,353.0843,20.2212,36.8314
671.9059,353.1143,20.1882,36.7714
672.9517,354.1978,20.0965,36.6044
672.9720,354.2348,20.0559,36.5303
673.9652,354.2223,20.0696,36.5553
673.9470,354.1891,20.1061,36.6218
674.9249,353.1490,20.1501,36.7020
675.9168,353.1342,20.1664,36.7316
676.9312,353.1605,20.1375,36.6791
677.9210,353.1418,20.1580,36.7164
678.8658,353.0414,20.2683,36.9173
680.8414,351.9968,20.3173,37.0064
681.8828,352.0723,20.2343,36.8554
682.8803,351.0677,20.2394,36.8646
684.9096,351.1211,20.1808,36.7579
686.9438,351.1833,20.1125,36.6334
688.9329,351.1634,20.1343,36.6732
690.9186,352.1374,20.1629,36.7252
693.9006,352.1048,20.1987,36.7905
696.9221,352.1439,20.1557,36.7122
699.9280,352.1545,20.1441,36.6910
701.9500,352.1945,20.1001,36.6110
704.9706,352.2321,20.0589,36.5358
707.0270,352.3349,19.9459,36.3301
710.0449,352.3674,19.9103,36.2653
713.0712,353.4153,19.8577,36.1694
715.1099,353.4859,19.7802,36.0282
717.1258,354.5148,19.7485,35.9704
719.1231,355.5099,19.7538,35.9801
722.0911,356.4516,19.8179,36.0969
726.0809,357.4330,19.8382,36.1339
730.1060,358.4787,19.7881,36.0426
735.1665,359.5889,19.6670,35.8221
742.2122,360.6721,19.5757,35.6558
749.2213,362.6888,19.5573,35.6223
755.2298,363.7043,19.5404,35.5915
761.2205,365.6872,19.5591,35.6255
766.2317,366.7077,19.5367,35.5847
771.2029,368.6553,19.5942,35.6894
779.2496,370.7404,19.5007,35.5191
784.2463,372.7344,19.5074,35.5313
789.2239,374.6935,19.5523,35.6131
794.1665,377.5889,19.6670,35.8221
799.1375,379.5360,19.7252,35.9280
806.0720,382.4168,19.8561,36.1664
811.0436,385.3651,19.9128,36.2698
816.0659,388.4058,19.8681,36.1883
821.0298,392.3399,19.9405,36.3201
825.0732,395.4189,19.8537,36.1621
832.0128,399.3090,19.9745,36.3821
836.9946,402.2758,20.0109,36.4484
840.9285,406.1554,20.1431,36.6892
845.9044,409.1115,20.1912,36.7769
850.8161,413.9508,20.3678,37.0985
855.8038,419.9283,20.3925,37.1435
858.7036,423.7458,20.5928,37.5084
861.5320,428.4333,20.9359,38.1333
860.4999,432.3748,21.0002,38.2504
857.5528,437.4711,20.8944,38.0577
853.5040,443.3823,20.9920,38.2355
848.4987,448.3727,21.0025,38.2546
844.4613,454.3045,21.0774,38.3910
839.3535,458.1082,21.2930,38.7837
834.2333,461.8893,21.5333,39.2213
828.2030,467.8341,21.5940,39.3318
825.1062,469.6577,21.7876,39.6845
820.0833,472.6161,21.8333,39.7678
815.0524,475.5598,21.8951,39.8804
809.9780,478.4243,22.0439,40.1514
802.9473,483.3682,22.1055,40.2635
797.9752,489.4191,22.0496,40.1618
793.0104,489.4832,21.9793,40.0337
787.0471,490.5500,21.9059,39.8999
782.0465,490.5490,21.9070,39.9021
777.0824,490.6143,21.8353,39.7714
773.1031,490.6522,21.7937,39.6957
768.0983,489.6433,21.8034,39.7134
761.1156,488.6749,21.7688,39.6503
751.0722,482.5958,21.8556,39.8084
746.1119,480.6681,21.7763,39.6639
742.0422,479.5413,21.9155,39.9175
736.0022,478.4683,21.9956,40.0634
728.9918,479.4493,22.0164,40.1014
728.0116,480.4854,21.9768,40.0291
726.0200,478.5006,21.9601,39.9988
722.1086,475.6621,21.7828,39.6758
718.9395,477.3540,22.1210,40.2919
717.9191,475.3168,22.1619,40.3663
712.8646,475.2176,22.2709,40.5648
709.9146,470.3087,22.1709,40.3826
716.0004,476.4651,21.9991,40.0699
707.0327,479.5238,21.9346,39.9524
708.0156,468.4926,21.9689,40.0147
706.9229,469.3239,22.1541,40.3521
703.8499,470.1909,22.3002,40.6182
699.8253,472.1461,22.3494,40.7077
696.7455,475.0007,22.5091,40.9987
692.6935,477.9060,22.6130,41.1880
690.6226,479.7770,22.7547,41.4461
685.5723,480.6853,22.8554,41.6294
675.4493,486.4612,23.1014,42.0775
668.3967,491.3654,23.2066,42.2691
665.4081,494.3862,23.1838,42.2276
659.4980,498.5499,23.0041,41.9002
652.4880,503.5318,23.0239,41.9365
647.4786,505.5147,23.0427,41.9706
643.4478,507.4584,23.1045,42.0833
639.4640,507.4879,23.0721,42.0241
637.5140,507.5792,22.9719,41.8417
632.4571,505.4754,23.0858,42.0492
628.4265,505.4198,23.1469,42.1605
624.3603,505.2991,23.2794,42.4018
621.3423,504.2665,23.3153,42.4671
618.3864,502.3467,23.2271,42.3066
614.3532,501.2862,23.2936,42.4276
611.3401,499.2623,23.3199,42.4754
607.3193,498.2245,23.3614,42.5511
603.2671,496.1294,23.4658,42.7412
598.1949,494.9980,23.6101,43.0041
591.2891,493.1694,23.4219,42.6612
586.3353,491.2535,23.3294,42.4929
581.3144,489.2155,23.3712,42.5690
577.3372,488.2570,23.3256,42.4860
573.3865,486.3468,23.2270,42.3063
569.4468,484.4568,23.1063,42.0865
566.4915,482.5381,23.0170,41.9239
563.4778,480.5131,23.0444,41.9738
560.4214,478.4105,23.1572,42.1791
559.4164,477.4013,23.1672,42.1973
556.4559,474.4733,23.0881,42.0533
554.4191,473.4062,23.1618,42.1875
553.4996,471.5528,23.0008,41.8943
552.5569,468.6572,22.8862,41.6855
551.5930,466.7230,22.8140,41.5541
550.6754,462.8730,22.6492,41.2539
550.7536,460.0155,22.4928,40.9690
551.7912,457.0840,22.4176,40.8321
552.8427,454.1778,22.3145,40.6443
553.8964,451.2757,22.2071,40.4487
557.0231,447.5063,21.9539,39.9874
559.0765,444.6035,21.8471,39.7929
561.1331,441.7066,21.7339,39.5868
564.1829,438.7974,21.6342,39.4052
567.1808,435.7936,21.6384,39.4128
572.1994,431.8274,21.6013,39.3451
576.1948,428.8190,21.6105,39.3620
580.1568,425.7499,21.6864,39.5002
584.0776,422.6057,21.8448,39.7887
588.9700,420.4096,22.0600,40.1807
598.9329,416.3421,22.1342,40.3158
606.9320,413.3405,22.1360,40.3191
614.9158,411.3109,22.1685,40.3783
622.9877,409.4418,22.0247,40.1164
630.0569,406.5679,21.8862,39.8642
638.9558,403.3838,22.0884,40.2325
645.9721,401.4135,22.0558,40.1731
652.0350,400.5281,21.9299,39.9438
655.0391,399.5356,21.9217,39.9288
659.0551,398.5645,21.8899,39.8709
661.0134,396.4887,21.9732,40.0226
662.0195,395.4998,21.9610,40.0005
662.9918,393.4493,22.0165,40.1014
663.9853,392.4375,22.0294,40.1251
663.9791,390.4263,22.0417,40.1474
664.9705,388.4106,22.0589,40.1788
663.9815,386.4306,22.0370,40.1388
664.9196,385.3177,22.1609,40.3646
664.9904,384.4467,22.0193,40.1065
664.9825,383.4325,22.0349,40.1350
666.0178,380.4966,21.9645,40.0067
667.0197,379.5000,21.9608,39.9999
668.0334,377.5251,21.9332,39.9497
668.9704,375.4104,22.0592,40.1793
669.9301,374.3369,22.1398,40.3261
670.9631,371.3970,22.0739,40.2060
671.9265,369.3303,22.1471,40.3394
672.8889,368.2620,22.2222,40.4761
674.8571,366.2040,22.2858,40.5919
675.9100,365.3004,22.1799,40.3992
677.9056,362.2924,22.1887,40.4152
678.9201,362.3188,22.1597,40.3624
680.9388,361.3527,22.1225,40.2945
681.9414,358.3576,22.1172,40.2848
682.9787,356.4254,22.0427,40.1491
685.8719,354.2310,22.2561,40.5379
688.8231,352.1420,22.3539,40.7160
691.7516,350.0119,22.4967,40.9761
695.5915,347.7202,22.8170,41.5596
698.5301,345.6083,22.9399,41.7833
701.5012,343.5558,22.9976,41.8884
704.4753,341.5087,23.0493,41.9827
706.5134,339.5779,22.9732,41.8441
706.6024,338.7401,22.7952,41.5198
707.6225,336.7767,22.7550,41.4467
707.6325,335.7950,22.7349,41.4101
707.6170,332.7667,22.7660,41.4666
707.6396,330.8078,22.7209,41.3844
706.6925,328.9042,22.6150,41.1916
705.6945,326.9079,22.6109,41.1842
703.6739,323.8703,22.6523,41.2595
702.6407,321.8099,22.7185,41.3802
701.5947,319.7260,22.8107,41.5480
699.6072,317.7489,22.7856,41.5023
698.5844,315.7073,22.8312,41.5855
696.6310,312.7921,22.7380,41.4157
694.6335,310.7967,22.7330,41.4066
693.6579,309.8412,22.6842,41.3176
691.6697,307.8626,22.6607,41.2748
690.6940,305.9070,22.6119,41.1860
687.7158,303.9465,22.5685,41.1070
686.7567,302.0212,22.4866,40.9576
684.8198,301.1361,22.3604,40.7278
683.8563,299.2025,22.2875,40.5951
681.9273,297.3319,22.1454,40.3362
680.0289,295.5168,21.9423,39.9663
679.0408,293.5385,21.9185,39.9230
678.0194,292.4996,21.9612,40.0007
677.0237,291.5074,21.9526,39.9851
676.0435,289.5435,21.9131,39.9131
674.0697,287.5912,21.8606,39.8175
674.0020,286.4679,21.9960,40.0642
672.0276,285.5146,21.9448,39.9708
672.0011,284.4663,21.9978,40.0674
670.0453,282.5469,21.9093,39.9062
669.0405,281.5380,21.9191,39.9241
668.0642,280.5813,21.8715,39.8375
667.0743,278.5997,21.8513,39.8006
666.1014,277.6491,21.7971,39.7018
665.1220,276.6865,21.7560,39.6271
663.1554,274.7473,21.6893,39.5054
663.1115,273.6672,21.7771,39.6655
661.1837,272.7988,21.6327,39.4024
661.1552,271.7469,21.6897,39.5063
660.2098,270.8464,21.5805,39.3073
658.2452,269.9110,21.5095,39.1781
657.2405,268.9023,21.5190,39.1953
656.2056,267.8387,21.5889,39.3226
655.2150,266.8559,21.5700,39.2882
654.2479,265.9157,21.5043,39.1686
653.2772,264.9691,21.4457,39.0619
653.2861,264.9854,21.4278,39.0293
652.3371,264.0783,21.3258,38.8435
652.3210,263.0490,21.3579,38.9020
652.3215,263.0500,21.3569,38.9001
651.3788,262.1544,21.2423,38.6913
651.3198,262.0468,21.3603,38.9063
651.2557,261.9300,21.4887,39.1401
651.2363,260.8948,21.5273,39.2104
651.2040,260.8359,21.5920,39.3283
651.1554,260.7473,21.6892,39.5054
651.1846,259.8006,21.6307,39.3988
651.1971,259.8233,21.6058,39.3535
651.2032,259.8345,21.5935,39.3310
651.2072,258.8416,21.5857,39.3168
651.2264,258.8767,21.5471,39.2466
652.1826,258.7969,21.6348,39.4062
652.2834,257.9806,21.4331,39.0388
652.3325,258.0698,21.3351,38.8604
652.3340,257.0726,21.3320,38.8548
652.3320,257.0690,21.3360,38.8621
653.2857,256.9847,21.4286,39.0306
653.3313,257.0678,21.3374,38.8645
653.3671,257.1330,21.2658,38.7341
653.3512,256.1040,21.2976,38.7920
654.3024,256.0151,21.3952,38.9697
654.3383,256.0804,21.3235,38.8392
654.3688,256.1360,21.2624,38.7280
655.3165,256.0407,21.3670,38.9185
655.3196,256.0465,21.3607,38.9070
656.3067,257.0229,21.3866,38.9542
656.3510,257.1036,21.2980,38.7929
657.3103,258.0295,21.3794,38.9411
657.3389,259.0816,21.3221,38.8367
657.3218,260.0505,21.3563,38.8990
658.2632,260.9438,21.4735,39.1124
658.2545,261.9278,21.4911,39.1445
659.1860,262.8030,21.6280,39.3939
659.2239,263.8721,21.5522,39.2558
660.2138,263.8537,21.5724,39.2925
661.2249,264.8739,21.5502,39.2522
661.2414,264.9040,21.5172,39.1920
662.2171,263.8597,21.5658,39.2806
663.2236,263.8715,21.5528,39.2570
663.3033,263.0167,21.3934,38.9665
664.2669,262.9505,21.4662,39.0991
665.2333,261.8892,21.5335,39.2217
666.2390,261.8996,21.5220,39.2008
667.2346,261.8915,21.5309,39.2169
668.2415,261.9041,21.5171,39.1918
669.2125,261.8514,21.5750,39.2972
670.2370,261.8959,21.5261,39.2082
671.2327,261.8882,21.5345,39.2236
672.2270,262.8777,21.5460,39.2445
672.2609,262.9394,21.4783,39.1212
674.1522,262.7414,21.6957,39.5172
675.1319,262.7045,21.7362,39.5910
676.1111,263.6667,21.7777,39.6666
678.0993,264.6451,21.8014,39.7097
679.1683,264.7708,21.6634,39.4583
680.2027,265.8335,21.5946,39.3329
681.2053,265.8383,21.5893,39.3234
682.1700,266.7740,21.6599,39.4519
683.1546,266.7458,21.6909,39.5083
685.0463,267.5487,21.9073,39.9026
686.0429,268.5424,21.9142,39.9152
686.9872,270.4409,22.0256,40.1181
687.9350,271.3459,22.1300,40.3082
689.8254,272.1463,22.3492,40.7075
690.8212,273.1386,22.3576,40.7228
692.7078,273.9320,22.5844,41.1360
694.6262,274.7834,22.7477,41.4333
695.6325,276.7949,22.7350,41.4102
697.5389,277.6244,22.9223,41.7513
698.5355,278.6182,22.9291,41.7637
701.5220,280.5936,22.9560,41.8127
702.5800,281.6993,22.8400,41.6014
703.5841,282.7067,22.8318,41.5866
705.5857,283.7096,22.8286,41.5807
706.6248,284.7808,22.7505,41.4385
708.6809,286.8831,22.6382,41.2338
709.7242,287.9619,22.5517,41.0763
710.8290,289.1528,22.3420,40.6943
712.8890,290.2621,22.2220,40.4758
713.9515,290.3759,22.0970,40.2481
714.9871,292.4408,22.0258,40.1183
715.9933,293.4521,22.0133,40.0957
717.0410,294.5390,21.9180,39.9221
718.1113,294.6671,21.7773,39.6658
719.1781,295.7887,21.6438,39.4226
720.1871,296.8050,21.6259,39.3900
721.2170,297.8596,21.5660,39.2809
722.3141,298.0363,21.3719,38.9273
722.4033,299.1988,21.1934,38.6023
723.4538,300.2909,21.0924,38.4182
724.4627,301.3070,21.0746,38.3859
725.4822,301.3426,21.0356,38.3148
726.4953,301.3664,21.0094,38.2672
726.5563,302.4776,20.8874,38.0448
727.5537,302.4729,20.8925,38.0543
728.6249,303.6026,20.7501,37.7948
728.6523,303.6523,20.6955,37.6954
729.7082,303.7542,20.5836,37.4916
729.7210,303.7775,20.5580,37.4450
730.7244,303.7838,20.5512,37.4325
731.7343,303.8017,20.5314,37.3965
731.7603,303.8492,20.4794,37.3017
732.7484,303.8274,20.5032,37.3452
732.7806,303.8860,20.4389,37.2279
733.8057,303.9319,20.3885,37.1362
733.8847,304.0758,20.2305,36.8485
734.9111,304.1237,20.1779,36.7526
734.9643,304.2207,20.0714,36.5586
735.0278,304.3363,19.9445,36.3274
736.0329,304.3456,19.9342,36.3087
736.0861,304.4425,19.8279,36.1151
736.1237,304.5110,19.7527,35.9781
737.0986,304.4653,19.8028,36.0695
738.0649,305.4038,19.8703,36.1923
739.0620,305.3986,19.8761,36.2029
739.9796,305.2484,20.0409,36.5032
740.8977,306.0994,20.2046,36.8013
742.7351,305.8032,20.5298,37.3936
743.7021,306.7431,20.5959,37.5139
745.5424,306.4522,20.9153,38.0956
747.3691,306.1365,21.2619,38.7270
749.2426,306.9062,21.5148,39.1876
751.1448,306.7281,21.7104,39.5439
753.0900,306.6282,21.8200,39.7436
754.9802,306.4283,22.0395,40.1434
757.8825,306.2503,22.2349,40.4993
759.8973,307.2773,22.2053,40.4454
761.8451,307.1821,22.3099,40.6358
764.7316,307.9753,22.5369,41.0494
766.6731,307.8688,22.6538,41.2623
769.5922,307.7215,22.8156,41.5570
771.6058,308.7462,22.7884,41.5075
774.5286,307.6057,22.9428,41.7887
776.5996,308.7350,22.8008,41.5301
778.5527,308.6496,22.8945,41.7007
781.4716,308.5019,23.0568,41.9963
783.5059,308.5643,22.9882,41.8714
785.4943,308.5432,23.0114,41.9136
787.4874,308.5307,23.0251,41.9386
790.4037,309.3783,23.1925,42.2435
793.3231,310.2314,23.3538,42.5373
795.2980,310.1857,23.4040,42.6286
798.2357,310.0721,23.5287,42.8558
800.2917,311.1742,23.4166,42.6517
802.3040,311.1966,23.3919,42.6068
805.2188,311.0413,23.5625,42.9174
808.1672,311.9474,23.6656,43.1051
810.1620,311.9380,23.6759,43.1241
813.0924,311.8112,23.8152,43.3777
815.1204,311.8621,23.7593,43.2759
819.0461,312.7269,23.9077,43.5461
821.1000,312.8250,23.8000,43.3501
824.0751,312.7796,23.8498,43.4407
826.1776,313.9664,23.6447,43.0672
829.1273,313.8748,23.7454,43.2505
832.0947,314.8153,23.8106,43.3693
835.1169,314.8558,23.7662,43.2885
837.2154,316.0352,23.5692,42.9296
840.2132,316.0312,23.5736,42.9376
842.2466,316.0920,23.5068,42.8160
846.1445,316.9062,23.7109,43.1877
848.2176,317.0392,23.5648,42.9216
851.2391,317.0784,23.5217,42.8431
854.3235,318.2322,23.3528,42.5355
856.3849,318.3439,23.2302,42.3122
860.3347,318.2524,23.3307,42.4953
863.4072,319.3845,23.1856,42.2310
866.4337,319.4327,23.1327,42.1345
869.4570,319.4752,23.0860,42.0496
872.4982,319.5503,23.0036,41.8994
876.3955,320.3632,23.2090,42.2735
879.3621,320.3023,23.2759,42.3953
883.2885,320.1683,23.4231,42.6635
887.3046,321.1976,23.3908,42.6047
890.2988,321.1872,23.4023,42.6256
895.2932,322.1770,23.4135,42.6461
899.2573,322.1114,23.4855,42.7772
903.2504,323.0988,23.4993,42.8023
907.2715,324.1373,23.4570,42.7253
911.2114,324.0279,23.5773,42.9443
917.2352,325.0713,23.5296,42.8574
922.2259,326.0543,23.5483,42.8915
927.1959,325.9997,23.6081,43.0005
932.1664,326.9460,23.6671,43.1079
938.1324,327.8841,23.7351,43.2318
945.1367,327.8918,23.7267,43.2165
950.1290,328.8778,23.7421,43.2445
955.1386,328.8953,23.7228,43.2094
960.1497,329.9155,23.7006,43.1690
966.1202,329.8618,23.7596,43.2764
972.1327,330.8846,23.7346,43.2309
977.1417,331.9009,23.7166,43.1982
982.0912,331.8091,23.8175,43.3818
986.0782,332.7852,23.8436,43.4295
991.0660,332.7631,23.8679,43.4737
997.0178,333.6753,23.9644,43.6494
1001.0115,333.6638,23.9770,43.6724
1005.9594,334.5688,24.0813,43.8624
1010.9307,334.5166,24.1386,43.9668
1013.9660,334.5809,24.0680,43.8382
1017.0402,334.7161,23.9196,43.5678
1019.1229,333.8666,23.7543,43.2668
1020.1942,333.9965,23.6117,43.0070
1021.2888,334.1688,23.4225,42.6624
1022.3734,334.3229,23.2533,42.3543
1023.3846,333.3435,23.2307,42.3130
1024.4088,333.3874,23.1825,42.2252
1024.4399,332.4442,23.1201,42.1116
1024.4904,332.5360,23.0193,41.9280
1025.4921,332.5392,23.0158,41.9217
1025.4525,331.4670,23.0951,42.0660
1025.5122,330.5758,22.9756,41.8484
1026.5388,330.6242,22.9224,41.7516
1026.5790,330.6973,22.8422,41.6054
1026.5920,330.7212,22.8160,41.5576
1026.5292,329.6066,22.9417,41.7867
1027.5160,329.5827,22.9681,41.8347
1027.5062,328.5650,22.9875,41.8701
1027.5039,327.5608,22.9921,41.8785
1028.5138,327.5786,22.9725,41.8428
1029.5201,326.5903,22.9597,41.8195
1029.5994,326.7346,22.8012,41.5307
1030.6027,326.7407,22.7946,41.5187
1030.6349,325.7992,22.7303,41.4017
1031.6459,325.8193,22.7082,41.3613
1033.5746,324.6895,22.8508,41.6211
1034.6180,324.7686,22.7639,41.4628
1035.6306,324.7914,22.7389,41.4172
1036.6255,323.7822,22.7489,41.4356
1038.6365,323.8022,22.7270,41.3956
1039.6172,322.7671,22.7655,41.4658
1040.6135,321.7604,22.7729,41.4793
1041.6475,321.8222,22.7051,41.3557
1043.6288,321.7881,22.7424,41.4237
1044.6475,321.8221,22.7052,41.3559
1047.5298,321.6078,22.9404,41.7843
1048.5265,321.6019,22.9469,41.7962
1050.4926,321.5400,23.0149,41.9200
1051.4662,321.4919,23.0677,42.0161
1052.4430,321.4497,23.1141,42.1006
1054.3918,320.3565,23.2164,42.2870
1055.3934,320.3594,23.2132,42.2812
1056.3710,320.3186,23.2580,42.3628
1057.3448,319.2711,23.3102,42.4579
1059.2986,319.1867,23.4029,42.6266
1060.3181,318.2222,23.3639,42.5556
1061.2877,318.1670,23.4245,42.6661
1062.2556,318.1084,23.4888,42.7832
1063.2539,318.1054,23.4921,42.7892
1065.2311,318.0638,23.5378,42.8724
1066.2241,318.0511,23.5517,42.8977
1067.1470,317.9106,23.7060,43.1788
1068.0797,316.7881,23.8406,43.4239
1070.0857,316.7990,23.8285,43.4019
1071.1335,316.8861,23.7329,43.2277
1072.1406,315.8989,23.7189,43.2022
1073.1948,315.9977,23.6103,43.0045
1074.2070,316.0198,23.5860,42.9603
1075.1501,315.9162,23.6998,43.1675
1076.0721,315.7743,23.8556,43.4514
1077.0374,315.7110,23.9252,43.5780
1078.0179,315.6754,23.9642,43.6491
1078.0043,315.6506,23.9915,43.6988
1079.0093,315.6598,23.9814,43.6805
1079.0383,315.7128,23.9232,43.5745
1080.0273,315.6927,23.9453,43.6147
1081.0558,315.7444,23.8885,43.5113
1081.0944,314.8148,23.8112,43.3703
1082.1774,314.9658,23.6454,43.0683
1082.2871,315.1658,23.4257,42.6683
1083.3138,315.2145,23.3723,42.5709
1084.3488,315.2780,23.3026,42.4440
1085.4728,315.5039,23.0545,41.9922
1085.6082,315.7505,22.7838,41.4990
1086.6719,315.8666,22.6563,41.2668
1087.7081,315.9327,22.5837,41.1346
1088.7728,316.0505,22.4543,40.8989
1088.8362,316.1658,22.3277,40.6683
1089.8358,317.1652,22.3284,40.6696
1090.8254,317.1463,22.3492,40.7074
1091.8301,317.1547,22.3399,40.6905
1092.8446,317.1813,22.3107,40.6374
1092.9054,317.2919,22.1892,40.4161
1093.9198,317.3181,22.1605,40.3637
1094.9694,317.4085,22.0612,40.1829
1096.0272,318.5140,21.9455,39.9721
1096.9860,318.4388,22.0280,40.1224
1098.9677,318.4054,22.0646,40.1891
1099.9912,319.4484,22.0175,40.1033
1100.9139,319.3076,22.1721,40.3849
1102.8728,319.2327,22.2543,40.5347
1104.8275,319.1501,22.3450,40.6998
1105.7853,319.0731,22.4295,40.8538
1107.7791,319.0617,22.4420,40.8765
1109.7877,319.0777,22.4244,40.8445
1111.8309,320.1563,22.3382,40.6875
1113.8080,320.1146,22.3840,40.7709
1114.8447,321.1814,22.3106,40.6371
1116.8370,321.1676,22.3258,40.6649
1118.8311,322.1565,22.3379,40.6870
1119.8375,322.1684,22.3249,40.6632
1119.8992,323.2807,22.2016,40.4386
1119.9138,323.3073,22.1724,40.3854
1119.9447,323.3636,22.1106,40.2728
1119.0314,324.5213,21.9374,39.9574
1119.0658,324.5841,21.8684,39.8317
1118.1158,324.6753,21.7683,39.6494
1118.1775,324.7876,21.6450,39.4249
1118.2288,324.8809,21.5425,39.2382
1117.2881,325.9891,21.4238,39.0218
1117.3125,326.0334,21.3751,38.9332
1116.3239,326.0542,21.3523,38.8917
1116.3335,326.0717,21.3330,38.8565
1116.3846,327.1649,21.2307,38.6701
1116.3696,327.1375,21.2608,38.7251
1115.3864,327.1681,21.2272,38.6639
1115.4092,328.2095,21.1817,38.5810
1114.3987,328.1906,21.2025,38.6189
1114.3624,328.1245,21.2750,38.7510
1114.3979,329.1891,21.2041,38.6218
1113.3900,329.1747,21.2199,38.6506
1113.3896,329.1740,21.2207,38.6520
1112.4327,330.2526,21.1344,38.4948
1112.4166,330.2231,21.1668,38.5538
1111.4492,330.2826,21.1015,38.4348
1111.4697,330.3198,21.0607,38.3605
1110.5042,330.3825,20.9917,38.2349
1109.5138,331.4001,20.9724,38.1998
1109.4460,331.2767,21.1080,38.4467
1108.4438,331.2727,21.1123,38.4545
1107.4321,332.2513,21.1358,38.4973
1107.3983,332.1897,21.2035,38.6206
1106.3662,332.1313,21.2675,38.7373
1106.3533,332.1078,21.2934,38.7845
1106.3485,333.0991,21.3029,38.8018
1106.3029,333.0159,21.3943,38.9681
1106.2848,332.9830,21.4304,39.0340
1107.2468,333.9139,21.5063,39.1722
1107.2209,333.8668,21.5580,39.2663
1108.1664,333.7673,21.6673,39.4655
1108.1567,333.7499,21.6864,39.5003
1108.1594,334.7548,21.6811,39.4905
1108.0974,334.6416,21.8053,39.7168
1108.0829,334.6152,21.8343,39.7696
1109.0479,335.5515,21.9043,39.8971
1108.0377,335.5331,21.9244,39.9338
1108.0339,335.5260,21.9322,39.9479
1108.0229,336.5061,21.9541,39.9878
1107.9813,336.4302,22.0375,40.1397
1107.9454,336.3648,22.1092,40.2704
1107.9235,337.3248,22.1531,40.3503
1106.8203,337.1371,22.3593,40.7259
1106.7369,336.9851,22.5262,41.0298
1106.6730,336.8687,22.6540,41.2626
1106.5983,336.7325,22.8035,41.5350
1105.5516,337.6476,22.8968,41.7049
1105.4512,337.4648,23.0975,42.0705
1105.4064,337.3831,23.1872,42.2337
1104.4054,338.3812,23.1893,42.2377
1104.3342,338.2516,23.3316,42.4968
1104.3250,338.2347,23.3501,42.5306
1104.3370,339.2567,23.3260,42.4867
1104.2915,339.1739,23.4170,42.6523
1104.3416,339.2650,23.3168,42.4699
1104.3844,340.3430,23.2312,42.3140
1104.4341,341.4336,23.1318,42.1329
1104.3549,341.2892,23.2904,42.4217
1104.3788,342.3328,23.2425,42.3345
1104.3328,342.2489,23.3345,42.5022
1103.3824,343.3395,23.2351,42.3211
1103.3854,343.3449,23.2292,42.3102
1104.3823,344.3393,23.2353,42.3214
1103.4432,344.4502,23.1135,42.0996
1103.4598,345.4805,23.0802,42.0390
1103.4388,346.4422,23.1223,42.1157
1103.4277,347.4218,23.1446,42.1563
1103.4443,348.4523,23.1112,42.0954
1103.4388,349.4422,23.1223,42.1157
1103.4073,349.3847,23.1854,42.2306
1103.4391,350.4426,23.1219,42.1148
1103.4911,351.5372,23.0179,41.9255
1103.5154,352.5815,22.9693,41.8369
1102.5073,353.5670,22.9853,41.8661
1102.4906,354.5364,23.0188,41.9271
1102.4479,355.4586,23.1043,42.0828
1102.4174,356.4031,23.1653,42.1939
1102.4167,357.4019,23.1666,42.1963
1102.4166,358.4017,23.1668,42.1966
1102.4266,359.4199,23.1468,42.1603
1101.3907,360.3546,23.2185,42.2909
1101.3497,361.2799,23.3005,42.4403
1102.2688,362.1325,23.4623,42.7350
1101.2416,363.0828,23.5170,42.8345
1102.1821,363.9746,23.6358,43.0509
1102.1372,364.8928,23.7256,43.2145
1102.1073,365.8382,23.7855,43.3236
1102.0822,366.7926,23.8356,43.4149
1102.0356,367.7078,23.9287,43.5845
1102.9888,368.6225,24.0224,43.7550
1103.9204,369.4980,24.1591,44.0040
1103.8706,370.4073,24.2587,44.1854
1104.8530,372.3751,24.2940,44.2498
1104.7992,373.2772,24.4016,44.4457
1105.7781,374.2387,24.4438,44.5226
1105.7883,376.2573,24.4234,44.4855
1106.7291,377.1494,24.5419,44.7012
1107.6790,379.0580,24.6421,44.8839
1108.6738,380.0487,24.6525,44.9027
1108.6569,381.0178,24.6863,44.9644
1109.6323,382.9733,24.7352,45.0535
1109.6526,384.0100,24.6949,44.9800
1109.6611,386.0256,24.6777,44.9487
1110.6868,387.0724,24.6264,44.8553
1110.6930,388.0837,24.6140,44.8326
1111.6809,389.0616,24.6383,44.8769
1110.6421,390.9909,24.7158,45.0182
1110.6567,392.0177,24.6864,44.9646
1109.6772,394.0550,24.6455,44.8900
1110.7185,395.1302,24.5629,44.7396
1109.7384,396.1665,24.5231,44.6670
1109.7346,398.1595,24.5308,44.6810
1109.7317,399.1541,24.5366,44.6917
1109.7330,401.1566,24.5339,44.6867
1110.6985,402.0937,24.6030,44.8127
1110.6327,402.9739,24.7345,45.0522
1110.6193,404.9495,24.7614,45.1011
1110.6039,406.9213,24.7923,45.1574
1110.5699,407.8596,24.8600,45.2807
1111.5724,408.8640,24.8552,45.2720
1111.6002,410.9147,24.7995,45.1706
1112.6073,412.9276,24.7854,45.1449
1112.5872,413.8908,24.8258,45.2183
1113.5726,414.8644,24.8548,45.2712
1113.5653,416.8510,24.8695,45.2980
1113.5259,417.7793,24.9483,45.4415
1114.5085,419.7477,24.9830,45.5047
1115.4376,420.6186,25.1247,45.7629
1115.4094,421.5672,25.1811,45.8655
1115.3779,423.5098,25.2441,45.9803
1116.3115,424.3889,25.3769,46.2223
1117.2694,426.3122,25.4612,46.3757
1117.2621,428.2987,25.4759,46.4026
1117.1927,429.1725,25.6145,46.6551
1117.1216,431.0430,25.7567,46.9140
1117.0463,431.9056,25.9076,47.1888
1117.0620,434.9344,25.8759,47.1312
1118.0145,436.8478,25.9710,47.3043
1117.9961,438.8143,26.0078,47.3713
1117.9658,440.7593,26.0683,47.4815
1117.9417,443.7151,26.1168,47.5699
1117.9340,446.7011,26.1322,47.5979
1117.9359,449.7047,26.1282,47.5906
1117.9163,452.6688,26.1676,47.6624
1117.9467,455.7243,26.1066,47.5513
1119.0060,458.8324,25.9880,47.3353
1119.0839,461.9742,25.8322,47.0515
1119.1420,464.0800,25.7161,46.8401
1120.2113,466.2063,25.5774,46.5875
1120.2404,469.2591,25.5194,46.4818
1122.1783,471.1464,25.6432,46.7073
1123.1573,473.1081,25.6853,46.7839
1124.1040,475.0108,25.7921,46.9784
1125.0383,476.8913,25.9232,47.2173
1124.9454,478.7220,26.1092,47.5561
1126.8800,480.6030,26.2399,47.7941
1127.8126,482.4802,26.3747,48.0396
1127.7308,484.3311,26.5383,48.3377
1128.6633,486.2083,26.6732,48.5834
1128.6030,488.0984,26.7939,48.8031
1128.4979,488.9069,27.0042,49.1863
1127.4922,490.8965,27.0156,49.2069
1126.4700,491.8559,27.0602,49.2881
1124.4205,492.7660,27.1589,49.4679
1122.4034,493.7348,27.1932,49.5304
1119.4264,494.7766,27.1473,49.4469
1116.4800,495.8743,27.0400,49.2513
1114.5001,495.9109,26.9998,49.1782
1111.5460,496.9945,26.9080,49.0109
1109.5563,498.0132,26.8875,48.9737
1106.5593,499.0187,26.8814,48.9625
1104.5513,500.0041,26.8975,48.9918
1102.6178,501.1253,26.7644,48.7495
1100.6416,501.1686,26.7169,48.6628
1098.6780,503.2349,26.6440,48.5302
1097.7150,504.3022,26.5702,48.3957
1096.7485,506.3633,26.5030,48.2734
1095.7645,508.3925,26.4710,48.2151
1094.7592,509.3827,26.4817,48.2346
1094.7639,511.3913,26.4723,48.2173
1093.7739,512.4097,26.4520,48.1805
1093.7714,515.4051,26.4572,48.1898
1092.8000,516.4573,26.3999,48.0855
1092.7747,518.4111,26.4506,48.1779
1092.8419,520.5336,26.3161,47.9328
1091.8348,523.5207,26.3302,47.9587
1090.8372,525.5248,26.3256,47.9503
1088.8875,527.6163,26.2252,47.7674
1087.9344,529.7020,26.1312,47.5961
1086.9430,532.7177,26.1139,47.5646
1084.9648,534.7574,26.0703,47.4851
1083.9554,537.7402,26.0891,47.5195
1081.9714,539.7695,26.0570,47.4610
1080.9397,542.7116,26.1206,47.5768
1079.9203,544.6763,26.1594,47.6474
1077.9430,547.7175,26.1141,47.5649
1076.9738,550.7735,26.0526,47.4529
1075.9366,552.7061,26.1266,47.5878
1073.9572,556.7434,26.0857,47.5132
1072.8682,558.5812,26.2637,47.8375
1071.8582,561.5632,26.2836,47.8737
1069.9246,566.6841,26.1508,47.6318
1068.8949,568.6299,26.2103,47.7401
1066.9017,572.6425,26.1964,47.7149
1065.8075,575.4708,26.3851,48.0585
1064.7100,578.2930,26.5802,48.4139
1062.6912,582.2589,26.6177,48.4822
1061.5818,585.0598,26.8364,48.8805
1061.4657,587.8483,27.0685,49.3034
1060.4044,590.7367,27.1911,49.5266
1058.3442,593.6269,27.3116,49.7462
1058.2877,597.5240,27.4247,49.9521
1056.2582,600.4702,27.4837,50.0596
1056.2203,603.4013,27.5593,50.1973
1055.2759,607.5025,27.4483,49.9951
1053.2793,610.5087,27.4415,49.9827
1052.2435,616.4435,27.5130,50.1129
1050.2533,619.4614,27.4934,50.0773
1048.2186,623.3981,27.5628,50.2038
1046.1884,626.3430,27.6233,50.3139
1044.1366,630.2487,27.7269,50.5026
1042.1294,635.2358,27.7411,50.5285
1039.1438,638.2619,27.7124,50.4762
1037.1377,641.2507,27.7247,50.4986
1035.1094,645.1992,27.7813,50.6016
1032.1051,649.1914,27.7898,50.6172
1028.0638,654.1164,27.8722,50.7672
1025.0668,659.1215,27.8666,50.7570
1022.0541,663.0986,27.8918,50.8029
