1
1200.0725,108.1175,28.8550,46.7650
1200.0725,108.1175,28.8550,46.7650
1200.0725,108.1175,28.8550,46.7650
1200.0725,108.1175,28.8550,46.7650
1200.0725,108.1175,28.8550,46.7650
1200.0725,108.1175,28.8550,46.7650
1200.0725,108.1175,28.8550,46.7650
1200.0725,108.1175,28.8550,46.7650
1199.8561,107.7668,29.2878,47.4665
1200.0758,108.1228,28.8485,46.7545
1199.9315,107.8890,29.1370,47.2220
1199.7130,107.5348,29.5740,47.9304
1199.4912,107.1753,30.0177,48.6493
1199.5662,107.2970,29.8676,48.4061
1199.7156,107.5390,29.5689,47.9220
1199.4938,107.1796,30.0124,48.6408
1199.5688,107.3012,29.8624,48.3976
1199.5688,107.3012,29.8624,48.3976
1199.3448,106.9382,30.3103,49.1236
1199.3448,106.9382,30.3103,49.1236
1199.3448,106.9382,30.3103,49.1236
1199.5721,107.3066,29.8556,48.3867
1199.3483,106.9437,30.3035,49.1125
1199.1210,106.5754,30.7580,49.8492
1199.1210,106.5754,30.7580,49.8492
1199.1210,106.5754,30.7580,49.8492
1199.1210,106.5754,30.7580,49.8492
1199.1210,106.5754,30.7580,49.8492
1199.1210,106.5754,30.7580,49.8492
1199.1210,106.5754,30.7580,49.8492
1199.1210,106.5754,30.7580,49.8492
1199.1979,106.7000,30.6042,49.6000
1199.1213,106.5760,30.7573,49.8480
1199.1982,106.7006,30.6035,49.5987
1198.9688,106.3286,31.0625,50.3427
1198.9688,106.3286,31.0625,50.3427
1199.1240,106.5804,30.7519,49.8393
1199.1240,106.5804,30.7519,49.8393
1199.1240,106.5804,30.7519,49.8393
1198.9703,106.3312,31.0594,50.3377
1198.7373,105.9536,31.5253,51.0928
1198.7373,105.9536,31.5253,51.0928
1198.7373,105.9536,31.5253,51.0928
1198.7373,105.9536,31.5253,51.0928
1198.7373,105.9536,31.5253,51.0928
1198.7373,105.9536,31.5253,51.0928
1198.7373,105.9536,31.5253,51.0928
1198.7373,105.9536,31.5253,51.0928
1198.5009,105.5704,31.9982,51.8591
1198.7408,105.9594,31.5182,51.0813
1198.7408,105.9594,31.5182,51.0813
1198.5045,105.5763,31.9910,51.8475
1198.2645,105.1874,32.4709,52.6252
1198.2645,105.1874,32.4709,52.6252
1198.3457,105.3190,32.3085,52.3621
1198.3457,105.3190,32.3085,52.3621
1198.1034,104.9263,32.7931,53.1475
1198.1034,104.9263,32.7931,53.1475
1197.8575,104.5276,33.2850,53.9447
1197.6078,104.1231,33.7843,54.7539
1197.5234,103.9862,33.9532,55.0276
1197.5234,103.9862,33.9532,55.0276
1197.3536,103.7110,34.2928,55.5779
1197.3536,103.7110,34.2928,55.5779
1197.3536,103.7110,34.2928,55.5779
1197.3536,103.7110,34.2928,55.5779
1197.0964,103.2942,34.8072,56.4116
1196.8353,102.8711,35.3293,57.2578
1197.0120,103.1574,34.9760,56.6852
1197.0120,103.1574,34.9760,56.6852
1197.0120,103.1574,34.9760,56.6852
1197.0120,103.1574,34.9760,56.6852
1196.9246,103.0157,35.1508,56.9686
1197.0125,103.1581,34.9751,56.6838
1196.7501,102.7330,35.4997,57.5340
1196.7501,102.7330,35.4997,57.5340
1197.0164,103.1645,34.9672,56.6710
1197.2787,103.5895,34.4427,55.8209
1197.1925,103.4500,34.6149,56.1001
1197.3656,98.9709,34.2688,55.5391
1197.4513,99.1098,34.0974,55.2614
1197.7070,99.5242,33.5860,54.4324
1197.9589,99.9325,33.0822,53.6160
1198.2070,100.3346,32.5859,52.8117
1198.3700,100.5986,32.2601,52.2836
1198.6119,100.9908,31.7762,51.4993
1198.6914,101.1195,31.6173,51.2418
1198.9285,101.5038,31.1430,50.4732
1194.8020,101.7562,30.8316,49.9685
1194.9562,102.0061,30.5233,49.4688
1194.9562,102.0061,30.5233,49.4688
1194.8036,101.7587,30.8285,49.9635
1194.6494,101.5089,31.1368,50.4631
1194.4938,101.2566,31.4482,50.9678
1194.4152,101.1292,31.6054,51.2226
1194.4152,101.1292,31.6054,51.2226
1194.4152,101.1292,31.6054,51.2226
1194.4152,101.1292,31.6054,51.2226
1194.4152,101.1292,31.6054,51.2226
1194.6521,101.5133,31.1313,50.4543
1194.6521,101.5133,31.1313,50.4543
1190.2289,101.3872,31.2870,50.7065
1190.4636,101.7675,30.8177,49.9459
1190.3094,101.5178,31.1259,50.4454
1190.0760,101.1394,31.5928,51.2021
1189.9181,100.8834,31.9087,51.7141
1189.9181,100.8834,31.9087,51.7141
1189.9181,100.8834,31.9087,51.7141
1189.7585,100.6248,32.2278,52.2312
1189.8391,100.7554,32.0666,51.9701
1189.8391,100.7554,32.0666,51.9701
1189.9193,100.8853,31.9063,51.7102
1189.7598,100.6268,32.2254,52.2273
1185.2839,100.6268,32.2254,52.2273
1185.1228,100.3656,32.5476,52.7496
1185.1228,100.3656,32.5476,52.7496
1184.8788,99.9700,33.0358,53.5408
1184.8788,99.9700,33.0358,53.5408
1184.6310,99.5685,33.5314,54.3440
1184.3795,99.1609,34.0343,55.1591
1184.3795,99.1609,34.0343,55.1591
1184.3795,99.1609,34.0343,55.1591
1184.5497,99.4367,33.6940,54.6075
1179.9775,99.5732,33.5255,54.3345
1179.7261,99.1657,34.0284,55.1495
1179.8112,99.3036,33.8583,54.8738
1180.0652,99.7151,33.3504,54.0506
1180.2319,99.9854,33.0169,53.5101
1179.9843,99.5841,33.5121,54.3128
1179.9843,99.5841,33.5121,54.3128
1179.9843,99.5841,33.5121,54.3128
1179.7329,99.1767,34.0148,55.1275
1174.9000,99.0389,34.1849,55.4031
1174.7290,98.7619,34.5268,55.9572
1174.7290,98.7619,34.5268,55.9572
1174.7290,98.7619,34.5268,55.9572
1174.4701,98.3422,35.0447,56.7965
1174.4701,98.3422,35.0447,56.7965
1169.9386,98.7682,34.5190,55.9446
1169.6798,98.3486,35.0368,56.7837
1169.6798,98.3486,35.0368,56.7837
1169.8550,98.6325,34.6864,56.2159
1169.6815,98.3514,35.0333,56.7781
1169.4187,97.9256,35.5588,57.6297
1164.8208,98.3578,35.0254,56.7653
1164.5581,97.9321,35.5508,57.6168
1164.5581,97.9321,35.5508,57.6168
1164.2915,97.4999,36.0840,58.4810
1164.1111,97.2075,36.4449,59.0658
1164.1111,97.2075,36.4449,59.0658
1164.1111,97.2075,36.4449,59.0658
1159.0493,97.2075,36.4449,59.0658
1158.7760,96.7645,36.9915,59.9518
1159.0533,97.2142,36.4367,59.0525
1159.3267,92.6723,35.8901,58.1667
1159.5958,93.1086,35.3518,57.2942
1159.8610,93.5383,34.8215,56.4348
1155.1359,93.6794,34.6474,56.1527
1155.3958,94.1005,34.1277,55.3104
1155.4811,94.2388,33.9570,55.0338
1155.4811,94.2388,33.9570,55.0338
1155.5659,94.3764,33.7872,54.7586
1150.7654,94.2395,33.9562,55.0324
1150.5956,93.9643,34.2957,55.5828
1150.8528,94.3812,33.7813,54.7490
1150.8528,94.3812,33.7813,54.7490
1150.8528,94.3812,33.7813,54.7490
1146.4846,94.7918,33.2746,53.9278
1146.5679,94.9266,33.1082,53.6581
1146.4851,94.7925,33.2738,53.9264
1146.4851,94.7925,33.2738,53.9264
1146.2356,94.3880,33.7729,54.7353
1141.7606,94.6617,33.4351,54.1880
1141.5099,94.2553,33.9367,55.0008
1141.5099,94.2553,33.9367,55.0008
1141.5099,94.2553,33.9367,55.0008
1141.5099,94.2553,33.9367,55.0008
1141.2554,93.8428,34.4457,55.8258
1136.2511,93.5637,34.7902,56.3841
1136.1642,93.4227,34.9641,56.6660
1136.1642,93.4227,34.9641,56.6660
1136.1642,93.4227,34.9641,56.6660
1136.1642,93.4227,34.9641,56.6660
1135.9020,92.9977,35.4886,57.5160
1130.8596,92.8539,35.6660,57.8036
1130.8596,92.8539,35.6660,57.8036
1130.5922,92.4204,36.2010,58.6706
1130.8636,92.8604,35.6580,57.7906
1130.7744,92.7160,35.8363,58.0795
1125.4537,92.2804,36.3738,58.9507
1125.3628,92.1330,36.5557,59.2455
1125.4542,92.2811,36.3729,58.9492
1125.2723,91.9864,36.7367,59.5387
1125.1805,91.8375,36.9203,59.8364
1120.4065,92.2863,36.3665,58.9389
1120.4065,92.2863,36.3665,58.9389
1120.6793,87.7532,35.8210,58.0548
1120.8584,88.0434,35.4628,57.4742
1116.2728,88.4745,34.9309,56.6121
1116.4475,88.7576,34.5816,56.0460
1116.4475,88.7576,34.5816,56.0460
1116.3611,88.6174,34.7545,56.3262
1116.1003,88.1950,35.2758,57.1711
1111.3136,88.3379,35.0994,56.8853
1111.5769,88.7646,34.5729,56.0320
1111.5769,88.7646,34.5729,56.0320
1111.3176,88.3443,35.0915,56.8725
1106.7800,88.7709,34.5652,56.0194
1106.5209,88.3507,35.0836,56.8597
1106.3455,88.0664,35.4345,57.4283
1106.1682,87.7793,35.7888,58.0026
1106.3472,88.0693,35.4309,57.4225
1101.6526,88.3564,35.0766,56.8483
1101.8280,88.6407,34.7258,56.2798
1101.8280,88.6407,34.7258,56.2798
1101.8280,88.6407,34.7258,56.2798
1096.7831,88.3593,35.0731,56.8426
1096.6077,88.0750,35.4238,57.4110
1096.6077,88.0750,35.4238,57.4110
1091.3483,87.6445,35.9552,58.2722
1091.1685,87.3531,36.3147,58.8549
1091.4408,87.7945,35.7700,57.9721
1091.3514,87.6496,35.9489,58.2620
1091.1716,87.3583,36.3084,58.8446
1086.1288,87.3583,36.3084,58.8446
1086.1288,87.3583,36.3084,58.8446
1086.0381,87.2112,36.4899,59.1388
1085.9469,87.0633,36.6724,59.4345
1085.6718,86.6176,37.2224,60.3260
1080.5021,86.6176,37.2224,60.3260
1080.7811,87.0700,36.6641,59.4211
1080.9645,87.3671,36.2975,58.8269
1080.7830,87.0730,36.6604,59.4152
1075.6913,87.0730,36.6604,59.4152
1075.7830,87.2215,36.4771,59.1181
1075.7830,87.2215,36.4771,59.1181
1075.7830,87.2215,36.4771,59.1181
1075.5094,86.7781,37.0243,60.0049
1070.7219,87.2282,36.4689,59.1048
1070.4484,86.7849,37.0160,59.9914
1070.4484,86.7849,37.0160,59.9914
1070.3558,86.6349,37.2010,60.2913
1064.9514,86.3334,37.5730,60.8943
1064.9514,86.3334,37.5730,60.8943
1065.2332,86.7901,37.0095,59.9808
1065.2332,86.7901,37.0095,59.9808
1060.4476,87.2400,36.4543,59.0811
1060.1742,86.7969,37.0011,59.9673
1060.0818,86.6470,37.1861,60.2672
1060.1747,86.7976,37.0002,59.9658
1060.0822,86.6477,37.1852,60.2657
1055.2739,87.0997,36.6274,59.3617
1054.9993,86.6545,37.1768,60.2521
1054.7205,86.2026,37.7345,61.1559
1054.4374,85.7439,38.3005,62.0732
1049.3625,86.0543,37.9175,61.4525
1049.0782,85.5934,38.4863,62.3743
1048.7896,85.1256,39.0636,63.3099
1043.6136,85.4422,38.6729,62.6768
1043.8070,85.7555,38.2862,62.0500
1043.7113,85.6004,38.4776,62.3603
1043.4227,85.1327,39.0548,63.2957
1038.2479,85.4492,38.6642,62.6627
1038.0547,85.1359,39.0509,63.2894
1037.8594,84.8194,39.4414,63.9223
1037.8594,84.8194,39.4414,63.9223
1032.2554,84.6596,39.6386,64.2419
1032.4536,84.9808,39.2422,63.5994
1032.2574,84.6628,39.6346,64.2354
1032.2574,84.6628,39.6346,64.2354
1027.0059,84.9840,39.2383,63.5931
1026.8096,84.6661,39.6307,64.2290
1026.9087,84.8266,39.4325,63.9079
1021.3060,84.6669,39.6297,64.2274
1021.5042,84.9880,39.2334,63.5851
1021.6022,85.1470,39.0372,63.2672
1021.3094,84.6725,39.6228,64.2162
1016.0594,84.9935,39.2265,63.5741
1015.8633,84.6757,39.6188,64.2098
1015.6652,84.3546,40.0150,64.8519
1015.4651,84.0304,40.4151,65.5004
1009.7228,83.8666,40.6172,65.8279
1009.4182,83.3729,41.2265,66.8153
1003.4289,83.0388,41.6387,67.4835
1003.4289,83.0388,41.6387,67.4835
1003.4289,83.0388,41.6387,67.4835
1003.3248,82.8701,41.8469,67.8209
997.6464,83.0397,41.6377,67.4818
997.5423,82.8710,41.8459,67.8192
997.5423,82.8710,41.8459,67.8192
997.5423,82.8710,41.8459,67.8192
991.8640,83.0405,41.6367,67.4801
991.5518,82.5344,42.2612,68.4923
991.2348,82.0207,42.8951,69.5197
991.2348,82.0207,42.8951,69.5197
985.5512,82.3683,42.4662,68.8245
985.3389,82.0242,42.8908,69.5127
985.1244,81.6766,43.3198,70.2079
978.6926,81.1501,43.9696,71.2610
978.8026,81.3282,43.7497,70.9047
978.9119,81.5055,43.5310,70.5502
978.5854,80.9764,44.1839,71.6084
972.4488,80.9764,44.1839,71.6084
972.3383,80.7973,44.4048,71.9665
972.3383,80.7973,44.4048,71.9665
972.3383,80.7973,44.4048,71.9665
965.8873,80.4375,44.8489,72.6861
965.6630,80.0741,45.2974,73.4130
965.6630,80.0741,45.2974,73.4130
965.6630,80.0741,45.2974,73.4130
959.0823,79.7070,45.7504,74.1471
958.7392,79.1509,46.4366,75.2593
958.3909,78.5865,47.1332,76.3882
951.8447,78.5865,47.1332,76.3882
952.0803,78.9684,46.6618,75.6243
951.7303,78.4012,47.3617,76.7587
951.8488,78.5931,47.1249,76.3749
944.8521,78.0203,47.8318,77.5205
944.8521,78.0203,47.8318,77.5205
944.8521,78.0203,47.8318,77.5205
944.7325,77.8265,48.0710,77.9081
938.3630,78.2160,47.5903,77.1291
938.2441,78.0232,47.8282,77.5147
937.8854,77.4419,48.5456,78.6774
937.5213,76.8518,49.2738,79.8576
937.2749,76.4525,49.7666,80.6562
930.3629,76.4525,49.7666,80.6562
930.6117,76.8558,49.2689,79.8496
930.4885,76.6561,49.5152,80.2488
930.3647,76.4555,49.7628,80.6501
923.9301,77.0604,49.0164,79.4403
923.8076,76.8618,49.2615,79.8375
923.4382,76.2630,50.0004,81.0351
916.6534,76.4656,49.7504,80.6299
916.6534,76.4656,49.7504,80.6299
916.2802,75.8609,50.4966,81.8394
916.2802,75.8609,50.4966,81.8394
909.1055,75.6563,50.7491,82.2486
909.1055,75.6563,50.7491,82.2486
909.1055,75.6563,50.7491,82.2486
908.7249,75.0394,51.5104,83.4823
901.2416,74.6220,52.0255,84.3171
901.3716,74.8328,51.7653,83.8955
901.1128,74.4133,52.2830,84.7345
901.1128,74.4133,52.2830,84.7345
893.3502,73.7778,53.0672,86.0055
893.0849,73.3478,53.5979,86.8656
892.9509,73.1306,53.8659,87.2999
885.2975,72.9124,54.1352,87.7364
884.8915,72.2543,54.9472,89.0524
884.6167,71.8091,55.4967,89.9430
884.3392,71.3594,56.0517,90.8424
876.1962,70.9052,56.6122,91.7508
876.3377,71.1345,56.3291,91.2921
875.9152,70.4498,57.1741,92.6614
875.7723,70.2182,57.4599,93.1247
867.4246,69.7526,58.0345,94.0560
867.1345,69.2823,58.6149,94.9966
866.9879,69.0448,58.9080,95.4715
866.9879,69.0448,58.9080,95.4715
858.2418,68.3288,59.7916,96.9036
858.0923,68.0865,60.0905,97.3881
857.9420,67.8430,60.3910,97.8751
849.3615,67.5983,60.6930,98.3644
849.3615,67.5983,60.6930,98.3644
849.2098,67.3524,60.9964,98.8563
848.7523,66.6110,61.9114,100.3391
840.7468,67.3636,60.9827,98.8340
840.4419,66.8694,61.5925,99.8224
840.1339,66.3703,62.2084,100.8206
839.6674,65.6141,63.1416,102.3329
839.5095,65.3583,63.4573,102.8446
830.8987,65.6154,63.1400,102.3303
830.4252,64.8479,64.0871,103.8653
830.7456,65.3672,63.4462,102.8266
830.2697,64.5960,64.3979,104.3690
821.5313,64.8570,64.0759,103.8472
821.3711,64.5974,64.3963,104.3664
821.3711,64.5974,64.3963,104.3664
820.8881,63.8146,65.3623,105.9319
811.6013,63.5498,65.6891,106.4616
811.6013,63.5498,65.6891,106.4616
811.1086,62.7513,66.6744,108.0585
801.2093,61.9409,67.6745,109.6794
801.0401,61.6667,68.0129,110.2278
801.0401,61.6667,68.0129,110.2278
800.7000,61.1155,68.6930,111.3301
800.5283,60.8372,69.0365,111.8867
790.7194,60.5575,69.3817,112.4461
790.7194,60.5575,69.3817,112.4461
790.8928,60.8386,69.0348,111.8839
791.4106,61.6777,67.9992,110.2057
790.9006,60.8512,69.0192,111.8587
780.6531,60.0123,70.0545,113.5366
780.6531,60.0123,70.0545,113.5366
780.6531,60.0123,70.0545,113.5366
780.1277,59.1607,71.1053,115.2397
779.7722,58.5845,71.8164,116.3921
770.0272,58.8755,71.4573,115.8101
769.8485,58.5860,71.8146,116.3892
770.0280,58.8770,71.4555,115.8072
769.6708,58.2979,72.1701,116.9653
769.3099,57.7131,72.8918,118.1349
769.3099,57.7131,72.8918,118.1349
768.7632,56.8271,73.9851,119.9070
759.1965,57.7264,72.8754,118.1084
759.5609,58.3169,72.1466,116.9273
759.0198,57.4400,73.2288,118.6812
759.3859,58.0334,72.4965,117.4944
759.0234,57.4459,73.2215,118.6693
758.6573,56.8526,73.9537,119.8560
747.9135,56.2533,74.6932,121.0546
747.5400,55.6480,75.4402,122.2651
747.7286,55.9537,75.0630,121.6538
747.7286,55.9537,75.0630,121.6538
747.5410,55.6495,75.4383,122.2621
747.1638,55.0382,76.1927,123.4847
746.7828,54.4208,76.9546,124.7195
735.8489,54.1090,77.3394,125.3431
735.6555,53.7956,77.7261,125.9698
735.4612,53.4807,78.1147,126.5997
735.4612,53.4807,78.1147,126.5997
736.0471,54.4302,76.9430,124.7007
736.2394,54.7420,76.5583,124.0772
736.2394,54.7420,76.5583,124.0772
735.8566,54.1216,77.3238,125.3180
725.6112,54.7482,76.5506,124.0648
725.2285,54.1279,77.3161,125.3054
724.8419,53.5013,78.0893,126.5585
725.2324,54.1341,77.3084,125.2929
724.6525,53.1944,78.4680,127.1723
724.8487,53.5124,78.0757,126.5364
724.2631,52.5633,79.2468,128.4345
713.2567,52.5633,79.2468,128.4345
713.2567,52.5633,79.2468,128.4345
712.6623,51.6001,80.4355,130.3610
713.2656,52.5778,79.2290,128.4056
713.0675,52.2568,79.6251,129.0476
712.6694,51.6115,80.4214,130.3381
712.0662,50.6340,81.6277,132.2932
711.8621,50.3033,82.0358,132.9546
699.6821,49.3061,83.2664,134.9489
699.6821,49.3061,83.2664,134.9489
699.8903,49.6435,82.8500,134.2742
699.8903,49.6435,82.8500,134.2742
699.6831,49.3078,83.2643,134.9456
699.2668,48.6331,84.0969,136.2950
698.8463,47.9516,84.9379,137.6580
687.8633,48.9840,83.6638,135.5931
687.8633,48.9840,83.6638,135.5931
687.2359,47.9671,84.9188,137.6270
686.8113,47.2789,85.7680,139.0033
687.2401,47.9739,84.9103,137.6132
686.6033,46.9418,86.1839,139.6774
685.9569,45.8943,87.4767,141.7726
686.1756,46.2487,87.0393,141.0637
673.2527,45.1907,88.3449,143.1797
672.8110,44.4748,89.2284,144.6115
673.2571,45.1979,88.3361,143.1654
673.2571,45.1979,88.3361,143.1654
672.8154,44.4821,89.2194,144.5970
672.8154,44.4821,89.2194,144.5970
672.3693,43.7591,90.1116,146.0430
658.9903,42.6637,91.4633,148.2336
658.7616,42.2932,91.9206,148.9748
659.2212,43.0380,91.0014,147.4851
658.5387,41.9319,92.3664,149.6973
657.8459,40.8092,93.7519,151.9428
658.3147,41.5689,92.8144,150.4234
658.3147,41.5689,92.8144,150.4234
657.6186,40.4407,94.2066,152.6797
644.2334,40.0590,94.6777,153.4431
644.9435,41.2098,93.2575,151.1415
644.2441,40.0763,94.6564,153.4086
644.2441,40.0763,94.6564,153.4086
644.4807,40.4598,94.1831,152.6415
644.4807,40.4598,94.1831,152.6415
643.7744,39.3150,95.5958,154.9312
631.1079,40.0896,94.6399,153.3819
631.3445,40.4731,94.1667,152.6149
630.6382,39.3285,95.5792,154.9042
629.9214,38.1667,97.0129,157.2277
629.1938,36.9875,98.4680,159.5862
629.4399,37.3865,97.9757,158.7882
628.9501,36.5925,98.9555,160.3761
628.9501,36.5925,98.9555,160.3761
614.8901,36.1916,99.4502,161.1780
614.8901,36.1916,99.4502,161.1780
615.3874,36.9975,98.4557,159.5662
615.3874,36.9975,98.4557,159.5662
614.6490,35.8007,99.9326,161.9597
615.1487,36.6105,98.9333,160.3401
614.9013,36.2097,99.4279,161.1418
615.1499,36.6125,98.9308,160.3361
615.1499,36.6125,98.9308,160.3361
601.0935,36.2117,99.4254,161.1378
601.0935,36.2117,99.4254,161.1378
600.8449,35.8088,99.9226,161.9435
600.0955,34.5943,101.4214,164.3726
599.3348,33.3615,102.9427,166.8382
599.0775,32.9444,103.4574,167.6724
598.3016,31.6868,105.0093,170.1875
598.5641,32.1123,104.4842,169.3365
598.5641,32.1123,104.4842,169.3365
583.3848,31.2656,105.5291,171.0299
583.6487,31.6932,105.0014,170.1748
583.9111,32.1186,104.4764,169.3239
583.6500,31.6953,104.9988,170.1705
583.6500,31.6953,104.9988,170.1705
583.1250,30.8445,106.0488,171.8722
582.5947,29.9851,107.1093,173.5909
582.3270,29.5511,107.6448,174.4589
581.5196,28.2427,109.2595,177.0758
580.9733,27.3573,110.3521,178.8465
566.3517,28.2515,109.2486,177.0581
565.8054,27.3662,110.3411,178.8286
566.0813,27.8133,109.7894,177.9345
565.2579,26.4788,111.4362,180.6035
565.2579,26.4788,111.4362,180.6035
564.9792,26.0273,111.9934,181.5065
564.6993,25.5735,112.5534,182.4141
564.4179,25.1175,113.1161,183.3261
564.7007,25.5758,112.5505,182.4095
564.7007,25.5758,112.5505,182.4095
549.0687,25.5758,112.5505,182.4095
548.7873,25.1198,113.1133,183.3215
549.0701,25.5781,112.5477,182.4049
549.0701,25.5781,112.5477,182.4049
549.0701,25.5781,112.5477,182.4049
548.5073,24.6661,113.6732,184.2290
548.5073,24.6661,113.6732,184.2290
548.2231,24.2055,114.2416,185.1501
547.6520,23.2797,115.3840,187.0016
547.6520,23.2797,115.3840,187.0016
531.6264,23.2797,115.3840,187.0016
531.6264,23.2797,115.3840,187.0016
531.0495,22.3447,116.5378,188.8717
530.1754,20.9282,118.2859,191.7047
529.2883,19.4904,120.0602,194.5803
528.9882,19.0040,120.6605,195.5532
528.9882,19.0040,120.6605,195.5532
528.3848,18.0262,121.8671,197.5087
527.4708,16.5449,123.6951,200.4714
527.4708,16.5449,123.6951,200.4714
526.5432,15.0413,125.5505,203.4784
525.6015,13.5153,127.4338,206.5306
508.7165,14.5479,126.1594,204.4653
508.0857,13.5256,127.4210,206.5100
508.0857,13.5256,127.4210,206.5100
507.7672,13.0093,128.0582,207.5425
507.4470,12.4905,128.6984,208.5802
506.8035,11.4476,129.9854,210.6660
506.8035,11.4476,129.9854,210.6660
506.8035,11.4476,129.9854,210.6660
507.1285,11.9742,129.3355,209.6127
506.8051,11.4502,129.9822,210.6608
506.4802,10.9235,130.6321,211.7141
506.4802,10.9235,130.6321,211.7141
506.4802,10.9235,130.6321,211.7141
505.8271,9.8650,131.9384,213.8312
506.1569,10.3995,131.2787,212.7620
505.1723,8.8038,133.2479,215.9535
504.1729,7.1842,135.2466,219.1928
503.1586,5.5402,137.2753,222.4807
503.8450,6.6526,135.9026,220.2559
504.5245,7.7539,134.5435,218.0533
503.5154,6.1185,136.5617,221.3241
504.5396,7.7784,134.5133,218.0042
504.5396,7.7784,134.5133,218.0042
505.2122,8.8685,133.1681,215.8242
505.2122,8.8685,133.1681,215.8242
504.2134,7.2498,135.1656,219.0616
503.1997,5.6068,137.1931,222.3475
503.1997,5.6068,137.1931,222.3475
502.5137,4.4951,138.5651,224.5710
503.2065,5.6179,137.1794,222.3253
