1
625.0000,317.0000,22.0000,63.0000
622.0000,317.0000,22.0000,63.0000
619.0000,317.0000,22.0000,63.0000
616.0000,317.0000,22.0000,63.0000
613.0000,316.0000,22.0000,63.0000
611.0000,316.0000,22.0000,63.0000
609.0000,316.0000,22.0000,63.0000
607.0000,316.0000,22.0000,63.0000
605.0000,316.0000,22.0000,63.0000
602.0000,316.0000,22.0000,63.0000
599.0000,316.0000,22.0000,63.0000
596.0000,316.0000,22.0000,63.0000
594.0000,316.0000,22.0000,63.0000
591.0000,317.0000,22.0000,63.0000
587.0000,317.0000,22.0000,63.0000
584.0000,318.0000,22.0000,63.0000
581.0000,318.0000,22.0000,63.0000
578.0000,318.0000,22.0000,63.0000
576.0000,318.0000,22.0000,63.0000
572.0000,317.0000,22.0000,63.0000
569.0000,316.0000,22.0000,63.0000
566.0000,316.0000,22.0000,63.0000
562.0000,315.0000,22.0000,63.0000
558.0000,315.0000,22.0000,63.0000
554.0000,315.0000,22.0000,63.0000
550.0000,315.0000,22.0000,63.0000
547.0000,316.0000,22.0000,63.0000
544.0000,317.0000,22.0000,63.0000
540.0000,318.0000,22.0000,63.0000
536.0000,319.0000,22.0000,63.0000
532.0000,319.0000,22.0000,63.0000
529.0000,318.0000,22.0000,63.0000
525.0000,318.0000,22.0000,63.0000
522.0000,317.0000,22.0000,63.0000
517.0000,316.0000,22.0000,63.0000
513.0000,316.0000,22.0000,63.0000
509.0000,316.0000,22.0000,63.0000
505.0000,317.0000,22.0000,63.0000
502.0000,318.0000,22.0000,63.0000
497.0000,319.0000,22.0000,63.0000
494.0000,320.0000,22.0000,63.0000
490.0000,319.0000,22.0000,63.0000
486.0000,319.0000,22.0000,63.0000
482.0000,318.0000,22.0000,63.0000
477.0000,316.0000,22.0000,63.0000
473.0000,316.0000,22.0000,63.0000
469.0000,315.0000,22.0000,63.0000
465.0000,315.0000,22.0000,63.0000
461.0000,316.0000,22.0000,63.0000
456.0000,317.0000,22.0000,63.0000
452.0000,318.0000,22.0000,63.0000
450.0000,318.0000,22.0000,63.0000
448.0000,318.0000,22.0000,63.0000
445.0000,318.0000,22.0000,63.0000
443.0000,316.0000,22.0000,63.0000
441.0000,315.0000,22.0000,63.0000
440.0000,314.0000,22.0000,63.0000
439.0000,313.0000,22.0000,63.0000
439.0000,312.0000,22.0000,63.0000
439.0000,312.0000,22.0000,63.0000
440.0000,313.0000,22.0000,63.0000
441.0000,313.0000,22.0000,63.0000
443.0000,313.0000,22.0000,63.0000
445.0000,312.0000,22.0000,63.0000
448.0000,310.0000,22.0000,63.0000
451.0000,308.0000,22.0000,63.0000
453.0000,306.0000,22.0000,63.0000
456.0000,305.0000,22.0000,63.0000
458.0000,304.0000,22.0000,63.0000
462.0000,303.0000,22.0000,63.0000
465.0000,302.0000,22.0000,63.0000
467.0000,302.0000,22.0000,63.0000
470.0000,302.0000,22.0000,63.0000
472.0000,302.0000,22.0000,63.0000
475.0000,300.0000,22.0000,63.0000
477.0000,299.0000,22.0000,63.0000
479.0000,297.0000,22.0000,63.0000
481.0000,295.0000,22.0000,63.0000
483.0000,294.0000,22.0000,63.0000
485.0000,293.0000,22.0000,63.0000
487.0000,293.0000,22.0000,63.0000
489.0000,293.0000,22.0000,63.0000
491.0000,293.0000,22.0000,63.0000
493.0000,292.0000,22.0000,63.0000
495.0000,290.0000,22.0000,63.0000
497.0000,288.0000,22.0000,63.0000
500.0000,286.0000,22.0000,63.0000
502.0000,284.0000,22.0000,63.0000
503.0000,283.0000,22.0000,63.0000
506.0000,281.0000,22.0000,63.0000
508.0000,281.0000,22.0000,63.0000
510.0000,281.0000,22.0000,63.0000
513.0000,281.0000,22.0000,63.0000
516.0000,281.0000,22.0000,63.0000
521.0000,290.0000,22.0000,63.0000
526.0000,290.0000,22.0000,63.0000
2
0
0
0
0
0
2
0
0
0
0
0
2
0
0
0
0
0
2
0
0
0
0
0
2
0
0
0
0
0
2
0
0
0
0
0
2
0
0
0
0
0
2
0
0
0
0
0
2
0
0
0
0
0
2
0
0
0
0
0
2
0
0
0
0
0
2
0
0
0
0
0
2
0
0
0
0
0
2
0
0
0
0
0
2
0
0
0
0
0
2
0
0
0
0
0
2
0
0
0
0
0
2
0
0
0
0
0
2
0
0
0
0
0
2
0
0
0
0
0
2
0
0
0
0
0
2
0
0
0
0
0
2
0
0
0
0
0
2
0
0
0
0
0
2
0
0
0
0
0
2
0
0
0
0
0
2
0
0
0
0
0
2
0
0
0
0
0
2
0
0
0
0
0
2
0
0
0
0
0
2
0
0
0
0
0
2
0
0
0
0
0
2
0
0
0
0
0
2
0
0
0
0
0
2
0
0
0
0
0
2
0
0
0
0
0
2
0
0
0
0
0
2
0
0
0
0
0
2
0
0
0
0
0
2
0
0
0
0
0
2
0
0
0
0
0
2
0
0
0
0
0
2
0
0
0
0
0
2
0
0
0
0
0
2
0
0
0
0
0
2
0
0
0
0
0
2
0
0
0
0
0
2
0
0
0
0
0
2
0
0
0
0
0
2
0
0
0
0
0
2
0
0
0
0
0
2
0
0
0
0
0
2
0
0
0
0
0
2
0
0
0
0
0
2
0
0
0
0
0
2
0
0
0
0
0
2
0
0
0
0
0
2
0
0
0
0
0
2
0
0
0
0
0
2
0
0
0
0
0
2
0
0
0
0
0
2
0
0
0
0
0
2
0
0
0
0
0
2
0
0
0
0
0
2
0
0
0
0
0
2
0
0
0
0
0
2
0
0
0
0
0
2
0
0
0
0
0
2
0
0
0
0
0
2
0
0
0
0
0
2
0
0
0
0
0
2
0
0
0
0
0
2
0
0
0
0
0
2
0
0
0
0
0
2
0
0
0
0
0
2
0
0
0
0
0
2
0
0
0
0
0
2
0
0
0
0
0
2
0
0
0
0
0
2
0
0
0
0
0
2
0
0
0
0
0
2
0
0
0
0
0
2
0
0
0
0
0
2
0
0
0
0
0
2
0
0
0
0
0
2
0
0
0
0
0
2
0
0
0
0
0
2
0
0
0
0
0
2
0
0
0
0
0
2
0
0
0
0
0
2
0
0
0
0
0
2
0
0
0
0
0
2
0
0
0
0
0
2
0
0
0
0
0
2
0
0
0
0
0
2
0
0
0
0
0
2
0
0
0
0
0
2
0
0
0
0
0
2
0
0
0
0
0
2
0
0
0
0
0
553.0000,369.0000,22.0000,63.0000
2
0
0
0
0
0
2
0
0
0
0
0
2
0
0
0
0
0
2
0
0
0
0
0
2
0
0
0
0
0
2
0
0
0
0
0
2
0
0
0
0
0
2
0
0
0
0
0
2
0
0
0
0
0
2
0
0
0
0
0
2
0
0
0
0
0
2
0
0
0
0
0
2
0
0
0
0
0
2
0
0
0
0
0
2
0
0
0
0
0
2
0
0
0
0
0
2
0
0
0
0
0
2
0
0
0
0
0
2
0
0
0
0
0
2
0
0
0
0
0
2
0
0
0
0
0
2
0
0
0
0
0
2
0
0
0
0
0
2
0
0
0
0
0
2
0
0
0
0
0
2
0
0
0
0
0
2
0
0
0
0
0
2
0
0
0
0
0
2
0
0
0
0
0
2
0
0
0
0
0
2
0
0
0
0
0
2
0
0
0
0
0
2
0
0
0
0
0
2
0
0
0
0
0
2
0
0
0
0
