1
668.9797,391.9401,22.0405,65.1198
667.9278,391.7866,22.1445,65.4268
666.9097,391.7334,22.1805,65.5333
665.9199,390.7632,22.1603,65.4736
663.9016,390.7093,22.1968,65.5815
662.8802,390.6461,22.2396,65.7078
661.8558,389.5739,22.2885,65.8523
660.7922,389.3860,22.4156,66.2279
658.7080,388.1374,22.5839,66.7252
656.6379,386.9301,22.7242,67.1398
655.5659,386.7173,22.8683,67.5654
654.6078,385.8412,22.7844,67.3176
653.6209,385.8800,22.7582,67.2400
651.6005,384.8197,22.7990,67.3607
649.5922,383.7952,22.8156,67.4096
648.5677,383.7227,22.8646,67.5545
646.5831,382.7684,22.8337,67.4632
644.5433,382.6505,22.9135,67.6990
642.5095,382.5508,22.9810,67.8985
641.4619,381.4101,23.0762,68.1798
639.4008,380.2295,23.1985,68.5409
636.3463,380.0687,23.3074,68.8626
634.3517,379.0846,23.2966,68.8307
632.3762,379.1569,23.2477,68.6863
629.4292,378.3135,23.1416,68.3730
627.4824,378.4708,23.0351,68.0584
625.5175,378.5743,22.9651,67.8515
623.5457,378.6576,22.9087,67.6849
621.5928,377.7969,22.8144,67.4061
618.6675,376.0176,22.6650,66.9648
615.7114,375.1472,22.5773,66.7057
613.6684,374.0203,22.6632,66.9594
612.6284,371.9020,22.7432,67.1959
611.5488,370.6667,22.9025,67.6665
611.5244,369.5947,22.9513,67.8106
612.5376,369.6338,22.9248,67.7324
613.5935,369.7989,22.8130,67.4022
613.6707,370.0269,22.6587,66.9462
615.6937,369.0952,22.6125,66.8097
617.6584,367.9908,22.6831,67.0184
619.6677,367.0182,22.6646,66.9635
621.6821,365.0606,22.6359,66.8788
624.6884,364.0793,22.6232,66.8414
625.6547,361.9798,22.6906,67.0403
628.6312,359.9105,22.7375,67.1791
631.6870,359.0751,22.6261,66.8498
633.7430,359.2408,22.5140,66.5185
635.8046,359.4227,22.3908,66.1546
637.8424,359.5344,22.3152,65.9312
641.9108,358.7364,22.1784,65.5272
644.0263,359.0778,21.9473,64.8444
646.0566,358.1672,21.8868,64.6655
648.0898,356.2652,21.8205,64.4696
650.1030,355.3042,21.7941,64.3915
653.1077,353.3183,21.7845,64.3634
655.0396,352.1171,21.9207,64.7658
656.0015,351.0044,21.9970,64.9912
657.9764,349.9302,22.0472,65.1395
658.9859,349.9584,22.0282,65.0832
661.9964,349.9893,22.0072,65.0213
663.0375,350.1107,21.9250,64.7785
666.0960,349.2836,21.8080,64.4328
668.1361,347.4022,21.7277,64.1956
670.1762,346.5207,21.6475,63.9586
673.1735,344.5125,21.6530,63.9749
674.1357,343.4008,21.7287,64.1983
676.1300,341.3841,21.7400,64.2318
678.1196,340.3535,21.7607,64.2930
680.1147,339.3388,21.7707,64.3225
682.1476,339.4360,21.7049,64.1280
683.1575,339.4652,21.6851,64.0695
685.1672,339.4940,21.6656,64.0120
686.1790,339.5287,21.6421,63.9426
688.2114,338.6247,21.5771,63.7506
691.1773,337.5239,21.6453,63.9521
692.1887,335.5574,21.6227,63.8853
694.1682,333.4968,21.6637,64.0063
696.1935,332.5719,21.6129,63.8562
697.1993,331.5889,21.6014,63.8223
699.1576,330.4655,21.6849,64.0689
700.1713,330.5061,21.6574,63.9878
701.2063,329.6095,21.5874,63.7810
703.2155,329.6367,21.5690,63.7267
704.1786,328.5279,21.6427,63.9443
705.1838,326.5430,21.6324,63.9140
706.2000,325.5907,21.6001,63.8185
707.2028,323.5992,21.5944,63.8016
708.1876,321.5543,21.6248,63.8914
709.1873,320.5533,21.6255,63.8935
710.1661,318.4907,21.6678,64.0186
711.1899,317.5610,21.6203,63.8780
711.2325,317.6869,21.5351,63.6263
711.2906,317.8587,21.4187,63.2826
711.3499,317.0338,21.3002,62.9324
712.3682,316.0880,21.2635,62.8241
712.3831,315.1320,21.2337,62.7360
713.3772,314.1144,21.2456,62.7711
713.3498,312.0334,21.3004,62.9331
714.3558,310.0514,21.2883,62.8972
715.3409,308.0071,21.3182,62.9857
715.3499,307.0338,21.3002,62.9323
716.3712,306.0966,21.2577,62.8069
716.4054,306.1978,21.1892,62.6044
716.4415,305.3046,21.1169,62.3908
717.4538,304.3408,21.0924,62.3184
717.4792,303.4160,21.0415,62.1680
717.4711,301.3920,21.0577,62.2160
718.4457,300.3169,21.1085,62.3661
718.4056,298.1985,21.1887,62.6030
719.4083,296.2065,21.1833,62.5871
719.4271,295.2621,21.1457,62.4759
719.4354,294.2864,21.1292,62.4271
719.4666,294.3786,21.0668,62.2428
720.5269,293.5566,20.9463,61.8867
720.6182,292.8264,20.7637,61.3472
720.6642,291.9623,20.6717,61.0754
721.6682,290.9742,20.6636,61.0516
721.6581,288.9446,20.6837,61.1108
722.6328,287.8695,20.7345,61.2609
722.5987,285.7689,20.8026,61.4622
722.6338,284.8726,20.7324,61.2549
723.7023,284.0751,20.5953,60.8498
723.7770,284.2958,20.4459,60.4083
723.8045,283.3770,20.3909,60.2460
724.8143,281.4058,20.3714,60.1883
725.8657,280.5576,20.2687,59.8848
726.8888,278.6260,20.2224,59.7480
727.9296,277.7465,20.1409,59.5071
727.9854,276.9115,20.0291,59.1770
729.0031,274.9637,19.9938,59.0726
729.1049,275.2643,19.7903,58.4715
729.1670,275.4478,19.6661,58.1043
729.2319,274.6398,19.5361,57.7203
730.2847,274.7958,19.4305,57.4083
731.3135,273.8807,19.3731,57.2387
731.3396,272.9579,19.3208,57.0843
733.3881,273.1013,19.2237,56.7973
734.4216,272.2002,19.1568,56.5996
733.3672,270.0396,19.2655,56.9208
733.3584,269.0135,19.2832,56.9731
733.3921,269.1130,19.2158,56.7741
733.4186,269.1912,19.1629,56.6175
734.4299,269.2245,19.1403,56.5509
736.4821,268.3787,19.0359,56.2425
740.5930,267.7067,18.8139,55.5865
742.5948,268.7120,18.8103,55.5760
745.5848,268.6825,18.8303,55.6350
2
0
0
0
0
0
2
0
0
0
0
0
2
0
0
0
0
0
2
0
0
0
0
0
2
0
0
0
0
0
2
0
0
0
0
0
2
0
0
0
0
0
2
0
0
0
0
0
2
0
0
0
0
0
2
0
0
0
0
0
2
0
0
0
0
0
2
0
0
0
0
0
2
0
0
0
0
0
2
0
0
0
0
0
2
0
0
0
0
0
2
0
0
0
0
0
2
0
0
0
0
0
2
0
0
0
0
0
2
0
0
0
0
0
2
0
0
0
0
0
2
0
0
0
0
0
2
0
0
0
0
0
2
0
0
0
0
0
2
0
0
0
0
0
2
0
0
0
0
0
2
0
0
0
0
0
2
0
0
0
0
0
2
0
0
0
0
0
2
0
0
0
0
0
2
0
0
0
0
0
2
0
0
0
0
0
2
0
0
0
0
0
2
0
0
0
0
0
2
0
0
0
0
0
2
0
0
0
0
0
2
0
0
0
0
0
2
0
0
0
0
0
2
0
0
0
0
0
2
0
0
0
0
0
2
0
0
0
0
0
2
0
0
0
0
0
2
0
0
0
0
0
2
0
0
0
0
0
2
0
0
0
0
0
2
0
0
0
0
0
2
0
0
0
0
0
2
0
0
0
0
0
2
0
0
0
0
0
2
0
0
0
0
0
2
0
0
0
0
0
2
0
0
0
0
0
2
0
0
0
0
0
2
0
0
0
0
0
2
0
0
0
0
0
2
0
0
0
0
0
2
0
0
0
0
0
2
0
0
0
0
0
2
0
0
0
0
0
2
0
0
0
0
0
2
0
0
0
0
0
2
0
0
0
0
0
2
0
0
0
0
0
2
0
0
0
0
0
2
0
0
0
0
0
2
0
0
0
0
0
2
0
0
0
0
0
2
0
0
0
0
0
2
0
0
0
0
0
2
0
0
0
0
0
2
0
0
0
0
0
2
0
0
0
0
0
2
0
0
0
0
0
2
0
0
0
0
0
2
0
0
0
0
0
2
0
0
0
0
0
2
0
0
0
0
0
2
0
0
0
0
0
2
0
0
0
0
0
2
0
0
0
0
0
2
0
0
0
0
0
2
0
0
0
0
0
2
0
0
0
0
0
2
0
0
0
0
0
2
0
0
0
0
0
2
0
0
0
0
0
2
0
0
0
0
0
2
0
0
0
0
0
2
0
0
0
0
0
2
0
0
0
0
0
2
0
0
0
0
0
2
0
0
0
0
0
2
0
0
0
0
0
2
0
0
0
0
0
2
0
0
0
0
0
2
0
0
0
0
0
2
0
0
0
0
0
2
0
0
0
0
0
2
0
0
0
0
0
2
0
0
0
0
0
2
0
0
0
0
0
2
0
0
0
0
0
2
0
0
0
0
0
2
0
0
0
0
0
2
0
0
0
0
0
2
0
0
0
0
0
2
0
0
0
0
0
2
0
0
0
0
0
2
0
0
0
0
0
2
0
0
0
0
0
2
0
0
0
0
0
2
0
0
0
0
0
2
0
0
0
0
0
2
0
0
0
0
0
2
0
0
0
0
0
2
0
0
0
0
0
2
0
0
0
0
0
2
0
0
