1
622.5000,475.5000,69.0000,89.0000
622.5000,475.5000,69.0000,89.0000
622.5000,475.5000,69.0000,89.0000
622.5000,475.5000,69.0000,89.0000
622.5000,475.5000,69.0000,89.0000
622.5000,475.5000,69.0000,89.0000
622.5000,475.5000,69.0000,89.0000
618.5000,475.5000,69.0000,89.0000
618.5000,475.5000,69.0000,89.0000
618.5000,475.5000,69.0000,89.0000
618.5000,475.5000,69.0000,89.0000
618.5000,475.5000,69.0000,89.0000
618.5000,475.5000,69.0000,89.0000
618.5000,475.5000,69.0000,89.0000
618.5000,475.5000,69.0000,89.0000
614.5000,471.5000,69.0000,89.0000
614.5000,471.5000,69.0000,89.0000
614.5000,471.5000,69.0000,89.0000
614.5000,471.5000,69.0000,89.0000
614.5000,471.5000,69.0000,89.0000
614.5000,471.5000,69.0000,89.0000
614.5000,471.5000,69.0000,89.0000
614.5000,471.5000,69.0000,89.0000
614.5000,471.5000,69.0000,89.0000
614.5000,471.5000,69.0000,89.0000
610.5000,471.5000,69.0000,89.0000
610.5000,471.5000,69.0000,89.0000
610.5000,467.5000,69.0000,89.0000
610.5000,467.5000,69.0000,89.0000
610.5000,467.5000,69.0000,89.0000
610.5000,467.5000,69.0000,89.0000
610.5000,467.5000,69.0000,89.0000
610.5000,467.5000,69.0000,89.0000
610.5000,467.5000,69.0000,89.0000
610.5000,467.5000,69.0000,89.0000
606.5000,467.5000,69.0000,89.0000
606.5000,467.5000,69.0000,89.0000
606.5000,467.5000,69.0000,89.0000
606.5000,467.5000,69.0000,89.0000
606.5000,463.5000,69.0000,89.0000
606.5000,463.5000,69.0000,89.0000
606.5000,463.5000,69.0000,89.0000
606.5000,463.5000,69.0000,89.0000
606.5000,463.5000,69.0000,89.0000
602.5000,463.5000,69.0000,89.0000
602.5000,463.5000,69.0000,89.0000
602.5000,463.5000,69.0000,89.0000
602.5000,463.5000,69.0000,89.0000
602.5000,463.5000,69.0000,89.0000
602.5000,459.5000,69.0000,89.0000
602.5000,459.5000,69.0000,89.0000
602.5000,459.5000,69.0000,89.0000
602.5000,459.5000,69.0000,89.0000
602.5000,459.5000,69.0000,89.0000
598.5000,459.5000,69.0000,89.0000
598.5000,459.5000,69.0000,89.0000
598.5000,455.5000,69.0000,89.0000
598.5000,455.5000,69.0000,89.0000
598.5000,455.5000,69.0000,89.0000
598.5000,455.5000,69.0000,89.0000
598.5000,455.5000,69.0000,89.0000
598.5000,455.5000,69.0000,89.0000
598.5000,455.5000,69.0000,89.0000
598.5000,455.5000,69.0000,89.0000
594.5000,451.5000,69.0000,89.0000
594.5000,451.5000,69.0000,89.0000
594.5000,451.5000,69.0000,89.0000
594.5000,451.5000,69.0000,89.0000
594.5000,451.5000,69.0000,89.0000
594.5000,451.5000,69.0000,89.0000
594.5000,447.5000,69.0000,89.0000
594.5000,447.5000,69.0000,89.0000
594.5000,447.5000,69.0000,89.0000
590.5000,447.5000,69.0000,89.0000
590.5000,447.5000,69.0000,89.0000
590.5000,447.5000,69.0000,89.0000
590.5000,447.5000,69.0000,89.0000
590.5000,447.5000,69.0000,89.0000
590.5000,443.5000,69.0000,89.0000
590.5000,443.5000,69.0000,89.0000
590.5000,443.5000,69.0000,89.0000
590.5000,443.5000,69.0000,89.0000
590.5000,443.5000,69.0000,89.0000
590.5000,443.5000,69.0000,89.0000
590.5000,439.5000,69.0000,89.0000
590.5000,439.5000,69.0000,89.0000
590.5000,439.5000,69.0000,89.0000
590.5000,439.5000,69.0000,89.0000
590.5000,439.5000,69.0000,89.0000
590.5000,439.5000,69.0000,89.0000
590.5000,435.5000,69.0000,89.0000
590.5000,435.5000,69.0000,89.0000
590.5000,435.5000,69.0000,89.0000
590.5000,435.5000,69.0000,89.0000
590.5000,435.5000,69.0000,89.0000
590.5000,435.5000,69.0000,89.0000
590.5000,431.5000,69.0000,89.0000
590.5000,431.5000,69.0000,89.0000
590.5000,431.5000,69.0000,89.0000
590.5000,431.5000,69.0000,89.0000
590.5000,431.5000,69.0000,89.0000
590.5000,431.5000,69.0000,89.0000
590.5000,427.5000,69.0000,89.0000
590.5000,427.5000,69.0000,89.0000
590.5000,427.5000,69.0000,89.0000
590.5000,427.5000,69.0000,89.0000
590.5000,427.5000,69.0000,89.0000
590.5000,423.5000,69.0000,89.0000
590.5000,423.5000,69.0000,89.0000
590.5000,423.5000,69.0000,89.0000
590.5000,423.5000,69.0000,89.0000
590.5000,423.5000,69.0000,89.0000
586.5000,419.5000,69.0000,89.0000
586.5000,419.5000,69.0000,89.0000
586.5000,419.5000,69.0000,89.0000
586.5000,419.5000,69.0000,89.0000
586.5000,419.5000,69.0000,89.0000
586.5000,415.5000,69.0000,89.0000
586.5000,415.5000,69.0000,89.0000
586.5000,415.5000,69.0000,89.0000
586.5000,415.5000,69.0000,89.0000
586.5000,415.5000,69.0000,89.0000
586.5000,411.5000,69.0000,89.0000
586.5000,411.5000,69.0000,89.0000
586.5000,411.5000,69.0000,89.0000
586.5000,411.5000,69.0000,89.0000
586.5000,407.5000,69.0000,89.0000
586.5000,407.5000,69.0000,89.0000
586.5000,407.5000,69.0000,89.0000
586.5000,407.5000,69.0000,89.0000
586.5000,407.5000,69.0000,89.0000
586.5000,403.5000,69.0000,89.0000
586.5000,403.5000,69.0000,89.0000
586.5000,403.5000,69.0000,89.0000
586.5000,403.5000,69.0000,89.0000
586.5000,403.5000,69.0000,89.0000
586.5000,399.5000,69.0000,89.0000
586.5000,399.5000,69.0000,89.0000
586.5000,399.5000,69.0000,89.0000
586.5000,399.5000,69.0000,89.0000
582.5000,395.5000,69.0000,89.0000
582.5000,395.5000,69.0000,89.0000
582.5000,395.5000,69.0000,89.0000
582.5000,395.5000,69.0000,89.0000
582.5000,395.5000,69.0000,89.0000
582.5000,395.5000,69.0000,89.0000
582.5000,391.5000,69.0000,89.0000
582.5000,391.5000,69.0000,89.0000
582.5000,391.5000,69.0000,89.0000
582.5000,391.5000,69.0000,89.0000
582.5000,387.5000,69.0000,89.0000
582.5000,387.5000,69.0000,89.0000
582.5000,387.5000,69.0000,89.0000
582.5000,387.5000,69.0000,89.0000
582.5000,387.5000,69.0000,89.0000
582.5000,383.5000,69.0000,89.0000
582.5000,383.5000,69.0000,89.0000
578.5000,383.5000,69.0000,89.0000
578.5000,383.5000,69.0000,89.0000
578.5000,383.5000,69.0000,89.0000
578.5000,379.5000,69.0000,89.0000
578.5000,379.5000,69.0000,89.0000
578.5000,379.5000,69.0000,89.0000
578.5000,379.5000,69.0000,89.0000
578.5000,375.5000,69.0000,89.0000
578.5000,375.5000,69.0000,89.0000
578.5000,375.5000,69.0000,89.0000
578.5000,375.5000,69.0000,89.0000
578.5000,375.5000,69.0000,89.0000
578.5000,375.5000,69.0000,89.0000
574.5000,371.5000,69.0000,89.0000
574.5000,371.5000,69.0000,89.0000
574.5000,371.5000,69.0000,89.0000
574.5000,371.5000,69.0000,89.0000
574.5000,371.5000,69.0000,89.0000
574.5000,371.5000,69.0000,89.0000
574.5000,367.5000,69.0000,89.0000
574.5000,367.5000,69.0000,89.0000
574.5000,367.5000,69.0000,89.0000
574.5000,367.5000,69.0000,89.0000
574.5000,367.5000,69.0000,89.0000
574.5000,363.5000,69.0000,89.0000
570.5000,363.5000,69.0000,89.0000
570.5000,363.5000,69.0000,89.0000
570.5000,363.5000,69.0000,89.0000
570.5000,363.5000,69.0000,89.0000
570.5000,363.5000,69.0000,89.0000
570.5000,359.5000,69.0000,89.0000
570.5000,359.5000,69.0000,89.0000
570.5000,359.5000,69.0000,89.0000
570.5000,359.5000,69.0000,89.0000
570.5000,359.5000,69.0000,89.0000
570.5000,359.5000,69.0000,89.0000
570.5000,359.5000,69.0000,89.0000
566.5000,355.5000,69.0000,89.0000
566.5000,355.5000,69.0000,89.0000
566.5000,355.5000,69.0000,89.0000
566.5000,355.5000,69.0000,89.0000
566.5000,355.5000,69.0000,89.0000
566.5000,355.5000,69.0000,89.0000
566.5000,355.5000,69.0000,89.0000
566.5000,355.5000,69.0000,89.0000
566.5000,355.5000,69.0000,89.0000
566.5000,355.5000,69.0000,89.0000
562.5000,355.5000,69.0000,89.0000
562.5000,351.5000,69.0000,89.0000
562.5000,351.5000,69.0000,89.0000
562.5000,351.5000,69.0000,89.0000
562.5000,351.5000,69.0000,89.0000
562.5000,351.5000,69.0000,89.0000
562.5000,351.5000,69.0000,89.0000
562.5000,351.5000,69.0000,89.0000
562.5000,351.5000,69.0000,89.0000
562.5000,351.5000,69.0000,89.0000
562.5000,351.5000,69.0000,89.0000
562.5000,351.5000,69.0000,89.0000
562.5000,351.5000,69.0000,89.0000
562.5000,351.5000,69.0000,89.0000
566.5000,351.5000,69.0000,89.0000
566.5000,351.5000,69.0000,89.0000
566.5000,347.5000,69.0000,89.0000
566.5000,347.5000,69.0000,89.0000
566.5000,347.5000,69.0000,89.0000
566.5000,347.5000,69.0000,89.0000
566.5000,347.5000,69.0000,89.0000
566.5000,347.5000,69.0000,89.0000
566.5000,347.5000,69.0000,89.0000
566.5000,347.5000,69.0000,89.0000
566.5000,347.5000,69.0000,89.0000
566.5000,347.5000,69.0000,89.0000
566.5000,347.5000,69.0000,89.0000
566.5000,347.5000,69.0000,89.0000
566.5000,347.5000,69.0000,89.0000
566.5000,343.5000,69.0000,89.0000
566.5000,343.5000,69.0000,89.0000
566.5000,343.5000,69.0000,89.0000
566.5000,343.5000,69.0000,89.0000
570.5000,343.5000,69.0000,89.0000
570.5000,343.5000,69.0000,89.0000
574.5000,343.5000,69.0000,89.0000
574.5000,343.5000,69.0000,89.0000
578.5000,343.5000,69.0000,89.0000
578.5000,343.5000,69.0000,89.0000
582.5000,343.5000,69.0000,89.0000
586.5000,343.5000,69.0000,89.0000
586.5000,343.5000,69.0000,89.0000
586.5000,343.5000,69.0000,89.0000
590.5000,343.5000,69.0000,89.0000
590.5000,343.5000,69.0000,89.0000
594.5000,343.5000,69.0000,89.0000
594.5000,343.5000,69.0000,89.0000
594.5000,343.5000,69.0000,89.0000
594.5000,339.5000,69.0000,89.0000
594.5000,339.5000,69.0000,89.0000
594.5000,339.5000,69.0000,89.0000
594.5000,339.5000,69.0000,89.0000
594.5000,339.5000,69.0000,89.0000
594.5000,339.5000,69.0000,89.0000
594.5000,339.5000,69.0000,89.0000
594.5000,339.5000,69.0000,89.0000
594.5000,339.5000,69.0000,89.0000
594.5000,339.5000,69.0000,89.0000
594.5000,339.5000,69.0000,89.0000
594.5000,339.5000,69.0000,89.0000
594.5000,339.5000,69.0000,89.0000
594.5000,339.5000,69.0000,89.0000
594.5000,339.5000,69.0000,89.0000
594.5000,339.5000,69.0000,89.0000
594.5000,339.5000,69.0000,89.0000
594.5000,339.5000,69.0000,89.0000
594.5000,339.5000,69.0000,89.0000
594.5000,339.5000,69.0000,89.0000
594.5000,339.5000,69.0000,89.0000
594.5000,339.5000,69.0000,89.0000
590.5000,339.5000,69.0000,89.0000
590.5000,339.5000,69.0000,89.0000
590.5000,339.5000,69.0000,89.0000
590.5000,339.5000,69.0000,89.0000
590.5000,339.5000,69.0000,89.0000
590.5000,339.5000,69.0000,89.0000
590.5000,339.5000,69.0000,89.0000
590.5000,339.5000,69.0000,89.0000
590.5000,339.5000,69.0000,89.0000
590.5000,339.5000,69.0000,89.0000
590.5000,339.5000,69.0000,89.0000
590.5000,343.5000,69.0000,89.0000
590.5000,343.5000,69.0000,89.0000
590.5000,343.5000,69.0000,89.0000
590.5000,343.5000,69.0000,89.0000
590.5000,343.5000,69.0000,89.0000
590.5000,343.5000,69.0000,89.0000
590.5000,343.5000,69.0000,89.0000
590.5000,343.5000,69.0000,89.0000
590.5000,343.5000,69.0000,89.0000
590.5000,343.5000,69.0000,89.0000
590.5000,343.5000,69.0000,89.0000
586.5000,343.5000,69.0000,89.0000
586.5000,343.5000,69.0000,89.0000
586.5000,343.5000,69.0000,89.0000
586.5000,343.5000,69.0000,89.0000
586.5000,343.5000,69.0000,89.0000
586.5000,343.5000,69.0000,89.0000
586.5000,343.5000,69.0000,89.0000
586.5000,343.5000,69.0000,89.0000
586.5000,343.5000,69.0000,89.0000
586.5000,347.5000,69.0000,89.0000
586.5000,347.5000,69.0000,89.0000
586.5000,347.5000,69.0000,89.0000
586.5000,347.5000,69.0000,89.0000
586.5000,347.5000,69.0000,89.0000
586.5000,347.5000,69.0000,89.0000
586.5000,347.5000,69.0000,89.0000
586.5000,347.5000,69.0000,89.0000
586.5000,347.5000,69.0000,89.0000
586.5000,347.5000,69.0000,89.0000
586.5000,347.5000,69.0000,89.0000
586.5000,347.5000,69.0000,89.0000
586.5000,347.5000,69.0000,89.0000
586.5000,347.5000,69.0000,89.0000
586.5000,347.5000,69.0000,89.0000
586.5000,347.5000,69.0000,89.0000
586.5000,351.5000,69.0000,89.0000
586.5000,351.5000,69.0000,89.0000
586.5000,351.5000,69.0000,89.0000
586.5000,351.5000,69.0000,89.0000
586.5000,351.5000,69.0000,89.0000
586.5000,351.5000,69.0000,89.0000
586.5000,351.5000,69.0000,89.0000
586.5000,351.5000,69.0000,89.0000
582.5000,351.5000,69.0000,89.0000
582.5000,351.5000,69.0000,89.0000
582.5000,351.5000,69.0000,89.0000
582.5000,351.5000,69.0000,89.0000
582.5000,351.5000,69.0000,89.0000
582.5000,351.5000,69.0000,89.0000
582.5000,351.5000,69.0000,89.0000
582.5000,351.5000,69.0000,89.0000
582.5000,351.5000,69.0000,89.0000
582.5000,351.5000,69.0000,89.0000
582.5000,355.5000,69.0000,89.0000
582.5000,355.5000,69.0000,89.0000
582.5000,355.5000,69.0000,89.0000
582.5000,355.5000,69.0000,89.0000
582.5000,355.5000,69.0000,89.0000
582.5000,355.5000,69.0000,89.0000
582.5000,355.5000,69.0000,89.0000
582.5000,355.5000,69.0000,89.0000
582.5000,355.5000,69.0000,89.0000
582.5000,359.5000,69.0000,89.0000
582.5000,359.5000,69.0000,89.0000
582.5000,359.5000,69.0000,89.0000
582.5000,359.5000,69.0000,89.0000
582.5000,359.5000,69.0000,89.0000
582.5000,359.5000,69.0000,89.0000
582.5000,359.5000,69.0000,89.0000
582.5000,359.5000,69.0000,89.0000
582.5000,359.5000,69.0000,89.0000
582.5000,359.5000,69.0000,89.0000
582.5000,359.5000,69.0000,89.0000
582.5000,363.5000,69.0000,89.0000
582.5000,363.5000,69.0000,89.0000
578.5000,359.5000,69.0000,89.0000
578.5000,359.5000,69.0000,89.0000
578.5000,359.5000,69.0000,89.0000
578.5000,359.5000,69.0000,89.0000
578.5000,359.5000,69.0000,89.0000
578.5000,359.5000,69.0000,89.0000
578.5000,359.5000,69.0000,89.0000
578.5000,363.5000,69.0000,89.0000
578.5000,363.5000,69.0000,89.0000
578.5000,363.5000,69.0000,89.0000
578.5000,363.5000,69.0000,89.0000
578.5000,363.5000,69.0000,89.0000
578.5000,363.5000,69.0000,89.0000
578.5000,363.5000,69.0000,89.0000
578.5000,363.5000,69.0000,89.0000
578.5000,363.5000,69.0000,89.0000
578.5000,363.5000,69.0000,89.0000
578.5000,363.5000,69.0000,89.0000
582.5000,367.5000,69.0000,89.0000
586.5000,367.5000,69.0000,89.0000
590.5000,367.5000,69.0000,89.0000
594.5000,367.5000,69.0000,89.0000
598.5000,367.5000,69.0000,89.0000
606.5000,367.5000,69.0000,89.0000
614.5000,367.5000,69.0000,89.0000
618.5000,367.5000,69.0000,89.0000
622.5000,367.5000,69.0000,89.0000
626.5000,367.5000,69.0000,89.0000
634.5000,367.5000,69.0000,89.0000
634.5000,367.5000,69.0000,89.0000
638.5000,367.5000,69.0000,89.0000
638.5000,367.5000,69.0000,89.0000
642.5000,367.5000,69.0000,89.0000
642.5000,367.5000,69.0000,89.0000
642.5000,367.5000,69.0000,89.0000
642.5000,367.5000,69.0000,89.0000
642.5000,367.5000,69.0000,89.0000
642.5000,367.5000,69.0000,89.0000
642.5000,367.5000,69.0000,89.0000
642.5000,367.5000,69.0000,89.0000
642.5000,367.5000,69.0000,89.0000
642.5000,367.5000,69.0000,89.0000
642.5000,367.5000,69.0000,89.0000
642.5000,371.5000,69.0000,89.0000
642.5000,371.5000,69.0000,89.0000
642.5000,371.5000,69.0000,89.0000
642.5000,371.5000,69.0000,89.0000
642.5000,371.5000,69.0000,89.0000
642.5000,371.5000,69.0000,89.0000
642.5000,371.5000,69.0000,89.0000
642.5000,371.5000,69.0000,89.0000
642.5000,371.5000,69.0000,89.0000
642.5000,371.5000,69.0000,89.0000
642.5000,371.5000,69.0000,89.0000
642.5000,371.5000,69.0000,89.0000
642.5000,371.5000,69.0000,89.0000
642.5000,371.5000,69.0000,89.0000
642.5000,371.5000,69.0000,89.0000
642.5000,371.5000,69.0000,89.0000
642.5000,371.5000,69.0000,89.0000
642.5000,371.5000,69.0000,89.0000
642.5000,371.5000,69.0000,89.0000
642.5000,371.5000,69.0000,89.0000
642.5000,375.5000,69.0000,89.0000
642.5000,375.5000,69.0000,89.0000
642.5000,375.5000,69.0000,89.0000
642.5000,375.5000,69.0000,89.0000
642.5000,375.5000,69.0000,89.0000
642.5000,375.5000,69.0000,89.0000
642.5000,375.5000,69.0000,89.0000
642.5000,375.5000,69.0000,89.0000
642.5000,375.5000,69.0000,89.0000
642.5000,375.5000,69.0000,89.0000
642.5000,375.5000,69.0000,89.0000
642.5000,375.5000,69.0000,89.0000
642.5000,375.5000,69.0000,89.0000
642.5000,375.5000,69.0000,89.0000
642.5000,375.5000,69.0000,89.0000
642.5000,375.5000,69.0000,89.0000
642.5000,375.5000,69.0000,89.0000
642.5000,375.5000,69.0000,89.0000
642.5000,375.5000,69.0000,89.0000
642.5000,375.5000,69.0000,89.0000
638.5000,375.5000,69.0000,89.0000
638.5000,375.5000,69.0000,89.0000
638.5000,375.5000,69.0000,89.0000
638.5000,375.5000,69.0000,89.0000
638.5000,375.5000,69.0000,89.0000
638.5000,375.5000,69.0000,89.0000
638.5000,375.5000,69.0000,89.0000
638.5000,375.5000,69.0000,89.0000
638.5000,375.5000,69.0000,89.0000
638.5000,375.5000,69.0000,89.0000
638.5000,375.5000,69.0000,89.0000
638.5000,375.5000,69.0000,89.0000
638.5000,375.5000,69.0000,89.0000
638.5000,375.5000,69.0000,89.0000
638.5000,375.5000,69.0000,89.0000
638.5000,379.5000,69.0000,89.0000
638.5000,375.5000,69.0000,89.0000
638.5000,379.5000,69.0000,89.0000
638.5000,379.5000,69.0000,89.0000
638.5000,379.5000,69.0000,89.0000
638.5000,379.5000,69.0000,89.0000
638.5000,379.5000,69.0000,89.0000
638.5000,379.5000,69.0000,89.0000
638.5000,379.5000,69.0000,89.0000
638.5000,379.5000,69.0000,89.0000
638.5000,379.5000,69.0000,89.0000
638.5000,379.5000,69.0000,89.0000
638.5000,379.5000,69.0000,89.0000
638.5000,379.5000,69.0000,89.0000
638.5000,379.5000,69.0000,89.0000
638.5000,379.5000,69.0000,89.0000
638.5000,379.5000,69.0000,89.0000
638.5000,379.5000,69.0000,89.0000
638.5000,379.5000,69.0000,89.0000
638.5000,379.5000,69.0000,89.0000
638.5000,379.5000,69.0000,89.0000
638.5000,379.5000,69.0000,89.0000
638.5000,379.5000,69.0000,89.0000
638.5000,379.5000,69.0000,89.0000
638.5000,379.5000,69.0000,89.0000
638.5000,379.5000,69.0000,89.0000
638.5000,379.5000,69.0000,89.0000
638.5000,379.5000,69.0000,89.0000
638.5000,379.5000,69.0000,89.0000
638.5000,379.5000,69.0000,89.0000
638.5000,379.5000,69.0000,89.0000
638.5000,379.5000,69.0000,89.0000
638.5000,379.5000,69.0000,89.0000
638.5000,379.5000,69.0000,89.0000
638.5000,379.5000,69.0000,89.0000
638.5000,379.5000,69.0000,89.0000
634.5000,379.5000,69.0000,89.0000
634.5000,379.5000,69.0000,89.0000
634.5000,379.5000,69.0000,89.0000
634.5000,379.5000,69.0000,89.0000
634.5000,383.5000,69.0000,89.0000
634.5000,383.5000,69.0000,89.0000
634.5000,383.5000,69.0000,89.0000
634.5000,383.5000,69.0000,89.0000
634.5000,383.5000,69.0000,89.0000
634.5000,383.5000,69.0000,89.0000
634.5000,383.5000,69.0000,89.0000
634.5000,383.5000,69.0000,89.0000
634.5000,383.5000,69.0000,89.0000
634.5000,383.5000,69.0000,89.0000
634.5000,383.5000,69.0000,89.0000
634.5000,383.5000,69.0000,89.0000
634.5000,383.5000,69.0000,89.0000
634.5000,383.5000,69.0000,89.0000
634.5000,383.5000,69.0000,89.0000
634.5000,383.5000,69.0000,89.0000
634.5000,383.5000,69.0000,89.0000
634.5000,383.5000,69.0000,89.0000
634.5000,383.5000,69.0000,89.0000
634.5000,383.5000,69.0000,89.0000
634.5000,383.5000,69.0000,89.0000
634.5000,383.5000,69.0000,89.0000
634.5000,383.5000,69.0000,89.0000
634.5000,383.5000,69.0000,89.0000
634.5000,383.5000,69.0000,89.0000
634.5000,383.5000,69.0000,89.0000
634.5000,383.5000,69.0000,89.0000
634.5000,383.5000,69.0000,89.0000
634.5000,383.5000,69.0000,89.0000
634.5000,383.5000,69.0000,89.0000
634.5000,383.5000,69.0000,89.0000
634.5000,383.5000,69.0000,89.0000
634.5000,383.5000,69.0000,89.0000
634.5000,383.5000,69.0000,89.0000
634.5000,383.5000,69.0000,89.0000
634.5000,383.5000,69.0000,89.0000
634.5000,383.5000,69.0000,89.0000
634.5000,383.5000,69.0000,89.0000
634.5000,383.5000,69.0000,89.0000
634.5000,383.5000,69.0000,89.0000
634.5000,387.5000,69.0000,89.0000
634.5000,387.5000,69.0000,89.0000
634.5000,387.5000,69.0000,89.0000
634.5000,387.5000,69.0000,89.0000
634.5000,387.5000,69.0000,89.0000
634.5000,387.5000,69.0000,89.0000
634.5000,387.5000,69.0000,89.0000
634.5000,387.5000,69.0000,89.0000
634.5000,387.5000,69.0000,89.0000
634.5000,387.5000,69.0000,89.0000
634.5000,387.5000,69.0000,89.0000
634.5000,387.5000,69.0000,89.0000
634.5000,387.5000,69.0000,89.0000
634.5000,387.5000,69.0000,89.0000
634.5000,387.5000,69.0000,89.0000
634.5000,387.5000,69.0000,89.0000
634.5000,387.5000,69.0000,89.0000
634.5000,387.5000,69.0000,89.0000
634.5000,387.5000,69.0000,89.0000
634.5000,387.5000,69.0000,89.0000
634.5000,387.5000,69.0000,89.0000
634.5000,387.5000,69.0000,89.0000
634.5000,387.5000,69.0000,89.0000
634.5000,387.5000,69.0000,89.0000
634.5000,387.5000,69.0000,89.0000
634.5000,387.5000,69.0000,89.0000
634.5000,387.5000,69.0000,89.0000
630.5000,387.5000,69.0000,89.0000
630.5000,387.5000,69.0000,89.0000
630.5000,387.5000,69.0000,89.0000
630.5000,387.5000,69.0000,89.0000
630.5000,387.5000,69.0000,89.0000
630.5000,387.5000,69.0000,89.0000
630.5000,387.5000,69.0000,89.0000
630.5000,387.5000,69.0000,89.0000
630.5000,387.5000,69.0000,89.0000
630.5000,391.5000,69.0000,89.0000
630.5000,391.5000,69.0000,89.0000
630.5000,391.5000,69.0000,89.0000
630.5000,391.5000,69.0000,89.0000
630.5000,391.5000,69.0000,89.0000
630.5000,391.5000,69.0000,89.0000
630.5000,391.5000,69.0000,89.0000
630.5000,391.5000,69.0000,89.0000
630.5000,391.5000,69.0000,89.0000
630.5000,391.5000,69.0000,89.0000
630.5000,391.5000,69.0000,89.0000
630.5000,391.5000,69.0000,89.0000
630.5000,391.5000,69.0000,89.0000
630.5000,391.5000,69.0000,89.0000
630.5000,391.5000,69.0000,89.0000
630.5000,391.5000,69.0000,89.0000
630.5000,391.5000,69.0000,89.0000
630.5000,391.5000,69.0000,89.0000
630.5000,391.5000,69.0000,89.0000
630.5000,391.5000,69.0000,89.0000
630.5000,391.5000,69.0000,89.0000
630.5000,391.5000,69.0000,89.0000
630.5000,391.5000,69.0000,89.0000
630.5000,391.5000,69.0000,89.0000
630.5000,391.5000,69.0000,89.0000
630.5000,391.5000,69.0000,89.0000
630.5000,391.5000,69.0000,89.0000
630.5000,395.5000,69.0000,89.0000
630.5000,395.5000,69.0000,89.0000
630.5000,395.5000,69.0000,89.0000
630.5000,395.5000,69.0000,89.0000
630.5000,395.5000,69.0000,89.0000
630.5000,395.5000,69.0000,89.0000
630.5000,395.5000,69.0000,89.0000
630.5000,395.5000,69.0000,89.0000
630.5000,395.5000,69.0000,89.0000
630.5000,395.5000,69.0000,89.0000
630.5000,395.5000,69.0000,89.0000
630.5000,395.5000,69.0000,89.0000
630.5000,395.5000,69.0000,89.0000
630.5000,399.5000,69.0000,89.0000
630.5000,399.5000,69.0000,89.0000
630.5000,399.5000,69.0000,89.0000
630.5000,399.5000,69.0000,89.0000
630.5000,399.5000,69.0000,89.0000
630.5000,399.5000,69.0000,89.0000
630.5000,399.5000,69.0000,89.0000
630.5000,399.5000,69.0000,89.0000
630.5000,399.5000,69.0000,89.0000
630.5000,399.5000,69.0000,89.0000
630.5000,399.5000,69.0000,89.0000
630.5000,399.5000,69.0000,89.0000
630.5000,399.5000,69.0000,89.0000
630.5000,399.5000,69.0000,89.0000
630.5000,399.5000,69.0000,89.0000
630.5000,399.5000,69.0000,89.0000
630.5000,399.5000,69.0000,89.0000
630.5000,399.5000,69.0000,89.0000
630.5000,399.5000,69.0000,89.0000
630.5000,399.5000,69.0000,89.0000
630.5000,399.5000,69.0000,89.0000
630.5000,403.5000,69.0000,89.0000
630.5000,403.5000,69.0000,89.0000
630.5000,403.5000,69.0000,89.0000
630.5000,403.5000,69.0000,89.0000
630.5000,403.5000,69.0000,89.0000
630.5000,403.5000,69.0000,89.0000
630.5000,403.5000,69.0000,89.0000
630.5000,403.5000,69.0000,89.0000
630.5000,403.5000,69.0000,89.0000
630.5000,403.5000,69.0000,89.0000
630.5000,403.5000,69.0000,89.0000
630.5000,403.5000,69.0000,89.0000
630.5000,403.5000,69.0000,89.0000
630.5000,403.5000,69.0000,89.0000
630.5000,403.5000,69.0000,89.0000
630.5000,403.5000,69.0000,89.0000
630.5000,407.5000,69.0000,89.0000
630.5000,407.5000,69.0000,89.0000
630.5000,407.5000,69.0000,89.0000
630.5000,407.5000,69.0000,89.0000
630.5000,407.5000,69.0000,89.0000
634.5000,407.5000,69.0000,89.0000
634.5000,407.5000,69.0000,89.0000
634.5000,407.5000,69.0000,89.0000
634.5000,407.5000,69.0000,89.0000
634.5000,407.5000,69.0000,89.0000
634.5000,407.5000,69.0000,89.0000
634.5000,407.5000,69.0000,89.0000
634.5000,407.5000,69.0000,89.0000
634.5000,407.5000,69.0000,89.0000
634.5000,411.5000,69.0000,89.0000
634.5000,411.5000,69.0000,89.0000
634.5000,411.5000,69.0000,89.0000
634.5000,411.5000,69.0000,89.0000
634.5000,411.5000,69.0000,89.0000
634.5000,411.5000,69.0000,89.0000
634.5000,411.5000,69.0000,89.0000
634.5000,411.5000,69.0000,89.0000
634.5000,411.5000,69.0000,89.0000
634.5000,411.5000,69.0000,89.0000
634.5000,411.5000,69.0000,89.0000
634.5000,411.5000,69.0000,89.0000
634.5000,411.5000,69.0000,89.0000
634.5000,411.5000,69.0000,89.0000
634.5000,411.5000,69.0000,89.0000
634.5000,411.5000,69.0000,89.0000
634.5000,411.5000,69.0000,89.0000
634.5000,411.5000,69.0000,89.0000
634.5000,411.5000,69.0000,89.0000
634.5000,411.5000,69.0000,89.0000
634.5000,411.5000,69.0000,89.0000
634.5000,411.5000,69.0000,89.0000
634.5000,411.5000,69.0000,89.0000
634.5000,411.5000,69.0000,89.0000
634.5000,411.5000,69.0000,89.0000
634.5000,411.5000,69.0000,89.0000
634.5000,411.5000,69.0000,89.0000
634.5000,411.5000,69.0000,89.0000
634.5000,411.5000,69.0000,89.0000
634.5000,411.5000,69.0000,89.0000
634.5000,411.5000,69.0000,89.0000
634.5000,411.5000,69.0000,89.0000
634.5000,411.5000,69.0000,89.0000
634.5000,411.5000,69.0000,89.0000
634.5000,411.5000,69.0000,89.0000
634.5000,411.5000,69.0000,89.0000
634.5000,411.5000,69.0000,89.0000
634.5000,411.5000,69.0000,89.0000
634.5000,411.5000,69.0000,89.0000
634.5000,411.5000,69.0000,89.0000
634.5000,411.5000,69.0000,89.0000
634.5000,411.5000,69.0000,89.0000
634.5000,411.5000,69.0000,89.0000
634.5000,411.5000,69.0000,89.0000
634.5000,411.5000,69.0000,89.0000
634.5000,411.5000,69.0000,89.0000
634.5000,411.5000,69.0000,89.0000
634.5000,411.5000,69.0000,89.0000
634.5000,411.5000,69.0000,89.0000
634.5000,411.5000,69.0000,89.0000
634.5000,411.5000,69.0000,89.0000
634.5000,411.5000,69.0000,89.0000
634.5000,411.5000,69.0000,89.0000
634.5000,411.5000,69.0000,89.0000
638.5000,411.5000,69.0000,89.0000
638.5000,411.5000,69.0000,89.0000
638.5000,411.5000,69.0000,89.0000
638.5000,411.5000,69.0000,89.0000
638.5000,411.5000,69.0000,89.0000
638.5000,411.5000,69.0000,89.0000
638.5000,411.5000,69.0000,89.0000
638.5000,411.5000,69.0000,89.0000
638.5000,411.5000,69.0000,89.0000
638.5000,411.5000,69.0000,89.0000
638.5000,407.5000,69.0000,89.0000
638.5000,407.5000,69.0000,89.0000
638.5000,407.5000,69.0000,89.0000
638.5000,407.5000,69.0000,89.0000
638.5000,407.5000,69.0000,89.0000
638.5000,407.5000,69.0000,89.0000
638.5000,407.5000,69.0000,89.0000
638.5000,407.5000,69.0000,89.0000
638.5000,407.5000,69.0000,89.0000
638.5000,407.5000,69.0000,89.0000
638.5000,407.5000,69.0000,89.0000
638.5000,407.5000,69.0000,89.0000
638.5000,407.5000,69.0000,89.0000
638.5000,403.5000,69.0000,89.0000
638.5000,403.5000,69.0000,89.0000
638.5000,403.5000,69.0000,89.0000
638.5000,403.5000,69.0000,89.0000
638.5000,399.5000,69.0000,89.0000
638.5000,399.5000,69.0000,89.0000
638.5000,399.5000,69.0000,89.0000
