1
635.0000,248.5000,28.0000,93.0000
637.0000,249.0000,28.0000,93.0000
639.0000,250.5000,28.0000,93.0000
641.0000,251.0000,28.0000,93.0000
643.0000,251.5000,28.0000,93.0000
644.0000,252.0000,28.0000,93.0000
646.0000,252.5000,28.0000,93.0000
648.0000,253.0000,28.0000,93.0000
650.0000,253.5000,28.0000,93.0000
652.0000,254.0000,28.0000,93.0000
654.0000,254.5000,28.0000,93.0000
656.0000,255.0000,28.0000,93.0000
658.0000,256.5000,28.0000,93.0000
661.0000,257.0000,28.0000,93.0000
663.0000,257.5000,28.0000,93.0000
665.0000,258.0000,28.0000,93.0000
668.0000,257.5000,28.0000,93.0000
670.0000,258.0000,28.0000,93.0000
672.0000,257.5000,28.0000,93.0000
674.0000,258.0000,28.0000,93.0000
676.0000,257.5000,28.0000,93.0000
678.0000,257.0000,28.0000,93.0000
680.0000,257.5000,28.0000,93.0000
681.0000,257.0000,28.0000,93.0000
682.0000,256.5000,28.0000,93.0000
683.0000,256.0000,28.0000,93.0000
684.0000,256.5000,28.0000,93.0000
684.0000,256.0000,28.0000,93.0000
684.0000,256.5000,28.0000,93.0000
684.0000,256.0000,28.0000,93.0000
684.0000,256.5000,28.0000,93.0000
684.0000,256.0000,28.0000,93.0000
683.0000,255.5000,28.0000,93.0000
682.0000,256.0000,28.0000,93.0000
682.0000,255.5000,28.0000,93.0000
681.0000,255.0000,28.0000,93.0000
680.0000,254.5000,28.0000,93.0000
679.0000,254.0000,28.0000,93.0000
678.0000,253.5000,28.0000,93.0000
676.0000,253.0000,28.0000,93.0000
675.0000,253.5000,28.0000,93.0000
674.0000,253.0000,28.0000,93.0000
673.0000,252.5000,28.0000,93.0000
672.0000,252.0000,28.0000,93.0000
671.0000,251.5000,28.0000,93.0000
670.0000,251.0000,28.0000,93.0000
669.0000,250.5000,28.0000,93.0000
668.0000,250.0000,28.0000,93.0000
668.0000,249.5000,28.0000,93.0000
668.0000,249.0000,28.0000,93.0000
668.0000,248.5000,28.0000,93.0000
668.0000,248.0000,28.0000,93.0000
668.0000,247.5000,28.0000,93.0000
668.0000,247.0000,28.0000,93.0000
668.0000,245.5000,28.0000,93.0000
668.0000,245.0000,28.0000,93.0000
668.0000,243.5000,28.0000,93.0000
667.0000,243.0000,28.0000,93.0000
667.0000,241.5000,28.0000,93.0000
668.0000,240.0000,28.0000,93.0000
669.0000,239.5000,28.0000,93.0000
670.0000,238.0000,28.0000,93.0000
670.0000,236.5000,28.0000,93.0000
671.0000,236.0000,28.0000,93.0000
672.0000,234.5000,28.0000,93.0000
672.0000,233.0000,28.0000,93.0000
673.0000,232.5000,28.0000,93.0000
673.0000,231.0000,28.0000,93.0000
673.0000,230.5000,28.0000,93.0000
673.0000,229.0000,28.0000,93.0000
673.0000,228.5000,28.0000,93.0000
673.0000,227.0000,28.0000,93.0000
672.0000,225.5000,28.0000,93.0000
671.0000,224.0000,28.0000,93.0000
669.0000,222.5000,28.0000,93.0000
666.0000,221.0000,28.0000,93.0000
663.0000,219.5000,28.0000,93.0000
660.0000,219.0000,28.0000,93.0000
657.0000,217.5000,28.0000,93.0000
653.0000,216.0000,28.0000,93.0000
650.0000,215.5000,28.0000,93.0000
645.0000,214.0000,28.0000,93.0000
641.0000,213.5000,28.0000,93.0000
637.0000,213.0000,28.0000,93.0000
632.0000,212.5000,28.0000,93.0000
628.0000,211.0000,28.0000,93.0000
625.0000,210.5000,28.0000,93.0000
621.0000,209.0000,28.0000,93.0000
617.0000,208.5000,28.0000,93.0000
614.0000,207.0000,28.0000,93.0000
610.0000,206.5000,28.0000,93.0000
606.0000,205.0000,28.0000,93.0000
602.0000,204.5000,28.0000,93.0000
598.0000,204.0000,28.0000,93.0000
594.0000,202.5000,28.0000,93.0000
590.0000,202.0000,28.0000,93.0000
586.0000,201.5000,28.0000,93.0000
582.0000,201.0000,28.0000,93.0000
578.0000,200.5000,28.0000,93.0000
575.0000,199.0000,28.0000,93.0000
572.0000,198.5000,28.0000,93.0000
570.0000,198.0000,28.0000,93.0000
568.0000,197.5000,28.0000,93.0000
567.0000,196.0000,28.0000,93.0000
566.0000,195.5000,28.0000,93.0000
565.0000,195.0000,28.0000,93.0000
565.0000,194.5000,28.0000,93.0000
565.0000,194.0000,28.0000,93.0000
565.0000,193.5000,28.0000,93.0000
565.0000,193.0000,28.0000,93.0000
565.0000,192.5000,28.0000,93.0000
565.0000,192.0000,28.0000,93.0000
564.0000,191.5000,28.0000,93.0000
563.0000,191.0000,28.0000,93.0000
562.0000,190.5000,28.0000,93.0000
561.0000,191.0000,28.0000,93.0000
560.0000,190.5000,28.0000,93.0000
558.0000,190.0000,28.0000,93.0000
557.0000,190.5000,28.0000,93.0000
555.0000,190.0000,28.0000,93.0000
553.0000,189.5000,28.0000,93.0000
552.0000,189.0000,28.0000,93.0000
549.0000,188.5000,28.0000,93.0000
546.0000,188.0000,28.0000,93.0000
542.0000,188.5000,28.0000,93.0000
538.0000,188.0000,28.0000,93.0000
534.0000,187.5000,28.0000,93.0000
530.0000,187.0000,28.0000,93.0000
526.0000,185.5000,28.0000,93.0000
523.0000,185.0000,28.0000,93.0000
520.0000,184.5000,28.0000,93.0000
517.0000,184.0000,28.0000,93.0000
514.0000,183.5000,28.0000,93.0000
512.0000,182.0000,28.0000,93.0000
511.0000,181.5000,28.0000,93.0000
509.0000,180.0000,28.0000,93.0000
508.0000,179.5000,28.0000,93.0000
506.0000,178.0000,28.0000,93.0000
505.0000,177.5000,28.0000,93.0000
503.0000,176.0000,28.0000,93.0000
502.0000,174.5000,28.0000,93.0000
500.0000,174.0000,28.0000,93.0000
498.0000,172.5000,28.0000,93.0000
2
0
0
0
0
0
2
0
0
0
0
0
2
0
0
0
0
0
2
0
0
0
0
0
2
0
0
0
0
0
2
0
0
0
0
0
2
0
0
0
0
0
2
0
0
0
0
0
2
0
0
0
0
0
2
0
0
0
0
0
2
0
0
0
0
0
2
0
0
0
0
0
2
0
0
0
0
0
2
0
0
0
0
0
2
0
0
0
0
0
2
0
0
0
0
0
2
0
0
0
0
0
2
0
0
0
0
0
2
0
0
0
0
0
2
0
0
0
0
0
2
0
0
0
0
0
2
0
0
0
0
0
2
0
0
0
0
0
2
0
0
0
0
0
2
0
0
0
0
0
2
0
0
0
0
0
2
0
0
0
0
0
2
0
0
0
0
0
2
0
0
0
0
0
2
0
0
0
0
0
2
0
0
0
0
0
2
0
0
0
0
0
2
0
0
0
0
0
2
0
0
0
0
0
2
0
0
0
0
0
2
0
0
0
0
0
2
0
0
0
0
0
2
0
0
0
0
0
2
0
0
0
0
0
2
0
0
0
0
0
2
0
0
0
0
0
490.0000,183.5000,28.0000,93.0000
486.0000,194.0000,28.0000,93.0000
491.0000,194.5000,28.0000,93.0000
500.0000,202.0000,28.0000,93.0000
502.0000,201.5000,28.0000,93.0000
2
0
0
0
0
0
2
0
0
0
0
0
2
0
0
0
0
0
2
0
0
0
0
0
2
0
0
0
0
0
2
0
0
0
0
0
2
0
0
0
0
0
2
0
0
0
0
0
2
0
0
0
0
0
2
0
0
0
0
0
2
0
0
0
0
0
2
0
0
0
0
0
2
0
0
0
0
0
2
0
0
0
0
0
2
0
0
0
0
0
2
0
0
0
0
0
2
0
0
0
0
0
2
0
0
0
0
0
2
0
0
0
0
0
2
0
0
0
0
0
2
0
0
0
0
0
2
0
0
0
0
0
2
0
0
0
0
0
2
0
0
0
0
0
2
0
0
0
0
0
2
0
0
0
0
0
2
0
0
0
0
0
2
0
0
0
0
0
2
0
0
0
0
0
2
0
0
0
0
0
2
0
0
0
0
0
2
0
0
0
0
0
2
0
0
0
0
0
2
0
0
0
0
0
2
0
0
0
0
0
2
0
0
0
0
0
2
0
0
0
0
0
2
0
0
0
0
0
2
0
0
0
0
0
2
0
0
0
0
0
2
0
0
0
0
0
2
0
0
0
0
0
2
0
0
0
0
0
2
0
0
0
0
0
2
0
0
0
0
0
2
0
0
0
0
0
2
0
0
0
0
0
2
0
0
0
0
0
2
0
0
0
0
0
2
0
0
0
0
0
2
0
0
0
0
0
2
0
0
0
0
0
2
0
0
0
0
0
2
0
0
0
0
0
2
0
0
0
0
0
2
0
0
0
0
0
2
0
0
0
0
0
2
0
0
0
0
0
2
0
0
0
0
0
2
0
0
0
0
0
2
0
0
0
0
0
2
0
0
0
0
0
2
0
0
0
0
0
2
0
0
0
0
0
2
0
0
0
0
0
2
0
0
0
0
0
2
0
0
0
0
0
2
0
0
0
0
0
2
0
0
0
0
0
2
0
0
0
0
0
2
0
0
0
0
0
2
0
0
0
0
0
2
0
0
0
0
0
2
0
0
0
0
0
2
0
0
0
0
0
2
0
0
0
0
0
2
0
0
0
0
0
2
0
0
0
0
0
2
0
0
0
0
0
2
0
0
0
0
0
2
0
0
0
0
0
2
0
0
0
0
0
2
0
0
0
0
0
2
0
0
0
0
0
2
0
0
0
0
0
2
0
0
0
0
0
2
0
0
0
0
0
2
0
0
0
0
0
2
0
0
0
0
0
2
0
0
0
0
0
2
0
0
0
0
0
2
0
0
0
0
0
2
0
0
0
0
0
2
0
0
0
0
0
2
0
0
0
0
0
2
0
0
0
0
0
2
0
0
0
0
0
2
0
0
0
0
0
2
0
0
0
0
0
2
0
0
0
0
0
2
0
0
0
0
0
2
0
0
0
0
0
2
0
0
0
0
0
2
0
0
0
0
0
2
0
0
0
0
0
2
0
0
0
0
0
2
0
0
0
0
0
2
0
0
0
0
0
2
0
0
0
0
0
2
0
0
0
0
0
2
0
0
0
0
0
2
0
0
0
0
0
2
0
0
0
0
0
2
0
0
0
0
0
2
0
0
0
0
0
2
0
0
0
0
0
2
0
0
0
0
0
2
0
0
0
0
0
2
0
0
0
0
0
2
0
0
0
0
0
2
0
0
0
0
0
2
0
0
0
0
0
2
0
0
0
0
0
2
0
0
0
0
0
2
0
0
0
0
0
2
0
0
0
0
0
2
0
0
0
0
0
2
0
0
0
0
0
2
0
0
0
0
0
2
0
0
0
0
0
2
0
0
0
0
0
2
0
0
0
0
0
2
0
0
0
0
0
2
0
0
0
0
0
2
0
0
0
0
0
2
0
0
0
0
0
2
0
0
0
0
0
2
0
0
0
0
0
2
0
0
0
0
0
2
0
0
0
0
0
2
0
0
0
0
0
2
0
0
0
0
0
2
0
0
0
0
0
2
0
0
0
0
0
2
0
0
0
0
0
2
0
0
0
0
0
2
0
0
0
0
0
2
0
0
0
0
0
2
0
0
0
0
0
2
0
0
0
0
0
2
0
0
0
0
0
2
0
0
0
0
0
2
0
0
0
0
0
2
0
0
0
0
0
2
0
0
0
0
0
2
0
0
0
0
0
2
0
0
0
0
0
2
0
0
0
0
0
2
0
0
0
0
0
2
0
0
0
0
0
2
0
0
0
0
0
2
0
0
0
0
0
2
0
0
0
0
0
2
0
0
0
0
0
2
0
0
0
0
0
2
0
0
0
0
0
2
0
0
0
0
0
2
0
0
0
0
0
2
0
0
0
0
0
2
0
