1
674.0000,311.0000,18.0000,64.0000
673.0000,311.0000,18.0000,64.0000
673.0000,311.0000,18.0000,64.0000
673.0000,311.0000,18.0000,64.0000
673.0000,311.0000,18.0000,64.0000
673.0000,312.0000,18.0000,64.0000
672.0000,312.0000,18.0000,64.0000
672.0000,312.0000,18.0000,64.0000
672.0000,313.0000,18.0000,64.0000
672.0000,313.0000,18.0000,64.0000
671.0000,313.0000,18.0000,64.0000
671.0000,313.0000,18.0000,64.0000
671.0000,313.0000,18.0000,64.0000
671.0000,313.0000,18.0000,64.0000
671.0000,313.0000,18.0000,64.0000
670.0000,313.0000,18.0000,64.0000
670.0000,313.0000,18.0000,64.0000
670.0000,313.0000,18.0000,64.0000
670.0000,313.0000,18.0000,64.0000
669.0000,313.0000,18.0000,64.0000
669.0000,313.0000,18.0000,64.0000
668.0000,313.0000,18.0000,64.0000
668.0000,314.0000,18.0000,64.0000
668.0000,314.0000,18.0000,64.0000
667.0000,315.0000,18.0000,64.0000
667.0000,315.0000,18.0000,64.0000
667.0000,315.0000,18.0000,64.0000
667.0000,315.0000,18.0000,64.0000
667.0000,316.0000,18.0000,64.0000
667.0000,316.0000,18.0000,64.0000
667.0000,316.0000,18.0000,64.0000
667.0000,316.0000,18.0000,64.0000
667.0000,316.0000,18.0000,64.0000
667.0000,316.0000,18.0000,64.0000
667.0000,316.0000,18.0000,64.0000
666.0000,316.0000,18.0000,64.0000
666.0000,316.0000,18.0000,64.0000
666.0000,317.0000,18.0000,64.0000
665.0000,317.0000,18.0000,64.0000
665.0000,317.0000,18.0000,64.0000
664.0000,318.0000,18.0000,64.0000
664.0000,318.0000,18.0000,64.0000
664.0000,319.0000,18.0000,64.0000
663.0000,319.0000,18.0000,64.0000
662.0000,320.0000,18.0000,64.0000
662.0000,320.0000,18.0000,64.0000
662.0000,320.0000,18.0000,64.0000
661.0000,320.0000,18.0000,64.0000
661.0000,320.0000,18.0000,64.0000
661.0000,320.0000,18.0000,64.0000
660.0000,320.0000,18.0000,64.0000
660.0000,320.0000,18.0000,64.0000
659.0000,320.0000,18.0000,64.0000
659.0000,321.0000,18.0000,64.0000
658.0000,321.0000,18.0000,64.0000
657.0000,321.0000,18.0000,64.0000
657.0000,321.0000,18.0000,64.0000
657.0000,322.0000,18.0000,64.0000
656.0000,322.0000,18.0000,64.0000
656.0000,323.0000,18.0000,64.0000
656.0000,323.0000,18.0000,64.0000
656.0000,324.0000,18.0000,64.0000
655.0000,324.0000,18.0000,64.0000
655.0000,324.0000,18.0000,64.0000
655.0000,324.0000,18.0000,64.0000
655.0000,325.0000,18.0000,64.0000
655.0000,325.0000,18.0000,64.0000
655.0000,325.0000,18.0000,64.0000
655.0000,325.0000,18.0000,64.0000
655.0000,325.0000,18.0000,64.0000
655.0000,325.0000,18.0000,64.0000
654.0000,325.0000,18.0000,64.0000
654.0000,326.0000,18.0000,64.0000
654.0000,326.0000,18.0000,64.0000
653.0000,326.0000,18.0000,64.0000
653.0000,327.0000,18.0000,64.0000
653.0000,327.0000,18.0000,64.0000
653.0000,328.0000,18.0000,64.0000
652.0000,328.0000,18.0000,64.0000
652.0000,329.0000,18.0000,64.0000
652.0000,329.0000,18.0000,64.0000
652.0000,329.0000,18.0000,64.0000
651.0000,329.0000,18.0000,64.0000
651.0000,329.0000,18.0000,64.0000
651.0000,329.0000,18.0000,64.0000
651.0000,329.0000,18.0000,64.0000
650.0000,329.0000,18.0000,64.0000
650.0000,329.0000,18.0000,64.0000
650.0000,329.0000,18.0000,64.0000
649.0000,330.0000,18.0000,64.0000
649.0000,330.0000,18.0000,64.0000
649.0000,330.0000,18.0000,64.0000
648.0000,331.0000,18.0000,64.0000
648.0000,331.0000,18.0000,64.0000
648.0000,332.0000,18.0000,64.0000
648.0000,332.0000,18.0000,64.0000
647.0000,333.0000,18.0000,64.0000
647.0000,333.0000,18.0000,64.0000
647.0000,333.0000,18.0000,64.0000
647.0000,333.0000,18.0000,64.0000
647.0000,334.0000,18.0000,64.0000
647.0000,334.0000,18.0000,64.0000
647.0000,334.0000,18.0000,64.0000
646.0000,334.0000,18.0000,64.0000
646.0000,334.0000,18.0000,64.0000
646.0000,334.0000,18.0000,64.0000
646.0000,334.0000,18.0000,64.0000
645.0000,335.0000,18.0000,64.0000
645.0000,335.0000,18.0000,64.0000
644.0000,336.0000,18.0000,64.0000
644.0000,337.0000,18.0000,64.0000
644.0000,337.0000,18.0000,64.0000
644.0000,338.0000,18.0000,64.0000
643.0000,338.0000,18.0000,64.0000
643.0000,339.0000,18.0000,64.0000
643.0000,339.0000,18.0000,64.0000
642.0000,339.0000,18.0000,64.0000
642.0000,339.0000,18.0000,64.0000
642.0000,339.0000,18.0000,64.0000
642.0000,339.0000,18.0000,64.0000
642.0000,339.0000,18.0000,64.0000
642.0000,339.0000,18.0000,64.0000
641.0000,340.0000,18.0000,64.0000
641.0000,340.0000,18.0000,64.0000
640.0000,340.0000,18.0000,64.0000
639.0000,340.0000,18.0000,64.0000
639.0000,341.0000,18.0000,64.0000
638.0000,341.0000,18.0000,64.0000
638.0000,342.0000,18.0000,64.0000
638.0000,342.0000,18.0000,64.0000
638.0000,343.0000,18.0000,64.0000
637.0000,343.0000,18.0000,64.0000
637.0000,344.0000,18.0000,64.0000
637.0000,344.0000,18.0000,64.0000
637.0000,344.0000,18.0000,64.0000
637.0000,344.0000,18.0000,64.0000
637.0000,344.0000,18.0000,64.0000
638.0000,344.0000,18.0000,64.0000
638.0000,344.0000,18.0000,64.0000
638.0000,345.0000,18.0000,64.0000
638.0000,345.0000,18.0000,64.0000
638.0000,345.0000,18.0000,64.0000
638.0000,345.0000,18.0000,64.0000
638.0000,345.0000,18.0000,64.0000
638.0000,346.0000,18.0000,64.0000
638.0000,346.0000,18.0000,64.0000
638.0000,347.0000,18.0000,64.0000
638.0000,347.0000,18.0000,64.0000
638.0000,348.0000,18.0000,64.0000
638.0000,348.0000,18.0000,64.0000
638.0000,348.0000,18.0000,64.0000
638.0000,348.0000,18.0000,64.0000
638.0000,348.0000,18.0000,64.0000
638.0000,348.0000,18.0000,64.0000
638.0000,348.0000,18.0000,64.0000
638.0000,347.0000,18.0000,64.0000
638.0000,347.0000,18.0000,64.0000
638.0000,347.0000,18.0000,64.0000
638.0000,347.0000,18.0000,64.0000
638.0000,347.0000,18.0000,64.0000
638.0000,347.0000,18.0000,64.0000
638.0000,348.0000,18.0000,64.0000
638.0000,348.0000,18.0000,64.0000
638.0000,348.0000,18.0000,64.0000
638.0000,349.0000,18.0000,64.0000
638.0000,349.0000,18.0000,64.0000
639.0000,349.0000,18.0000,64.0000
639.0000,349.0000,18.0000,64.0000
639.0000,349.0000,18.0000,64.0000
640.0000,349.0000,18.0000,64.0000
640.0000,349.0000,18.0000,64.0000
640.0000,349.0000,18.0000,64.0000
641.0000,349.0000,18.0000,64.0000
641.0000,349.0000,18.0000,64.0000
641.0000,348.0000,18.0000,64.0000
641.0000,348.0000,18.0000,64.0000
641.0000,348.0000,18.0000,64.0000
641.0000,348.0000,18.0000,64.0000
641.0000,348.0000,18.0000,64.0000
642.0000,349.0000,18.0000,64.0000
642.0000,349.0000,18.0000,64.0000
642.0000,349.0000,18.0000,64.0000
642.0000,349.0000,18.0000,64.0000
642.0000,349.0000,18.0000,64.0000
643.0000,349.0000,18.0000,64.0000
643.0000,349.0000,18.0000,64.0000
643.0000,349.0000,18.0000,64.0000
643.0000,349.0000,18.0000,64.0000
643.0000,349.0000,18.0000,64.0000
644.0000,349.0000,18.0000,64.0000
644.0000,349.0000,18.0000,64.0000
644.0000,349.0000,18.0000,64.0000
644.0000,348.0000,18.0000,64.0000
644.0000,348.0000,18.0000,64.0000
645.0000,348.0000,18.0000,64.0000
645.0000,348.0000,18.0000,64.0000
645.0000,348.0000,18.0000,64.0000
645.0000,348.0000,18.0000,64.0000
645.0000,349.0000,18.0000,64.0000
646.0000,349.0000,18.0000,64.0000
646.0000,349.0000,18.0000,64.0000
646.0000,349.0000,18.0000,64.0000
647.0000,349.0000,18.0000,64.0000
647.0000,349.0000,18.0000,64.0000
647.0000,349.0000,18.0000,64.0000
648.0000,349.0000,18.0000,64.0000
648.0000,349.0000,18.0000,64.0000
648.0000,348.0000,18.0000,64.0000
648.0000,348.0000,18.0000,64.0000
649.0000,348.0000,18.0000,64.0000
649.0000,348.0000,18.0000,64.0000
649.0000,348.0000,18.0000,64.0000
649.0000,347.0000,18.0000,64.0000
650.0000,347.0000,18.0000,64.0000
650.0000,347.0000,18.0000,64.0000
650.0000,348.0000,18.0000,64.0000
650.0000,348.0000,18.0000,64.0000
650.0000,348.0000,18.0000,64.0000
650.0000,348.0000,18.0000,64.0000
650.0000,348.0000,18.0000,64.0000
650.0000,348.0000,18.0000,64.0000
651.0000,348.0000,18.0000,64.0000
651.0000,348.0000,18.0000,64.0000
651.0000,347.0000,18.0000,64.0000
651.0000,347.0000,18.0000,64.0000
652.0000,347.0000,18.0000,64.0000
652.0000,347.0000,18.0000,64.0000
652.0000,346.0000,18.0000,64.0000
652.0000,346.0000,18.0000,64.0000
652.0000,346.0000,18.0000,64.0000
652.0000,346.0000,18.0000,64.0000
652.0000,346.0000,18.0000,64.0000
652.0000,347.0000,18.0000,64.0000
653.0000,347.0000,18.0000,64.0000
653.0000,347.0000,18.0000,64.0000
653.0000,347.0000,18.0000,64.0000
654.0000,347.0000,18.0000,64.0000
654.0000,347.0000,18.0000,64.0000
655.0000,347.0000,18.0000,64.0000
655.0000,347.0000,18.0000,64.0000
656.0000,347.0000,18.0000,64.0000
656.0000,347.0000,18.0000,64.0000
656.0000,347.0000,18.0000,64.0000
657.0000,346.0000,18.0000,64.0000
658.0000,346.0000,18.0000,64.0000
658.0000,346.0000,18.0000,64.0000
658.0000,346.0000,18.0000,64.0000
658.0000,346.0000,18.0000,64.0000
658.0000,346.0000,18.0000,64.0000
658.0000,346.0000,18.0000,64.0000
658.0000,346.0000,18.0000,64.0000
658.0000,346.0000,18.0000,64.0000
658.0000,347.0000,18.0000,64.0000
658.0000,347.0000,18.0000,64.0000
658.0000,347.0000,18.0000,64.0000
659.0000,346.0000,18.0000,64.0000
659.0000,346.0000,18.0000,64.0000
660.0000,346.0000,18.0000,64.0000
660.0000,346.0000,18.0000,64.0000
660.0000,346.0000,18.0000,64.0000
660.0000,345.0000,18.0000,64.0000
660.0000,345.0000,18.0000,64.0000
660.0000,345.0000,18.0000,64.0000
660.0000,345.0000,18.0000,64.0000
660.0000,345.0000,18.0000,64.0000
660.0000,345.0000,18.0000,64.0000
660.0000,345.0000,18.0000,64.0000
660.0000,346.0000,18.0000,64.0000
660.0000,346.0000,18.0000,64.0000
660.0000,346.0000,18.0000,64.0000
660.0000,346.0000,18.0000,64.0000
661.0000,346.0000,18.0000,64.0000
661.0000,346.0000,18.0000,64.0000
662.0000,346.0000,18.0000,64.0000
662.0000,346.0000,18.0000,64.0000
662.0000,346.0000,18.0000,64.0000
662.0000,346.0000,18.0000,64.0000
662.0000,345.0000,18.0000,64.0000
662.0000,345.0000,18.0000,64.0000
663.0000,345.0000,18.0000,64.0000
663.0000,345.0000,18.0000,64.0000
662.0000,345.0000,18.0000,64.0000
662.0000,345.0000,18.0000,64.0000
662.0000,345.0000,18.0000,64.0000
662.0000,345.0000,18.0000,64.0000
661.0000,345.0000,18.0000,64.0000
661.0000,345.0000,18.0000,64.0000
661.0000,345.0000,18.0000,64.0000
660.0000,345.0000,18.0000,64.0000
660.0000,345.0000,18.0000,64.0000
660.0000,345.0000,18.0000,64.0000
660.0000,344.0000,18.0000,64.0000
660.0000,344.0000,18.0000,64.0000
659.0000,344.0000,18.0000,64.0000
658.0000,343.0000,18.0000,64.0000
658.0000,343.0000,18.0000,64.0000
657.0000,343.0000,18.0000,64.0000
656.0000,342.0000,18.0000,64.0000
656.0000,342.0000,18.0000,64.0000
655.0000,342.0000,18.0000,64.0000
654.0000,342.0000,18.0000,64.0000
653.0000,342.0000,18.0000,64.0000
653.0000,342.0000,18.0000,64.0000
652.0000,342.0000,18.0000,64.0000
651.0000,342.0000,18.0000,64.0000
651.0000,342.0000,18.0000,64.0000
651.0000,342.0000,18.0000,64.0000
650.0000,342.0000,18.0000,64.0000
650.0000,341.0000,18.0000,64.0000
649.0000,341.0000,18.0000,64.0000
649.0000,341.0000,18.0000,64.0000
648.0000,340.0000,18.0000,64.0000
648.0000,340.0000,18.0000,64.0000
647.0000,340.0000,18.0000,64.0000
646.0000,339.0000,18.0000,64.0000
646.0000,339.0000,18.0000,64.0000
645.0000,339.0000,18.0000,64.0000
644.0000,339.0000,18.0000,64.0000
643.0000,339.0000,18.0000,64.0000
642.0000,339.0000,18.0000,64.0000
641.0000,339.0000,18.0000,64.0000
641.0000,339.0000,18.0000,64.0000
640.0000,338.0000,18.0000,64.0000
639.0000,338.0000,18.0000,64.0000
638.0000,337.0000,18.0000,64.0000
638.0000,337.0000,18.0000,64.0000
637.0000,337.0000,18.0000,64.0000
637.0000,336.0000,18.0000,64.0000
636.0000,336.0000,18.0000,64.0000
635.0000,335.0000,18.0000,64.0000
634.0000,335.0000,18.0000,64.0000
633.0000,334.0000,18.0000,64.0000
632.0000,334.0000,18.0000,64.0000
631.0000,334.0000,18.0000,64.0000
630.0000,333.0000,18.0000,64.0000
629.0000,333.0000,18.0000,64.0000
629.0000,333.0000,18.0000,64.0000
628.0000,333.0000,18.0000,64.0000
627.0000,333.0000,18.0000,64.0000
627.0000,333.0000,18.0000,64.0000
627.0000,332.0000,18.0000,64.0000
627.0000,332.0000,18.0000,64.0000
627.0000,332.0000,18.0000,64.0000
626.0000,332.0000,18.0000,64.0000
626.0000,331.0000,18.0000,64.0000
626.0000,331.0000,18.0000,64.0000
625.0000,331.0000,18.0000,64.0000
625.0000,330.0000,18.0000,64.0000
625.0000,330.0000,18.0000,64.0000
625.0000,330.0000,18.0000,64.0000
624.0000,330.0000,18.0000,64.0000
624.0000,330.0000,18.0000,64.0000
623.0000,330.0000,18.0000,64.0000
623.0000,330.0000,18.0000,64.0000
622.0000,330.0000,18.0000,64.0000
622.0000,330.0000,18.0000,64.0000
621.0000,330.0000,18.0000,64.0000
621.0000,329.0000,18.0000,64.0000
621.0000,329.0000,18.0000,64.0000
620.0000,329.0000,18.0000,64.0000
620.0000,328.0000,18.0000,64.0000
620.0000,328.0000,18.0000,64.0000
619.0000,327.0000,18.0000,64.0000
619.0000,327.0000,18.0000,64.0000
618.0000,326.0000,18.0000,64.0000
618.0000,326.0000,18.0000,64.0000
617.0000,325.0000,18.0000,64.0000
616.0000,325.0000,18.0000,64.0000
616.0000,325.0000,18.0000,64.0000
615.0000,325.0000,18.0000,64.0000
615.0000,325.0000,18.0000,64.0000
614.0000,325.0000,18.0000,64.0000
614.0000,325.0000,18.0000,64.0000
614.0000,325.0000,18.0000,64.0000
614.0000,325.0000,18.0000,64.0000
614.0000,325.0000,18.0000,64.0000
614.0000,325.0000,18.0000,64.0000
614.0000,325.0000,18.0000,64.0000
614.0000,324.0000,18.0000,64.0000
613.0000,324.0000,18.0000,64.0000
613.0000,324.0000,18.0000,64.0000
613.0000,324.0000,18.0000,64.0000
613.0000,324.0000,18.0000,64.0000
612.0000,323.0000,18.0000,64.0000
612.0000,323.0000,18.0000,64.0000
611.0000,323.0000,18.0000,64.0000
611.0000,324.0000,18.0000,64.0000
611.0000,324.0000,18.0000,64.0000
611.0000,324.0000,18.0000,64.0000
610.0000,324.0000,18.0000,64.0000
610.0000,324.0000,18.0000,64.0000
609.0000,324.0000,18.0000,64.0000
609.0000,324.0000,18.0000,64.0000
609.0000,324.0000,18.0000,64.0000
608.0000,323.0000,18.0000,64.0000
608.0000,323.0000,18.0000,64.0000
607.0000,322.0000,18.0000,64.0000
607.0000,322.0000,18.0000,64.0000
606.0000,321.0000,18.0000,64.0000
606.0000,321.0000,18.0000,64.0000
605.0000,321.0000,18.0000,64.0000
605.0000,321.0000,18.0000,64.0000
604.0000,321.0000,18.0000,64.0000
604.0000,321.0000,18.0000,64.0000
603.0000,322.0000,18.0000,64.0000
603.0000,322.0000,18.0000,64.0000
603.0000,322.0000,18.0000,64.0000
602.0000,322.0000,18.0000,64.0000
602.0000,322.0000,18.0000,64.0000
602.0000,322.0000,18.0000,64.0000
602.0000,322.0000,18.0000,64.0000
602.0000,321.0000,18.0000,64.0000
602.0000,321.0000,18.0000,64.0000
601.0000,321.0000,18.0000,64.0000
601.0000,321.0000,18.0000,64.0000
601.0000,321.0000,18.0000,64.0000
600.0000,321.0000,18.0000,64.0000
600.0000,321.0000,18.0000,64.0000
599.0000,321.0000,18.0000,64.0000
599.0000,321.0000,18.0000,64.0000
598.0000,321.0000,18.0000,64.0000
598.0000,321.0000,18.0000,64.0000
598.0000,322.0000,18.0000,64.0000
597.0000,322.0000,18.0000,64.0000
597.0000,322.0000,18.0000,64.0000
596.0000,322.0000,18.0000,64.0000
596.0000,322.0000,18.0000,64.0000
596.0000,322.0000,18.0000,64.0000
596.0000,322.0000,18.0000,64.0000
596.0000,322.0000,18.0000,64.0000
595.0000,322.0000,18.0000,64.0000
595.0000,321.0000,18.0000,64.0000
594.0000,321.0000,18.0000,64.0000
594.0000,321.0000,18.0000,64.0000
593.0000,321.0000,18.0000,64.0000
593.0000,321.0000,18.0000,64.0000
592.0000,321.0000,18.0000,64.0000
592.0000,322.0000,18.0000,64.0000
592.0000,322.0000,18.0000,64.0000
591.0000,322.0000,18.0000,64.0000
591.0000,322.0000,18.0000,64.0000
591.0000,322.0000,18.0000,64.0000
591.0000,322.0000,18.0000,64.0000
591.0000,322.0000,18.0000,64.0000
591.0000,321.0000,18.0000,64.0000
591.0000,321.0000,18.0000,64.0000
591.0000,321.0000,18.0000,64.0000
591.0000,321.0000,18.0000,64.0000
591.0000,321.0000,18.0000,64.0000
591.0000,321.0000,18.0000,64.0000
590.0000,321.0000,18.0000,64.0000
590.0000,321.0000,18.0000,64.0000
590.0000,321.0000,18.0000,64.0000
589.0000,321.0000,18.0000,64.0000
589.0000,321.0000,18.0000,64.0000
589.0000,321.0000,18.0000,64.0000
589.0000,321.0000,18.0000,64.0000
589.0000,321.0000,18.0000,64.0000
589.0000,321.0000,18.0000,64.0000
588.0000,321.0000,18.0000,64.0000
588.0000,321.0000,18.0000,64.0000
588.0000,321.0000,18.0000,64.0000
588.0000,321.0000,18.0000,64.0000
588.0000,321.0000,18.0000,64.0000
587.0000,320.0000,18.0000,64.0000
587.0000,320.0000,18.0000,64.0000
586.0000,320.0000,18.0000,64.0000
586.0000,320.0000,18.0000,64.0000
585.0000,320.0000,18.0000,64.0000
585.0000,320.0000,18.0000,64.0000
584.0000,320.0000,18.0000,64.0000
584.0000,320.0000,18.0000,64.0000
583.0000,320.0000,18.0000,64.0000
583.0000,320.0000,18.0000,64.0000
583.0000,320.0000,18.0000,64.0000
583.0000,320.0000,18.0000,64.0000
583.0000,320.0000,18.0000,64.0000
583.0000,320.0000,18.0000,64.0000
583.0000,320.0000,18.0000,64.0000
583.0000,320.0000,18.0000,64.0000
583.0000,320.0000,18.0000,64.0000
583.0000,320.0000,18.0000,64.0000
583.0000,320.0000,18.0000,64.0000
583.0000,320.0000,18.0000,64.0000
582.0000,320.0000,18.0000,64.0000
581.0000,320.0000,18.0000,64.0000
581.0000,320.0000,18.0000,64.0000
581.0000,320.0000,18.0000,64.0000
581.0000,320.0000,18.0000,64.0000
581.0000,320.0000,18.0000,64.0000
581.0000,320.0000,18.0000,64.0000
580.0000,320.0000,18.0000,64.0000
580.0000,320.0000,18.0000,64.0000
580.0000,320.0000,18.0000,64.0000
580.0000,320.0000,18.0000,64.0000
580.0000,319.0000,18.0000,64.0000
580.0000,319.0000,18.0000,64.0000
580.0000,319.0000,18.0000,64.0000
580.0000,319.0000,18.0000,64.0000
580.0000,319.0000,18.0000,64.0000
579.0000,319.0000,18.0000,64.0000
579.0000,319.0000,18.0000,64.0000
579.0000,319.0000,18.0000,64.0000
579.0000,319.0000,18.0000,64.0000
578.0000,319.0000,18.0000,64.0000
578.0000,319.0000,18.0000,64.0000
578.0000,320.0000,18.0000,64.0000
578.0000,320.0000,18.0000,64.0000
577.0000,320.0000,18.0000,64.0000
577.0000,320.0000,18.0000,64.0000
577.0000,320.0000,18.0000,64.0000
577.0000,320.0000,18.0000,64.0000
578.0000,320.0000,18.0000,64.0000
578.0000,320.0000,18.0000,64.0000
578.0000,320.0000,18.0000,64.0000
578.0000,320.0000,18.0000,64.0000
578.0000,320.0000,18.0000,64.0000
578.0000,320.0000,18.0000,64.0000
578.0000,320.0000,18.0000,64.0000
577.0000,320.0000,18.0000,64.0000
577.0000,320.0000,18.0000,64.0000
577.0000,320.0000,18.0000,64.0000
577.0000,320.0000,18.0000,64.0000
577.0000,321.0000,18.0000,64.0000
577.0000,321.0000,18.0000,64.0000
576.0000,321.0000,18.0000,64.0000
576.0000,321.0000,18.0000,64.0000
576.0000,321.0000,18.0000,64.0000
576.0000,321.0000,18.0000,64.0000
576.0000,321.0000,18.0000,64.0000
576.0000,320.0000,18.0000,64.0000
576.0000,320.0000,18.0000,64.0000
576.0000,320.0000,18.0000,64.0000
576.0000,320.0000,18.0000,64.0000
575.0000,320.0000,18.0000,64.0000
575.0000,320.0000,18.0000,64.0000
575.0000,320.0000,18.0000,64.0000
575.0000,320.0000,18.0000,64.0000
575.0000,320.0000,18.0000,64.0000
575.0000,320.0000,18.0000,64.0000
575.0000,320.0000,18.0000,64.0000
575.0000,320.0000,18.0000,64.0000
575.0000,320.0000,18.0000,64.0000
575.0000,321.0000,18.0000,64.0000
575.0000,320.0000,18.0000,64.0000
575.0000,320.0000,18.0000,64.0000
576.0000,320.0000,18.0000,64.0000
576.0000,320.0000,18.0000,64.0000
576.0000,320.0000,18.0000,64.0000
576.0000,320.0000,18.0000,64.0000
576.0000,320.0000,18.0000,64.0000
576.0000,319.0000,18.0000,64.0000
576.0000,319.0000,18.0000,64.0000
576.0000,319.0000,18.0000,64.0000
576.0000,319.0000,18.0000,64.0000
576.0000,319.0000,18.0000,64.0000
576.0000,319.0000,18.0000,64.0000
576.0000,319.0000,18.0000,64.0000
576.0000,319.0000,18.0000,64.0000
576.0000,319.0000,18.0000,64.0000
576.0000,319.0000,18.0000,64.0000
576.0000,319.0000,18.0000,64.0000
576.0000,318.0000,18.0000,64.0000
576.0000,318.0000,18.0000,64.0000
576.0000,318.0000,18.0000,64.0000
576.0000,317.0000,18.0000,64.0000
576.0000,317.0000,18.0000,64.0000
576.0000,317.0000,18.0000,64.0000
576.0000,316.0000,18.0000,64.0000
576.0000,316.0000,18.0000,64.0000
576.0000,316.0000,18.0000,64.0000
576.0000,316.0000,18.0000,64.0000
575.0000,315.0000,18.0000,64.0000
575.0000,315.0000,18.0000,64.0000
575.0000,315.0000,18.0000,64.0000
575.0000,315.0000,18.0000,64.0000
575.0000,315.0000,18.0000,64.0000
575.0000,314.0000,18.0000,64.0000
575.0000,314.0000,18.0000,64.0000
576.0000,313.0000,18.0000,64.0000
576.0000,313.0000,18.0000,64.0000
576.0000,313.0000,18.0000,64.0000
576.0000,312.0000,18.0000,64.0000
577.0000,312.0000,18.0000,64.0000
577.0000,311.0000,18.0000,64.0000
577.0000,310.0000,18.0000,64.0000
577.0000,310.0000,18.0000,64.0000
577.0000,310.0000,18.0000,64.0000
577.0000,309.0000,18.0000,64.0000
577.0000,309.0000,18.0000,64.0000
577.0000,309.0000,18.0000,64.0000
577.0000,309.0000,18.0000,64.0000
577.0000,309.0000,18.0000,64.0000
577.0000,308.0000,18.0000,64.0000
577.0000,308.0000,18.0000,64.0000
577.0000,307.0000,18.0000,64.0000
577.0000,307.0000,18.0000,64.0000
577.0000,307.0000,18.0000,64.0000
577.0000,306.0000,18.0000,64.0000
577.0000,306.0000,18.0000,64.0000
577.0000,305.0000,18.0000,64.0000
576.0000,304.0000,18.0000,64.0000
576.0000,304.0000,18.0000,64.0000
576.0000,304.0000,18.0000,64.0000
576.0000,303.0000,18.0000,64.0000
575.0000,303.0000,18.0000,64.0000
575.0000,303.0000,18.0000,64.0000
575.0000,303.0000,18.0000,64.0000
575.0000,303.0000,18.0000,64.0000
575.0000,303.0000,18.0000,64.0000
575.0000,302.0000,18.0000,64.0000
575.0000,302.0000,18.0000,64.0000
575.0000,302.0000,18.0000,64.0000
575.0000,301.0000,18.0000,64.0000
576.0000,301.0000,18.0000,64.0000
576.0000,300.0000,18.0000,64.0000
576.0000,300.0000,18.0000,64.0000
576.0000,299.0000,18.0000,64.0000
577.0000,299.0000,18.0000,64.0000
577.0000,299.0000,18.0000,64.0000
577.0000,298.0000,18.0000,64.0000
577.0000,298.0000,18.0000,64.0000
577.0000,298.0000,18.0000,64.0000
577.0000,298.0000,18.0000,64.0000
576.0000,298.0000,18.0000,64.0000
576.0000,298.0000,18.0000,64.0000
576.0000,298.0000,18.0000,64.0000
576.0000,298.0000,18.0000,64.0000
576.0000,298.0000,18.0000,64.0000
576.0000,298.0000,18.0000,64.0000
576.0000,298.0000,18.0000,64.0000
576.0000,297.0000,18.0000,64.0000
576.0000,297.0000,18.0000,64.0000
576.0000,297.0000,18.0000,64.0000
576.0000,297.0000,18.0000,64.0000
576.0000,297.0000,18.0000,64.0000
576.0000,297.0000,18.0000,64.0000
576.0000,297.0000,18.0000,64.0000
576.0000,297.0000,18.0000,64.0000
575.0000,297.0000,18.0000,64.0000
575.0000,298.0000,18.0000,64.0000
575.0000,298.0000,18.0000,64.0000
575.0000,298.0000,18.0000,64.0000
575.0000,299.0000,18.0000,64.0000
575.0000,299.0000,18.0000,64.0000
575.0000,299.0000,18.0000,64.0000
575.0000,299.0000,18.0000,64.0000
576.0000,299.0000,18.0000,64.0000
576.0000,299.0000,18.0000,64.0000
577.0000,299.0000,18.0000,64.0000
577.0000,299.0000,18.0000,64.0000
577.0000,298.0000,18.0000,64.0000
577.0000,298.0000,18.0000,64.0000
578.0000,298.0000,18.0000,64.0000
578.0000,298.0000,18.0000,64.0000
578.0000,298.0000,18.0000,64.0000
578.0000,298.0000,18.0000,64.0000
578.0000,298.0000,18.0000,64.0000
578.0000,298.0000,18.0000,64.0000
578.0000,299.0000,18.0000,64.0000
578.0000,299.0000,18.0000,64.0000
578.0000,299.0000,18.0000,64.0000
578.0000,299.0000,18.0000,64.0000
579.0000,299.0000,18.0000,64.0000
579.0000,299.0000,18.0000,64.0000
579.0000,299.0000,18.0000,64.0000
580.0000,299.0000,18.0000,64.0000
580.0000,299.0000,18.0000,64.0000
580.0000,299.0000,18.0000,64.0000
580.0000,299.0000,18.0000,64.0000
580.0000,299.0000,18.0000,64.0000
580.0000,299.0000,18.0000,64.0000
580.0000,299.0000,18.0000,64.0000
580.0000,299.0000,18.0000,64.0000
580.0000,300.0000,18.0000,64.0000
581.0000,300.0000,18.0000,64.0000
581.0000,301.0000,18.0000,64.0000
581.0000,301.0000,18.0000,64.0000
582.0000,302.0000,18.0000,64.0000
582.0000,302.0000,18.0000,64.0000
583.0000,302.0000,18.0000,64.0000
583.0000,302.0000,18.0000,64.0000
584.0000,303.0000,18.0000,64.0000
584.0000,303.0000,18.0000,64.0000
585.0000,303.0000,18.0000,64.0000
585.0000,303.0000,18.0000,64.0000
586.0000,304.0000,18.0000,64.0000
586.0000,304.0000,18.0000,64.0000
586.0000,304.0000,18.0000,64.0000
587.0000,304.0000,18.0000,64.0000
587.0000,305.0000,18.0000,64.0000
587.0000,305.0000,18.0000,64.0000
588.0000,306.0000,18.0000,64.0000
588.0000,307.0000,18.0000,64.0000
588.0000,307.0000,18.0000,64.0000
588.0000,308.0000,18.0000,64.0000
589.0000,308.0000,18.0000,64.0000
589.0000,308.0000,18.0000,64.0000
590.0000,309.0000,18.0000,64.0000
590.0000,309.0000,18.0000,64.0000
591.0000,309.0000,18.0000,64.0000
592.0000,310.0000,18.0000,64.0000
592.0000,310.0000,18.0000,64.0000
592.0000,311.0000,18.0000,64.0000
593.0000,311.0000,18.0000,64.0000
593.0000,311.0000,18.0000,64.0000
593.0000,312.0000,18.0000,64.0000
593.0000,312.0000,18.0000,64.0000
594.0000,313.0000,18.0000,64.0000
594.0000,314.0000,18.0000,64.0000
595.0000,315.0000,18.0000,64.0000
596.0000,315.0000,18.0000,64.0000
597.0000,316.0000,18.0000,64.0000
597.0000,316.0000,18.0000,64.0000
598.0000,317.0000,18.0000,64.0000
599.0000,317.0000,18.0000,64.0000
600.0000,317.0000,18.0000,64.0000
600.0000,318.0000,18.0000,64.0000
601.0000,318.0000,18.0000,64.0000
602.0000,319.0000,18.0000,64.0000
602.0000,319.0000,18.0000,64.0000
603.0000,319.0000,18.0000,64.0000
603.0000,319.0000,18.0000,64.0000
603.0000,320.0000,18.0000,64.0000
604.0000,321.0000,18.0000,64.0000
605.0000,321.0000,18.0000,64.0000
605.0000,322.0000,18.0000,64.0000
606.0000,322.0000,18.0000,64.0000
606.0000,323.0000,18.0000,64.0000
607.0000,324.0000,18.0000,64.0000
607.0000,324.0000,18.0000,64.0000
608.0000,324.0000,18.0000,64.0000
609.0000,325.0000,18.0000,64.0000
609.0000,325.0000,18.0000,64.0000
610.0000,325.0000,18.0000,64.0000
611.0000,325.0000,18.0000,64.0000
611.0000,326.0000,18.0000,64.0000
612.0000,326.0000,18.0000,64.0000
612.0000,326.0000,18.0000,64.0000
612.0000,326.0000,18.0000,64.0000
612.0000,327.0000,18.0000,64.0000
612.0000,327.0000,18.0000,64.0000
612.0000,328.0000,18.0000,64.0000
612.0000,328.0000,18.0000,64.0000
613.0000,329.0000,18.0000,64.0000
613.0000,329.0000,18.0000,64.0000
614.0000,330.0000,18.0000,64.0000
614.0000,330.0000,18.0000,64.0000
615.0000,331.0000,18.0000,64.0000
615.0000,331.0000,18.0000,64.0000
616.0000,331.0000,18.0000,64.0000
616.0000,331.0000,18.0000,64.0000
616.0000,331.0000,18.0000,64.0000
616.0000,332.0000,18.0000,64.0000
616.0000,332.0000,18.0000,64.0000
616.0000,332.0000,18.0000,64.0000
616.0000,332.0000,18.0000,64.0000
616.0000,333.0000,18.0000,64.0000
616.0000,333.0000,18.0000,64.0000
616.0000,334.0000,18.0000,64.0000
616.0000,334.0000,18.0000,64.0000
616.0000,335.0000,18.0000,64.0000
616.0000,335.0000,18.0000,64.0000
616.0000,336.0000,18.0000,64.0000
616.0000,336.0000,18.0000,64.0000
616.0000,336.0000,18.0000,64.0000
617.0000,336.0000,18.0000,64.0000
617.0000,336.0000,18.0000,64.0000
617.0000,336.0000,18.0000,64.0000
617.0000,337.0000,18.0000,64.0000
618.0000,337.0000,18.0000,64.0000
618.0000,337.0000,18.0000,64.0000
618.0000,337.0000,18.0000,64.0000
618.0000,337.0000,18.0000,64.0000
618.0000,337.0000,18.0000,64.0000
618.0000,338.0000,18.0000,64.0000
618.0000,338.0000,18.0000,64.0000
618.0000,338.0000,18.0000,64.0000
618.0000,339.0000,18.0000,64.0000
619.0000,339.0000,18.0000,64.0000
619.0000,340.0000,18.0000,64.0000
620.0000,340.0000,18.0000,64.0000
620.0000,340.0000,18.0000,64.0000
620.0000,340.0000,18.0000,64.0000
620.0000,340.0000,18.0000,64.0000
620.0000,340.0000,18.0000,64.0000
621.0000,340.0000,18.0000,64.0000
621.0000,340.0000,18.0000,64.0000
621.0000,340.0000,18.0000,64.0000
621.0000,340.0000,18.0000,64.0000
620.0000,340.0000,18.0000,64.0000
620.0000,340.0000,18.0000,64.0000
620.0000,341.0000,18.0000,64.0000
620.0000,341.0000,18.0000,64.0000
620.0000,341.0000,18.0000,64.0000
620.0000,341.0000,18.0000,64.0000
619.0000,342.0000,18.0000,64.0000
619.0000,342.0000,18.0000,64.0000
619.0000,342.0000,18.0000,64.0000
619.0000,342.0000,18.0000,64.0000
619.0000,342.0000,18.0000,64.0000
619.0000,342.0000,18.0000,64.0000
619.0000,342.0000,18.0000,64.0000
619.0000,342.0000,18.0000,64.0000
619.0000,342.0000,18.0000,64.0000
619.0000,342.0000,18.0000,64.0000
619.0000,341.0000,18.0000,64.0000
619.0000,341.0000,18.0000,64.0000
619.0000,341.0000,18.0000,64.0000
619.0000,342.0000,18.0000,64.0000
619.0000,342.0000,18.0000,64.0000
619.0000,342.0000,18.0000,64.0000
619.0000,342.0000,18.0000,64.0000
619.0000,342.0000,18.0000,64.0000
619.0000,343.0000,18.0000,64.0000
619.0000,343.0000,18.0000,64.0000
619.0000,343.0000,18.0000,64.0000
620.0000,342.0000,18.0000,64.0000
620.0000,342.0000,18.0000,64.0000
620.0000,342.0000,18.0000,64.0000
621.0000,342.0000,18.0000,64.0000
621.0000,342.0000,18.0000,64.0000
621.0000,342.0000,18.0000,64.0000
621.0000,342.0000,18.0000,64.0000
621.0000,342.0000,18.0000,64.0000
621.0000,342.0000,18.0000,64.0000
621.0000,342.0000,18.0000,64.0000
621.0000,342.0000,18.0000,64.0000
621.0000,342.0000,18.0000,64.0000
621.0000,343.0000,18.0000,64.0000
621.0000,343.0000,18.0000,64.0000
621.0000,343.0000,18.0000,64.0000
622.0000,343.0000,18.0000,64.0000
622.0000,343.0000,18.0000,64.0000
622.0000,343.0000,18.0000,64.0000
623.0000,343.0000,18.0000,64.0000
623.0000,343.0000,18.0000,64.0000
623.0000,343.0000,18.0000,64.0000
623.0000,343.0000,18.0000,64.0000
623.0000,342.0000,18.0000,64.0000
623.0000,342.0000,18.0000,64.0000
623.0000,341.0000,18.0000,64.0000
623.0000,341.0000,18.0000,64.0000
623.0000,341.0000,18.0000,64.0000
623.0000,341.0000,18.0000,64.0000
623.0000,341.0000,18.0000,64.0000
623.0000,341.0000,18.0000,64.0000
623.0000,342.0000,18.0000,64.0000
623.0000,342.0000,18.0000,64.0000
623.0000,342.0000,18.0000,64.0000
623.0000,341.0000,18.0000,64.0000
624.0000,341.0000,18.0000,64.0000
624.0000,341.0000,18.0000,64.0000
625.0000,341.0000,18.0000,64.0000
625.0000,341.0000,18.0000,64.0000
626.0000,341.0000,18.0000,64.0000
626.0000,341.0000,18.0000,64.0000
626.0000,341.0000,18.0000,64.0000
626.0000,341.0000,18.0000,64.0000
626.0000,341.0000,18.0000,64.0000
626.0000,341.0000,18.0000,64.0000
627.0000,341.0000,18.0000,64.0000
627.0000,341.0000,18.0000,64.0000
627.0000,341.0000,18.0000,64.0000
627.0000,341.0000,18.0000,64.0000
627.0000,341.0000,18.0000,64.0000
627.0000,341.0000,18.0000,64.0000
628.0000,340.0000,18.0000,64.0000
628.0000,340.0000,18.0000,64.0000
629.0000,340.0000,18.0000,64.0000
629.0000,340.0000,18.0000,64.0000
629.0000,339.0000,18.0000,64.0000
629.0000,339.0000,18.0000,64.0000
629.0000,339.0000,18.0000,64.0000
629.0000,338.0000,18.0000,64.0000
629.0000,338.0000,18.0000,64.0000
629.0000,338.0000,18.0000,64.0000
628.0000,338.0000,18.0000,64.0000
628.0000,338.0000,18.0000,64.0000
628.0000,338.0000,18.0000,64.0000
628.0000,338.0000,18.0000,64.0000
628.0000,338.0000,18.0000,64.0000
629.0000,338.0000,18.0000,64.0000
629.0000,338.0000,18.0000,64.0000
629.0000,337.0000,18.0000,64.0000
630.0000,337.0000,18.0000,64.0000
630.0000,337.0000,18.0000,64.0000
630.0000,336.0000,18.0000,64.0000
631.0000,336.0000,18.0000,64.0000
631.0000,336.0000,18.0000,64.0000
631.0000,336.0000,18.0000,64.0000
631.0000,336.0000,18.0000,64.0000
631.0000,336.0000,18.0000,64.0000
631.0000,336.0000,18.0000,64.0000
631.0000,336.0000,18.0000,64.0000
632.0000,336.0000,18.0000,64.0000
632.0000,336.0000,18.0000,64.0000
632.0000,336.0000,18.0000,64.0000
632.0000,336.0000,18.0000,64.0000
632.0000,336.0000,18.0000,64.0000
633.0000,335.0000,18.0000,64.0000
633.0000,335.0000,18.0000,64.0000
633.0000,334.0000,18.0000,64.0000
634.0000,334.0000,18.0000,64.0000
634.0000,333.0000,18.0000,64.0000
2
0
0
0
0
0
633.0000,332.0000,18.0000,64.0000
632.0000,332.0000,18.0000,64.0000
632.0000,332.0000,18.0000,64.0000
631.0000,331.0000,18.0000,64.0000
630.0000,331.0000,18.0000,64.0000
630.0000,331.0000,18.0000,64.0000
630.0000,331.0000,18.0000,64.0000
638.0000,331.0000,18.0000,64.0000
638.0000,331.0000,18.0000,64.0000
638.0000,331.0000,18.0000,64.0000
639.0000,330.0000,18.0000,64.0000
639.0000,330.0000,18.0000,64.0000
639.0000,329.0000,18.0000,64.0000
639.0000,329.0000,18.0000,64.0000
639.0000,329.0000,18.0000,64.0000
640.0000,328.0000,18.0000,64.0000
640.0000,328.0000,18.0000,64.0000
640.0000,328.0000,18.0000,64.0000
641.0000,328.0000,18.0000,64.0000
641.0000,328.0000,18.0000,64.0000
641.0000,328.0000,18.0000,64.0000
641.0000,328.0000,18.0000,64.0000
641.0000,328.0000,18.0000,64.0000
642.0000,327.0000,18.0000,64.0000
642.0000,327.0000,18.0000,64.0000
643.0000,326.0000,18.0000,64.0000
643.0000,326.0000,18.0000,64.0000
643.0000,325.0000,18.0000,64.0000
643.0000,325.0000,18.0000,64.0000
643.0000,324.0000,18.0000,64.0000
643.0000,324.0000,18.0000,64.0000
643.0000,323.0000,18.0000,64.0000
643.0000,323.0000,18.0000,64.0000
643.0000,323.0000,18.0000,64.0000
643.0000,323.0000,18.0000,64.0000
643.0000,322.0000,18.0000,64.0000
644.0000,322.0000,18.0000,64.0000
644.0000,322.0000,18.0000,64.0000
645.0000,322.0000,18.0000,64.0000
645.0000,322.0000,18.0000,64.0000
646.0000,322.0000,18.0000,64.0000
647.0000,321.0000,18.0000,64.0000
647.0000,321.0000,18.0000,64.0000
648.0000,321.0000,18.0000,64.0000
648.0000,320.0000,18.0000,64.0000
649.0000,320.0000,18.0000,64.0000
649.0000,320.0000,18.0000,64.0000
650.0000,320.0000,18.0000,64.0000
650.0000,320.0000,18.0000,64.0000
651.0000,319.0000,18.0000,64.0000
651.0000,319.0000,18.0000,64.0000
651.0000,319.0000,18.0000,64.0000
652.0000,319.0000,18.0000,64.0000
652.0000,319.0000,18.0000,64.0000
652.0000,319.0000,18.0000,64.0000
652.0000,319.0000,18.0000,64.0000
653.0000,319.0000,18.0000,64.0000
653.0000,319.0000,18.0000,64.0000
654.0000,318.0000,18.0000,64.0000
654.0000,318.0000,18.0000,64.0000
654.0000,317.0000,18.0000,64.0000
654.0000,317.0000,18.0000,64.0000
655.0000,317.0000,18.0000,64.0000
655.0000,316.0000,18.0000,64.0000
655.0000,316.0000,18.0000,64.0000
655.0000,315.0000,18.0000,64.0000
655.0000,315.0000,18.0000,64.0000
654.0000,314.0000,18.0000,64.0000
654.0000,314.0000,18.0000,64.0000
654.0000,314.0000,18.0000,64.0000
654.0000,314.0000,18.0000,64.0000
654.0000,314.0000,18.0000,64.0000
654.0000,314.0000,18.0000,64.0000
654.0000,314.0000,18.0000,64.0000
655.0000,313.0000,18.0000,64.0000
655.0000,313.0000,18.0000,64.0000
656.0000,313.0000,18.0000,64.0000
656.0000,313.0000,18.0000,64.0000
657.0000,312.0000,18.0000,64.0000
657.0000,312.0000,18.0000,64.0000
658.0000,312.0000,18.0000,64.0000
658.0000,312.0000,18.0000,64.0000
658.0000,312.0000,18.0000,64.0000
658.0000,312.0000,18.0000,64.0000
659.0000,312.0000,18.0000,64.0000
659.0000,312.0000,18.0000,64.0000
659.0000,312.0000,18.0000,64.0000
659.0000,312.0000,18.0000,64.0000
659.0000,312.0000,18.0000,64.0000
659.0000,312.0000,18.0000,64.0000
658.0000,312.0000,18.0000,64.0000
658.0000,312.0000,18.0000,64.0000
658.0000,311.0000,18.0000,64.0000
658.0000,311.0000,18.0000,64.0000
658.0000,311.0000,18.0000,64.0000
658.0000,310.0000,18.0000,64.0000
658.0000,310.0000,18.0000,64.0000
658.0000,310.0000,18.0000,64.0000
658.0000,310.0000,18.0000,64.0000
658.0000,309.0000,18.0000,64.0000
658.0000,309.0000,18.0000,64.0000
657.0000,309.0000,18.0000,64.0000
657.0000,309.0000,18.0000,64.0000
656.0000,308.0000,18.0000,64.0000
656.0000,308.0000,18.0000,64.0000
656.0000,308.0000,18.0000,64.0000
655.0000,308.0000,18.0000,64.0000
655.0000,308.0000,18.0000,64.0000
655.0000,308.0000,18.0000,64.0000
655.0000,307.0000,18.0000,64.0000
655.0000,307.0000,18.0000,64.0000
655.0000,307.0000,18.0000,64.0000
655.0000,307.0000,18.0000,64.0000
655.0000,307.0000,18.0000,64.0000
655.0000,307.0000,18.0000,64.0000
654.0000,307.0000,18.0000,64.0000
654.0000,307.0000,18.0000,64.0000
653.0000,307.0000,18.0000,64.0000
2
0
0
0
0
0
2
0
0
0
0
0
2
0
0
0
0
0
2
0
0
0
0
0
649.0000,318.0000,18.0000,64.0000
649.0000,319.0000,18.0000,64.0000
649.0000,320.0000,18.0000,64.0000
649.0000,320.0000,18.0000,64.0000
649.0000,321.0000,18.0000,64.0000
649.0000,321.0000,18.0000,64.0000
649.0000,322.0000,18.0000,64.0000
650.0000,322.0000,18.0000,64.0000
651.0000,323.0000,18.0000,64.0000
652.0000,324.0000,18.0000,64.0000
652.0000,325.0000,18.0000,64.0000
652.0000,325.0000,18.0000,64.0000
652.0000,325.0000,18.0000,64.0000
652.0000,326.0000,18.0000,64.0000
653.0000,327.0000,18.0000,64.0000
654.0000,328.0000,18.0000,64.0000
655.0000,328.0000,18.0000,64.0000
656.0000,329.0000,18.0000,64.0000
656.0000,329.0000,18.0000,64.0000
657.0000,329.0000,18.0000,64.0000
657.0000,329.0000,18.0000,64.0000
658.0000,329.0000,18.0000,64.0000
658.0000,329.0000,18.0000,64.0000
2
0
0
0
0
0
663.0000,333.0000,18.0000,64.0000
664.0000,333.0000,18.0000,64.0000
2
0
0
0
0
0
2
0
0
0
0
0
2
0
0
0
0
0
2
0
0
0
0
0
2
0
0
0
0
0
2
0
0
0
0
0
2
0
0
0
0
0
2
0
0
0
0
0
2
0
0
0
0
0
2
0
0
0
0
0
2
0
0
0
0
0
2
0
0
0
0
0
2
0
0
0
0
0
2
0
0
0
0
0
2
0
0
0
0
0
2
0
0
0
0
0
2
0
0
0
0
0
2
0
0
0
0
0
2
0
0
0
0
0
2
0
0
0
0
0
2
0
0
0
0
0
2
0
0
0
0
0
2
0
0
0
0
0
2
0
0
0
0
0
2
0
0
0
0
0
2
0
0
0
0
0
2
0
0
0
0
0
2
0
0
0
0
0
2
0
0
0
0
0
2
0
0
0
0
0
2
0
0
0
0
0
2
0
0
0
0
0
2
0
0
0
0
0
2
0
0
0
0
0
2
0
0
0
0
0
2
0
0
0
0
0
2
0
0
0
0
0
2
0
0
0
0
0
2
0
0
0
0
0
2
0
0
0
0
0
2
0
0
0
0
0
2
0
0
0
0
0
2
0
0
0
0
0
2
0
0
0
0
0
2
0
0
0
0
0
2
0
0
0
0
0
2
0
0
0
0
0
2
0
0
0
0
0
2
0
0
0
0
0
2
0
0
0
0
0
2
0
0
0
0
0
2
0
0
0
0
0
2
0
0
0
0
0
2
0
0
0
0
0
2
0
0
0
0
0
2
0
0
0
0
0
2
0
0
0
0
0
2
0
0
0
0
0
2
0
0
0
0
0
2
0
0
0
0
0
2
0
0
0
0
0
2
0
0
0
0
0
2
0
0
0
0
0
2
0
0
0
0
0
2
0
0
0
0
0
2
0
0
0
0
0
2
0
0
0
0
0
2
0
0
0
0
0
2
0
0
0
0
0
2
0
0
0
0
0
2
0
0
0
0
0
2
0
0
0
0
0
2
0
0
0
0
0
2
0
0
0
0
0
2
0
0
0
0
0
2
0
0
0
0
0
2
0
0
0
0
0
2
0
0
0
0
0
2
0
0
0
0
0
2
0
0
0
0
0
2
0
