1
535.0000,254.5000,88.0000,37.0000
543.0000,250.5000,88.0000,37.0000
547.0000,250.5000,88.0000,37.0000
551.0000,242.5000,88.0000,37.0000
555.0000,238.5000,88.0000,37.0000
555.0000,234.5000,88.0000,37.0000
559.0000,230.5000,88.0000,37.0000
559.0000,230.5000,88.0000,37.0000
551.0000,226.5000,88.0000,37.0000
555.0000,222.5000,88.0000,37.0000
551.0000,218.5000,88.0000,37.0000
547.0000,214.5000,88.0000,37.0000
543.0000,210.5000,88.0000,37.0000
535.0000,206.5000,88.0000,37.0000
531.0000,202.5000,88.0000,37.0000
523.0000,198.5000,88.0000,37.0000
519.0000,194.5000,88.0000,37.0000
519.0000,194.5000,88.0000,37.0000
507.0000,186.5000,88.0000,37.0000
499.0000,174.5000,88.0000,37.0000
487.0000,170.5000,88.0000,37.0000
495.0000,162.5000,88.0000,37.0000
483.0000,158.5000,88.0000,37.0000
467.0000,158.5000,88.0000,37.0000
455.0000,158.5000,88.0000,37.0000
439.0000,158.5000,88.0000,37.0000
439.0000,158.5000,88.0000,37.0000
435.0000,154.5000,88.0000,37.0000
423.0000,154.5000,88.0000,37.0000
423.0000,154.5000,88.0000,37.0000
419.0000,154.5000,88.0000,37.0000
419.0000,154.5000,88.0000,37.0000
419.0000,158.5000,88.0000,37.0000
415.0000,162.5000,88.0000,37.0000
2
0
0
0
0
0
403.0000,170.5000,88.0000,37.0000
407.0000,174.5000,88.0000,37.0000
403.0000,178.5000,88.0000,37.0000
407.0000,182.5000,88.0000,37.0000
407.0000,182.5000,88.0000,37.0000
399.0000,190.5000,88.0000,37.0000
399.0000,190.5000,88.0000,37.0000
407.0000,190.5000,88.0000,37.0000
415.0000,190.5000,88.0000,37.0000
403.0000,198.5000,88.0000,37.0000
407.0000,194.5000,88.0000,37.0000
403.0000,202.5000,88.0000,37.0000
403.0000,198.5000,88.0000,37.0000
407.0000,202.5000,88.0000,37.0000
395.0000,206.5000,88.0000,37.0000
395.0000,210.5000,88.0000,37.0000
395.0000,206.5000,88.0000,37.0000
395.0000,206.5000,88.0000,37.0000
391.0000,210.5000,88.0000,37.0000
391.0000,210.5000,88.0000,37.0000
387.0000,210.5000,88.0000,37.0000
387.0000,214.5000,88.0000,37.0000
391.0000,210.5000,88.0000,37.0000
383.0000,214.5000,88.0000,37.0000
383.0000,218.5000,88.0000,37.0000
383.0000,218.5000,88.0000,37.0000
379.0000,226.5000,88.0000,37.0000
383.0000,230.5000,88.0000,37.0000
383.0000,234.5000,88.0000,37.0000
387.0000,238.5000,88.0000,37.0000
391.0000,242.5000,88.0000,37.0000
399.0000,250.5000,88.0000,37.0000
403.0000,258.5000,88.0000,37.0000
407.0000,266.5000,88.0000,37.0000
407.0000,266.5000,88.0000,37.0000
407.0000,278.5000,88.0000,37.0000
419.0000,278.5000,88.0000,37.0000
423.0000,278.5000,88.0000,37.0000
427.0000,282.5000,88.0000,37.0000
431.0000,278.5000,88.0000,37.0000
431.0000,282.5000,88.0000,37.0000
427.0000,286.5000,88.0000,37.0000
427.0000,294.5000,88.0000,37.0000
451.0000,290.5000,88.0000,37.0000
451.0000,290.5000,88.0000,37.0000
2
0
0
0
0
0
2
0
0
0
0
0
2
0
0
0
0
0
2
0
0
0
0
0
2
0
0
0
0
0
2
0
0
0
0
0
2
0
0
0
0
0
2
0
0
0
0
0
2
0
0
0
0
0
2
0
0
0
0
0
2
0
0
0
0
0
2
0
0
0
0
0
2
0
0
0
0
0
2
0
0
0
0
0
2
0
0
0
0
0
2
0
0
0
0
0
2
0
0
0
0
0
2
0
0
0
0
0
2
0
0
0
0
0
2
0
0
0
0
0
2
0
0
0
0
0
2
0
0
0
0
0
2
0
0
0
0
0
2
0
0
0
0
0
2
0
0
0
0
0
2
0
0
0
0
0
2
0
0
0
0
0
2
0
0
0
0
0
2
0
0
0
0
0
2
0
0
0
0
0
2
0
0
0
0
0
2
0
0
0
0
0
2
0
0
0
0
0
2
0
0
0
0
0
2
0
0
0
0
0
2
0
0
0
0
0
2
0
0
0
0
0
2
0
0
0
0
0
2
0
0
0
0
0
2
0
0
0
0
0
2
0
0
0
0
0
2
0
0
0
0
0
2
0
0
0
0
0
2
0
0
0
0
0
2
0
0
0
0
0
2
0
0
0
0
0
2
0
0
0
0
0
2
0
0
0
0
0
2
0
0
0
0
0
2
0
0
0
0
0
2
0
0
0
0
0
2
0
0
0
0
0
2
0
0
0
0
0
2
0
0
0
0
0
2
0
0
0
0
0
2
0
0
0
0
0
2
0
0
0
0
0
2
0
0
0
0
0
2
0
0
0
0
0
2
0
0
0
0
0
2
0
0
0
0
0
2
0
0
0
0
0
2
0
0
0
0
0
2
0
0
0
0
0
2
0
0
0
0
0
2
0
0
0
0
0
2
0
0
0
0
0
2
0
0
0
0
0
2
0
0
0
0
0
2
0
0
0
0
0
2
0
0
0
0
0
2
0
0
0
0
0
2
0
0
0
0
0
2
0
0
0
0
0
2
0
0
0
0
0
2
0
0
0
0
0
2
0
0
0
0
0
2
0
0
0
0
0
2
0
0
0
0
0
2
0
0
0
0
0
2
0
0
0
0
0
2
0
0
0
0
0
2
0
0
0
0
0
2
0
0
0
0
0
2
0
0
0
0
0
2
0
0
0
0
0
2
0
0
0
0
0
2
0
0
0
0
0
2
0
0
0
0
0
2
0
0
0
0
0
2
0
0
0
0
0
2
0
0
0
0
0
2
0
0
0
0
0
2
0
0
0
0
0
2
0
0
0
0
0
2
0
0
0
0
0
2
0
0
0
0
0
2
0
0
0
0
0
2
0
0
0
0
0
2
0
0
0
0
0
2
0
0
0
0
0
2
0
0
0
0
0
2
0
0
0
0
0
2
0
0
0
0
0
2
0
0
0
0
0
2
0
0
0
0
0
2
0
0
0
0
0
2
0
0
0
0
0
2
0
0
0
0
0
2
0
0
0
0
0
2
0
0
0
0
0
2
0
0
0
0
0
2
0
0
0
0
0
2
0
0
0
0
0
2
0
0
0
0
0
2
0
0
0
0
0
2
0
0
0
0
0
2
0
0
0
0
0
2
0
0
0
0
0
2
0
0
0
0
0
2
0
0
0
0
0
2
0
0
0
0
0
2
0
0
0
0
