1
351.5000,427.0000,35.0000,22.0000
349.0000,421.0000,35.0000,22.0000
345.5000,416.0000,35.0000,22.0000
342.0000,412.0000,35.0000,22.0000
337.5000,408.0000,35.0000,22.0000
333.0000,409.0000,35.0000,22.0000
328.5000,409.0000,35.0000,22.0000
325.0000,406.0000,35.0000,22.0000
321.5000,405.0000,35.0000,22.0000
317.0000,406.0000,35.0000,22.0000
313.5000,405.0000,35.0000,22.0000
310.0000,399.0000,35.0000,22.0000
305.5000,392.0000,35.0000,22.0000
302.0000,388.0000,35.0000,22.0000
298.5000,386.0000,35.0000,22.0000
296.0000,386.0000,35.0000,22.0000
293.5000,387.0000,35.0000,22.0000
291.0000,385.0000,35.0000,22.0000
288.5000,383.0000,35.0000,22.0000
286.0000,380.0000,35.0000,22.0000
284.5000,379.0000,35.0000,22.0000
282.0000,378.0000,35.0000,22.0000
279.5000,378.0000,35.0000,22.0000
277.0000,378.0000,35.0000,22.0000
274.5000,378.0000,35.0000,22.0000
272.0000,379.0000,35.0000,22.0000
269.5000,380.0000,35.0000,22.0000
266.0000,381.0000,35.0000,22.0000
263.5000,380.0000,35.0000,22.0000
260.0000,377.0000,35.0000,22.0000
257.5000,375.0000,35.0000,22.0000
255.0000,374.0000,35.0000,22.0000
251.5000,376.0000,35.0000,22.0000
248.0000,377.0000,35.0000,22.0000
244.5000,379.0000,35.0000,22.0000
244.0000,379.0000,35.0000,22.0000
241.5000,381.0000,35.0000,22.0000
238.0000,384.0000,35.0000,22.0000
234.5000,385.0000,35.0000,22.0000
233.0000,384.0000,35.0000,22.0000
231.5000,383.0000,35.0000,22.0000
230.0000,382.0000,35.0000,22.0000
229.5000,380.0000,35.0000,22.0000
229.0000,379.0000,35.0000,22.0000
227.5000,376.0000,35.0000,22.0000
228.0000,376.0000,35.0000,22.0000
227.5000,375.0000,35.0000,22.0000
226.0000,372.0000,35.0000,22.0000
224.5000,369.0000,35.0000,22.0000
223.0000,364.0000,35.0000,22.0000
222.5000,359.0000,35.0000,22.0000
222.0000,354.0000,35.0000,22.0000
220.5000,348.0000,35.0000,22.0000
221.0000,342.0000,35.0000,22.0000
221.5000,338.0000,35.0000,22.0000
221.0000,338.0000,35.0000,22.0000
221.5000,334.0000,35.0000,22.0000
223.0000,329.0000,35.0000,22.0000
224.5000,324.0000,35.0000,22.0000
226.0000,317.0000,35.0000,22.0000
228.5000,313.0000,35.0000,22.0000
230.0000,310.0000,35.0000,22.0000
233.5000,307.0000,35.0000,22.0000
236.0000,304.0000,35.0000,22.0000
239.5000,300.0000,35.0000,22.0000
240.0000,300.0000,35.0000,22.0000
243.5000,299.0000,35.0000,22.0000
246.0000,296.0000,35.0000,22.0000
249.5000,294.0000,35.0000,22.0000
252.0000,294.0000,35.0000,22.0000
254.5000,294.0000,35.0000,22.0000
258.0000,293.0000,35.0000,22.0000
259.5000,293.0000,35.0000,22.0000
262.0000,294.0000,35.0000,22.0000
265.5000,296.0000,35.0000,22.0000
266.0000,296.0000,35.0000,22.0000
269.5000,299.0000,35.0000,22.0000
273.0000,302.0000,35.0000,22.0000
276.5000,305.0000,35.0000,22.0000
280.0000,310.0000,35.0000,22.0000
282.5000,313.0000,35.0000,22.0000
287.0000,315.0000,35.0000,22.0000
290.5000,315.0000,35.0000,22.0000
294.0000,316.0000,35.0000,22.0000
297.5000,313.0000,35.0000,22.0000
298.0000,313.0000,35.0000,22.0000
300.5000,310.0000,35.0000,22.0000
300.0000,310.0000,35.0000,22.0000
300.5000,309.0000,35.0000,22.0000
301.0000,308.0000,35.0000,22.0000
2
0
0
0
0
0
2
0
0
0
0
0
2
0
0
0
0
0
2
0
0
0
0
0
2
0
0
0
0
0
2
0
0
0
0
0
2
0
0
0
0
0
2
0
0
0
0
0
2
0
0
0
0
0
2
0
0
0
0
0
2
0
0
0
0
0
2
0
0
0
0
0
2
0
0
0
0
0
2
0
0
0
0
0
2
0
0
0
0
0
2
0
0
0
0
0
2
0
0
0
0
0
2
0
0
0
0
0
2
0
0
0
0
0
2
0
0
0
0
0
2
0
0
0
0
0
2
0
0
0
0
0
2
0
0
0
0
0
2
0
0
0
0
0
2
0
0
0
0
0
2
0
0
0
0
0
2
0
0
0
0
0
2
0
0
0
0
0
2
0
0
0
0
0
2
0
0
0
0
0
2
0
0
0
0
0
2
0
0
0
0
0
2
0
0
0
0
0
2
0
0
0
0
0
2
0
0
0
0
0
2
0
0
0
0
0
2
0
0
0
0
0
2
0
0
0
0
0
2
0
0
0
0
0
2
0
0
0
0
0
2
0
0
0
0
0
2
0
0
0
0
0
2
0
0
0
0
0
2
0
0
0
0
0
2
0
0
0
0
0
2
0
0
0
0
0
2
0
0
0
0
0
