1
403.0000,502.5000,16.0000,41.0000
403.0000,502.5000,16.0000,41.0000
403.0000,502.5000,16.0000,41.0000
403.0000,502.5000,16.0000,41.0000
403.0000,502.5000,16.0000,41.0000
403.0000,502.5000,16.0000,41.0000
403.0000,502.5000,16.0000,41.0000
403.0000,502.5000,16.0000,41.0000
403.0000,502.5000,16.0000,41.0000
403.0000,502.5000,16.0000,41.0000
403.0000,502.5000,16.0000,41.0000
403.0000,502.5000,16.0000,41.0000
403.0000,502.5000,16.0000,41.0000
403.0000,502.5000,16.0000,41.0000
403.0000,498.5000,16.0000,41.0000
403.0000,498.5000,16.0000,41.0000
403.0000,498.5000,16.0000,41.0000
403.0000,498.5000,16.0000,41.0000
403.0000,498.5000,16.0000,41.0000
403.0000,494.5000,16.0000,41.0000
403.0000,494.5000,16.0000,41.0000
403.0000,494.5000,16.0000,41.0000
403.0000,490.5000,16.0000,41.0000
403.0000,490.5000,16.0000,41.0000
403.0000,486.5000,16.0000,41.0000
403.0000,486.5000,16.0000,41.0000
403.0000,486.5000,16.0000,41.0000
403.0000,482.5000,16.0000,41.0000
403.0000,482.5000,16.0000,41.0000
403.0000,478.5000,16.0000,41.0000
403.0000,478.5000,16.0000,41.0000
403.0000,478.5000,16.0000,41.0000
403.0000,474.5000,16.0000,41.0000
403.0000,474.5000,16.0000,41.0000
403.0000,474.5000,16.0000,41.0000
403.0000,470.5000,16.0000,41.0000
403.0000,470.5000,16.0000,41.0000
403.0000,470.5000,16.0000,41.0000
403.0000,466.5000,16.0000,41.0000
403.0000,466.5000,16.0000,41.0000
403.0000,466.5000,16.0000,41.0000
403.0000,466.5000,16.0000,41.0000
403.0000,466.5000,16.0000,41.0000
403.0000,462.5000,16.0000,41.0000
403.0000,462.5000,16.0000,41.0000
403.0000,462.5000,16.0000,41.0000
403.0000,462.5000,16.0000,41.0000
403.0000,462.5000,16.0000,41.0000
403.0000,462.5000,16.0000,41.0000
403.0000,458.5000,16.0000,41.0000
403.0000,458.5000,16.0000,41.0000
403.0000,458.5000,16.0000,41.0000
403.0000,458.5000,16.0000,41.0000
403.0000,458.5000,16.0000,41.0000
403.0000,458.5000,16.0000,41.0000
403.0000,458.5000,16.0000,41.0000
403.0000,458.5000,16.0000,41.0000
403.0000,454.5000,16.0000,41.0000
403.0000,454.5000,16.0000,41.0000
403.0000,454.5000,16.0000,41.0000
403.0000,454.5000,16.0000,41.0000
403.0000,454.5000,16.0000,41.0000
403.0000,454.5000,16.0000,41.0000
403.0000,450.5000,16.0000,41.0000
403.0000,450.5000,16.0000,41.0000
403.0000,450.5000,16.0000,41.0000
403.0000,450.5000,16.0000,41.0000
403.0000,450.5000,16.0000,41.0000
403.0000,450.5000,16.0000,41.0000
403.0000,446.5000,16.0000,41.0000
403.0000,446.5000,16.0000,41.0000
403.0000,446.5000,16.0000,41.0000
403.0000,446.5000,16.0000,41.0000
403.0000,446.5000,16.0000,41.0000
403.0000,442.5000,16.0000,41.0000
403.0000,442.5000,16.0000,41.0000
403.0000,442.5000,16.0000,41.0000
403.0000,442.5000,16.0000,41.0000
403.0000,442.5000,16.0000,41.0000
403.0000,442.5000,16.0000,41.0000
403.0000,438.5000,16.0000,41.0000
403.0000,438.5000,16.0000,41.0000
403.0000,438.5000,16.0000,41.0000
403.0000,438.5000,16.0000,41.0000
403.0000,438.5000,16.0000,41.0000
403.0000,434.5000,16.0000,41.0000
403.0000,434.5000,16.0000,41.0000
403.0000,434.5000,16.0000,41.0000
403.0000,434.5000,16.0000,41.0000
403.0000,430.5000,16.0000,41.0000
403.0000,430.5000,16.0000,41.0000
403.0000,430.5000,16.0000,41.0000
403.0000,430.5000,16.0000,41.0000
403.0000,430.5000,16.0000,41.0000
403.0000,426.5000,16.0000,41.0000
403.0000,426.5000,16.0000,41.0000
403.0000,426.5000,16.0000,41.0000
403.0000,426.5000,16.0000,41.0000
403.0000,426.5000,16.0000,41.0000
403.0000,422.5000,16.0000,41.0000
403.0000,422.5000,16.0000,41.0000
403.0000,422.5000,16.0000,41.0000
403.0000,422.5000,16.0000,41.0000
403.0000,418.5000,16.0000,41.0000
403.0000,418.5000,16.0000,41.0000
403.0000,418.5000,16.0000,41.0000
403.0000,418.5000,16.0000,41.0000
403.0000,418.5000,16.0000,41.0000
403.0000,414.5000,16.0000,41.0000
403.0000,414.5000,16.0000,41.0000
403.0000,414.5000,16.0000,41.0000
403.0000,414.5000,16.0000,41.0000
403.0000,410.5000,16.0000,41.0000
403.0000,410.5000,16.0000,41.0000
403.0000,410.5000,16.0000,41.0000
403.0000,406.5000,16.0000,41.0000
403.0000,406.5000,16.0000,41.0000
403.0000,406.5000,16.0000,41.0000
403.0000,406.5000,16.0000,41.0000
403.0000,402.5000,16.0000,41.0000
403.0000,402.5000,16.0000,41.0000
403.0000,402.5000,16.0000,41.0000
403.0000,402.5000,16.0000,41.0000
403.0000,402.5000,16.0000,41.0000
403.0000,398.5000,16.0000,41.0000
403.0000,398.5000,16.0000,41.0000
403.0000,398.5000,16.0000,41.0000
403.0000,398.5000,16.0000,41.0000
403.0000,394.5000,16.0000,41.0000
403.0000,394.5000,16.0000,41.0000
403.0000,394.5000,16.0000,41.0000
403.0000,394.5000,16.0000,41.0000
403.0000,390.5000,16.0000,41.0000
403.0000,390.5000,16.0000,41.0000
403.0000,390.5000,16.0000,41.0000
403.0000,390.5000,16.0000,41.0000
403.0000,390.5000,16.0000,41.0000
403.0000,386.5000,16.0000,41.0000
403.0000,386.5000,16.0000,41.0000
403.0000,386.5000,16.0000,41.0000
403.0000,386.5000,16.0000,41.0000
403.0000,386.5000,16.0000,41.0000
403.0000,386.5000,16.0000,41.0000
403.0000,386.5000,16.0000,41.0000
403.0000,382.5000,16.0000,41.0000
403.0000,382.5000,16.0000,41.0000
403.0000,382.5000,16.0000,41.0000
403.0000,382.5000,16.0000,41.0000
403.0000,382.5000,16.0000,41.0000
403.0000,382.5000,16.0000,41.0000
403.0000,382.5000,16.0000,41.0000
403.0000,382.5000,16.0000,41.0000
403.0000,382.5000,16.0000,41.0000
403.0000,382.5000,16.0000,41.0000
403.0000,382.5000,16.0000,41.0000
403.0000,382.5000,16.0000,41.0000
403.0000,382.5000,16.0000,41.0000
403.0000,382.5000,16.0000,41.0000
403.0000,378.5000,16.0000,41.0000
403.0000,378.5000,16.0000,41.0000
403.0000,378.5000,16.0000,41.0000
403.0000,378.5000,16.0000,41.0000
403.0000,378.5000,16.0000,41.0000
403.0000,378.5000,16.0000,41.0000
403.0000,378.5000,16.0000,41.0000
403.0000,378.5000,16.0000,41.0000
403.0000,378.5000,16.0000,41.0000
403.0000,378.5000,16.0000,41.0000
403.0000,378.5000,16.0000,41.0000
403.0000,378.5000,16.0000,41.0000
403.0000,374.5000,16.0000,41.0000
403.0000,374.5000,16.0000,41.0000
403.0000,374.5000,16.0000,41.0000
403.0000,374.5000,16.0000,41.0000
403.0000,374.5000,16.0000,41.0000
403.0000,374.5000,16.0000,41.0000
403.0000,374.5000,16.0000,41.0000
403.0000,374.5000,16.0000,41.0000
403.0000,374.5000,16.0000,41.0000
403.0000,374.5000,16.0000,41.0000
403.0000,374.5000,16.0000,41.0000
403.0000,370.5000,16.0000,41.0000
403.0000,370.5000,16.0000,41.0000
403.0000,370.5000,16.0000,41.0000
403.0000,370.5000,16.0000,41.0000
399.0000,370.5000,16.0000,41.0000
399.0000,370.5000,16.0000,41.0000
399.0000,370.5000,16.0000,41.0000
399.0000,370.5000,16.0000,41.0000
399.0000,370.5000,16.0000,41.0000
399.0000,370.5000,16.0000,41.0000
399.0000,366.5000,16.0000,41.0000
399.0000,366.5000,16.0000,41.0000
399.0000,366.5000,16.0000,41.0000
399.0000,366.5000,16.0000,41.0000
399.0000,366.5000,16.0000,41.0000
399.0000,366.5000,16.0000,41.0000
399.0000,366.5000,16.0000,41.0000
399.0000,366.5000,16.0000,41.0000
399.0000,366.5000,16.0000,41.0000
399.0000,366.5000,16.0000,41.0000
399.0000,362.5000,16.0000,41.0000
399.0000,362.5000,16.0000,41.0000
399.0000,362.5000,16.0000,41.0000
399.0000,362.5000,16.0000,41.0000
399.0000,362.5000,16.0000,41.0000
399.0000,362.5000,16.0000,41.0000
399.0000,362.5000,16.0000,41.0000
399.0000,362.5000,16.0000,41.0000
399.0000,362.5000,16.0000,41.0000
399.0000,362.5000,16.0000,41.0000
399.0000,358.5000,16.0000,41.0000
399.0000,358.5000,16.0000,41.0000
399.0000,358.5000,16.0000,41.0000
399.0000,358.5000,16.0000,41.0000
399.0000,358.5000,16.0000,41.0000
399.0000,358.5000,16.0000,41.0000
399.0000,358.5000,16.0000,41.0000
399.0000,358.5000,16.0000,41.0000
399.0000,358.5000,16.0000,41.0000
399.0000,358.5000,16.0000,41.0000
399.0000,354.5000,16.0000,41.0000
399.0000,354.5000,16.0000,41.0000
399.0000,354.5000,16.0000,41.0000
399.0000,354.5000,16.0000,41.0000
399.0000,354.5000,16.0000,41.0000
399.0000,354.5000,16.0000,41.0000
399.0000,354.5000,16.0000,41.0000
399.0000,354.5000,16.0000,41.0000
399.0000,354.5000,16.0000,41.0000
399.0000,354.5000,16.0000,41.0000
399.0000,350.5000,16.0000,41.0000
399.0000,350.5000,16.0000,41.0000
399.0000,350.5000,16.0000,41.0000
399.0000,350.5000,16.0000,41.0000
399.0000,350.5000,16.0000,41.0000
399.0000,350.5000,16.0000,41.0000
399.0000,350.5000,16.0000,41.0000
399.0000,350.5000,16.0000,41.0000
399.0000,350.5000,16.0000,41.0000
399.0000,350.5000,16.0000,41.0000
399.0000,346.5000,16.0000,41.0000
399.0000,346.5000,16.0000,41.0000
399.0000,346.5000,16.0000,41.0000
399.0000,346.5000,16.0000,41.0000
399.0000,346.5000,16.0000,41.0000
399.0000,346.5000,16.0000,41.0000
399.0000,346.5000,16.0000,41.0000
399.0000,346.5000,16.0000,41.0000
399.0000,346.5000,16.0000,41.0000
399.0000,342.5000,16.0000,41.0000
399.0000,342.5000,16.0000,41.0000
399.0000,342.5000,16.0000,41.0000
399.0000,342.5000,16.0000,41.0000
399.0000,342.5000,16.0000,41.0000
399.0000,342.5000,16.0000,41.0000
399.0000,342.5000,16.0000,41.0000
399.0000,342.5000,16.0000,41.0000
399.0000,342.5000,16.0000,41.0000
399.0000,342.5000,16.0000,41.0000
399.0000,338.5000,16.0000,41.0000
399.0000,338.5000,16.0000,41.0000
399.0000,338.5000,16.0000,41.0000
399.0000,338.5000,16.0000,41.0000
395.0000,338.5000,16.0000,41.0000
395.0000,338.5000,16.0000,41.0000
395.0000,338.5000,16.0000,41.0000
395.0000,338.5000,16.0000,41.0000
395.0000,338.5000,16.0000,41.0000
395.0000,334.5000,16.0000,41.0000
395.0000,334.5000,16.0000,41.0000
395.0000,334.5000,16.0000,41.0000
395.0000,334.5000,16.0000,41.0000
395.0000,334.5000,16.0000,41.0000
395.0000,334.5000,16.0000,41.0000
395.0000,330.5000,16.0000,41.0000
395.0000,330.5000,16.0000,41.0000
395.0000,330.5000,16.0000,41.0000
395.0000,330.5000,16.0000,41.0000
395.0000,330.5000,16.0000,41.0000
395.0000,330.5000,16.0000,41.0000
395.0000,330.5000,16.0000,41.0000
395.0000,326.5000,16.0000,41.0000
395.0000,326.5000,16.0000,41.0000
395.0000,326.5000,16.0000,41.0000
395.0000,326.5000,16.0000,41.0000
395.0000,326.5000,16.0000,41.0000
395.0000,326.5000,16.0000,41.0000
395.0000,326.5000,16.0000,41.0000
395.0000,326.5000,16.0000,41.0000
395.0000,326.5000,16.0000,41.0000
395.0000,326.5000,16.0000,41.0000
395.0000,322.5000,16.0000,41.0000
395.0000,322.5000,16.0000,41.0000
395.0000,322.5000,16.0000,41.0000
395.0000,322.5000,16.0000,41.0000
395.0000,322.5000,16.0000,41.0000
395.0000,322.5000,16.0000,41.0000
395.0000,322.5000,16.0000,41.0000
395.0000,322.5000,16.0000,41.0000
395.0000,322.5000,16.0000,41.0000
395.0000,322.5000,16.0000,41.0000
395.0000,318.5000,16.0000,41.0000
395.0000,318.5000,16.0000,41.0000
395.0000,318.5000,16.0000,41.0000
395.0000,318.5000,16.0000,41.0000
395.0000,318.5000,16.0000,41.0000
395.0000,318.5000,16.0000,41.0000
395.0000,318.5000,16.0000,41.0000
395.0000,318.5000,16.0000,41.0000
395.0000,318.5000,16.0000,41.0000
395.0000,318.5000,16.0000,41.0000
395.0000,314.5000,16.0000,41.0000
395.0000,314.5000,16.0000,41.0000
395.0000,314.5000,16.0000,41.0000
395.0000,314.5000,16.0000,41.0000
395.0000,314.5000,16.0000,41.0000
395.0000,314.5000,16.0000,41.0000
395.0000,314.5000,16.0000,41.0000
391.0000,314.5000,16.0000,41.0000
391.0000,314.5000,16.0000,41.0000
391.0000,314.5000,16.0000,41.0000
391.0000,310.5000,16.0000,41.0000
391.0000,310.5000,16.0000,41.0000
391.0000,310.5000,16.0000,41.0000
391.0000,310.5000,16.0000,41.0000
391.0000,310.5000,16.0000,41.0000
391.0000,310.5000,16.0000,41.0000
391.0000,310.5000,16.0000,41.0000
391.0000,310.5000,16.0000,41.0000
391.0000,306.5000,16.0000,41.0000
391.0000,306.5000,16.0000,41.0000
391.0000,306.5000,16.0000,41.0000
391.0000,306.5000,16.0000,41.0000
391.0000,306.5000,16.0000,41.0000
391.0000,306.5000,16.0000,41.0000
391.0000,306.5000,16.0000,41.0000
391.0000,306.5000,16.0000,41.0000
391.0000,306.5000,16.0000,41.0000
391.0000,302.5000,16.0000,41.0000
391.0000,302.5000,16.0000,41.0000
391.0000,302.5000,16.0000,41.0000
391.0000,302.5000,16.0000,41.0000
391.0000,302.5000,16.0000,41.0000
391.0000,302.5000,16.0000,41.0000
391.0000,302.5000,16.0000,41.0000
391.0000,302.5000,16.0000,41.0000
391.0000,302.5000,16.0000,41.0000
391.0000,302.5000,16.0000,41.0000
391.0000,298.5000,16.0000,41.0000
391.0000,298.5000,16.0000,41.0000
391.0000,298.5000,16.0000,41.0000
391.0000,298.5000,16.0000,41.0000
391.0000,298.5000,16.0000,41.0000
391.0000,298.5000,16.0000,41.0000
391.0000,298.5000,16.0000,41.0000
391.0000,298.5000,16.0000,41.0000
391.0000,298.5000,16.0000,41.0000
391.0000,298.5000,16.0000,41.0000
391.0000,298.5000,16.0000,41.0000
391.0000,294.5000,16.0000,41.0000
391.0000,294.5000,16.0000,41.0000
391.0000,294.5000,16.0000,41.0000
391.0000,294.5000,16.0000,41.0000
391.0000,294.5000,16.0000,41.0000
391.0000,294.5000,16.0000,41.0000
391.0000,294.5000,16.0000,41.0000
391.0000,294.5000,16.0000,41.0000
391.0000,294.5000,16.0000,41.0000
391.0000,294.5000,16.0000,41.0000
391.0000,290.5000,16.0000,41.0000
391.0000,290.5000,16.0000,41.0000
387.0000,290.5000,16.0000,41.0000
387.0000,290.5000,16.0000,41.0000
387.0000,290.5000,16.0000,41.0000
387.0000,290.5000,16.0000,41.0000
387.0000,290.5000,16.0000,41.0000
387.0000,290.5000,16.0000,41.0000
387.0000,290.5000,16.0000,41.0000
387.0000,290.5000,16.0000,41.0000
387.0000,286.5000,16.0000,41.0000
387.0000,286.5000,16.0000,41.0000
387.0000,286.5000,16.0000,41.0000
387.0000,286.5000,16.0000,41.0000
387.0000,286.5000,16.0000,41.0000
387.0000,286.5000,16.0000,41.0000
387.0000,286.5000,16.0000,41.0000
387.0000,286.5000,16.0000,41.0000
387.0000,286.5000,16.0000,41.0000
383.0000,282.5000,16.0000,41.0000
383.0000,282.5000,16.0000,41.0000
383.0000,282.5000,16.0000,41.0000
383.0000,282.5000,16.0000,41.0000
383.0000,282.5000,16.0000,41.0000
383.0000,282.5000,16.0000,41.0000
383.0000,282.5000,16.0000,41.0000
383.0000,282.5000,16.0000,41.0000
383.0000,278.5000,16.0000,41.0000
383.0000,278.5000,16.0000,41.0000
383.0000,278.5000,16.0000,41.0000
383.0000,278.5000,16.0000,41.0000
383.0000,278.5000,16.0000,41.0000
383.0000,278.5000,16.0000,41.0000
383.0000,278.5000,16.0000,41.0000
383.0000,274.5000,16.0000,41.0000
383.0000,274.5000,16.0000,41.0000
383.0000,274.5000,16.0000,41.0000
383.0000,274.5000,16.0000,41.0000
383.0000,274.5000,16.0000,41.0000
383.0000,274.5000,16.0000,41.0000
383.0000,274.5000,16.0000,41.0000
383.0000,274.5000,16.0000,41.0000
383.0000,274.5000,16.0000,41.0000
383.0000,270.5000,16.0000,41.0000
383.0000,270.5000,16.0000,41.0000
383.0000,270.5000,16.0000,41.0000
383.0000,270.5000,16.0000,41.0000
383.0000,270.5000,16.0000,41.0000
383.0000,270.5000,16.0000,41.0000
383.0000,270.5000,16.0000,41.0000
383.0000,266.5000,16.0000,41.0000
383.0000,266.5000,16.0000,41.0000
383.0000,266.5000,16.0000,41.0000
379.0000,266.5000,16.0000,41.0000
379.0000,266.5000,16.0000,41.0000
379.0000,266.5000,16.0000,41.0000
379.0000,266.5000,16.0000,41.0000
379.0000,266.5000,16.0000,41.0000
379.0000,262.5000,16.0000,41.0000
379.0000,262.5000,16.0000,41.0000
379.0000,262.5000,16.0000,41.0000
379.0000,262.5000,16.0000,41.0000
379.0000,262.5000,16.0000,41.0000
379.0000,262.5000,16.0000,41.0000
379.0000,258.5000,16.0000,41.0000
379.0000,258.5000,16.0000,41.0000
379.0000,258.5000,16.0000,41.0000
379.0000,258.5000,16.0000,41.0000
379.0000,258.5000,16.0000,41.0000
379.0000,258.5000,16.0000,41.0000
379.0000,258.5000,16.0000,41.0000
379.0000,254.5000,16.0000,41.0000
379.0000,254.5000,16.0000,41.0000
379.0000,254.5000,16.0000,41.0000
379.0000,254.5000,16.0000,41.0000
379.0000,254.5000,16.0000,41.0000
379.0000,254.5000,16.0000,41.0000
379.0000,254.5000,16.0000,41.0000
379.0000,250.5000,16.0000,41.0000
379.0000,250.5000,16.0000,41.0000
379.0000,250.5000,16.0000,41.0000
379.0000,250.5000,16.0000,41.0000
379.0000,250.5000,16.0000,41.0000
379.0000,250.5000,16.0000,41.0000
379.0000,246.5000,16.0000,41.0000
379.0000,246.5000,16.0000,41.0000
379.0000,246.5000,16.0000,41.0000
379.0000,246.5000,16.0000,41.0000
379.0000,246.5000,16.0000,41.0000
379.0000,246.5000,16.0000,41.0000
379.0000,242.5000,16.0000,41.0000
379.0000,242.5000,16.0000,41.0000
379.0000,242.5000,16.0000,41.0000
379.0000,242.5000,16.0000,41.0000
379.0000,242.5000,16.0000,41.0000
375.0000,238.5000,16.0000,41.0000
375.0000,238.5000,16.0000,41.0000
375.0000,238.5000,16.0000,41.0000
375.0000,238.5000,16.0000,41.0000
375.0000,238.5000,16.0000,41.0000
375.0000,238.5000,16.0000,41.0000
375.0000,234.5000,16.0000,41.0000
375.0000,234.5000,16.0000,41.0000
375.0000,234.5000,16.0000,41.0000
375.0000,234.5000,16.0000,41.0000
375.0000,234.5000,16.0000,41.0000
375.0000,234.5000,16.0000,41.0000
375.0000,234.5000,16.0000,41.0000
375.0000,230.5000,16.0000,41.0000
375.0000,230.5000,16.0000,41.0000
375.0000,230.5000,16.0000,41.0000
375.0000,230.5000,16.0000,41.0000
375.0000,230.5000,16.0000,41.0000
375.0000,230.5000,16.0000,41.0000
375.0000,226.5000,16.0000,41.0000
375.0000,226.5000,16.0000,41.0000
375.0000,226.5000,16.0000,41.0000
375.0000,226.5000,16.0000,41.0000
375.0000,226.5000,16.0000,41.0000
375.0000,226.5000,16.0000,41.0000
375.0000,222.5000,16.0000,41.0000
375.0000,222.5000,16.0000,41.0000
375.0000,222.5000,16.0000,41.0000
375.0000,222.5000,16.0000,41.0000
375.0000,222.5000,16.0000,41.0000
375.0000,222.5000,16.0000,41.0000
371.0000,218.5000,16.0000,41.0000
371.0000,218.5000,16.0000,41.0000
371.0000,218.5000,16.0000,41.0000
371.0000,218.5000,16.0000,41.0000
371.0000,218.5000,16.0000,41.0000
371.0000,214.5000,16.0000,41.0000
371.0000,214.5000,16.0000,41.0000
371.0000,214.5000,16.0000,41.0000
371.0000,214.5000,16.0000,41.0000
371.0000,214.5000,16.0000,41.0000
371.0000,214.5000,16.0000,41.0000
371.0000,210.5000,16.0000,41.0000
371.0000,210.5000,16.0000,41.0000
371.0000,210.5000,16.0000,41.0000
371.0000,210.5000,16.0000,41.0000
371.0000,210.5000,16.0000,41.0000
371.0000,206.5000,16.0000,41.0000
371.0000,206.5000,16.0000,41.0000
371.0000,206.5000,16.0000,41.0000
371.0000,206.5000,16.0000,41.0000
371.0000,206.5000,16.0000,41.0000
371.0000,206.5000,16.0000,41.0000
371.0000,202.5000,16.0000,41.0000
371.0000,202.5000,16.0000,41.0000
371.0000,202.5000,16.0000,41.0000
371.0000,202.5000,16.0000,41.0000
371.0000,202.5000,16.0000,41.0000
371.0000,198.5000,16.0000,41.0000
367.0000,198.5000,16.0000,41.0000
367.0000,198.5000,16.0000,41.0000
367.0000,198.5000,16.0000,41.0000
367.0000,198.5000,16.0000,41.0000
367.0000,194.5000,16.0000,41.0000
367.0000,194.5000,16.0000,41.0000
367.0000,194.5000,16.0000,41.0000
367.0000,194.5000,16.0000,41.0000
367.0000,194.5000,16.0000,41.0000
367.0000,194.5000,16.0000,41.0000
367.0000,190.5000,16.0000,41.0000
367.0000,190.5000,16.0000,41.0000
367.0000,190.5000,16.0000,41.0000
367.0000,190.5000,16.0000,41.0000
367.0000,190.5000,16.0000,41.0000
367.0000,186.5000,16.0000,41.0000
367.0000,186.5000,16.0000,41.0000
367.0000,186.5000,16.0000,41.0000
367.0000,186.5000,16.0000,41.0000
367.0000,182.5000,16.0000,41.0000
367.0000,182.5000,16.0000,41.0000
367.0000,182.5000,16.0000,41.0000
367.0000,182.5000,16.0000,41.0000
367.0000,182.5000,16.0000,41.0000
367.0000,178.5000,16.0000,41.0000
367.0000,178.5000,16.0000,41.0000
367.0000,178.5000,16.0000,41.0000
367.0000,178.5000,16.0000,41.0000
367.0000,178.5000,16.0000,41.0000
367.0000,174.5000,16.0000,41.0000
367.0000,174.5000,16.0000,41.0000
367.0000,174.5000,16.0000,41.0000
367.0000,174.5000,16.0000,41.0000
367.0000,174.5000,16.0000,41.0000
363.0000,170.5000,16.0000,41.0000
363.0000,170.5000,16.0000,41.0000
363.0000,170.5000,16.0000,41.0000
363.0000,170.5000,16.0000,41.0000
363.0000,174.5000,16.0000,41.0000
363.0000,174.5000,16.0000,41.0000
363.0000,174.5000,16.0000,41.0000
363.0000,178.5000,16.0000,41.0000
363.0000,178.5000,16.0000,41.0000
363.0000,178.5000,16.0000,41.0000
363.0000,182.5000,16.0000,41.0000
363.0000,182.5000,16.0000,41.0000
363.0000,186.5000,16.0000,41.0000
363.0000,186.5000,16.0000,41.0000
363.0000,190.5000,16.0000,41.0000
363.0000,190.5000,16.0000,41.0000
363.0000,194.5000,16.0000,41.0000
363.0000,194.5000,16.0000,41.0000
363.0000,198.5000,16.0000,41.0000
363.0000,198.5000,16.0000,41.0000
363.0000,202.5000,16.0000,41.0000
363.0000,206.5000,16.0000,41.0000
363.0000,206.5000,16.0000,41.0000
363.0000,210.5000,16.0000,41.0000
363.0000,210.5000,16.0000,41.0000
363.0000,210.5000,16.0000,41.0000
363.0000,214.5000,16.0000,41.0000
363.0000,214.5000,16.0000,41.0000
363.0000,218.5000,16.0000,41.0000
363.0000,218.5000,16.0000,41.0000
363.0000,218.5000,16.0000,41.0000
363.0000,222.5000,16.0000,41.0000
363.0000,222.5000,16.0000,41.0000
363.0000,226.5000,16.0000,41.0000
363.0000,226.5000,16.0000,41.0000
363.0000,226.5000,16.0000,41.0000
363.0000,230.5000,16.0000,41.0000
363.0000,230.5000,16.0000,41.0000
363.0000,234.5000,16.0000,41.0000
363.0000,234.5000,16.0000,41.0000
363.0000,234.5000,16.0000,41.0000
363.0000,238.5000,16.0000,41.0000
363.0000,238.5000,16.0000,41.0000
363.0000,242.5000,16.0000,41.0000
363.0000,242.5000,16.0000,41.0000
363.0000,242.5000,16.0000,41.0000
363.0000,246.5000,16.0000,41.0000
363.0000,246.5000,16.0000,41.0000
363.0000,246.5000,16.0000,41.0000
363.0000,250.5000,16.0000,41.0000
363.0000,250.5000,16.0000,41.0000
363.0000,254.5000,16.0000,41.0000
363.0000,254.5000,16.0000,41.0000
363.0000,254.5000,16.0000,41.0000
363.0000,258.5000,16.0000,41.0000
363.0000,258.5000,16.0000,41.0000
363.0000,262.5000,16.0000,41.0000
363.0000,262.5000,16.0000,41.0000
363.0000,262.5000,16.0000,41.0000
363.0000,266.5000,16.0000,41.0000
363.0000,266.5000,16.0000,41.0000
363.0000,270.5000,16.0000,41.0000
363.0000,270.5000,16.0000,41.0000
363.0000,270.5000,16.0000,41.0000
363.0000,274.5000,16.0000,41.0000
363.0000,274.5000,16.0000,41.0000
363.0000,278.5000,16.0000,41.0000
363.0000,278.5000,16.0000,41.0000
363.0000,278.5000,16.0000,41.0000
363.0000,282.5000,16.0000,41.0000
363.0000,282.5000,16.0000,41.0000
363.0000,286.5000,16.0000,41.0000
363.0000,286.5000,16.0000,41.0000
363.0000,286.5000,16.0000,41.0000
363.0000,290.5000,16.0000,41.0000
363.0000,290.5000,16.0000,41.0000
363.0000,294.5000,16.0000,41.0000
363.0000,294.5000,16.0000,41.0000
363.0000,294.5000,16.0000,41.0000
363.0000,298.5000,16.0000,41.0000
363.0000,298.5000,16.0000,41.0000
363.0000,298.5000,16.0000,41.0000
363.0000,302.5000,16.0000,41.0000
363.0000,302.5000,16.0000,41.0000
363.0000,306.5000,16.0000,41.0000
363.0000,306.5000,16.0000,41.0000
363.0000,306.5000,16.0000,41.0000
363.0000,310.5000,16.0000,41.0000
363.0000,310.5000,16.0000,41.0000
363.0000,310.5000,16.0000,41.0000
363.0000,314.5000,16.0000,41.0000
363.0000,314.5000,16.0000,41.0000
363.0000,318.5000,16.0000,41.0000
363.0000,318.5000,16.0000,41.0000
363.0000,322.5000,16.0000,41.0000
363.0000,322.5000,16.0000,41.0000
363.0000,322.5000,16.0000,41.0000
363.0000,326.5000,16.0000,41.0000
363.0000,326.5000,16.0000,41.0000
363.0000,330.5000,16.0000,41.0000
363.0000,330.5000,16.0000,41.0000
363.0000,330.5000,16.0000,41.0000
363.0000,334.5000,16.0000,41.0000
363.0000,334.5000,16.0000,41.0000
363.0000,338.5000,16.0000,41.0000
363.0000,338.5000,16.0000,41.0000
363.0000,338.5000,16.0000,41.0000
363.0000,342.5000,16.0000,41.0000
363.0000,342.5000,16.0000,41.0000
363.0000,346.5000,16.0000,41.0000
363.0000,346.5000,16.0000,41.0000
363.0000,346.5000,16.0000,41.0000
363.0000,350.5000,16.0000,41.0000
363.0000,350.5000,16.0000,41.0000
363.0000,354.5000,16.0000,41.0000
363.0000,354.5000,16.0000,41.0000
363.0000,354.5000,16.0000,41.0000
363.0000,358.5000,16.0000,41.0000
363.0000,358.5000,16.0000,41.0000
363.0000,358.5000,16.0000,41.0000
363.0000,362.5000,16.0000,41.0000
363.0000,362.5000,16.0000,41.0000
363.0000,366.5000,16.0000,41.0000
363.0000,366.5000,16.0000,41.0000
363.0000,366.5000,16.0000,41.0000
363.0000,370.5000,16.0000,41.0000
363.0000,370.5000,16.0000,41.0000
363.0000,374.5000,16.0000,41.0000
363.0000,374.5000,16.0000,41.0000
363.0000,374.5000,16.0000,41.0000
363.0000,378.5000,16.0000,41.0000
363.0000,378.5000,16.0000,41.0000
363.0000,382.5000,16.0000,41.0000
363.0000,382.5000,16.0000,41.0000
363.0000,382.5000,16.0000,41.0000
363.0000,386.5000,16.0000,41.0000
363.0000,386.5000,16.0000,41.0000
363.0000,386.5000,16.0000,41.0000
363.0000,386.5000,16.0000,41.0000
363.0000,386.5000,16.0000,41.0000
363.0000,386.5000,16.0000,41.0000
363.0000,386.5000,16.0000,41.0000
363.0000,382.5000,16.0000,41.0000
363.0000,382.5000,16.0000,41.0000
363.0000,382.5000,16.0000,41.0000
363.0000,382.5000,16.0000,41.0000
363.0000,378.5000,16.0000,41.0000
363.0000,378.5000,16.0000,41.0000
367.0000,378.5000,16.0000,41.0000
367.0000,374.5000,16.0000,41.0000
371.0000,374.5000,16.0000,41.0000
375.0000,370.5000,16.0000,41.0000
375.0000,370.5000,16.0000,41.0000
379.0000,366.5000,16.0000,41.0000
379.0000,366.5000,16.0000,41.0000
383.0000,366.5000,16.0000,41.0000
387.0000,362.5000,16.0000,41.0000
387.0000,362.5000,16.0000,41.0000
391.0000,358.5000,16.0000,41.0000
391.0000,358.5000,16.0000,41.0000
395.0000,358.5000,16.0000,41.0000
399.0000,354.5000,16.0000,41.0000
399.0000,354.5000,16.0000,41.0000
403.0000,350.5000,16.0000,41.0000
407.0000,350.5000,16.0000,41.0000
407.0000,350.5000,16.0000,41.0000
411.0000,346.5000,16.0000,41.0000
415.0000,346.5000,16.0000,41.0000
415.0000,342.5000,16.0000,41.0000
415.0000,342.5000,16.0000,41.0000
419.0000,342.5000,16.0000,41.0000
419.0000,338.5000,16.0000,41.0000
419.0000,338.5000,16.0000,41.0000
423.0000,338.5000,16.0000,41.0000
423.0000,334.5000,16.0000,41.0000
423.0000,334.5000,16.0000,41.0000
423.0000,334.5000,16.0000,41.0000
423.0000,334.5000,16.0000,41.0000
423.0000,330.5000,16.0000,41.0000
423.0000,330.5000,16.0000,41.0000
423.0000,330.5000,16.0000,41.0000
423.0000,330.5000,16.0000,41.0000
423.0000,330.5000,16.0000,41.0000
423.0000,326.5000,16.0000,41.0000
423.0000,326.5000,16.0000,41.0000
423.0000,326.5000,16.0000,41.0000
423.0000,326.5000,16.0000,41.0000
423.0000,326.5000,16.0000,41.0000
423.0000,322.5000,16.0000,41.0000
423.0000,322.5000,16.0000,41.0000
423.0000,322.5000,16.0000,41.0000
423.0000,322.5000,16.0000,41.0000
423.0000,322.5000,16.0000,41.0000
423.0000,318.5000,16.0000,41.0000
423.0000,318.5000,16.0000,41.0000
423.0000,318.5000,16.0000,41.0000
423.0000,318.5000,16.0000,41.0000
423.0000,318.5000,16.0000,41.0000
423.0000,314.5000,16.0000,41.0000
423.0000,314.5000,16.0000,41.0000
423.0000,314.5000,16.0000,41.0000
423.0000,314.5000,16.0000,41.0000
423.0000,314.5000,16.0000,41.0000
423.0000,310.5000,16.0000,41.0000
423.0000,310.5000,16.0000,41.0000
423.0000,310.5000,16.0000,41.0000
423.0000,310.5000,16.0000,41.0000
423.0000,310.5000,16.0000,41.0000
423.0000,310.5000,16.0000,41.0000
423.0000,306.5000,16.0000,41.0000
423.0000,306.5000,16.0000,41.0000
423.0000,306.5000,16.0000,41.0000
423.0000,306.5000,16.0000,41.0000
423.0000,306.5000,16.0000,41.0000
423.0000,302.5000,16.0000,41.0000
423.0000,302.5000,16.0000,41.0000
423.0000,302.5000,16.0000,41.0000
423.0000,302.5000,16.0000,41.0000
423.0000,302.5000,16.0000,41.0000
423.0000,298.5000,16.0000,41.0000
423.0000,298.5000,16.0000,41.0000
423.0000,298.5000,16.0000,41.0000
423.0000,298.5000,16.0000,41.0000
423.0000,298.5000,16.0000,41.0000
423.0000,298.5000,16.0000,41.0000
423.0000,294.5000,16.0000,41.0000
423.0000,294.5000,16.0000,41.0000
423.0000,294.5000,16.0000,41.0000
423.0000,294.5000,16.0000,41.0000
423.0000,294.5000,16.0000,41.0000
423.0000,290.5000,16.0000,41.0000
423.0000,290.5000,16.0000,41.0000
423.0000,290.5000,16.0000,41.0000
423.0000,290.5000,16.0000,41.0000
423.0000,290.5000,16.0000,41.0000
423.0000,290.5000,16.0000,41.0000
423.0000,286.5000,16.0000,41.0000
423.0000,286.5000,16.0000,41.0000
423.0000,286.5000,16.0000,41.0000
423.0000,286.5000,16.0000,41.0000
423.0000,286.5000,16.0000,41.0000
423.0000,282.5000,16.0000,41.0000
423.0000,282.5000,16.0000,41.0000
423.0000,282.5000,16.0000,41.0000
423.0000,282.5000,16.0000,41.0000
423.0000,282.5000,16.0000,41.0000
423.0000,282.5000,16.0000,41.0000
423.0000,278.5000,16.0000,41.0000
423.0000,278.5000,16.0000,41.0000
423.0000,278.5000,16.0000,41.0000
423.0000,278.5000,16.0000,41.0000
423.0000,278.5000,16.0000,41.0000
423.0000,278.5000,16.0000,41.0000
423.0000,278.5000,16.0000,41.0000
423.0000,278.5000,16.0000,41.0000
423.0000,274.5000,16.0000,41.0000
423.0000,274.5000,16.0000,41.0000
423.0000,274.5000,16.0000,41.0000
423.0000,274.5000,16.0000,41.0000
423.0000,274.5000,16.0000,41.0000
423.0000,274.5000,16.0000,41.0000
423.0000,278.5000,16.0000,41.0000
423.0000,278.5000,16.0000,41.0000
423.0000,278.5000,16.0000,41.0000
423.0000,278.5000,16.0000,41.0000
423.0000,278.5000,16.0000,41.0000
423.0000,278.5000,16.0000,41.0000
423.0000,278.5000,16.0000,41.0000
423.0000,278.5000,16.0000,41.0000
423.0000,278.5000,16.0000,41.0000
423.0000,278.5000,16.0000,41.0000
423.0000,278.5000,16.0000,41.0000
423.0000,278.5000,16.0000,41.0000
423.0000,278.5000,16.0000,41.0000
423.0000,278.5000,16.0000,41.0000
423.0000,278.5000,16.0000,41.0000
423.0000,278.5000,16.0000,41.0000
423.0000,278.5000,16.0000,41.0000
423.0000,278.5000,16.0000,41.0000
423.0000,278.5000,16.0000,41.0000
423.0000,278.5000,16.0000,41.0000
423.0000,278.5000,16.0000,41.0000
423.0000,278.5000,16.0000,41.0000
423.0000,278.5000,16.0000,41.0000
423.0000,278.5000,16.0000,41.0000
423.0000,278.5000,16.0000,41.0000
423.0000,278.5000,16.0000,41.0000
423.0000,282.5000,16.0000,41.0000
423.0000,282.5000,16.0000,41.0000
423.0000,282.5000,16.0000,41.0000
423.0000,282.5000,16.0000,41.0000
423.0000,282.5000,16.0000,41.0000
423.0000,282.5000,16.0000,41.0000
423.0000,282.5000,16.0000,41.0000
423.0000,282.5000,16.0000,41.0000
423.0000,282.5000,16.0000,41.0000
423.0000,282.5000,16.0000,41.0000
423.0000,286.5000,16.0000,41.0000
423.0000,286.5000,16.0000,41.0000
423.0000,286.5000,16.0000,41.0000
423.0000,286.5000,16.0000,41.0000
423.0000,286.5000,16.0000,41.0000
423.0000,286.5000,16.0000,41.0000
423.0000,286.5000,16.0000,41.0000
423.0000,282.5000,16.0000,41.0000
423.0000,282.5000,16.0000,41.0000
423.0000,282.5000,16.0000,41.0000
423.0000,282.5000,16.0000,41.0000
423.0000,282.5000,16.0000,41.0000
423.0000,282.5000,16.0000,41.0000
423.0000,282.5000,16.0000,41.0000
423.0000,278.5000,16.0000,41.0000
423.0000,278.5000,16.0000,41.0000
423.0000,278.5000,16.0000,41.0000
423.0000,278.5000,16.0000,41.0000
423.0000,278.5000,16.0000,41.0000
423.0000,278.5000,16.0000,41.0000
423.0000,278.5000,16.0000,41.0000
423.0000,278.5000,16.0000,41.0000
423.0000,274.5000,16.0000,41.0000
423.0000,274.5000,16.0000,41.0000
423.0000,274.5000,16.0000,41.0000
423.0000,274.5000,16.0000,41.0000
423.0000,274.5000,16.0000,41.0000
423.0000,274.5000,16.0000,41.0000
423.0000,274.5000,16.0000,41.0000
423.0000,270.5000,16.0000,41.0000
423.0000,270.5000,16.0000,41.0000
423.0000,270.5000,16.0000,41.0000
423.0000,270.5000,16.0000,41.0000
423.0000,270.5000,16.0000,41.0000
423.0000,270.5000,16.0000,41.0000
423.0000,270.5000,16.0000,41.0000
423.0000,270.5000,16.0000,41.0000
423.0000,270.5000,16.0000,41.0000
423.0000,274.5000,16.0000,41.0000
423.0000,274.5000,16.0000,41.0000
423.0000,274.5000,16.0000,41.0000
423.0000,278.5000,16.0000,41.0000
423.0000,278.5000,16.0000,41.0000
423.0000,282.5000,16.0000,41.0000
423.0000,286.5000,16.0000,41.0000
423.0000,286.5000,16.0000,41.0000
423.0000,290.5000,16.0000,41.0000
423.0000,290.5000,16.0000,41.0000
423.0000,294.5000,16.0000,41.0000
423.0000,298.5000,16.0000,41.0000
423.0000,298.5000,16.0000,41.0000
423.0000,302.5000,16.0000,41.0000
423.0000,302.5000,16.0000,41.0000
423.0000,306.5000,16.0000,41.0000
423.0000,306.5000,16.0000,41.0000
423.0000,310.5000,16.0000,41.0000
423.0000,310.5000,16.0000,41.0000
423.0000,310.5000,16.0000,41.0000
423.0000,310.5000,16.0000,41.0000
423.0000,314.5000,16.0000,41.0000
423.0000,314.5000,16.0000,41.0000
423.0000,314.5000,16.0000,41.0000
423.0000,314.5000,16.0000,41.0000
423.0000,318.5000,16.0000,41.0000
423.0000,318.5000,16.0000,41.0000
423.0000,318.5000,16.0000,41.0000
423.0000,318.5000,16.0000,41.0000
423.0000,318.5000,16.0000,41.0000
423.0000,318.5000,16.0000,41.0000
423.0000,318.5000,16.0000,41.0000
423.0000,318.5000,16.0000,41.0000
423.0000,318.5000,16.0000,41.0000
423.0000,318.5000,16.0000,41.0000
423.0000,318.5000,16.0000,41.0000
423.0000,318.5000,16.0000,41.0000
423.0000,318.5000,16.0000,41.0000
423.0000,318.5000,16.0000,41.0000
423.0000,318.5000,16.0000,41.0000
423.0000,318.5000,16.0000,41.0000
423.0000,318.5000,16.0000,41.0000
423.0000,318.5000,16.0000,41.0000
423.0000,318.5000,16.0000,41.0000
423.0000,314.5000,16.0000,41.0000
423.0000,314.5000,16.0000,41.0000
423.0000,314.5000,16.0000,41.0000
423.0000,314.5000,16.0000,41.0000
423.0000,318.5000,16.0000,41.0000
423.0000,318.5000,16.0000,41.0000
423.0000,318.5000,16.0000,41.0000
423.0000,322.5000,16.0000,41.0000
423.0000,322.5000,16.0000,41.0000
423.0000,322.5000,16.0000,41.0000
423.0000,326.5000,16.0000,41.0000
423.0000,326.5000,16.0000,41.0000
423.0000,326.5000,16.0000,41.0000
423.0000,326.5000,16.0000,41.0000
423.0000,330.5000,16.0000,41.0000
423.0000,330.5000,16.0000,41.0000
423.0000,330.5000,16.0000,41.0000
423.0000,330.5000,16.0000,41.0000
423.0000,334.5000,16.0000,41.0000
423.0000,334.5000,16.0000,41.0000
423.0000,334.5000,16.0000,41.0000
423.0000,334.5000,16.0000,41.0000
423.0000,338.5000,16.0000,41.0000
423.0000,338.5000,16.0000,41.0000
423.0000,338.5000,16.0000,41.0000
423.0000,338.5000,16.0000,41.0000
423.0000,338.5000,16.0000,41.0000
423.0000,342.5000,16.0000,41.0000
423.0000,342.5000,16.0000,41.0000
423.0000,342.5000,16.0000,41.0000
423.0000,342.5000,16.0000,41.0000
423.0000,342.5000,16.0000,41.0000
423.0000,346.5000,16.0000,41.0000
423.0000,346.5000,16.0000,41.0000
423.0000,346.5000,16.0000,41.0000
423.0000,346.5000,16.0000,41.0000
423.0000,346.5000,16.0000,41.0000
423.0000,350.5000,16.0000,41.0000
423.0000,350.5000,16.0000,41.0000
423.0000,350.5000,16.0000,41.0000
423.0000,350.5000,16.0000,41.0000
423.0000,350.5000,16.0000,41.0000
423.0000,350.5000,16.0000,41.0000
423.0000,354.5000,16.0000,41.0000
423.0000,354.5000,16.0000,41.0000
423.0000,354.5000,16.0000,41.0000
423.0000,354.5000,16.0000,41.0000
423.0000,354.5000,16.0000,41.0000
423.0000,354.5000,16.0000,41.0000
423.0000,358.5000,16.0000,41.0000
423.0000,358.5000,16.0000,41.0000
423.0000,358.5000,16.0000,41.0000
423.0000,358.5000,16.0000,41.0000
423.0000,358.5000,16.0000,41.0000
423.0000,358.5000,16.0000,41.0000
423.0000,362.5000,16.0000,41.0000
423.0000,362.5000,16.0000,41.0000
423.0000,362.5000,16.0000,41.0000
423.0000,362.5000,16.0000,41.0000
423.0000,362.5000,16.0000,41.0000
423.0000,362.5000,16.0000,41.0000
423.0000,366.5000,16.0000,41.0000
423.0000,366.5000,16.0000,41.0000
423.0000,366.5000,16.0000,41.0000
423.0000,366.5000,16.0000,41.0000
423.0000,366.5000,16.0000,41.0000
423.0000,370.5000,16.0000,41.0000
423.0000,370.5000,16.0000,41.0000
423.0000,370.5000,16.0000,41.0000
423.0000,370.5000,16.0000,41.0000
423.0000,370.5000,16.0000,41.0000
423.0000,374.5000,16.0000,41.0000
423.0000,374.5000,16.0000,41.0000
423.0000,374.5000,16.0000,41.0000
423.0000,374.5000,16.0000,41.0000
423.0000,374.5000,16.0000,41.0000
423.0000,374.5000,16.0000,41.0000
423.0000,378.5000,16.0000,41.0000
423.0000,378.5000,16.0000,41.0000
423.0000,378.5000,16.0000,41.0000
423.0000,378.5000,16.0000,41.0000
423.0000,378.5000,16.0000,41.0000
423.0000,378.5000,16.0000,41.0000
423.0000,378.5000,16.0000,41.0000
423.0000,382.5000,16.0000,41.0000
423.0000,382.5000,16.0000,41.0000
423.0000,382.5000,16.0000,41.0000
423.0000,382.5000,16.0000,41.0000
423.0000,382.5000,16.0000,41.0000
423.0000,382.5000,16.0000,41.0000
423.0000,382.5000,16.0000,41.0000
423.0000,386.5000,16.0000,41.0000
423.0000,386.5000,16.0000,41.0000
423.0000,386.5000,16.0000,41.0000
423.0000,386.5000,16.0000,41.0000
423.0000,386.5000,16.0000,41.0000
423.0000,386.5000,16.0000,41.0000
423.0000,386.5000,16.0000,41.0000
423.0000,386.5000,16.0000,41.0000
423.0000,386.5000,16.0000,41.0000
423.0000,386.5000,16.0000,41.0000
423.0000,386.5000,16.0000,41.0000
423.0000,386.5000,16.0000,41.0000
423.0000,386.5000,16.0000,41.0000
423.0000,386.5000,16.0000,41.0000
423.0000,386.5000,16.0000,41.0000
423.0000,386.5000,16.0000,41.0000
423.0000,390.5000,16.0000,41.0000
423.0000,390.5000,16.0000,41.0000
423.0000,390.5000,16.0000,41.0000
423.0000,390.5000,16.0000,41.0000
423.0000,390.5000,16.0000,41.0000
423.0000,390.5000,16.0000,41.0000
423.0000,390.5000,16.0000,41.0000
423.0000,390.5000,16.0000,41.0000
423.0000,394.5000,16.0000,41.0000
423.0000,394.5000,16.0000,41.0000
423.0000,394.5000,16.0000,41.0000
423.0000,394.5000,16.0000,41.0000
423.0000,394.5000,16.0000,41.0000
423.0000,394.5000,16.0000,41.0000
423.0000,394.5000,16.0000,41.0000
423.0000,394.5000,16.0000,41.0000
423.0000,394.5000,16.0000,41.0000
423.0000,398.5000,16.0000,41.0000
423.0000,398.5000,16.0000,41.0000
423.0000,398.5000,16.0000,41.0000
423.0000,398.5000,16.0000,41.0000
423.0000,398.5000,16.0000,41.0000
423.0000,398.5000,16.0000,41.0000
423.0000,398.5000,16.0000,41.0000
423.0000,398.5000,16.0000,41.0000
423.0000,402.5000,16.0000,41.0000
423.0000,402.5000,16.0000,41.0000
423.0000,402.5000,16.0000,41.0000
423.0000,402.5000,16.0000,41.0000
423.0000,402.5000,16.0000,41.0000
423.0000,402.5000,16.0000,41.0000
423.0000,402.5000,16.0000,41.0000
423.0000,402.5000,16.0000,41.0000
423.0000,402.5000,16.0000,41.0000
423.0000,402.5000,16.0000,41.0000
423.0000,402.5000,16.0000,41.0000
423.0000,402.5000,16.0000,41.0000
423.0000,402.5000,16.0000,41.0000
423.0000,402.5000,16.0000,41.0000
423.0000,406.5000,16.0000,41.0000
423.0000,406.5000,16.0000,41.0000
423.0000,406.5000,16.0000,41.0000
423.0000,406.5000,16.0000,41.0000
423.0000,406.5000,16.0000,41.0000
423.0000,406.5000,16.0000,41.0000
423.0000,406.5000,16.0000,41.0000
423.0000,406.5000,16.0000,41.0000
423.0000,406.5000,16.0000,41.0000
423.0000,406.5000,16.0000,41.0000
423.0000,406.5000,16.0000,41.0000
423.0000,410.5000,16.0000,41.0000
423.0000,410.5000,16.0000,41.0000
423.0000,410.5000,16.0000,41.0000
423.0000,410.5000,16.0000,41.0000
423.0000,410.5000,16.0000,41.0000
423.0000,410.5000,16.0000,41.0000
423.0000,410.5000,16.0000,41.0000
423.0000,410.5000,16.0000,41.0000
423.0000,410.5000,16.0000,41.0000
423.0000,410.5000,16.0000,41.0000
423.0000,414.5000,16.0000,41.0000
423.0000,414.5000,16.0000,41.0000
423.0000,414.5000,16.0000,41.0000
423.0000,414.5000,16.0000,41.0000
423.0000,414.5000,16.0000,41.0000
423.0000,414.5000,16.0000,41.0000
423.0000,414.5000,16.0000,41.0000
423.0000,414.5000,16.0000,41.0000
423.0000,414.5000,16.0000,41.0000
423.0000,414.5000,16.0000,41.0000
423.0000,414.5000,16.0000,41.0000
423.0000,414.5000,16.0000,41.0000
423.0000,414.5000,16.0000,41.0000
423.0000,414.5000,16.0000,41.0000
423.0000,414.5000,16.0000,41.0000
423.0000,414.5000,16.0000,41.0000
423.0000,414.5000,16.0000,41.0000
423.0000,414.5000,16.0000,41.0000
423.0000,414.5000,16.0000,41.0000
423.0000,414.5000,16.0000,41.0000
423.0000,414.5000,16.0000,41.0000
423.0000,414.5000,16.0000,41.0000
423.0000,414.5000,16.0000,41.0000
423.0000,414.5000,16.0000,41.0000
423.0000,414.5000,16.0000,41.0000
423.0000,414.5000,16.0000,41.0000
423.0000,414.5000,16.0000,41.0000
423.0000,414.5000,16.0000,41.0000
423.0000,414.5000,16.0000,41.0000
423.0000,414.5000,16.0000,41.0000
423.0000,410.5000,16.0000,41.0000
423.0000,410.5000,16.0000,41.0000
423.0000,410.5000,16.0000,41.0000
423.0000,410.5000,16.0000,41.0000
423.0000,410.5000,16.0000,41.0000
423.0000,410.5000,16.0000,41.0000
423.0000,410.5000,16.0000,41.0000
423.0000,410.5000,16.0000,41.0000
423.0000,410.5000,16.0000,41.0000
423.0000,410.5000,16.0000,41.0000
423.0000,410.5000,16.0000,41.0000
423.0000,410.5000,16.0000,41.0000
423.0000,410.5000,16.0000,41.0000
423.0000,410.5000,16.0000,41.0000
423.0000,410.5000,16.0000,41.0000
419.0000,410.5000,16.0000,41.0000
419.0000,410.5000,16.0000,41.0000
419.0000,410.5000,16.0000,41.0000
419.0000,410.5000,16.0000,41.0000
419.0000,410.5000,16.0000,41.0000
419.0000,410.5000,16.0000,41.0000
419.0000,410.5000,16.0000,41.0000
419.0000,410.5000,16.0000,41.0000
419.0000,410.5000,16.0000,41.0000
419.0000,410.5000,16.0000,41.0000
419.0000,410.5000,16.0000,41.0000
419.0000,410.5000,16.0000,41.0000
419.0000,410.5000,16.0000,41.0000
419.0000,410.5000,16.0000,41.0000
419.0000,410.5000,16.0000,41.0000
419.0000,410.5000,16.0000,41.0000
419.0000,410.5000,16.0000,41.0000
419.0000,410.5000,16.0000,41.0000
419.0000,410.5000,16.0000,41.0000
419.0000,410.5000,16.0000,41.0000
419.0000,406.5000,16.0000,41.0000
419.0000,406.5000,16.0000,41.0000
419.0000,406.5000,16.0000,41.0000
419.0000,406.5000,16.0000,41.0000
419.0000,406.5000,16.0000,41.0000
419.0000,406.5000,16.0000,41.0000
419.0000,406.5000,16.0000,41.0000
419.0000,406.5000,16.0000,41.0000
419.0000,406.5000,16.0000,41.0000
419.0000,406.5000,16.0000,41.0000
419.0000,406.5000,16.0000,41.0000
419.0000,406.5000,16.0000,41.0000
419.0000,406.5000,16.0000,41.0000
419.0000,406.5000,16.0000,41.0000
419.0000,406.5000,16.0000,41.0000
419.0000,406.5000,16.0000,41.0000
419.0000,406.5000,16.0000,41.0000
419.0000,406.5000,16.0000,41.0000
419.0000,406.5000,16.0000,41.0000
419.0000,406.5000,16.0000,41.0000
419.0000,406.5000,16.0000,41.0000
419.0000,406.5000,16.0000,41.0000
419.0000,406.5000,16.0000,41.0000
419.0000,406.5000,16.0000,41.0000
419.0000,406.5000,16.0000,41.0000
419.0000,406.5000,16.0000,41.0000
419.0000,406.5000,16.0000,41.0000
419.0000,406.5000,16.0000,41.0000
419.0000,406.5000,16.0000,41.0000
419.0000,406.5000,16.0000,41.0000
419.0000,406.5000,16.0000,41.0000
419.0000,406.5000,16.0000,41.0000
419.0000,406.5000,16.0000,41.0000
419.0000,406.5000,16.0000,41.0000
419.0000,406.5000,16.0000,41.0000
419.0000,406.5000,16.0000,41.0000
419.0000,406.5000,16.0000,41.0000
419.0000,406.5000,16.0000,41.0000
419.0000,406.5000,16.0000,41.0000
419.0000,406.5000,16.0000,41.0000
419.0000,406.5000,16.0000,41.0000
419.0000,406.5000,16.0000,41.0000
419.0000,406.5000,16.0000,41.0000
419.0000,406.5000,16.0000,41.0000
419.0000,406.5000,16.0000,41.0000
419.0000,406.5000,16.0000,41.0000
419.0000,406.5000,16.0000,41.0000
419.0000,406.5000,16.0000,41.0000
419.0000,406.5000,16.0000,41.0000
419.0000,406.5000,16.0000,41.0000
419.0000,406.5000,16.0000,41.0000
419.0000,406.5000,16.0000,41.0000
419.0000,406.5000,16.0000,41.0000
419.0000,406.5000,16.0000,41.0000
419.0000,406.5000,16.0000,41.0000
415.0000,406.5000,16.0000,41.0000
415.0000,406.5000,16.0000,41.0000
415.0000,406.5000,16.0000,41.0000
415.0000,406.5000,16.0000,41.0000
415.0000,406.5000,16.0000,41.0000
415.0000,406.5000,16.0000,41.0000
415.0000,406.5000,16.0000,41.0000
415.0000,406.5000,16.0000,41.0000
415.0000,406.5000,16.0000,41.0000
415.0000,406.5000,16.0000,41.0000
415.0000,406.5000,16.0000,41.0000
415.0000,406.5000,16.0000,41.0000
415.0000,406.5000,16.0000,41.0000
415.0000,406.5000,16.0000,41.0000
415.0000,406.5000,16.0000,41.0000
415.0000,406.5000,16.0000,41.0000
415.0000,406.5000,16.0000,41.0000
415.0000,406.5000,16.0000,41.0000
415.0000,406.5000,16.0000,41.0000
415.0000,406.5000,16.0000,41.0000
415.0000,406.5000,16.0000,41.0000
411.0000,406.5000,16.0000,41.0000
411.0000,406.5000,16.0000,41.0000
411.0000,406.5000,16.0000,41.0000
411.0000,406.5000,16.0000,41.0000
411.0000,406.5000,16.0000,41.0000
411.0000,410.5000,16.0000,41.0000
411.0000,410.5000,16.0000,41.0000
411.0000,410.5000,16.0000,41.0000
411.0000,410.5000,16.0000,41.0000
411.0000,410.5000,16.0000,41.0000
411.0000,410.5000,16.0000,41.0000
411.0000,410.5000,16.0000,41.0000
411.0000,410.5000,16.0000,41.0000
411.0000,410.5000,16.0000,41.0000
411.0000,410.5000,16.0000,41.0000
411.0000,410.5000,16.0000,41.0000
411.0000,410.5000,16.0000,41.0000
411.0000,410.5000,16.0000,41.0000
411.0000,410.5000,16.0000,41.0000
411.0000,410.5000,16.0000,41.0000
411.0000,410.5000,16.0000,41.0000
411.0000,410.5000,16.0000,41.0000
411.0000,410.5000,16.0000,41.0000
411.0000,410.5000,16.0000,41.0000
411.0000,410.5000,16.0000,41.0000
411.0000,410.5000,16.0000,41.0000
411.0000,410.5000,16.0000,41.0000
411.0000,410.5000,16.0000,41.0000
411.0000,410.5000,16.0000,41.0000
411.0000,410.5000,16.0000,41.0000
411.0000,410.5000,16.0000,41.0000
411.0000,410.5000,16.0000,41.0000
411.0000,410.5000,16.0000,41.0000
411.0000,410.5000,16.0000,41.0000
407.0000,410.5000,16.0000,41.0000
407.0000,410.5000,16.0000,41.0000
407.0000,410.5000,16.0000,41.0000
407.0000,410.5000,16.0000,41.0000
407.0000,410.5000,16.0000,41.0000
407.0000,410.5000,16.0000,41.0000
407.0000,410.5000,16.0000,41.0000
407.0000,410.5000,16.0000,41.0000
407.0000,410.5000,16.0000,41.0000
407.0000,410.5000,16.0000,41.0000
407.0000,410.5000,16.0000,41.0000
407.0000,410.5000,16.0000,41.0000
407.0000,410.5000,16.0000,41.0000
407.0000,410.5000,16.0000,41.0000
407.0000,410.5000,16.0000,41.0000
407.0000,410.5000,16.0000,41.0000
407.0000,410.5000,16.0000,41.0000
403.0000,414.5000,16.0000,41.0000
403.0000,414.5000,16.0000,41.0000
403.0000,414.5000,16.0000,41.0000
403.0000,414.5000,16.0000,41.0000
403.0000,414.5000,16.0000,41.0000
403.0000,414.5000,16.0000,41.0000
403.0000,414.5000,16.0000,41.0000
403.0000,414.5000,16.0000,41.0000
403.0000,414.5000,16.0000,41.0000
403.0000,414.5000,16.0000,41.0000
403.0000,414.5000,16.0000,41.0000
403.0000,414.5000,16.0000,41.0000
403.0000,414.5000,16.0000,41.0000
403.0000,414.5000,16.0000,41.0000
403.0000,414.5000,16.0000,41.0000
403.0000,414.5000,16.0000,41.0000
403.0000,414.5000,16.0000,41.0000
403.0000,414.5000,16.0000,41.0000
399.0000,414.5000,16.0000,41.0000
399.0000,414.5000,16.0000,41.0000
399.0000,414.5000,16.0000,41.0000
399.0000,414.5000,16.0000,41.0000
399.0000,414.5000,16.0000,41.0000
399.0000,418.5000,16.0000,41.0000
399.0000,418.5000,16.0000,41.0000
399.0000,418.5000,16.0000,41.0000
399.0000,418.5000,16.0000,41.0000
399.0000,418.5000,16.0000,41.0000
399.0000,418.5000,16.0000,41.0000
399.0000,418.5000,16.0000,41.0000
399.0000,418.5000,16.0000,41.0000
399.0000,418.5000,16.0000,41.0000
399.0000,418.5000,16.0000,41.0000
395.0000,418.5000,16.0000,41.0000
395.0000,418.5000,16.0000,41.0000
395.0000,418.5000,16.0000,41.0000
395.0000,418.5000,16.0000,41.0000
395.0000,418.5000,16.0000,41.0000
395.0000,418.5000,16.0000,41.0000
395.0000,418.5000,16.0000,41.0000
395.0000,418.5000,16.0000,41.0000
395.0000,418.5000,16.0000,41.0000
395.0000,418.5000,16.0000,41.0000
395.0000,418.5000,16.0000,41.0000
395.0000,418.5000,16.0000,41.0000
395.0000,418.5000,16.0000,41.0000
395.0000,418.5000,16.0000,41.0000
395.0000,418.5000,16.0000,41.0000
391.0000,422.5000,16.0000,41.0000
391.0000,422.5000,16.0000,41.0000
391.0000,422.5000,16.0000,41.0000
391.0000,422.5000,16.0000,41.0000
391.0000,422.5000,16.0000,41.0000
391.0000,422.5000,16.0000,41.0000
391.0000,422.5000,16.0000,41.0000
391.0000,422.5000,16.0000,41.0000
391.0000,422.5000,16.0000,41.0000
391.0000,422.5000,16.0000,41.0000
391.0000,422.5000,16.0000,41.0000
391.0000,422.5000,16.0000,41.0000
391.0000,422.5000,16.0000,41.0000
391.0000,422.5000,16.0000,41.0000
387.0000,422.5000,16.0000,41.0000
387.0000,426.5000,16.0000,41.0000
387.0000,426.5000,16.0000,41.0000
387.0000,426.5000,16.0000,41.0000
387.0000,426.5000,16.0000,41.0000
387.0000,426.5000,16.0000,41.0000
387.0000,426.5000,16.0000,41.0000
387.0000,426.5000,16.0000,41.0000
387.0000,426.5000,16.0000,41.0000
387.0000,426.5000,16.0000,41.0000
387.0000,426.5000,16.0000,41.0000
383.0000,426.5000,16.0000,41.0000
383.0000,426.5000,16.0000,41.0000
383.0000,426.5000,16.0000,41.0000
383.0000,426.5000,16.0000,41.0000
383.0000,426.5000,16.0000,41.0000
383.0000,426.5000,16.0000,41.0000
383.0000,426.5000,16.0000,41.0000
383.0000,426.5000,16.0000,41.0000
383.0000,426.5000,16.0000,41.0000
383.0000,426.5000,16.0000,41.0000
383.0000,426.5000,16.0000,41.0000
379.0000,426.5000,16.0000,41.0000
379.0000,426.5000,16.0000,41.0000
379.0000,426.5000,16.0000,41.0000
379.0000,426.5000,16.0000,41.0000
379.0000,426.5000,16.0000,41.0000
379.0000,426.5000,16.0000,41.0000
379.0000,426.5000,16.0000,41.0000
379.0000,426.5000,16.0000,41.0000
379.0000,426.5000,16.0000,41.0000
375.0000,426.5000,16.0000,41.0000
375.0000,426.5000,16.0000,41.0000
375.0000,426.5000,16.0000,41.0000
375.0000,426.5000,16.0000,41.0000
375.0000,426.5000,16.0000,41.0000
375.0000,426.5000,16.0000,41.0000
375.0000,426.5000,16.0000,41.0000
375.0000,426.5000,16.0000,41.0000
375.0000,422.5000,16.0000,41.0000
375.0000,422.5000,16.0000,41.0000
371.0000,422.5000,16.0000,41.0000
371.0000,422.5000,16.0000,41.0000
371.0000,422.5000,16.0000,41.0000
371.0000,422.5000,16.0000,41.0000
371.0000,422.5000,16.0000,41.0000
371.0000,422.5000,16.0000,41.0000
371.0000,418.5000,16.0000,41.0000
371.0000,418.5000,16.0000,41.0000
371.0000,418.5000,16.0000,41.0000
371.0000,418.5000,16.0000,41.0000
367.0000,418.5000,16.0000,41.0000
367.0000,418.5000,16.0000,41.0000
367.0000,418.5000,16.0000,41.0000
367.0000,418.5000,16.0000,41.0000
367.0000,418.5000,16.0000,41.0000
367.0000,418.5000,16.0000,41.0000
367.0000,418.5000,16.0000,41.0000
363.0000,418.5000,16.0000,41.0000
363.0000,418.5000,16.0000,41.0000
363.0000,418.5000,16.0000,41.0000
363.0000,418.5000,16.0000,41.0000
363.0000,418.5000,16.0000,41.0000
363.0000,422.5000,16.0000,41.0000
363.0000,422.5000,16.0000,41.0000
359.0000,422.5000,16.0000,41.0000
359.0000,422.5000,16.0000,41.0000
359.0000,422.5000,16.0000,41.0000
359.0000,422.5000,16.0000,41.0000
359.0000,422.5000,16.0000,41.0000
359.0000,422.5000,16.0000,41.0000
359.0000,426.5000,16.0000,41.0000
355.0000,426.5000,16.0000,41.0000
355.0000,426.5000,16.0000,41.0000
355.0000,426.5000,16.0000,41.0000
355.0000,430.5000,16.0000,41.0000
355.0000,430.5000,16.0000,41.0000
355.0000,430.5000,16.0000,41.0000
355.0000,430.5000,16.0000,41.0000
351.0000,430.5000,16.0000,41.0000
351.0000,434.5000,16.0000,41.0000
351.0000,434.5000,16.0000,41.0000
351.0000,434.5000,16.0000,41.0000
351.0000,434.5000,16.0000,41.0000
351.0000,434.5000,16.0000,41.0000
351.0000,434.5000,16.0000,41.0000
347.0000,438.5000,16.0000,41.0000
347.0000,438.5000,16.0000,41.0000
347.0000,438.5000,16.0000,41.0000
347.0000,438.5000,16.0000,41.0000
347.0000,442.5000,16.0000,41.0000
343.0000,442.5000,16.0000,41.0000
343.0000,442.5000,16.0000,41.0000
343.0000,442.5000,16.0000,41.0000
343.0000,446.5000,16.0000,41.0000
343.0000,446.5000,16.0000,41.0000
343.0000,446.5000,16.0000,41.0000
339.0000,446.5000,16.0000,41.0000
339.0000,450.5000,16.0000,41.0000
339.0000,450.5000,16.0000,41.0000
339.0000,450.5000,16.0000,41.0000
339.0000,454.5000,16.0000,41.0000
339.0000,454.5000,16.0000,41.0000
339.0000,454.5000,16.0000,41.0000
335.0000,454.5000,16.0000,41.0000
335.0000,458.5000,16.0000,41.0000
335.0000,458.5000,16.0000,41.0000
335.0000,458.5000,16.0000,41.0000
335.0000,458.5000,16.0000,41.0000
335.0000,462.5000,16.0000,41.0000
331.0000,462.5000,16.0000,41.0000
331.0000,466.5000,16.0000,41.0000
331.0000,466.5000,16.0000,41.0000
331.0000,466.5000,16.0000,41.0000
331.0000,466.5000,16.0000,41.0000
331.0000,466.5000,16.0000,41.0000
327.0000,470.5000,16.0000,41.0000
327.0000,470.5000,16.0000,41.0000
327.0000,470.5000,16.0000,41.0000
327.0000,470.5000,16.0000,41.0000
327.0000,470.5000,16.0000,41.0000
327.0000,474.5000,16.0000,41.0000
327.0000,474.5000,16.0000,41.0000
327.0000,474.5000,16.0000,41.0000
327.0000,478.5000,16.0000,41.0000
327.0000,478.5000,16.0000,41.0000
327.0000,478.5000,16.0000,41.0000
323.0000,482.5000,16.0000,41.0000
323.0000,482.5000,16.0000,41.0000
323.0000,482.5000,16.0000,41.0000
323.0000,486.5000,16.0000,41.0000
323.0000,486.5000,16.0000,41.0000
323.0000,486.5000,16.0000,41.0000
327.0000,486.5000,16.0000,41.0000
331.0000,486.5000,16.0000,41.0000
331.0000,486.5000,16.0000,41.0000
335.0000,490.5000,16.0000,41.0000
335.0000,490.5000,16.0000,41.0000
339.0000,490.5000,16.0000,41.0000
343.0000,490.5000,16.0000,41.0000
343.0000,490.5000,16.0000,41.0000
347.0000,490.5000,16.0000,41.0000
347.0000,494.5000,16.0000,41.0000
351.0000,494.5000,16.0000,41.0000
351.0000,494.5000,16.0000,41.0000
351.0000,494.5000,16.0000,41.0000
351.0000,498.5000,16.0000,41.0000
351.0000,498.5000,16.0000,41.0000
351.0000,502.5000,16.0000,41.0000
351.0000,502.5000,16.0000,41.0000
351.0000,506.5000,16.0000,41.0000
351.0000,506.5000,16.0000,41.0000
351.0000,506.5000,16.0000,41.0000
351.0000,510.5000,16.0000,41.0000
351.0000,510.5000,16.0000,41.0000
351.0000,510.5000,16.0000,41.0000
351.0000,514.5000,16.0000,41.0000
351.0000,514.5000,16.0000,41.0000
351.0000,514.5000,16.0000,41.0000
351.0000,518.5000,16.0000,41.0000
351.0000,518.5000,16.0000,41.0000
351.0000,518.5000,16.0000,41.0000
355.0000,518.5000,16.0000,41.0000
355.0000,518.5000,16.0000,41.0000
359.0000,518.5000,16.0000,41.0000
359.0000,518.5000,16.0000,41.0000
363.0000,518.5000,16.0000,41.0000
363.0000,522.5000,16.0000,41.0000
367.0000,522.5000,16.0000,41.0000
367.0000,522.5000,16.0000,41.0000
371.0000,522.5000,16.0000,41.0000
375.0000,522.5000,16.0000,41.0000
379.0000,522.5000,16.0000,41.0000
383.0000,522.5000,16.0000,41.0000
387.0000,522.5000,16.0000,41.0000
391.0000,522.5000,16.0000,41.0000
395.0000,522.5000,16.0000,41.0000
399.0000,522.5000,16.0000,41.0000
403.0000,522.5000,16.0000,41.0000
407.0000,522.5000,16.0000,41.0000
411.0000,522.5000,16.0000,41.0000
415.0000,526.5000,16.0000,41.0000
415.0000,526.5000,16.0000,41.0000
419.0000,526.5000,16.0000,41.0000
423.0000,526.5000,16.0000,41.0000
427.0000,526.5000,16.0000,41.0000
427.0000,530.5000,16.0000,41.0000
427.0000,530.5000,16.0000,41.0000
431.0000,530.5000,16.0000,41.0000
431.0000,530.5000,16.0000,41.0000
431.0000,534.5000,16.0000,41.0000
431.0000,534.5000,16.0000,41.0000
431.0000,534.5000,16.0000,41.0000
431.0000,538.5000,16.0000,41.0000
431.0000,538.5000,16.0000,41.0000
431.0000,542.5000,16.0000,41.0000
431.0000,542.5000,16.0000,41.0000
431.0000,542.5000,16.0000,41.0000
427.0000,546.5000,16.0000,41.0000
427.0000,546.5000,16.0000,41.0000
427.0000,546.5000,16.0000,41.0000
427.0000,550.5000,16.0000,41.0000
427.0000,550.5000,16.0000,41.0000
423.0000,554.5000,16.0000,41.0000
423.0000,554.5000,16.0000,41.0000
423.0000,554.5000,16.0000,41.0000
423.0000,558.5000,16.0000,41.0000
423.0000,558.5000,16.0000,41.0000
419.0000,562.5000,16.0000,41.0000
419.0000,562.5000,16.0000,41.0000
419.0000,562.5000,16.0000,41.0000
419.0000,566.5000,16.0000,41.0000
419.0000,566.5000,16.0000,41.0000
415.0000,570.5000,16.0000,41.0000
415.0000,570.5000,16.0000,41.0000
415.0000,570.5000,16.0000,41.0000
415.0000,574.5000,16.0000,41.0000
415.0000,574.5000,16.0000,41.0000
411.0000,578.5000,16.0000,41.0000
411.0000,578.5000,16.0000,41.0000
411.0000,582.5000,16.0000,41.0000
411.0000,582.5000,16.0000,41.0000
407.0000,586.5000,16.0000,41.0000
407.0000,586.5000,16.0000,41.0000
407.0000,590.5000,16.0000,41.0000
407.0000,590.5000,16.0000,41.0000
407.0000,590.5000,16.0000,41.0000
403.0000,594.5000,16.0000,41.0000
403.0000,594.5000,16.0000,41.0000
403.0000,598.5000,16.0000,41.0000
403.0000,598.5000,16.0000,41.0000
403.0000,598.5000,16.0000,41.0000
403.0000,602.5000,16.0000,41.0000
399.0000,602.5000,16.0000,41.0000
399.0000,602.5000,16.0000,41.0000
399.0000,606.5000,16.0000,41.0000
399.0000,606.5000,16.0000,41.0000
399.0000,610.5000,16.0000,41.0000
399.0000,610.5000,16.0000,41.0000
395.0000,610.5000,16.0000,41.0000
395.0000,614.5000,16.0000,41.0000
395.0000,614.5000,16.0000,41.0000
395.0000,614.5000,16.0000,41.0000
395.0000,618.5000,16.0000,41.0000
395.0000,618.5000,16.0000,41.0000
395.0000,618.5000,16.0000,41.0000
391.0000,622.5000,16.0000,41.0000
391.0000,622.5000,16.0000,41.0000
391.0000,626.5000,16.0000,41.0000
391.0000,622.5000,16.0000,41.0000
391.0000,622.5000,16.0000,41.0000
391.0000,622.5000,16.0000,41.0000
391.0000,626.5000,16.0000,41.0000
391.0000,626.5000,16.0000,41.0000
387.0000,626.5000,16.0000,41.0000
387.0000,626.5000,16.0000,41.0000
387.0000,630.5000,16.0000,41.0000
387.0000,630.5000,16.0000,41.0000
387.0000,630.5000,16.0000,41.0000
387.0000,630.5000,16.0000,41.0000
387.0000,630.5000,16.0000,41.0000
387.0000,630.5000,16.0000,41.0000
387.0000,630.5000,16.0000,41.0000
383.0000,630.5000,16.0000,41.0000
383.0000,630.5000,16.0000,41.0000
383.0000,630.5000,16.0000,41.0000
383.0000,630.5000,16.0000,41.0000
383.0000,630.5000,16.0000,41.0000
383.0000,630.5000,16.0000,41.0000
379.0000,634.5000,16.0000,41.0000
379.0000,634.5000,16.0000,41.0000
379.0000,634.5000,16.0000,41.0000
379.0000,634.5000,16.0000,41.0000
379.0000,634.5000,16.0000,41.0000
379.0000,634.5000,16.0000,41.0000
379.0000,634.5000,16.0000,41.0000
379.0000,634.5000,16.0000,41.0000
375.0000,634.5000,16.0000,41.0000
375.0000,634.5000,16.0000,41.0000
375.0000,634.5000,16.0000,41.0000
375.0000,634.5000,16.0000,41.0000
375.0000,634.5000,16.0000,41.0000
375.0000,634.5000,16.0000,41.0000
375.0000,634.5000,16.0000,41.0000
375.0000,630.5000,16.0000,41.0000
375.0000,630.5000,16.0000,41.0000
375.0000,626.5000,16.0000,41.0000
375.0000,626.5000,16.0000,41.0000
371.0000,626.5000,16.0000,41.0000
371.0000,626.5000,16.0000,41.0000
371.0000,622.5000,16.0000,41.0000
371.0000,622.5000,16.0000,41.0000
371.0000,618.5000,16.0000,41.0000
371.0000,618.5000,16.0000,41.0000
371.0000,618.5000,16.0000,41.0000
371.0000,614.5000,16.0000,41.0000
371.0000,614.5000,16.0000,41.0000
371.0000,610.5000,16.0000,41.0000
371.0000,610.5000,16.0000,41.0000
371.0000,606.5000,16.0000,41.0000
371.0000,606.5000,16.0000,41.0000
371.0000,602.5000,16.0000,41.0000
371.0000,602.5000,16.0000,41.0000
371.0000,602.5000,16.0000,41.0000
371.0000,598.5000,16.0000,41.0000
371.0000,598.5000,16.0000,41.0000
371.0000,594.5000,16.0000,41.0000
371.0000,594.5000,16.0000,41.0000
371.0000,594.5000,16.0000,41.0000
371.0000,594.5000,16.0000,41.0000
371.0000,590.5000,16.0000,41.0000
371.0000,590.5000,16.0000,41.0000
371.0000,590.5000,16.0000,41.0000
371.0000,586.5000,16.0000,41.0000
371.0000,586.5000,16.0000,41.0000
371.0000,586.5000,16.0000,41.0000
371.0000,582.5000,16.0000,41.0000
371.0000,582.5000,16.0000,41.0000
371.0000,582.5000,16.0000,41.0000
371.0000,578.5000,16.0000,41.0000
371.0000,578.5000,16.0000,41.0000
371.0000,578.5000,16.0000,41.0000
371.0000,574.5000,16.0000,41.0000
371.0000,574.5000,16.0000,41.0000
371.0000,570.5000,16.0000,41.0000
371.0000,570.5000,16.0000,41.0000
371.0000,566.5000,16.0000,41.0000
371.0000,566.5000,16.0000,41.0000
371.0000,562.5000,16.0000,41.0000
371.0000,558.5000,16.0000,41.0000
371.0000,558.5000,16.0000,41.0000
371.0000,554.5000,16.0000,41.0000
371.0000,554.5000,16.0000,41.0000
371.0000,550.5000,16.0000,41.0000
371.0000,550.5000,16.0000,41.0000
375.0000,546.5000,16.0000,41.0000
375.0000,542.5000,16.0000,41.0000
375.0000,538.5000,16.0000,41.0000
375.0000,538.5000,16.0000,41.0000
375.0000,534.5000,16.0000,41.0000
375.0000,534.5000,16.0000,41.0000
375.0000,530.5000,16.0000,41.0000
375.0000,530.5000,16.0000,41.0000
375.0000,526.5000,16.0000,41.0000
375.0000,526.5000,16.0000,41.0000
375.0000,522.5000,16.0000,41.0000
375.0000,518.5000,16.0000,41.0000
375.0000,518.5000,16.0000,41.0000
375.0000,514.5000,16.0000,41.0000
375.0000,514.5000,16.0000,41.0000
379.0000,510.5000,16.0000,41.0000
379.0000,506.5000,16.0000,41.0000
379.0000,506.5000,16.0000,41.0000
379.0000,502.5000,16.0000,41.0000
379.0000,502.5000,16.0000,41.0000
379.0000,502.5000,16.0000,41.0000
379.0000,498.5000,16.0000,41.0000
379.0000,498.5000,16.0000,41.0000
