1
772.0000,250.0000,6.0000,15.0000
772.0000,250.0000,6.0000,15.0000
771.0000,250.0000,6.0000,15.0000
771.0000,250.0000,6.0000,15.0000
770.0000,249.0000,6.0000,15.0000
769.0000,252.0000,6.0000,15.0000
770.0000,253.0000,6.0000,15.0000
770.0000,253.0000,6.0000,15.0000
770.0000,253.0000,6.0000,15.0000
767.0000,252.0000,6.0000,15.0000
766.0000,252.0000,6.0000,15.0000
768.0000,253.0000,6.0000,15.0000
764.0000,252.0000,6.0000,15.0000
763.0000,252.0000,6.0000,15.0000
763.0000,253.0000,6.0000,15.0000
761.0000,254.0000,6.0000,15.0000
760.0000,255.0000,6.0000,15.0000
760.0000,255.0000,6.0000,15.0000
759.0000,255.0000,6.0000,15.0000
758.0000,254.0000,6.0000,15.0000
758.0000,254.0000,6.0000,15.0000
758.0000,255.0000,6.0000,15.0000
757.0000,255.0000,6.0000,15.0000
757.0000,256.0000,6.0000,15.0000
756.0000,256.0000,6.0000,15.0000
756.0000,256.0000,6.0000,15.0000
756.0000,258.0000,6.0000,15.0000
754.0000,257.0000,6.0000,15.0000
753.0000,257.0000,6.0000,15.0000
752.0000,257.0000,6.0000,15.0000
752.0000,257.0000,6.0000,15.0000
753.0000,258.0000,6.0000,15.0000
753.0000,258.0000,6.0000,15.0000
751.0000,258.0000,6.0000,15.0000
751.0000,258.0000,6.0000,15.0000
751.0000,258.0000,6.0000,15.0000
749.0000,260.0000,6.0000,15.0000
748.0000,260.0000,6.0000,15.0000
748.0000,261.0000,6.0000,15.0000
747.0000,259.0000,6.0000,15.0000
747.0000,259.0000,6.0000,15.0000
746.0000,259.0000,6.0000,15.0000
745.0000,259.0000,6.0000,15.0000
744.0000,260.0000,6.0000,15.0000
743.0000,261.0000,6.0000,15.0000
743.0000,261.0000,6.0000,15.0000
743.0000,258.0000,6.0000,15.0000
742.0000,258.0000,6.0000,15.0000
742.0000,262.0000,6.0000,15.0000
741.0000,262.0000,6.0000,15.0000
741.0000,263.0000,6.0000,15.0000
740.0000,263.0000,6.0000,15.0000
739.0000,263.0000,6.0000,15.0000
739.0000,263.0000,6.0000,15.0000
738.0000,264.0000,6.0000,15.0000
738.0000,264.0000,6.0000,15.0000
738.0000,264.0000,6.0000,15.0000
736.0000,262.0000,6.0000,15.0000
735.0000,262.0000,6.0000,15.0000
734.0000,264.0000,6.0000,15.0000
734.0000,264.0000,6.0000,15.0000
733.0000,266.0000,6.0000,15.0000
732.0000,266.0000,6.0000,15.0000
732.0000,267.0000,6.0000,15.0000
731.0000,266.0000,6.0000,15.0000
731.0000,266.0000,6.0000,15.0000
730.0000,267.0000,6.0000,15.0000
729.0000,268.0000,6.0000,15.0000
728.0000,269.0000,6.0000,15.0000
728.0000,269.0000,6.0000,15.0000
728.0000,269.0000,6.0000,15.0000
727.0000,269.0000,6.0000,15.0000
726.0000,269.0000,6.0000,15.0000
725.0000,269.0000,6.0000,15.0000
725.0000,269.0000,6.0000,15.0000
725.0000,269.0000,6.0000,15.0000
724.0000,271.0000,6.0000,15.0000
725.0000,273.0000,6.0000,15.0000
722.0000,273.0000,6.0000,15.0000
721.0000,274.0000,6.0000,15.0000
721.0000,273.0000,6.0000,15.0000
721.0000,274.0000,6.0000,15.0000
720.0000,273.0000,6.0000,15.0000
719.0000,272.0000,6.0000,15.0000
719.0000,274.0000,6.0000,15.0000
719.0000,274.0000,6.0000,15.0000
717.0000,274.0000,6.0000,15.0000
716.0000,275.0000,6.0000,15.0000
716.0000,273.0000,6.0000,15.0000
715.0000,274.0000,6.0000,15.0000
715.0000,274.0000,6.0000,15.0000
714.0000,271.0000,6.0000,15.0000
713.0000,274.0000,6.0000,15.0000
712.0000,275.0000,6.0000,15.0000
712.0000,274.0000,6.0000,15.0000
712.0000,274.0000,6.0000,15.0000
711.0000,277.0000,6.0000,15.0000
710.0000,276.0000,6.0000,15.0000
709.0000,274.0000,6.0000,15.0000
708.0000,275.0000,6.0000,15.0000
708.0000,278.0000,6.0000,15.0000
709.0000,278.0000,6.0000,15.0000
707.0000,276.0000,6.0000,15.0000
706.0000,276.0000,6.0000,15.0000
708.0000,277.0000,6.0000,15.0000
708.0000,277.0000,6.0000,15.0000
708.0000,282.0000,6.0000,15.0000
2
0
0
0
0
0
2
0
0
0
0
0
2
0
0
0
0
0
2
0
0
0
0
0
2
0
0
0
0
0
2
0
0
0
0
0
2
0
0
0
0
0
2
0
0
0
0
0
2
0
0
0
0
0
2
0
0
0
0
0
2
0
0
0
0
0
2
0
0
0
0
0
2
0
0
0
0
0
2
0
0
0
0
0
715.0000,304.0000,6.0000,15.0000
717.0000,307.0000,6.0000,15.0000
720.0000,311.0000,6.0000,15.0000
721.0000,308.0000,6.0000,15.0000
721.0000,308.0000,6.0000,15.0000
724.0000,308.0000,6.0000,15.0000
725.0000,309.0000,6.0000,15.0000
729.0000,306.0000,6.0000,15.0000
730.0000,310.0000,6.0000,15.0000
730.0000,310.0000,6.0000,15.0000
732.0000,312.0000,6.0000,15.0000
734.0000,310.0000,6.0000,15.0000
737.0000,311.0000,6.0000,15.0000
739.0000,310.0000,6.0000,15.0000
739.0000,310.0000,6.0000,15.0000
742.0000,310.0000,6.0000,15.0000
744.0000,311.0000,6.0000,15.0000
745.0000,312.0000,6.0000,15.0000
747.0000,313.0000,6.0000,15.0000
747.0000,313.0000,6.0000,15.0000
750.0000,313.0000,6.0000,15.0000
753.0000,314.0000,6.0000,15.0000
755.0000,316.0000,6.0000,15.0000
2
0
0
0
0
0
762.0000,317.0000,6.0000,15.0000
764.0000,318.0000,6.0000,15.0000
767.0000,318.0000,6.0000,15.0000
774.0000,318.0000,6.0000,15.0000
778.0000,316.0000,6.0000,15.0000
778.0000,316.0000,6.0000,15.0000
779.0000,318.0000,6.0000,15.0000
782.0000,317.0000,6.0000,15.0000
784.0000,314.0000,6.0000,15.0000
786.0000,322.0000,6.0000,15.0000
786.0000,322.0000,6.0000,15.0000
789.0000,320.0000,6.0000,15.0000
792.0000,320.0000,6.0000,15.0000
794.0000,320.0000,6.0000,15.0000
796.0000,322.0000,6.0000,15.0000
796.0000,322.0000,6.0000,15.0000
799.0000,323.0000,6.0000,15.0000
802.0000,323.0000,6.0000,15.0000
804.0000,325.0000,6.0000,15.0000
807.0000,325.0000,6.0000,15.0000
807.0000,325.0000,6.0000,15.0000
809.0000,324.0000,6.0000,15.0000
811.0000,325.0000,6.0000,15.0000
813.0000,327.0000,6.0000,15.0000
816.0000,327.0000,6.0000,15.0000
816.0000,327.0000,6.0000,15.0000
819.0000,324.0000,6.0000,15.0000
821.0000,327.0000,6.0000,15.0000
824.0000,327.0000,6.0000,15.0000
824.0000,327.0000,6.0000,15.0000
826.0000,327.0000,6.0000,15.0000
829.0000,327.0000,6.0000,15.0000
831.0000,330.0000,6.0000,15.0000
833.0000,338.0000,6.0000,15.0000
833.0000,340.0000,6.0000,15.0000
2
0
0
0
0
0
2
0
0
0
0
0
2
0
0
0
0
0
2
0
0
0
0
0
2
0
0
0
0
0
2
0
0
0
0
0
2
0
0
0
0
0
2
0
0
0
0
0
2
0
0
0
0
0
2
0
0
0
0
0
2
0
0
0
0
0
2
0
0
0
0
0
2
0
0
0
0
0
2
0
0
0
0
0
2
0
0
0
0
0
2
0
0
0
0
0
2
0
0
0
0
0
2
0
0
0
0
0
2
0
0
0
0
0
2
0
0
0
0
0
2
0
0
0
0
0
2
0
0
0
0
0
2
0
0
0
0
0
2
0
0
0
0
0
2
0
0
0
0
0
2
0
0
0
0
0
2
0
0
0
0
0
2
0
0
0
0
0
2
0
0
0
0
0
2
0
0
0
0
0
2
0
0
0
0
0
2
0
0
0
0
0
2
0
0
0
0
0
2
0
0
0
0
0
2
0
0
0
0
0
2
0
0
0
0
0
2
0
0
0
0
0
2
0
0
0
0
0
2
0
0
