1
608.0358,344.0168,16.9285,7.9663
607.0644,344.0303,16.8712,7.9394
606.0854,344.0402,16.8292,7.9196
605.1109,344.0522,16.7782,7.8956
604.2078,344.0978,16.5845,7.8044
604.3040,344.1431,16.3920,7.7139
603.3415,345.1607,16.3170,7.6786
602.2882,345.1356,16.4236,7.7287
602.2448,345.1152,16.5103,7.7696
601.2282,345.1074,16.5436,7.7852
600.2247,345.1057,16.5506,7.7885
599.2054,345.0966,16.5892,7.8067
599.1953,345.0919,16.6095,7.8162
598.1702,345.0801,16.6596,7.8398
598.1520,345.0715,16.6960,7.8569
598.1467,345.0691,16.7065,7.8619
598.1711,345.0805,16.6579,7.8390
599.1691,345.0796,16.6619,7.8409
599.1494,345.0703,16.7012,7.8594
600.1423,345.0670,16.7154,7.8661
600.1266,345.0596,16.7469,7.8809
600.0817,345.0385,16.8366,7.9231
601.0598,345.0281,16.8805,7.9437
601.0347,345.0163,16.9307,7.9674
602.0096,345.0045,16.9807,7.9909
601.9944,344.9974,17.0112,8.0053
601.9888,344.9948,17.0223,8.0105
602.9696,344.9857,17.0608,8.0286
602.9710,344.9864,17.0580,8.0273
602.9518,345.9773,17.0965,8.0454
603.8850,345.9459,17.2300,8.1082
603.8594,345.9339,17.2811,8.1323
603.8269,345.9185,17.3462,8.1629
604.7955,345.9037,17.4091,8.1925
604.7820,345.8974,17.4360,8.2052
604.7946,345.9034,17.4107,8.1933
604.7957,345.9039,17.4085,8.1923
605.7747,345.8940,17.4505,8.2120
605.7602,345.8872,17.4796,8.2257
605.7289,345.8725,17.5421,8.2551
606.7115,345.8642,17.5770,8.2715
606.6514,345.8359,17.6973,8.3281
606.6307,345.8262,17.7385,8.3475
607.6339,345.8277,17.7323,8.3446
607.6196,344.8210,17.7607,8.3580
607.6350,344.8282,17.7300,8.3435
608.6109,344.8169,17.7782,8.3662
608.6242,344.8232,17.7516,8.3537
608.6084,344.8157,17.7832,8.3686
608.5931,343.8085,17.8138,8.3830
609.5696,343.7974,17.8609,8.4051
609.5828,343.8037,17.8343,8.3926
609.5602,342.7931,17.8795,8.4139
609.5654,342.7955,17.8692,8.4090
609.5684,342.7969,17.8631,8.4062
609.5334,341.7805,17.9331,8.4391
609.5067,341.7679,17.9866,8.4643
610.4780,340.7543,18.0441,8.4913
610.4989,340.7642,18.0022,8.4716
610.5114,340.7701,17.9772,8.4598
610.4839,339.7572,18.0321,8.4857
610.4799,339.7552,18.0403,8.4896
610.4566,338.7443,18.0868,8.5114
610.4544,338.7433,18.0912,8.5135
610.4146,338.7245,18.1709,8.5510
610.4017,337.7184,18.1967,8.5631
610.3668,337.7020,18.2663,8.5959
610.3328,336.6860,18.3344,8.6279
610.2788,336.6606,18.4424,8.6788
610.2524,335.6482,18.4953,8.7037
610.2711,335.6570,18.4578,8.6860
610.2764,334.6595,18.4472,8.6810
610.2902,334.6660,18.4197,8.6681
610.3036,334.6723,18.3927,8.6554
610.2903,333.6660,18.4194,8.6680
609.2827,333.6625,18.4345,8.6751
609.2596,332.6516,18.4808,8.6968
609.2430,332.6438,18.5140,8.7124
609.2116,331.6290,18.5768,8.7420
609.2114,331.6289,18.5771,8.7422
609.1867,330.6173,18.6266,8.7654
608.2020,330.6245,18.5960,8.7510
608.1577,330.6036,18.6847,8.7928
608.1438,330.5971,18.7124,8.8059
608.1337,329.5923,18.7327,8.8154
608.2031,329.6250,18.5938,8.7500
608.2075,329.6271,18.5849,8.7458
608.2109,329.6286,18.5783,8.7427
608.2156,329.6309,18.5689,8.7383
608.2010,328.6240,18.5980,8.7520
607.2072,328.6269,18.5857,8.7462
607.2074,328.6270,18.5852,8.7460
607.2099,328.6282,18.5802,8.7436
607.1978,328.6225,18.6045,8.7551
607.2015,328.6243,18.5969,8.7515
607.1997,328.6234,18.6006,8.7532
607.1983,328.6227,18.6034,8.7546
607.1947,328.6210,18.6106,8.7579
607.2012,328.6241,18.5976,8.7518
607.1988,328.6230,18.6024,8.7541
607.2017,328.6244,18.5965,8.7513
608.2134,328.6298,18.5732,8.7403
608.2164,328.6313,18.5672,8.7375
609.2220,328.6339,18.5560,8.7323
609.2081,328.6273,18.5837,8.7453
610.2084,328.6275,18.5833,8.7451
610.2201,328.6330,18.5598,8.7340
610.2435,328.6440,18.5131,8.7121
610.2313,328.6382,18.5375,8.7235
611.2300,328.6377,18.5399,8.7246
611.2190,328.6324,18.5621,8.7351
612.2355,328.6402,18.5291,8.7196
612.2783,329.6604,18.4434,8.6792
612.2244,329.6350,18.5511,8.7299
613.1667,329.6079,18.6666,8.7843
613.1238,329.5877,18.7524,8.8246
614.1036,329.5782,18.7928,8.8437
614.1014,329.5771,18.7971,8.8457
614.0726,329.5636,18.8548,8.8728
615.0365,329.5466,18.9271,8.9068
615.9834,329.5216,19.0332,8.9568
615.9695,329.5151,19.0609,8.9698
615.9429,328.5025,19.1143,8.9950
616.9873,328.5234,19.0254,8.9531
617.0438,328.5500,18.9123,8.8999
618.0855,328.5696,18.8290,8.8607
618.1060,328.5793,18.7881,8.8415
619.0928,328.5731,18.8143,8.8538
619.0940,328.5736,18.8120,8.8527
620.0875,328.5706,18.8251,8.8589
620.0865,328.5701,18.8270,8.8598
621.0743,328.5644,18.8513,8.8712
621.0658,328.5604,18.8684,8.8793
621.0323,328.5446,18.9353,8.9107
621.9889,328.5242,19.0222,8.9516
621.9636,328.5123,19.0729,8.9755
622.9313,328.4971,19.1374,9.0058
622.9045,328.4845,19.1911,9.0311
623.8554,327.4614,19.2892,9.0772
624.8938,327.4794,19.2125,9.0412
624.9214,327.4924,19.1572,9.0152
624.9297,327.4964,19.1405,9.0073
625.9225,327.4929,19.1551,9.0142
625.9598,327.5105,19.0805,8.9790
626.9215,327.4925,19.1570,9.0150
626.9121,327.4880,19.1758,9.0239
627.8931,327.4791,19.2139,9.0418
627.8804,327.4731,19.2393,9.0538
627.8455,327.4567,19.3090,9.0866
628.7855,326.4285,19.4290,9.1430
628.7996,326.4351,19.4007,9.1298
629.8070,326.4386,19.3860,9.1228
629.8231,326.4462,19.3538,9.1077
630.8302,326.4495,19.3396,9.1010
631.8132,326.4415,19.3737,9.1170
631.8337,326.4512,19.3325,9.0977
632.8364,326.4524,19.3272,9.0951
632.8238,326.4465,19.3525,9.1070
633.8121,326.4410,19.3758,9.1180
633.7784,326.4251,19.4432,9.1498
634.7706,326.4215,19.4587,9.1570
634.7464,326.4101,19.5073,9.1799
635.7069,326.3915,19.5862,9.2170
635.6740,326.3760,19.6520,9.2480
636.6389,326.3595,19.7223,9.2811
636.6093,326.3456,19.7815,9.3089
637.5455,326.3155,19.9090,9.3689
637.5501,326.3177,19.8998,9.3646
638.5380,326.3120,19.9239,9.3759
638.5414,326.3136,19.9172,9.3728
639.5021,326.2951,19.9957,9.4098
639.5236,326.3052,19.9528,9.3895
640.5298,326.3082,19.9403,9.3837
640.5596,326.3221,19.8808,9.3557
641.5331,325.3097,19.9339,9.3807
641.5558,325.3204,19.8883,9.3592
641.5720,325.3280,19.8561,9.3440
642.5571,325.3210,19.8859,9.3581
642.5806,325.3321,19.8388,9.3359
643.5558,325.3204,19.8883,9.3592
643.5658,325.3251,19.8684,9.3498
643.5759,325.3298,19.8482,9.3403
644.5776,325.3306,19.8449,9.3388
644.5941,325.3384,19.8119,9.3232
644.5533,325.3192,19.8934,9.3616
644.5344,325.3103,19.9311,9.3793
645.5087,325.2982,19.9827,9.4036
645.5302,325.3083,19.9396,9.3833
645.5569,325.3209,19.8863,9.3582
646.5638,325.3242,19.8724,9.3517
646.5695,325.3268,19.8611,9.3464
646.5608,325.3227,19.8784,9.3545
646.5352,325.3106,19.9297,9.3787
647.4936,325.2911,20.0128,9.4178
647.4323,324.2623,20.1353,9.4755
648.4318,324.2620,20.1365,9.4760
648.4265,324.2595,20.1470,9.4809
648.4082,324.2509,20.1836,9.4982
648.3906,324.2426,20.2189,9.5148
649.3607,324.2286,20.2786,9.5429
649.3607,324.2286,20.2786,9.5428
650.3481,324.2226,20.3038,9.5547
650.3506,324.2238,20.2989,9.5524
650.3012,324.2006,20.3976,9.5989
651.2546,324.1786,20.4909,9.6428
651.2327,324.1684,20.5345,9.6633
651.1940,324.1501,20.6119,9.6997
652.1464,324.1277,20.7072,9.7446
652.1427,324.1260,20.7146,9.7480
653.1238,325.1171,20.7524,9.7658
653.1077,325.1095,20.7845,9.7809
654.0880,325.1002,20.8241,9.7996
654.0951,325.1035,20.8099,9.7929
654.0975,325.1047,20.8051,9.7906
654.1011,325.1064,20.7978,9.7872
655.1049,325.1082,20.7901,9.7836
655.1458,326.1274,20.7085,9.7452
655.1564,326.1324,20.6872,9.7352
655.2024,326.1541,20.5952,9.6919
654.2920,326.1962,20.4160,9.6075
654.2860,326.1934,20.4280,9.6132
654.3011,327.2005,20.3978,9.5990
654.2971,327.1986,20.4058,9.6027
654.2733,327.1874,20.4534,9.6251
654.2496,327.1763,20.5007,9.6474
654.2349,327.1694,20.5302,9.6613
654.2048,327.1552,20.5903,9.6896
653.1949,327.1505,20.6101,9.6989
653.1862,327.1465,20.6276,9.7071
652.2288,327.1665,20.5424,9.6670
652.2078,327.1566,20.5845,9.6868
651.2152,327.1601,20.5695,9.6798
651.1757,327.1415,20.6487,9.7170
651.1945,327.1503,20.6110,9.6993
650.2390,327.1713,20.5221,9.6575
650.2236,327.1640,20.5529,9.6719
649.2233,327.1639,20.5534,9.6722
649.2009,328.1534,20.5981,9.6932
648.2148,328.1599,20.5703,9.6801
647.2135,328.1593,20.5730,9.6814
647.1856,328.1462,20.6287,9.7076
647.1987,328.1523,20.6027,9.6954
646.1996,328.1528,20.6008,9.6945
645.2095,328.1574,20.5809,9.6851
644.2003,328.1530,20.5995,9.6939
644.1620,328.1350,20.6761,9.7299
643.1633,328.1357,20.6733,9.7286
643.1266,328.1184,20.7468,9.7632
642.1268,328.1185,20.7464,9.7630
641.1014,328.1065,20.7972,9.7869
641.0668,328.0903,20.8663,9.8194
640.0443,328.0797,20.9114,9.8407
640.0250,328.0706,20.9499,9.8588
639.1055,328.1085,20.7891,9.7831
638.1038,328.1077,20.7923,9.7846
638.0671,328.0904,20.8659,9.8192
637.0695,329.0915,20.8610,9.8170
636.9067,329.0149,21.1866,9.9702
635.8234,328.9757,21.3533,10.0486
635.7877,328.9589,21.4245,10.0821
634.7576,328.9447,21.4849,10.1105
634.7394,328.9362,21.5212,10.1276
634.7296,327.9316,21.5408,10.1368
633.7929,327.9614,21.4142,10.0773
633.8143,327.9714,21.3714,10.0571
632.8174,327.9729,21.3652,10.0542
631.8068,327.9679,21.3865,10.0642
631.7930,327.9614,21.4141,10.0772
630.7657,327.9485,21.4686,10.1029
630.7339,327.9336,21.5323,10.1328
629.7314,327.9324,21.5372,10.1351
629.6826,327.9095,21.6348,10.1811
628.6799,327.9082,21.6401,10.1836
628.6556,327.8968,21.6887,10.2065
627.6359,327.8875,21.7282,10.2250
627.6040,327.8725,21.7919,10.2550
626.5695,327.8562,21.8610,10.2875
625.5101,327.8283,21.9797,10.3434
625.4855,327.8167,22.0290,10.3666
624.5427,327.8436,21.9147,10.3128
624.5081,327.8273,21.9839,10.3453
624.5059,327.8263,21.9882,10.3474
623.5311,327.8382,21.9378,10.3237
622.5208,327.8333,21.9584,10.3334
622.5264,327.8359,21.9473,10.3281
621.5239,328.8348,21.9522,10.3304
621.4473,328.7988,22.1053,10.4025
621.4578,328.8037,22.0843,10.3926
620.4774,328.8129,22.0451,10.3742
620.4890,328.8184,22.0219,10.3633
619.4744,328.8115,22.0512,10.3770
619.5104,328.8284,21.9792,10.3431
618.5157,329.8309,21.9685,10.3381
617.4745,329.8115,22.0510,10.3769
617.4604,329.8049,22.0792,10.3902
616.4681,329.8085,22.0638,10.3830
616.4720,330.8104,22.0559,10.3793
615.4438,330.7971,22.1123,10.4058
615.4075,330.7800,22.1851,10.4400
614.4214,330.7866,22.1571,10.4269
614.3817,330.7679,22.2366,10.4643
613.3652,330.7601,22.2695,10.4798
613.3459,330.7510,22.3083,10.4980
612.3329,330.7449,22.3341,10.5102
611.3090,330.7336,22.3820,10.5327
610.2416,330.7019,22.5168,10.5961
610.1915,330.6783,22.6171,10.6433
609.1711,330.6687,22.6578,10.6625
608.1525,330.6600,22.6950,10.6800
608.1232,330.6462,22.7535,10.7075
607.0872,330.6292,22.8257,10.7415
606.0496,330.6116,22.9007,10.7768
606.0125,330.5941,22.9750,10.8118
604.9744,330.5762,23.0511,10.8476
603.9390,330.5595,23.1220,10.8809
603.8575,330.5212,23.2849,10.9576
602.8424,330.5141,23.3152,10.9719
601.8525,330.5188,23.2950,10.9624
601.8356,330.5109,23.3287,10.9782
600.8192,330.5031,23.3616,10.9937
599.8124,330.5000,23.3751,11.0001
599.7775,330.4836,23.4449,11.0329
598.7596,330.4751,23.4807,11.0497
598.7155,330.4543,23.5691,11.0913
597.7433,330.4674,23.5135,11.0652
597.7392,330.4655,23.5217,11.0690
597.7228,330.4578,23.5543,11.0844
597.7264,331.4595,23.5473,11.0811
597.6643,331.4302,23.6714,11.1395
597.5964,331.3983,23.8072,11.2034
597.5134,331.3592,23.9732,11.2815
597.4281,331.3191,24.1438,11.3618
597.3520,331.2833,24.2960,11.4334
597.3432,331.2792,24.3136,11.4417
597.3555,331.2850,24.2889,11.4301
597.3719,331.2927,24.2562,11.4147
598.4034,331.3075,24.1932,11.3850
598.3229,331.2696,24.3543,11.4608
598.3539,331.2842,24.2923,11.4316
598.3432,331.2791,24.3136,11.4417
599.3182,331.2674,24.3636,11.4652
599.2776,331.2483,24.4449,11.5035
599.2361,331.2288,24.5277,11.5425
599.2141,331.2184,24.5718,11.5632
599.1796,331.2022,24.6408,11.5957
599.1562,331.1912,24.6874,11.6176
599.1379,331.1826,24.7241,11.6349
599.1190,331.1736,24.7621,11.6527
599.1199,331.1741,24.7601,11.6518
599.1083,331.1686,24.7834,11.6628
599.0931,331.1615,24.8137,11.6770
599.0874,331.1588,24.8252,11.6824
599.0804,331.1555,24.8392,11.6890
599.0583,331.1451,24.8834,11.7098
599.0076,331.1212,24.9848,11.7576
598.9799,331.1082,25.0402,11.7836
598.9001,331.0706,25.1998,11.8587
598.8142,331.0302,25.3716,11.9396
598.7750,331.0117,25.4501,11.9765
598.7314,330.9912,25.5372,12.0175
598.6782,330.9662,25.6437,12.0676
598.6307,330.9439,25.7385,12.1122
598.6154,330.9366,25.7693,12.1267
598.6226,330.9400,25.7548,12.1199
599.6192,330.9384,25.7616,12.1231
599.6113,330.9347,25.7775,12.1306
599.5875,330.9235,25.8251,12.1530
599.5856,330.9226,25.8289,12.1548
599.5731,330.9167,25.8538,12.1665
600.5571,330.9092,25.8858,12.1815
600.5091,330.8866,25.9818,12.2267
600.4653,330.8660,26.0694,12.2679
600.4191,330.8443,26.1618,12.3114
600.3779,330.8249,26.2442,12.3502
601.3743,330.8232,26.2514,12.3536
601.3633,330.8181,26.2733,12.3639
601.3524,330.8129,26.2953,12.3743
601.3450,330.8094,26.3101,12.3812
602.3687,330.8206,26.2626,12.3589
602.3382,330.8062,26.3236,12.3876
602.3107,330.7933,26.3786,12.4134
603.3273,330.8011,26.3454,12.3978
603.3130,330.7944,26.3738,12.4112
603.3262,330.8005,26.3477,12.3989
604.3129,330.7943,26.3742,12.4114
604.2750,331.7765,26.4500,12.4471
604.2019,331.7421,26.5962,12.5159
604.1263,331.7065,26.7473,12.5870
604.0396,331.6657,26.9208,12.6686
603.9607,331.6285,27.0787,12.7429
603.8876,331.5941,27.2249,12.8117
603.8333,331.5686,27.3335,12.8628
603.7783,331.5428,27.4433,12.9145
603.7438,331.5265,27.5123,12.9470
604.7168,331.5138,27.5664,12.9724
604.7403,331.5248,27.5194,12.9503
604.6910,331.5016,27.6180,12.9967
604.6548,331.4846,27.6905,13.0308
604.6395,331.4774,27.7211,13.0452
604.6272,331.4716,27.7455,13.0567
604.6124,331.4647,27.7752,13.0707
604.6426,331.4789,27.7148,13.0422
604.6696,331.4915,27.6609,13.0169
604.6799,332.4964,27.6403,13.0072
604.5484,332.4345,27.9032,13.1309
605.4761,332.4005,28.0478,13.1990
605.3990,332.3642,28.2020,13.2715
605.3102,332.3224,28.3797,13.3551
605.2744,332.3056,28.4511,13.3888
605.2971,333.3163,28.4058,13.3675
605.1576,333.2506,28.6848,13.4987
605.0970,333.2221,28.8060,13.5558
606.0668,333.2079,28.8665,13.5842
606.0051,333.1789,28.9897,13.6422
606.9645,333.1598,29.0709,13.6804
606.9065,333.1325,29.1870,13.7351
606.8445,333.1033,29.3110,13.7934
606.7662,333.0664,29.4676,13.8671
606.7077,333.0389,29.5846,13.9222
607.6484,333.0110,29.7033,13.9780
607.5798,332.9788,29.8403,14.0425
607.5644,332.9715,29.8712,14.0570
607.5722,332.9752,29.8556,14.0497
607.5663,332.9724,29.8674,14.0552
607.4933,333.9380,30.0135,14.1240
608.3904,333.8896,30.2191,14.2208
608.2826,333.8389,30.4348,14.3223
608.1954,333.7979,30.6091,14.4043
609.0743,333.7409,30.8513,14.5183
609.0929,333.7496,30.8142,14.5008
609.0016,333.7066,30.9968,14.5867
610.0698,333.7387,30.8604,14.5226
611.0801,333.7436,30.8397,14.5128
611.1307,333.7674,30.7386,14.4652
611.0392,334.7243,30.9217,14.5514
610.8994,334.6586,31.2011,14.6829
611.7526,334.5895,31.4948,14.8211
611.6635,334.5475,31.6731,14.9050
611.5772,334.5069,31.8456,14.9862
611.4769,334.4597,32.0461,15.0805
611.4807,334.4615,32.0386,15.0770
611.5088,334.4747,31.9824,15.0505
612.4944,334.4679,32.0113,15.0641
612.5270,334.4833,31.9460,15.0334
612.5638,334.5006,31.8723,14.9987
612.5397,335.4893,31.9206,15.0214
613.4025,335.4247,32.1951,15.1506
613.2547,335.3552,32.4906,15.2897
613.1552,335.3083,32.6895,15.3833
614.0912,335.2783,32.8175,15.4435
613.9730,335.2226,33.0540,15.5548
614.9728,335.2225,33.0543,15.5550
614.9675,335.2200,33.0650,15.5600
616.0202,335.2448,32.9596,15.5104
615.8936,335.1852,33.2128,15.6296
615.9546,336.2139,33.0908,15.5721
616.9081,336.1920,33.1838,15.6159
616.8233,336.1522,33.3533,15.6957
617.7706,336.1273,33.4588,15.7453
617.7180,336.1026,33.5641,15.7949
617.7072,336.0975,33.5857,15.8050
618.7333,337.1098,33.5335,15.7805
618.6251,337.0589,33.7499,15.8823
619.5492,337.0232,33.9016,15.9537
619.5659,337.0310,33.8683,15.9380
619.5850,337.0400,33.8300,15.9200
620.6278,338.0602,33.7444,15.8797
620.5107,338.0050,33.9787,15.9900
620.4194,337.9621,34.1612,16.0758
621.3864,337.9465,34.2272,16.1069
621.3899,337.9482,34.2202,16.1036
622.4116,337.9584,34.1768,16.0832
622.3973,337.9517,34.2053,16.0966
622.4318,337.9679,34.1365,16.0643
623.4747,338.9881,34.0506,16.0238
623.3748,338.9410,34.2505,16.1179
624.3343,338.9220,34.3314,16.1560
624.2974,338.9046,34.4053,16.1907
624.3155,338.9132,34.3690,16.1736
625.2802,338.8965,34.4397,16.2069
626.2358,338.8757,34.5284,16.2487
627.1908,338.8545,34.6184,16.2910
627.2094,338.8633,34.5812,16.2735
627.2249,338.8705,34.5502,16.2589
628.1851,339.8518,34.6299,16.2964
629.0970,339.8103,34.8061,16.3793
629.0318,339.7797,34.9364,16.4406
628.9678,339.7496,35.0644,16.5009
628.9376,339.7354,35.1248,16.5293
629.8931,339.7144,35.2138,16.5712
629.8106,339.6756,35.3788,16.6488
629.8663,339.7018,35.2673,16.5964
629.8674,339.7023,35.2652,16.5954
630.8375,339.6882,35.3250,16.6235
630.8622,339.6999,35.2755,16.6002
631.8982,339.7168,35.2036,16.5664
631.8660,340.7016,35.2681,16.5968
632.8127,340.6766,35.3745,16.6468
632.7408,340.6428,35.5183,16.7145
633.7210,340.6334,35.5580,16.7332
634.7031,341.6250,35.5939,16.7501
634.6157,341.5839,35.7686,16.8323
634.5322,341.5446,35.9355,16.9108
634.4998,341.5293,36.0003,16.9413
636.5615,341.5583,35.8770,16.8833
636.5644,341.5597,35.8712,16.8806
637.6155,342.5838,35.7690,16.8325
637.5365,342.5466,35.9270,16.9068
637.4683,342.5145,36.0633,16.9710
638.4571,342.5092,36.0858,16.9816
638.4417,343.5020,36.1165,16.9960
638.4138,343.4888,36.1725,17.0224
638.3812,343.4735,36.2375,17.0530
638.3606,343.4638,36.2789,17.0724
638.3497,344.4587,36.3005,17.0826
638.2642,344.4185,36.4715,17.1631
638.2412,345.4076,36.5176,17.1848
638.1710,345.3746,36.6580,17.2508
638.0894,345.3362,36.8211,17.3276
638.0944,346.3385,36.8113,17.3230
638.0174,346.3023,36.9651,17.3954
637.9707,346.2803,37.0586,17.4394
637.9359,346.2639,37.1283,17.4721
637.9188,347.2559,37.1624,17.4882
637.8584,347.2275,37.2832,17.5450
637.7767,347.1891,37.4465,17.6219
636.7325,348.1682,37.5350,17.6635
636.6812,348.1441,37.6377,17.7118
635.6465,348.1278,37.7070,17.7444
635.6443,348.1267,37.7113,17.7465
634.6119,349.1115,37.7762,17.7770
634.5640,349.0889,37.8720,17.8221
633.5339,350.0748,37.9323,17.8505
633.4365,350.0289,38.1271,17.9422
632.3615,349.9936,38.2771,18.0128
632.3602,350.9930,38.2797,18.0140
632.3097,350.9693,38.3806,18.0615
632.2548,350.9435,38.4904,18.1131
631.1976,351.9165,38.6047,18.1669
630.1039,351.8725,38.7921,18.2551
630.0527,351.8483,38.8947,18.3034
630.0030,352.8250,38.9940,18.3501
628.9218,352.7867,39.1563,18.4265
627.8362,353.7464,39.3277,18.5071
627.7051,353.6848,39.5897,18.6304
625.6234,354.6463,39.7532,18.7074
625.5822,354.6269,39.8355,18.7461
623.6162,355.6429,39.7675,18.7141
623.5286,355.6017,39.9429,18.7967
621.4963,356.5865,40.0074,18.8270
621.3477,356.5166,40.3046,18.9669
620.3088,357.4982,40.3825,19.0035
619.2473,357.4693,40.5054,19.0614
618.1729,357.4343,40.6544,19.1315
617.0181,358.3614,40.9639,19.2771
615.9052,358.3083,41.1895,19.3833
614.7796,360.2492,41.4408,19.5015
613.7299,360.2258,41.5403,19.5484
612.6147,361.1716,41.7706,19.6568
611.5581,361.1450,41.8838,19.7100
609.4309,362.0851,42.1382,19.8297
609.3384,363.0416,42.3232,19.9168
607.2889,364.0183,42.4221,19.9633
606.2112,363.9818,42.5776,20.0365
604.0703,364.9154,42.8594,20.1691
602.9461,364.8570,43.1078,20.2860
601.7872,365.7822,43.4256,20.4356
600.6993,365.7408,43.6014,20.5183
599.6310,366.7087,43.7379,20.5826
598.5308,366.6616,43.9383,20.6769
597.4190,367.6089,44.1620,20.7821
595.3680,367.5850,44.2639,20.8301
594.1981,368.5050,44.6039,20.9901
592.1263,368.4712,44.7473,21.0576
590.9334,370.3804,45.1332,21.2392
589.8554,370.3437,45.2892,21.3126
587.7454,370.2919,45.5093,21.4161
586.6453,371.2449,45.7093,21.5103
584.4988,371.1759,46.0024,21.6482
582.3414,373.1018,46.3172,21.7963
581.2453,373.0566,46.5095,21.8868
579.1723,374.0223,46.6554,21.9555
578.0393,373.9597,46.9214,22.0807
575.8650,374.8777,47.2700,22.2447
573.7242,376.8114,47.5515,22.3772
571.6460,376.7746,47.7080,22.4508
569.5612,377.7347,47.8775,22.5306
568.4310,377.6734,48.1380,22.6532
567.2924,378.6082,48.4153,22.7837
565.1878,379.5590,48.6244,22.8821
564.0894,380.5127,48.8211,22.9746
561.9510,380.4475,49.0979,23.1049
560.7106,381.3344,49.5788,23.3312
559.5261,382.2476,49.9478,23.5049
557.3659,383.1722,50.2682,23.6556
556.1281,384.0603,50.7437,23.8794
555.0092,386.0043,50.9817,23.9914
552.6841,386.8513,51.6317,24.2973
551.4415,387.7372,52.1171,24.5257
549.1962,388.6217,52.6076,24.7565
547.0588,389.5571,52.8824,24.8858
545.9431,390.5026,53.1139,24.9948
544.9196,391.4916,53.1608,25.0169
542.8206,392.4450,53.3588,25.1100
540.7380,394.4061,53.5241,25.1878
539.4915,395.2901,54.0171,25.4198
537.2399,396.1717,54.5203,25.6566
535.0640,396.0889,54.8720,25.8221
532.9385,398.0299,55.1230,25.9402
530.8370,399.9821,55.3260,26.0358
529.4882,399.8180,56.0235,26.3640
526.3322,401.7446,56.3356,26.5109
524.0861,402.6287,56.8279,26.7426
521.8865,404.5349,57.2269,26.9303
518.5453,406.3743,57.9093,27.2514
515.2411,407.2311,58.5177,27.5377
513.0194,409.1268,58.9612,27.7465
509.7668,409.0079,59.4664,27.9842
506.6344,411.9456,59.7312,28.1088
503.3461,411.8099,60.3078,28.3802
500.1781,414.7309,60.6438,28.5382
496.9268,414.6126,61.1463,28.7747
493.6779,416.4955,61.6442,29.0091
491.3200,417.3271,62.3599,29.3458
487.0572,419.2034,62.8857,29.5932
483.6818,421.0267,63.6364,29.9465
480.3663,421.8783,64.2674,30.2435
477.0163,423.7136,64.9674,30.5729
473.7028,425.5660,65.5945,30.8680
468.4247,427.4352,66.1506,31.1297
465.1503,429.3060,66.6994,31.3879
460.9239,430.1995,67.1522,31.6010
456.5464,432.0219,67.9072,31.9563
453.1562,433.8383,68.6875,32.3235
446.8101,436.6753,69.3798,32.6493
442.6833,437.6157,69.6333,32.7686
439.4035,440.4840,70.1931,33.0320
435.2433,441.4086,70.5134,33.1828
430.8956,443.2450,71.2088,33.5100
425.4415,445.0313,72.1170,33.9374
421.0810,446.8616,72.8381,34.2767
415.5767,448.6243,73.8466,34.7513
413.2454,451.4684,74.5092,35.0631
408.1472,453.4222,74.7056,35.1556
403.9709,455.3393,75.0581,35.3215
398.8245,457.2704,75.3510,35.4593
394.7197,459.2210,75.5607,35.5580
389.6130,461.1708,75.7740,35.6584
384.4757,462.1062,76.0485,35.7876
378.3268,464.0361,76.3464,35.9277
372.2711,465.0099,76.4579,35.9802
368.2653,465.0072,76.4694,35.9856
362.1760,465.9651,76.6481,36.0697
357.1094,466.9338,76.7812,36.1323
351.7643,467.7715,77.4713,36.4571
346.5687,467.6794,77.8627,36.6413
340.2955,470.5508,78.4091,36.8984
334.9772,471.4010,79.0456,37.1979
327.6482,473.2462,79.7036,37.5076
318.3708,475.1157,80.2584,37.7687
310.9557,475.9203,81.0886,38.1593
303.5714,478.7395,81.8573,38.5211
296.2420,479.5845,82.5160,38.8311
286.8686,481.4088,83.2627,39.1825
275.3217,484.1514,84.3565,39.6972
266.9340,484.9690,85.1320,40.0621
257.7311,487.8735,85.5378,40.2531
248.3951,489.7153,86.2099,40.5693
240.1029,491.5778,86.7942,40.8443
225.6958,495.3862,87.6085,41.2275
216.2992,498.1996,88.4015,41.6007
205.8284,499.9781,89.3432,42.0439
194.6365,502.8878,89.7270,42.2244
185.3100,504.7341,90.3799,42.5317
170.6309,507.4145,91.7383,43.1710
157.8765,509.0595,93.2470,43.8809
145.2798,510.7787,94.4404,44.4425
133.5656,513.4426,95.8688,45.1147
120.1515,516.2478,96.6969,45.5044
101.6344,520.0045,97.7312,45.9911
88.9866,520.6996,99.0267,46.6008
76.2214,521.3395,100.5572,47.3210
63.6671,522.0786,101.6658,47.8427
51.2016,521.8596,102.5968,48.2809
