1
532.5000,383.5000,17.0000,11.0000
532.5000,383.5000,17.0000,11.0000
532.5000,383.5000,17.0000,11.0000
532.5000,383.5000,17.0000,11.0000
532.5000,383.5000,17.0000,11.0000
532.5000,383.5000,17.0000,11.0000
532.5000,383.5000,17.0000,11.0000
532.5000,383.5000,17.0000,11.0000
528.5000,383.5000,17.0000,11.0000
528.5000,383.5000,17.0000,11.0000
528.5000,383.5000,17.0000,11.0000
528.5000,383.5000,17.0000,11.0000
528.5000,383.5000,17.0000,11.0000
528.5000,383.5000,17.0000,11.0000
528.5000,383.5000,17.0000,11.0000
528.5000,383.5000,17.0000,11.0000
528.5000,383.5000,17.0000,11.0000
528.5000,383.5000,17.0000,11.0000
528.5000,383.5000,17.0000,11.0000
528.5000,383.5000,17.0000,11.0000
528.5000,387.5000,17.0000,11.0000
528.5000,387.5000,17.0000,11.0000
524.5000,387.5000,17.0000,11.0000
524.5000,387.5000,17.0000,11.0000
524.5000,387.5000,17.0000,11.0000
524.5000,387.5000,17.0000,11.0000
524.5000,387.5000,17.0000,11.0000
524.5000,387.5000,17.0000,11.0000
524.5000,387.5000,17.0000,11.0000
524.5000,387.5000,17.0000,11.0000
2
0
0
0
0
0
2
0
0
0
0
0
2
0
0
0
0
0
2
0
0
0
0
0
2
0
0
0
0
0
2
0
0
0
0
0
2
0
0
0
0
0
2
0
0
0
0
0
2
0
0
0
0
0
2
0
0
0
0
0
2
0
0
0
0
0
2
0
0
0
0
0
2
0
0
0
0
0
2
0
0
0
0
0
2
0
0
0
0
0
2
0
0
0
0
0
2
0
0
0
0
0
2
0
0
0
0
0
2
0
0
0
0
0
2
0
0
0
0
0
2
0
0
0
0
0
2
0
0
0
0
0
2
0
0
0
0
0
2
0
0
0
0
0
2
0
0
0
0
0
2
0
0
0
0
0
2
0
0
0
0
0
2
0
0
0
0
0
2
0
0
0
0
0
2
0
0
0
0
0
2
0
0
0
0
0
2
0
0
0
0
0
2
0
0
0
0
0
2
0
0
0
0
0
2
0
0
0
0
0
2
0
0
0
0
0
2
0
0
0
0
0
2
0
0
0
0
0
2
0
0
0
0
0
2
0
0
0
0
0
2
0
0
0
0
0
2
0
0
0
0
0
2
0
0
0
0
0
2
0
0
0
0
0
2
0
0
0
0
0
2
0
0
0
0
0
2
0
0
0
0
0
2
0
0
0
0
0
2
0
0
0
0
0
2
0
0
0
0
0
2
0
0
0
0
0
