1
549.0000,224.0000,215.0000,272.0000
549.0000,223.0000,215.0000,272.0000
548.0000,222.0000,215.0000,272.0000
548.0000,221.0000,215.0000,272.0000
548.0000,220.0000,215.0000,272.0000
547.0000,218.0000,215.0000,272.0000
547.0000,217.0000,215.0000,272.0000
546.0000,215.0000,215.0000,272.0000
544.0000,214.0000,215.0000,272.0000
542.0000,213.0000,215.0000,272.0000
540.0000,213.0000,215.0000,272.0000
538.0000,212.0000,215.0000,272.0000
536.0000,213.0000,215.0000,272.0000
534.0000,214.0000,215.0000,272.0000
533.0000,216.0000,215.0000,272.0000
533.0000,219.0000,215.0000,272.0000
534.0000,222.0000,215.0000,272.0000
535.0000,225.0000,215.0000,272.0000
535.0000,229.0000,215.0000,272.0000
541.0000,234.0000,215.0000,272.0000
548.0000,238.0000,215.0000,272.0000
552.0000,241.0000,215.0000,272.0000
551.0000,244.0000,215.0000,272.0000
550.0000,246.0000,215.0000,272.0000
548.0000,247.0000,215.0000,272.0000
547.0000,247.0000,215.0000,272.0000
546.0000,247.0000,215.0000,272.0000
546.0000,246.0000,215.0000,272.0000
545.0000,244.0000,215.0000,272.0000
545.0000,222.0000,215.0000,272.0000
544.0000,220.0000,215.0000,272.0000
543.0000,217.0000,215.0000,272.0000
542.0000,215.0000,215.0000,272.0000
541.0000,213.0000,215.0000,272.0000
540.0000,210.0000,215.0000,272.0000
538.0000,208.0000,215.0000,272.0000
537.0000,207.0000,215.0000,272.0000
536.0000,206.0000,215.0000,272.0000
535.0000,206.0000,215.0000,272.0000
543.0000,206.0000,215.0000,272.0000
553.0000,207.0000,215.0000,272.0000
552.0000,208.0000,215.0000,272.0000
551.0000,210.0000,215.0000,272.0000
550.0000,210.0000,215.0000,272.0000
548.0000,211.0000,215.0000,272.0000
546.0000,211.0000,215.0000,272.0000
545.0000,211.0000,215.0000,272.0000
553.0000,211.0000,215.0000,272.0000
561.0000,211.0000,215.0000,272.0000
561.0000,210.0000,215.0000,272.0000
559.0000,209.0000,215.0000,272.0000
557.0000,207.0000,215.0000,272.0000
556.0000,204.0000,215.0000,272.0000
555.0000,201.0000,215.0000,272.0000
554.0000,198.0000,215.0000,272.0000
553.0000,195.0000,215.0000,272.0000
551.0000,192.0000,215.0000,272.0000
549.0000,188.0000,215.0000,272.0000
548.0000,184.0000,215.0000,272.0000
546.0000,180.0000,215.0000,272.0000
545.0000,177.0000,215.0000,272.0000
543.0000,174.0000,215.0000,272.0000
542.0000,172.0000,215.0000,272.0000
541.0000,170.0000,215.0000,272.0000
539.0000,168.0000,215.0000,272.0000
538.0000,166.0000,215.0000,272.0000
537.0000,165.0000,215.0000,272.0000
536.0000,163.0000,215.0000,272.0000
534.0000,162.0000,215.0000,272.0000
533.0000,181.0000,215.0000,272.0000
532.0000,200.0000,215.0000,272.0000
530.0000,218.0000,215.0000,272.0000
529.0000,237.0000,215.0000,272.0000
528.0000,255.0000,215.0000,272.0000
527.0000,252.0000,215.0000,272.0000
526.0000,249.0000,215.0000,272.0000
525.0000,246.0000,215.0000,272.0000
524.0000,242.0000,215.0000,272.0000
523.0000,238.0000,215.0000,272.0000
522.0000,234.0000,215.0000,272.0000
521.0000,229.0000,215.0000,272.0000
520.0000,224.0000,215.0000,272.0000
519.0000,219.0000,215.0000,272.0000
518.0000,214.0000,215.0000,272.0000
517.0000,209.0000,215.0000,272.0000
516.0000,205.0000,215.0000,272.0000
515.0000,221.0000,215.0000,272.0000
514.0000,237.0000,215.0000,272.0000
513.0000,253.0000,215.0000,272.0000
513.0000,270.0000,215.0000,272.0000
512.0000,288.0000,215.0000,272.0000
511.0000,305.0000,215.0000,272.0000
510.0000,304.0000,215.0000,272.0000
510.0000,301.0000,215.0000,272.0000
509.0000,300.0000,215.0000,272.0000
508.0000,298.0000,215.0000,272.0000
507.0000,296.0000,215.0000,272.0000
507.0000,294.0000,215.0000,272.0000
506.0000,291.0000,215.0000,272.0000
505.0000,288.0000,215.0000,272.0000
505.0000,285.0000,215.0000,272.0000
504.0000,281.0000,215.0000,272.0000
503.0000,277.0000,215.0000,272.0000
502.0000,272.0000,215.0000,272.0000
502.0000,267.0000,215.0000,272.0000
501.0000,262.0000,215.0000,272.0000
501.0000,256.0000,215.0000,272.0000
500.0000,251.0000,215.0000,272.0000
500.0000,245.0000,215.0000,272.0000
499.0000,240.0000,215.0000,272.0000
499.0000,235.0000,215.0000,272.0000
498.0000,230.0000,215.0000,272.0000
497.0000,226.0000,215.0000,272.0000
497.0000,221.0000,215.0000,272.0000
497.0000,217.0000,215.0000,272.0000
496.0000,213.0000,215.0000,272.0000
496.0000,210.0000,215.0000,272.0000
495.0000,227.0000,215.0000,272.0000
495.0000,244.0000,215.0000,272.0000
494.0000,261.0000,215.0000,272.0000
494.0000,279.0000,215.0000,272.0000
494.0000,276.0000,215.0000,272.0000
493.0000,273.0000,215.0000,272.0000
493.0000,270.0000,215.0000,272.0000
493.0000,267.0000,215.0000,272.0000
492.0000,263.0000,215.0000,272.0000
492.0000,259.0000,215.0000,272.0000
491.0000,254.0000,215.0000,272.0000
491.0000,250.0000,215.0000,272.0000
491.0000,245.0000,215.0000,272.0000
490.0000,240.0000,215.0000,272.0000
490.0000,234.0000,215.0000,272.0000
490.0000,229.0000,215.0000,272.0000
490.0000,223.0000,215.0000,272.0000
490.0000,218.0000,215.0000,272.0000
489.0000,213.0000,215.0000,272.0000
489.0000,208.0000,215.0000,272.0000
489.0000,203.0000,215.0000,272.0000
489.0000,198.0000,215.0000,272.0000
489.0000,194.0000,215.0000,272.0000
488.0000,211.0000,215.0000,272.0000
488.0000,226.0000,215.0000,272.0000
488.0000,243.0000,215.0000,272.0000
488.0000,260.0000,215.0000,272.0000
488.0000,277.0000,215.0000,272.0000
488.0000,295.0000,215.0000,272.0000
488.0000,313.0000,215.0000,272.0000
487.0000,330.0000,215.0000,272.0000
487.0000,328.0000,215.0000,272.0000
487.0000,325.0000,215.0000,272.0000
487.0000,323.0000,215.0000,272.0000
487.0000,318.0000,215.0000,272.0000
487.0000,315.0000,215.0000,272.0000
487.0000,311.0000,215.0000,272.0000
486.0000,307.0000,215.0000,272.0000
487.0000,301.0000,215.0000,272.0000
486.0000,297.0000,215.0000,272.0000
486.0000,312.0000,215.0000,272.0000
486.0000,327.0000,215.0000,272.0000
486.0000,342.0000,215.0000,272.0000
486.0000,357.0000,215.0000,272.0000
485.0000,373.0000,215.0000,272.0000
485.0000,389.0000,215.0000,272.0000
485.0000,384.0000,215.0000,272.0000
485.0000,380.0000,215.0000,272.0000
485.0000,377.0000,215.0000,272.0000
485.0000,374.0000,215.0000,272.0000
485.0000,370.0000,215.0000,272.0000
485.0000,367.0000,215.0000,272.0000
486.0000,364.0000,215.0000,272.0000
486.0000,362.0000,215.0000,272.0000
486.0000,359.0000,215.0000,272.0000
486.0000,357.0000,215.0000,272.0000
486.0000,354.0000,215.0000,272.0000
486.0000,352.0000,215.0000,272.0000
486.0000,369.0000,215.0000,272.0000
486.0000,385.0000,215.0000,272.0000
486.0000,402.0000,215.0000,272.0000
487.0000,419.0000,215.0000,272.0000
487.0000,435.0000,215.0000,272.0000
487.0000,431.0000,215.0000,272.0000
487.0000,427.0000,215.0000,272.0000
487.0000,423.0000,215.0000,272.0000
488.0000,418.0000,215.0000,272.0000
488.0000,414.0000,215.0000,272.0000
488.0000,410.0000,215.0000,272.0000
488.0000,405.0000,215.0000,272.0000
489.0000,401.0000,215.0000,272.0000
489.0000,397.0000,215.0000,272.0000
489.0000,395.0000,215.0000,272.0000
489.0000,391.0000,215.0000,272.0000
490.0000,387.0000,215.0000,272.0000
490.0000,384.0000,215.0000,272.0000
491.0000,381.0000,215.0000,272.0000
491.0000,378.0000,215.0000,272.0000
491.0000,396.0000,215.0000,272.0000
491.0000,414.0000,215.0000,272.0000
491.0000,432.0000,215.0000,272.0000
492.0000,450.0000,215.0000,272.0000
492.0000,447.0000,215.0000,272.0000
492.0000,444.0000,215.0000,272.0000
493.0000,442.0000,215.0000,272.0000
493.0000,438.0000,215.0000,272.0000
493.0000,435.0000,215.0000,272.0000
493.0000,432.0000,215.0000,272.0000
494.0000,429.0000,215.0000,272.0000
494.0000,425.0000,215.0000,272.0000
495.0000,421.0000,215.0000,272.0000
495.0000,417.0000,215.0000,272.0000
495.0000,413.0000,215.0000,272.0000
495.0000,410.0000,215.0000,272.0000
496.0000,407.0000,215.0000,272.0000
496.0000,403.0000,215.0000,272.0000
497.0000,398.0000,215.0000,272.0000
497.0000,395.0000,215.0000,272.0000
498.0000,392.0000,215.0000,272.0000
498.0000,389.0000,215.0000,272.0000
498.0000,386.0000,215.0000,272.0000
499.0000,384.0000,215.0000,272.0000
499.0000,382.0000,215.0000,272.0000
500.0000,380.0000,215.0000,272.0000
500.0000,376.0000,215.0000,272.0000
498.0000,374.0000,215.0000,272.0000
496.0000,372.0000,215.0000,272.0000
494.0000,370.0000,215.0000,272.0000
492.0000,368.0000,215.0000,272.0000
490.0000,366.0000,215.0000,272.0000
489.0000,363.0000,215.0000,272.0000
486.0000,361.0000,215.0000,272.0000
484.0000,358.0000,215.0000,272.0000
482.0000,355.0000,215.0000,272.0000
481.0000,352.0000,215.0000,272.0000
479.0000,351.0000,215.0000,272.0000
477.0000,347.0000,215.0000,272.0000
475.0000,344.0000,215.0000,272.0000
473.0000,341.0000,215.0000,272.0000
471.0000,338.0000,215.0000,272.0000
469.0000,335.0000,215.0000,272.0000
467.0000,352.0000,215.0000,272.0000
465.0000,369.0000,215.0000,272.0000
463.0000,387.0000,215.0000,272.0000
461.0000,404.0000,215.0000,272.0000
459.0000,422.0000,215.0000,272.0000
457.0000,420.0000,215.0000,272.0000
455.0000,418.0000,215.0000,272.0000
453.0000,416.0000,215.0000,272.0000
451.0000,414.0000,215.0000,272.0000
449.0000,412.0000,215.0000,272.0000
446.0000,410.0000,215.0000,272.0000
443.0000,409.0000,215.0000,272.0000
434.0000,408.0000,215.0000,272.0000
427.0000,406.0000,215.0000,272.0000
422.0000,405.0000,215.0000,272.0000
416.0000,403.0000,215.0000,272.0000
411.0000,401.0000,215.0000,272.0000
405.0000,398.0000,215.0000,272.0000
397.0000,397.0000,215.0000,272.0000
386.0000,395.0000,215.0000,272.0000
376.0000,393.0000,215.0000,272.0000
364.0000,396.0000,215.0000,272.0000
353.0000,399.0000,215.0000,272.0000
341.0000,404.0000,215.0000,272.0000
330.0000,410.0000,215.0000,272.0000
319.0000,418.0000,215.0000,272.0000
308.0000,426.0000,215.0000,272.0000
297.0000,434.0000,215.0000,272.0000
286.0000,443.0000,215.0000,272.0000
274.0000,454.0000,215.0000,272.0000
263.0000,465.0000,215.0000,272.0000
250.0000,475.0000,215.0000,272.0000
238.0000,486.0000,215.0000,272.0000
225.0000,497.0000,215.0000,272.0000
211.0000,507.0000,215.0000,272.0000
202.0000,481.0000,215.0000,272.0000
199.0000,485.0000,215.0000,272.0000
197.0000,489.0000,215.0000,272.0000
195.0000,491.0000,215.0000,272.0000
194.0000,493.0000,215.0000,272.0000
192.0000,498.0000,215.0000,272.0000
189.0000,507.0000,215.0000,272.0000
185.0000,516.0000,215.0000,272.0000
180.0000,527.0000,215.0000,272.0000
2
0
0
0
0
0
2
0
0
0
0
0
2
0
0
0
0
0
2
0
0
0
0
0
19.0000,554.0000,215.0000,272.0000
10.0000,559.0000,215.0000,272.0000
2
0
0
0
0
0
2
0
0
0
0
0
2
0
0
0
0
0
2
0
0
0
0
0
2
0
0
0
0
0
2
0
0
0
0
0
2
0
0
0
0
0
2
0
0
0
0
0
2
0
0
0
0
0
2
0
0
0
0
0
2
0
0
0
0
0
2
0
0
0
0
0
2
0
0
0
0
0
2
0
0
0
0
0
2
0
0
0
0
0
2
0
0
0
0
0
2
0
0
0
0
0
2
0
0
0
0
0
2
0
0
0
0
0
2
0
0
0
0
0
2
0
0
0
0
0
2
0
0
0
0
0
2
0
0
0
0
0
2
0
0
0
0
0
2
0
0
0
0
0
2
0
0
0
0
0
2
0
0
0
0
0
2
0
0
0
0
0
2
0
0
0
0
0
2
0
0
0
0
0
2
0
0
0
0
0
2
0
0
0
0
0
2
0
0
0
0
0
2
0
0
0
0
0
2
0
0
0
0
0
2
0
0
0
0
0
2
0
0
0
0
0
2
0
0
0
0
0
2
0
0
0
0
0
2
0
0
0
0
0
2
0
0
0
0
0
2
0
0
0
0
0
2
0
0
0
0
0
2
0
0
0
0
0
2
0
0
0
0
0
2
0
0
0
0
0
2
0
0
0
0
0
2
0
0
0
0
0
2
0
0
0
0
0
2
0
0
0
0
0
2
0
0
0
0
0
2
0
0
0
0
0
2
0
0
0
0
0
2
0
0
0
0
0
2
0
0
0
0
0
2
0
0
0
0
0
2
0
0
0
0
0
2
0
0
0
0
0
2
0
0
0
0
0
2
0
0
0
0
0
2
0
0
0
0
0
2
0
0
0
0
0
2
0
0
0
0
0
2
0
0
0
0
0
2
0
0
0
0
0
2
0
0
0
0
0
2
0
0
0
0
0
2
0
0
0
0
0
2
0
0
0
0
0
2
0
0
0
0
0
2
0
0
0
0
0
2
0
0
0
0
0
2
0
0
0
0
0
2
0
0
0
0
0
2
0
0
0
0
0
2
0
0
0
0
0
2
0
0
0
0
0
2
0
0
0
0
0
2
0
0
0
0
0
2
0
0
0
0
0
2
0
0
0
0
0
2
0
0
0
0
0
2
0
0
0
0
0
2
0
0
0
0
0
2
0
0
0
0
0
2
0
0
0
0
0
2
0
0
0
0
0
2
0
0
0
0
0
2
0
0
0
0
0
2
0
0
0
0
0
2
0
0
0
0
0
2
0
0
0
0
0
2
0
0
0
0
0
2
0
0
0
0
0
2
0
0
0
0
0
2
0
0
0
0
0
2
0
0
0
0
0
2
0
0
0
0
0
2
0
0
0
0
0
2
0
0
0
0
0
2
0
0
0
0
0
2
0
0
0
0
0
2
0
0
0
0
0
2
0
0
0
0
0
2
0
0
0
0
0
2
0
0
0
0
0
2
0
0
0
0
0
2
0
0
0
0
0
2
0
0
0
0
0
2
0
0
0
0
0
2
0
0
0
0
0
2
0
0
0
0
0
2
0
0
0
0
0
2
0
0
0
0
0
2
0
0
0
0
0
2
0
0
0
0
0
2
0
0
0
0
0
2
0
0
0
0
0
2
0
0
0
0
0
2
0
0
0
0
0
2
0
0
0
0
0
2
0
0
0
0
0
2
0
0
0
0
0
2
0
0
0
0
0
2
0
0
0
0
0
2
0
0
0
0
0
2
0
0
0
0
0
2
0
0
0
0
0
2
0
0
0
0
0
2
0
0
0
0
0
2
0
0
0
0
0
2
0
0
0
0
0
2
0
0
0
0
0
2
0
0
0
0
0
2
0
0
0
0
0
2
0
0
0
0
0
2
0
0
0
0
0
2
0
0
0
0
0
2
0
0
0
0
0
2
0
0
0
0
0
2
0
0
0
0
0
2
0
0
0
0
0
2
0
0
0
0
0
2
0
0
0
0
0
2
0
0
0
0
0
2
0
0
0
0
0
2
0
0
0
0
0
2
0
0
0
0
0
2
0
0
0
0
0
2
0
0
0
0
0
2
0
0
0
0
0
2
0
0
0
0
0
2
0
0
0
0
0
2
0
0
0
0
0
2
0
0
0
0
0
2
0
0
0
0
0
2
0
0
0
0
0
2
0
0
0
0
0
2
0
0
0
0
0
2
0
0
0
0
0
2
0
0
0
0
0
2
0
0
0
0
0
2
0
0
0
0
0
2
0
0
0
0
0
2
0
0
0
0
0
2
0
0
0
0
0
2
0
0
0
0
0
2
0
0
0
0
0
2
0
0
0
0
0
2
0
0
0
0
0
2
0
0
0
0
0
2
0
0
0
0
0
2
0
0
0
0
0
2
0
0
0
0
0
2
0
0
0
0
0
2
0
0
0
0
0
2
0
0
0
0
0
2
0
0
0
0
0
2
0
0
0
0
0
2
0
0
0
0
0
2
0
0
0
0
0
2
0
0
0
0
0
2
0
0
0
0
0
2
0
0
0
0
0
2
0
0
0
0
0
2
0
0
0
0
0
2
0
0
0
0
0
2
0
0
0
0
0
2
0
0
0
0
0
2
0
0
0
0
0
2
0
0
0
0
0
2
0
0
0
0
0
2
0
0
0
0
0
2
0
0
0
0
0
2
0
