1
813.3333,383.3333,120.0000,233.3333
806.6667,383.3333,120.0000,233.3333
800.0000,383.3333,120.0000,233.3333
806.6667,360.0000,120.0000,233.3333
800.0000,360.0000,120.0000,233.3333
806.6667,336.6667,120.0000,233.3333
800.0000,313.3333,120.0000,233.3333
793.3333,313.3333,120.0000,233.3333
786.6667,313.3333,120.0000,233.3333
793.3333,290.0000,120.0000,233.3333
786.6667,290.0000,120.0000,233.3333
780.0000,290.0000,120.0000,233.3333
773.3333,290.0000,120.0000,233.3333
780.0000,266.6667,120.0000,233.3333
773.3333,266.6667,120.0000,233.3333
780.0000,266.6667,120.0000,233.3333
773.3333,243.3333,120.0000,233.3333
780.0000,243.3333,120.0000,233.3333
773.3333,220.0000,120.0000,233.3333
780.0000,220.0000,120.0000,233.3333
773.3333,220.0000,120.0000,233.3333
766.6667,220.0000,120.0000,233.3333
773.3333,196.6667,120.0000,233.3333
766.6667,196.6667,120.0000,233.3333
773.3333,196.6667,120.0000,233.3333
766.6667,173.3333,120.0000,233.3333
773.3333,173.3333,120.0000,233.3333
766.6667,173.3333,120.0000,233.3333
760.0000,173.3333,120.0000,233.3333
766.6667,150.0000,120.0000,233.3333
760.0000,150.0000,120.0000,233.3333
753.3333,150.0000,120.0000,233.3333
760.0000,150.0000,120.0000,233.3333
753.3333,150.0000,120.0000,233.3333
746.6667,150.0000,120.0000,233.3333
753.3333,150.0000,120.0000,233.3333
746.6667,150.0000,120.0000,233.3333
740.0000,150.0000,120.0000,233.3333
746.6667,126.6667,120.0000,233.3333
740.0000,126.6667,120.0000,233.3333
746.6667,126.6667,120.0000,233.3333
740.0000,126.6667,120.0000,233.3333
746.6667,126.6667,120.0000,233.3333
740.0000,126.6667,120.0000,233.3333
733.3333,103.3333,120.0000,233.3333
740.0000,103.3333,120.0000,233.3333
733.3333,103.3333,120.0000,233.3333
726.6667,103.3333,120.0000,233.3333
733.3333,103.3333,120.0000,233.3333
726.6667,103.3333,120.0000,233.3333
720.0000,103.3333,120.0000,233.3333
713.3333,103.3333,120.0000,233.3333
720.0000,103.3333,120.0000,233.3333
713.3333,103.3333,120.0000,233.3333
720.0000,103.3333,120.0000,233.3333
713.3333,80.0000,120.0000,233.3333
706.6667,80.0000,120.0000,233.3333
713.3333,80.0000,120.0000,233.3333
706.6667,80.0000,120.0000,233.3333
713.3333,80.0000,120.0000,233.3333
706.6667,80.0000,120.0000,233.3333
713.3333,80.0000,120.0000,233.3333
706.6667,80.0000,120.0000,233.3333
713.3333,80.0000,120.0000,233.3333
706.6667,80.0000,120.0000,233.3333
713.3333,80.0000,120.0000,233.3333
706.6667,80.0000,120.0000,233.3333
700.0000,80.0000,120.0000,233.3333
706.6667,80.0000,120.0000,233.3333
700.0000,80.0000,120.0000,233.3333
706.6667,80.0000,120.0000,233.3333
700.0000,80.0000,120.0000,233.3333
706.6667,80.0000,120.0000,233.3333
700.0000,80.0000,120.0000,233.3333
706.6667,80.0000,120.0000,233.3333
700.0000,80.0000,120.0000,233.3333
693.3333,80.0000,120.0000,233.3333
700.0000,80.0000,120.0000,233.3333
693.3333,80.0000,120.0000,233.3333
686.6667,80.0000,120.0000,233.3333
693.3333,80.0000,120.0000,233.3333
686.6667,80.0000,120.0000,233.3333
680.0000,80.0000,120.0000,233.3333
686.6667,80.0000,120.0000,233.3333
680.0000,80.0000,120.0000,233.3333
673.3333,80.0000,120.0000,233.3333
680.0000,80.0000,120.0000,233.3333
673.3333,80.0000,120.0000,233.3333
666.6667,80.0000,120.0000,233.3333
673.3333,80.0000,120.0000,233.3333
666.6667,80.0000,120.0000,233.3333
660.0000,103.3333,120.0000,233.3333
666.6667,80.0000,120.0000,233.3333
660.0000,80.0000,120.0000,233.3333
666.6667,80.0000,120.0000,233.3333
660.0000,80.0000,120.0000,233.3333
653.3333,103.3333,120.0000,233.3333
660.0000,103.3333,120.0000,233.3333
653.3333,103.3333,120.0000,233.3333
646.6667,103.3333,120.0000,233.3333
653.3333,103.3333,120.0000,233.3333
660.0000,103.3333,120.0000,233.3333
653.3333,103.3333,120.0000,233.3333
660.0000,103.3333,120.0000,233.3333
653.3333,103.3333,120.0000,233.3333
646.6667,103.3333,120.0000,233.3333
653.3333,103.3333,120.0000,233.3333
646.6667,103.3333,120.0000,233.3333
653.3333,103.3333,120.0000,233.3333
646.6667,103.3333,120.0000,233.3333
640.0000,103.3333,120.0000,233.3333
646.6667,103.3333,120.0000,233.3333
640.0000,126.6667,120.0000,233.3333
633.3333,126.6667,120.0000,233.3333
640.0000,126.6667,120.0000,233.3333
633.3333,126.6667,120.0000,233.3333
626.6667,126.6667,120.0000,233.3333
620.0000,126.6667,120.0000,233.3333
626.6667,126.6667,120.0000,233.3333
620.0000,126.6667,120.0000,233.3333
613.3333,126.6667,120.0000,233.3333
620.0000,126.6667,120.0000,233.3333
613.3333,126.6667,120.0000,233.3333
606.6667,126.6667,120.0000,233.3333
600.0000,126.6667,120.0000,233.3333
606.6667,126.6667,120.0000,233.3333
600.0000,126.6667,120.0000,233.3333
593.3333,126.6667,120.0000,233.3333
600.0000,126.6667,120.0000,233.3333
593.3333,126.6667,120.0000,233.3333
600.0000,126.6667,120.0000,233.3333
593.3333,150.0000,120.0000,233.3333
600.0000,150.0000,120.0000,233.3333
593.3333,150.0000,120.0000,233.3333
586.6667,150.0000,120.0000,233.3333
593.3333,150.0000,120.0000,233.3333
600.0000,150.0000,120.0000,233.3333
593.3333,150.0000,120.0000,233.3333
586.6667,150.0000,120.0000,233.3333
593.3333,150.0000,120.0000,233.3333
586.6667,150.0000,120.0000,233.3333
593.3333,150.0000,120.0000,233.3333
586.6667,150.0000,120.0000,233.3333
593.3333,150.0000,120.0000,233.3333
586.6667,150.0000,120.0000,233.3333
593.3333,150.0000,120.0000,233.3333
586.6667,150.0000,120.0000,233.3333
593.3333,150.0000,120.0000,233.3333
586.6667,150.0000,120.0000,233.3333
580.0000,173.3333,120.0000,233.3333
586.6667,173.3333,120.0000,233.3333
580.0000,173.3333,120.0000,233.3333
573.3333,173.3333,120.0000,233.3333
580.0000,173.3333,120.0000,233.3333
573.3333,173.3333,120.0000,233.3333
566.6667,173.3333,120.0000,233.3333
573.3333,173.3333,120.0000,233.3333
566.6667,173.3333,120.0000,233.3333
560.0000,173.3333,120.0000,233.3333
566.6667,173.3333,120.0000,233.3333
560.0000,173.3333,120.0000,233.3333
553.3333,173.3333,120.0000,233.3333
560.0000,173.3333,120.0000,233.3333
553.3333,173.3333,120.0000,233.3333
560.0000,173.3333,120.0000,233.3333
553.3333,173.3333,120.0000,233.3333
546.6667,173.3333,120.0000,233.3333
553.3333,173.3333,120.0000,233.3333
546.6667,173.3333,120.0000,233.3333
553.3333,173.3333,120.0000,233.3333
546.6667,196.6667,120.0000,233.3333
553.3333,173.3333,120.0000,233.3333
546.6667,196.6667,120.0000,233.3333
553.3333,196.6667,120.0000,233.3333
546.6667,196.6667,120.0000,233.3333
553.3333,196.6667,120.0000,233.3333
546.6667,196.6667,120.0000,233.3333
553.3333,196.6667,120.0000,233.3333
546.6667,196.6667,120.0000,233.3333
553.3333,196.6667,120.0000,233.3333
546.6667,196.6667,120.0000,233.3333
553.3333,196.6667,120.0000,233.3333
546.6667,196.6667,120.0000,233.3333
553.3333,196.6667,120.0000,233.3333
546.6667,196.6667,120.0000,233.3333
553.3333,196.6667,120.0000,233.3333
546.6667,196.6667,120.0000,233.3333
553.3333,196.6667,120.0000,233.3333
546.6667,196.6667,120.0000,233.3333
553.3333,196.6667,120.0000,233.3333
546.6667,196.6667,120.0000,233.3333
540.0000,196.6667,120.0000,233.3333
546.6667,196.6667,120.0000,233.3333
540.0000,196.6667,120.0000,233.3333
546.6667,220.0000,120.0000,233.3333
540.0000,220.0000,120.0000,233.3333
546.6667,220.0000,120.0000,233.3333
553.3333,220.0000,120.0000,233.3333
546.6667,220.0000,120.0000,233.3333
553.3333,220.0000,120.0000,233.3333
546.6667,220.0000,120.0000,233.3333
553.3333,220.0000,120.0000,233.3333
560.0000,220.0000,120.0000,233.3333
566.6667,220.0000,120.0000,233.3333
560.0000,220.0000,120.0000,233.3333
566.6667,220.0000,120.0000,233.3333
573.3333,220.0000,120.0000,233.3333
580.0000,220.0000,120.0000,233.3333
573.3333,220.0000,120.0000,233.3333
580.0000,220.0000,120.0000,233.3333
586.6667,220.0000,120.0000,233.3333
593.3333,243.3333,120.0000,233.3333
600.0000,243.3333,120.0000,233.3333
606.6667,243.3333,120.0000,233.3333
613.3333,243.3333,120.0000,233.3333
620.0000,243.3333,120.0000,233.3333
626.6667,243.3333,120.0000,233.3333
620.0000,243.3333,120.0000,233.3333
626.6667,243.3333,120.0000,233.3333
633.3333,243.3333,120.0000,233.3333
640.0000,243.3333,120.0000,233.3333
646.6667,243.3333,120.0000,233.3333
640.0000,243.3333,120.0000,233.3333
646.6667,243.3333,120.0000,233.3333
653.3333,243.3333,120.0000,233.3333
660.0000,243.3333,120.0000,233.3333
653.3333,243.3333,120.0000,233.3333
660.0000,243.3333,120.0000,233.3333
666.6667,243.3333,120.0000,233.3333
673.3333,243.3333,120.0000,233.3333
666.6667,243.3333,120.0000,233.3333
673.3333,243.3333,120.0000,233.3333
680.0000,243.3333,120.0000,233.3333
686.6667,266.6667,120.0000,233.3333
680.0000,266.6667,120.0000,233.3333
686.6667,266.6667,120.0000,233.3333
693.3333,266.6667,120.0000,233.3333
700.0000,266.6667,120.0000,233.3333
706.6667,266.6667,120.0000,233.3333
700.0000,266.6667,120.0000,233.3333
706.6667,266.6667,120.0000,233.3333
713.3333,266.6667,120.0000,233.3333
720.0000,266.6667,120.0000,233.3333
713.3333,266.6667,120.0000,233.3333
720.0000,266.6667,120.0000,233.3333
726.6667,266.6667,120.0000,233.3333
733.3333,266.6667,120.0000,233.3333
726.6667,266.6667,120.0000,233.3333
733.3333,266.6667,120.0000,233.3333
740.0000,266.6667,120.0000,233.3333
746.6667,266.6667,120.0000,233.3333
753.3333,266.6667,120.0000,233.3333
760.0000,266.6667,120.0000,233.3333
766.6667,266.6667,120.0000,233.3333
760.0000,290.0000,120.0000,233.3333
766.6667,290.0000,120.0000,233.3333
773.3333,266.6667,120.0000,233.3333
780.0000,266.6667,120.0000,233.3333
773.3333,290.0000,120.0000,233.3333
780.0000,290.0000,120.0000,233.3333
773.3333,290.0000,120.0000,233.3333
780.0000,290.0000,120.0000,233.3333
773.3333,290.0000,120.0000,233.3333
780.0000,290.0000,120.0000,233.3333
773.3333,290.0000,120.0000,233.3333
780.0000,290.0000,120.0000,233.3333
773.3333,290.0000,120.0000,233.3333
780.0000,290.0000,120.0000,233.3333
773.3333,290.0000,120.0000,233.3333
766.6667,313.3333,120.0000,233.3333
773.3333,313.3333,120.0000,233.3333
766.6667,313.3333,120.0000,233.3333
773.3333,313.3333,120.0000,233.3333
766.6667,313.3333,120.0000,233.3333
760.0000,313.3333,120.0000,233.3333
766.6667,313.3333,120.0000,233.3333
760.0000,313.3333,120.0000,233.3333
766.6667,313.3333,120.0000,233.3333
760.0000,313.3333,120.0000,233.3333
766.6667,313.3333,120.0000,233.3333
760.0000,313.3333,120.0000,233.3333
766.6667,313.3333,120.0000,233.3333
760.0000,313.3333,120.0000,233.3333
766.6667,313.3333,120.0000,233.3333
760.0000,313.3333,120.0000,233.3333
766.6667,313.3333,120.0000,233.3333
760.0000,313.3333,120.0000,233.3333
766.6667,313.3333,120.0000,233.3333
760.0000,336.6667,120.0000,233.3333
766.6667,336.6667,120.0000,233.3333
760.0000,336.6667,120.0000,233.3333
766.6667,336.6667,120.0000,233.3333
773.3333,336.6667,120.0000,233.3333
766.6667,336.6667,120.0000,233.3333
773.3333,336.6667,120.0000,233.3333
766.6667,336.6667,120.0000,233.3333
773.3333,336.6667,120.0000,233.3333
766.6667,336.6667,120.0000,233.3333
773.3333,336.6667,120.0000,233.3333
766.6667,336.6667,120.0000,233.3333
773.3333,336.6667,120.0000,233.3333
766.6667,336.6667,120.0000,233.3333
760.0000,336.6667,120.0000,233.3333
766.6667,336.6667,120.0000,233.3333
760.0000,336.6667,120.0000,233.3333
766.6667,336.6667,120.0000,233.3333
760.0000,336.6667,120.0000,233.3333
753.3333,336.6667,120.0000,233.3333
760.0000,313.3333,120.0000,233.3333
753.3333,313.3333,120.0000,233.3333
760.0000,313.3333,120.0000,233.3333
753.3333,313.3333,120.0000,233.3333
746.6667,313.3333,120.0000,233.3333
740.0000,313.3333,120.0000,233.3333
733.3333,313.3333,120.0000,233.3333
740.0000,313.3333,120.0000,233.3333
733.3333,313.3333,120.0000,233.3333
726.6667,313.3333,120.0000,233.3333
720.0000,290.0000,120.0000,233.3333
713.3333,290.0000,120.0000,233.3333
706.6667,290.0000,120.0000,233.3333
700.0000,290.0000,120.0000,233.3333
706.6667,290.0000,120.0000,233.3333
700.0000,266.6667,120.0000,233.3333
693.3333,266.6667,120.0000,233.3333
686.6667,266.6667,120.0000,233.3333
680.0000,266.6667,120.0000,233.3333
686.6667,243.3333,120.0000,233.3333
680.0000,243.3333,120.0000,233.3333
673.3333,243.3333,120.0000,233.3333
666.6667,243.3333,120.0000,233.3333
673.3333,243.3333,120.0000,233.3333
666.6667,220.0000,120.0000,233.3333
660.0000,220.0000,120.0000,233.3333
666.6667,220.0000,120.0000,233.3333
660.0000,220.0000,120.0000,233.3333
653.3333,220.0000,120.0000,233.3333
646.6667,196.6667,120.0000,233.3333
653.3333,196.6667,120.0000,233.3333
646.6667,196.6667,120.0000,233.3333
640.0000,196.6667,120.0000,233.3333
633.3333,173.3333,120.0000,233.3333
626.6667,196.6667,120.0000,233.3333
633.3333,173.3333,120.0000,233.3333
626.6667,196.6667,120.0000,233.3333
620.0000,173.3333,120.0000,233.3333
613.3333,173.3333,120.0000,233.3333
606.6667,173.3333,120.0000,233.3333
600.0000,173.3333,120.0000,233.3333
606.6667,173.3333,120.0000,233.3333
600.0000,173.3333,120.0000,233.3333
593.3333,150.0000,120.0000,233.3333
586.6667,150.0000,120.0000,233.3333
580.0000,150.0000,120.0000,233.3333
573.3333,126.6667,120.0000,233.3333
566.6667,126.6667,120.0000,233.3333
560.0000,126.6667,120.0000,233.3333
553.3333,103.3333,120.0000,233.3333
546.6667,103.3333,120.0000,233.3333
553.3333,103.3333,120.0000,233.3333
546.6667,103.3333,120.0000,233.3333
540.0000,103.3333,120.0000,233.3333
533.3333,103.3333,120.0000,233.3333
526.6667,103.3333,120.0000,233.3333
520.0000,103.3333,120.0000,233.3333
513.3333,80.0000,120.0000,233.3333
506.6667,80.0000,120.0000,233.3333
500.0000,80.0000,120.0000,233.3333
493.3333,80.0000,120.0000,233.3333
500.0000,80.0000,120.0000,233.3333
493.3333,80.0000,120.0000,233.3333
486.6667,80.0000,120.0000,233.3333
480.0000,80.0000,120.0000,233.3333
473.3333,80.0000,120.0000,233.3333
480.0000,80.0000,120.0000,233.3333
473.3333,80.0000,120.0000,233.3333
466.6667,80.0000,120.0000,233.3333
473.3333,80.0000,120.0000,233.3333
466.6667,80.0000,120.0000,233.3333
460.0000,80.0000,120.0000,233.3333
466.6667,56.6667,120.0000,233.3333
460.0000,56.6667,120.0000,233.3333
466.6667,56.6667,120.0000,233.3333
460.0000,56.6667,120.0000,233.3333
466.6667,56.6667,120.0000,233.3333
460.0000,56.6667,120.0000,233.3333
453.3333,56.6667,120.0000,233.3333
460.0000,56.6667,120.0000,233.3333
453.3333,80.0000,120.0000,233.3333
446.6667,80.0000,120.0000,233.3333
453.3333,80.0000,120.0000,233.3333
446.6667,80.0000,120.0000,233.3333
440.0000,80.0000,120.0000,233.3333
446.6667,80.0000,120.0000,233.3333
440.0000,80.0000,120.0000,233.3333
446.6667,80.0000,120.0000,233.3333
440.0000,80.0000,120.0000,233.3333
446.6667,80.0000,120.0000,233.3333
440.0000,80.0000,120.0000,233.3333
446.6667,80.0000,120.0000,233.3333
453.3333,80.0000,120.0000,233.3333
446.6667,80.0000,120.0000,233.3333
453.3333,80.0000,120.0000,233.3333
446.6667,103.3333,120.0000,233.3333
440.0000,103.3333,120.0000,233.3333
446.6667,103.3333,120.0000,233.3333
440.0000,103.3333,120.0000,233.3333
446.6667,103.3333,120.0000,233.3333
440.0000,103.3333,120.0000,233.3333
446.6667,103.3333,120.0000,233.3333
440.0000,103.3333,120.0000,233.3333
446.6667,103.3333,120.0000,233.3333
440.0000,103.3333,120.0000,233.3333
446.6667,103.3333,120.0000,233.3333
440.0000,103.3333,120.0000,233.3333
446.6667,103.3333,120.0000,233.3333
440.0000,103.3333,120.0000,233.3333
446.6667,103.3333,120.0000,233.3333
440.0000,103.3333,120.0000,233.3333
433.3333,126.6667,120.0000,233.3333
440.0000,126.6667,120.0000,233.3333
433.3333,126.6667,120.0000,233.3333
440.0000,126.6667,120.0000,233.3333
433.3333,126.6667,120.0000,233.3333
440.0000,126.6667,120.0000,233.3333
433.3333,126.6667,120.0000,233.3333
440.0000,126.6667,120.0000,233.3333
433.3333,150.0000,120.0000,233.3333
440.0000,150.0000,120.0000,233.3333
433.3333,150.0000,120.0000,233.3333
440.0000,150.0000,120.0000,233.3333
433.3333,126.6667,120.0000,233.3333
440.0000,150.0000,120.0000,233.3333
433.3333,150.0000,120.0000,233.3333
440.0000,150.0000,120.0000,233.3333
446.6667,150.0000,120.0000,233.3333
440.0000,150.0000,120.0000,233.3333
446.6667,150.0000,120.0000,233.3333
453.3333,150.0000,120.0000,233.3333
446.6667,150.0000,120.0000,233.3333
453.3333,173.3333,120.0000,233.3333
446.6667,173.3333,120.0000,233.3333
453.3333,173.3333,120.0000,233.3333
446.6667,173.3333,120.0000,233.3333
453.3333,173.3333,120.0000,233.3333
460.0000,173.3333,120.0000,233.3333
453.3333,173.3333,120.0000,233.3333
460.0000,173.3333,120.0000,233.3333
453.3333,173.3333,120.0000,233.3333
460.0000,173.3333,120.0000,233.3333
453.3333,173.3333,120.0000,233.3333
460.0000,173.3333,120.0000,233.3333
466.6667,173.3333,120.0000,233.3333
460.0000,173.3333,120.0000,233.3333
466.6667,173.3333,120.0000,233.3333
460.0000,173.3333,120.0000,233.3333
466.6667,196.6667,120.0000,233.3333
460.0000,196.6667,120.0000,233.3333
466.6667,196.6667,120.0000,233.3333
460.0000,196.6667,120.0000,233.3333
466.6667,196.6667,120.0000,233.3333
460.0000,196.6667,120.0000,233.3333
466.6667,196.6667,120.0000,233.3333
473.3333,196.6667,120.0000,233.3333
466.6667,196.6667,120.0000,233.3333
473.3333,196.6667,120.0000,233.3333
466.6667,196.6667,120.0000,233.3333
473.3333,220.0000,120.0000,233.3333
480.0000,220.0000,120.0000,233.3333
473.3333,220.0000,120.0000,233.3333
480.0000,220.0000,120.0000,233.3333
473.3333,196.6667,120.0000,233.3333
480.0000,196.6667,120.0000,233.3333
473.3333,196.6667,120.0000,233.3333
480.0000,196.6667,120.0000,233.3333
473.3333,196.6667,120.0000,233.3333
480.0000,196.6667,120.0000,233.3333
473.3333,196.6667,120.0000,233.3333
466.6667,196.6667,120.0000,233.3333
473.3333,196.6667,120.0000,233.3333
466.6667,196.6667,120.0000,233.3333
473.3333,196.6667,120.0000,233.3333
466.6667,196.6667,120.0000,233.3333
473.3333,196.6667,120.0000,233.3333
466.6667,196.6667,120.0000,233.3333
473.3333,196.6667,120.0000,233.3333
466.6667,196.6667,120.0000,233.3333
473.3333,196.6667,120.0000,233.3333
466.6667,196.6667,120.0000,233.3333
473.3333,220.0000,120.0000,233.3333
480.0000,220.0000,120.0000,233.3333
473.3333,220.0000,120.0000,233.3333
480.0000,220.0000,120.0000,233.3333
486.6667,220.0000,120.0000,233.3333
480.0000,220.0000,120.0000,233.3333
486.6667,220.0000,120.0000,233.3333
493.3333,220.0000,120.0000,233.3333
486.6667,220.0000,120.0000,233.3333
493.3333,220.0000,120.0000,233.3333
486.6667,220.0000,120.0000,233.3333
493.3333,220.0000,120.0000,233.3333
500.0000,220.0000,120.0000,233.3333
506.6667,220.0000,120.0000,233.3333
500.0000,220.0000,120.0000,233.3333
506.6667,220.0000,120.0000,233.3333
513.3333,220.0000,120.0000,233.3333
506.6667,220.0000,120.0000,233.3333
513.3333,220.0000,120.0000,233.3333
520.0000,220.0000,120.0000,233.3333
513.3333,220.0000,120.0000,233.3333
520.0000,220.0000,120.0000,233.3333
526.6667,220.0000,120.0000,233.3333
520.0000,220.0000,120.0000,233.3333
526.6667,220.0000,120.0000,233.3333
533.3333,220.0000,120.0000,233.3333
540.0000,220.0000,120.0000,233.3333
546.6667,220.0000,120.0000,233.3333
553.3333,220.0000,120.0000,233.3333
546.6667,220.0000,120.0000,233.3333
553.3333,220.0000,120.0000,233.3333
560.0000,220.0000,120.0000,233.3333
566.6667,220.0000,120.0000,233.3333
573.3333,220.0000,120.0000,233.3333
580.0000,220.0000,120.0000,233.3333
586.6667,243.3333,120.0000,233.3333
580.0000,243.3333,120.0000,233.3333
586.6667,243.3333,120.0000,233.3333
593.3333,243.3333,120.0000,233.3333
600.0000,243.3333,120.0000,233.3333
606.6667,243.3333,120.0000,233.3333
613.3333,243.3333,120.0000,233.3333
620.0000,243.3333,120.0000,233.3333
626.6667,243.3333,120.0000,233.3333
633.3333,243.3333,120.0000,233.3333
640.0000,266.6667,120.0000,233.3333
646.6667,266.6667,120.0000,233.3333
640.0000,266.6667,120.0000,233.3333
646.6667,266.6667,120.0000,233.3333
653.3333,266.6667,120.0000,233.3333
660.0000,266.6667,120.0000,233.3333
666.6667,266.6667,120.0000,233.3333
660.0000,290.0000,120.0000,233.3333
666.6667,290.0000,120.0000,233.3333
660.0000,290.0000,120.0000,233.3333
666.6667,290.0000,120.0000,233.3333
673.3333,290.0000,120.0000,233.3333
680.0000,290.0000,120.0000,233.3333
673.3333,290.0000,120.0000,233.3333
680.0000,290.0000,120.0000,233.3333
686.6667,290.0000,120.0000,233.3333
693.3333,290.0000,120.0000,233.3333
700.0000,290.0000,120.0000,233.3333
706.6667,290.0000,120.0000,233.3333
713.3333,290.0000,120.0000,233.3333
720.0000,290.0000,120.0000,233.3333
713.3333,313.3333,120.0000,233.3333
720.0000,313.3333,120.0000,233.3333
726.6667,313.3333,120.0000,233.3333
733.3333,313.3333,120.0000,233.3333
740.0000,290.0000,120.0000,233.3333
746.6667,290.0000,120.0000,233.3333
753.3333,290.0000,120.0000,233.3333
760.0000,290.0000,120.0000,233.3333
753.3333,313.3333,120.0000,233.3333
760.0000,313.3333,120.0000,233.3333
766.6667,313.3333,120.0000,233.3333
786.6667,313.3333,120.0000,233.3333
793.3333,313.3333,120.0000,233.3333
800.0000,313.3333,120.0000,233.3333
806.6667,313.3333,120.0000,233.3333
813.3333,313.3333,120.0000,233.3333
820.0000,313.3333,120.0000,233.3333
826.6667,313.3333,120.0000,233.3333
820.0000,313.3333,120.0000,233.3333
826.6667,313.3333,120.0000,233.3333
833.3333,313.3333,120.0000,233.3333
826.6667,313.3333,120.0000,233.3333
833.3333,313.3333,120.0000,233.3333
840.0000,313.3333,120.0000,233.3333
833.3333,313.3333,120.0000,233.3333
840.0000,313.3333,120.0000,233.3333
846.6667,313.3333,120.0000,233.3333
840.0000,313.3333,120.0000,233.3333
846.6667,313.3333,120.0000,233.3333
853.3333,313.3333,120.0000,233.3333
860.0000,313.3333,120.0000,233.3333
853.3333,313.3333,120.0000,233.3333
860.0000,313.3333,120.0000,233.3333
853.3333,313.3333,120.0000,233.3333
860.0000,313.3333,120.0000,233.3333
853.3333,313.3333,120.0000,233.3333
860.0000,313.3333,120.0000,233.3333
853.3333,313.3333,120.0000,233.3333
860.0000,313.3333,120.0000,233.3333
880.0000,290.0000,120.0000,233.3333
873.3333,290.0000,120.0000,233.3333
880.0000,290.0000,120.0000,233.3333
886.6667,290.0000,120.0000,233.3333
893.3333,290.0000,120.0000,233.3333
900.0000,290.0000,120.0000,233.3333
906.6667,266.6667,120.0000,233.3333
913.3333,266.6667,120.0000,233.3333
920.0000,266.6667,120.0000,233.3333
926.6667,266.6667,120.0000,233.3333
933.3333,243.3333,120.0000,233.3333
926.6667,243.3333,120.0000,233.3333
933.3333,243.3333,120.0000,233.3333
940.0000,243.3333,120.0000,233.3333
946.6667,243.3333,120.0000,233.3333
953.3333,220.0000,120.0000,233.3333
960.0000,220.0000,120.0000,233.3333
953.3333,220.0000,120.0000,233.3333
960.0000,220.0000,120.0000,233.3333
953.3333,220.0000,120.0000,233.3333
960.0000,220.0000,120.0000,233.3333
966.6667,196.6667,120.0000,233.3333
973.3333,196.6667,120.0000,233.3333
966.6667,196.6667,120.0000,233.3333
973.3333,196.6667,120.0000,233.3333
966.6667,196.6667,120.0000,233.3333
973.3333,173.3333,120.0000,233.3333
966.6667,173.3333,120.0000,233.3333
973.3333,173.3333,120.0000,233.3333
966.6667,173.3333,120.0000,233.3333
960.0000,173.3333,120.0000,233.3333
966.6667,150.0000,120.0000,233.3333
960.0000,150.0000,120.0000,233.3333
966.6667,150.0000,120.0000,233.3333
960.0000,150.0000,120.0000,233.3333
953.3333,150.0000,120.0000,233.3333
960.0000,150.0000,120.0000,233.3333
953.3333,150.0000,120.0000,233.3333
960.0000,126.6667,120.0000,233.3333
953.3333,126.6667,120.0000,233.3333
946.6667,126.6667,120.0000,233.3333
953.3333,126.6667,120.0000,233.3333
946.6667,126.6667,120.0000,233.3333
953.3333,103.3333,120.0000,233.3333
946.6667,103.3333,120.0000,233.3333
940.0000,103.3333,120.0000,233.3333
946.6667,103.3333,120.0000,233.3333
940.0000,103.3333,120.0000,233.3333
933.3333,103.3333,120.0000,233.3333
940.0000,80.0000,120.0000,233.3333
933.3333,80.0000,120.0000,233.3333
926.6667,80.0000,120.0000,233.3333
920.0000,80.0000,120.0000,233.3333
913.3333,80.0000,120.0000,233.3333
920.0000,56.6667,120.0000,233.3333
913.3333,56.6667,120.0000,233.3333
906.6667,56.6667,120.0000,233.3333
900.0000,56.6667,120.0000,233.3333
893.3333,56.6667,120.0000,233.3333
886.6667,56.6667,120.0000,233.3333
880.0000,56.6667,120.0000,233.3333
873.3333,33.3333,120.0000,233.3333
880.0000,33.3333,120.0000,233.3333
873.3333,33.3333,120.0000,233.3333
866.6667,33.3333,120.0000,233.3333
860.0000,33.3333,120.0000,233.3333
853.3333,33.3333,120.0000,233.3333
846.6667,33.3333,120.0000,233.3333
840.0000,33.3333,120.0000,233.3333
833.3333,10.0000,120.0000,233.3333
840.0000,10.0000,120.0000,233.3333
833.3333,10.0000,120.0000,233.3333
826.6667,10.0000,120.0000,233.3333
820.0000,10.0000,120.0000,233.3333
813.3333,10.0000,120.0000,233.3333
806.6667,10.0000,120.0000,233.3333
800.0000,10.0000,120.0000,233.3333
793.3333,10.0000,120.0000,233.3333
786.6667,10.0000,120.0000,233.3333
780.0000,10.0000,120.0000,233.3333
786.6667,10.0000,120.0000,233.3333
780.0000,-13.3333,120.0000,233.3333
773.3333,-13.3333,120.0000,233.3333
766.6667,-13.3333,120.0000,233.3333
760.0000,-13.3333,120.0000,233.3333
753.3333,-13.3333,120.0000,233.3333
746.6667,-13.3333,120.0000,233.3333
740.0000,-13.3333,120.0000,233.3333
720.0000,-13.3333,120.0000,233.3333
713.3333,-13.3333,120.0000,233.3333
706.6667,-13.3333,120.0000,233.3333
700.0000,-13.3333,120.0000,233.3333
693.3333,-13.3333,120.0000,233.3333
686.6667,-13.3333,120.0000,233.3333
680.0000,-13.3333,120.0000,233.3333
673.3333,-36.6667,120.0000,233.3333
666.6667,-36.6667,120.0000,233.3333
646.6667,-36.6667,120.0000,233.3333
640.0000,-36.6667,120.0000,233.3333
633.3333,-36.6667,120.0000,233.3333
626.6667,-36.6667,120.0000,233.3333
620.0000,-36.6667,120.0000,233.3333
613.3333,-36.6667,120.0000,233.3333
606.6667,-36.6667,120.0000,233.3333
600.0000,-36.6667,120.0000,233.3333
580.0000,-36.6667,120.0000,233.3333
573.3333,-36.6667,120.0000,233.3333
566.6667,-36.6667,120.0000,233.3333
560.0000,-36.6667,120.0000,233.3333
553.3333,-36.6667,120.0000,233.3333
546.6667,-36.6667,120.0000,233.3333
540.0000,-36.6667,120.0000,233.3333
533.3333,-36.6667,120.0000,233.3333
526.6667,-36.6667,120.0000,233.3333
520.0000,-36.6667,120.0000,233.3333
513.3333,-36.6667,120.0000,233.3333
520.0000,-36.6667,120.0000,233.3333
513.3333,-36.6667,120.0000,233.3333
506.6667,-36.6667,120.0000,233.3333
500.0000,-36.6667,120.0000,233.3333
506.6667,-36.6667,120.0000,233.3333
500.0000,-36.6667,120.0000,233.3333
493.3333,-36.6667,120.0000,233.3333
500.0000,-36.6667,120.0000,233.3333
493.3333,-36.6667,120.0000,233.3333
500.0000,-36.6667,120.0000,233.3333
493.3333,-36.6667,120.0000,233.3333
500.0000,-36.6667,120.0000,233.3333
493.3333,-36.6667,120.0000,233.3333
500.0000,-36.6667,120.0000,233.3333
506.6667,-36.6667,120.0000,233.3333
513.3333,-36.6667,120.0000,233.3333
506.6667,-36.6667,120.0000,233.3333
513.3333,-36.6667,120.0000,233.3333
520.0000,-36.6667,120.0000,233.3333
513.3333,-36.6667,120.0000,233.3333
520.0000,-36.6667,120.0000,233.3333
526.6667,-36.6667,120.0000,233.3333
533.3333,-36.6667,120.0000,233.3333
526.6667,-36.6667,120.0000,233.3333
533.3333,-36.6667,120.0000,233.3333
540.0000,-36.6667,120.0000,233.3333
533.3333,-36.6667,120.0000,233.3333
540.0000,-36.6667,120.0000,233.3333
546.6667,-36.6667,120.0000,233.3333
540.0000,-36.6667,120.0000,233.3333
546.6667,-36.6667,120.0000,233.3333
553.3333,-36.6667,120.0000,233.3333
546.6667,-36.6667,120.0000,233.3333
553.3333,-36.6667,120.0000,233.3333
560.0000,-36.6667,120.0000,233.3333
553.3333,-36.6667,120.0000,233.3333
560.0000,-13.3333,120.0000,233.3333
566.6667,-36.6667,120.0000,233.3333
560.0000,-13.3333,120.0000,233.3333
566.6667,-13.3333,120.0000,233.3333
573.3333,-36.6667,120.0000,233.3333
580.0000,-36.6667,120.0000,233.3333
586.6667,-36.6667,120.0000,233.3333
580.0000,-36.6667,120.0000,233.3333
586.6667,-36.6667,120.0000,233.3333
593.3333,-36.6667,120.0000,233.3333
586.6667,-36.6667,120.0000,233.3333
593.3333,-13.3333,120.0000,233.3333
600.0000,-13.3333,120.0000,233.3333
593.3333,-13.3333,120.0000,233.3333
600.0000,-13.3333,120.0000,233.3333
606.6667,-13.3333,120.0000,233.3333
600.0000,-13.3333,120.0000,233.3333
606.6667,-13.3333,120.0000,233.3333
613.3333,-13.3333,120.0000,233.3333
620.0000,-13.3333,120.0000,233.3333
613.3333,-13.3333,120.0000,233.3333
620.0000,-13.3333,120.0000,233.3333
626.6667,-13.3333,120.0000,233.3333
620.0000,-13.3333,120.0000,233.3333
626.6667,-13.3333,120.0000,233.3333
633.3333,-13.3333,120.0000,233.3333
626.6667,-13.3333,120.0000,233.3333
633.3333,-13.3333,120.0000,233.3333
640.0000,-13.3333,120.0000,233.3333
646.6667,-13.3333,120.0000,233.3333
640.0000,-13.3333,120.0000,233.3333
646.6667,-13.3333,120.0000,233.3333
653.3333,-13.3333,120.0000,233.3333
660.0000,-13.3333,120.0000,233.3333
666.6667,-13.3333,120.0000,233.3333
660.0000,-13.3333,120.0000,233.3333
666.6667,-13.3333,120.0000,233.3333
673.3333,-13.3333,120.0000,233.3333
666.6667,-13.3333,120.0000,233.3333
673.3333,-13.3333,120.0000,233.3333
693.3333,-13.3333,120.0000,233.3333
686.6667,-13.3333,120.0000,233.3333
680.0000,-13.3333,120.0000,233.3333
686.6667,-13.3333,120.0000,233.3333
693.3333,-13.3333,120.0000,233.3333
713.3333,-13.3333,120.0000,233.3333
693.3333,-13.3333,120.0000,233.3333
713.3333,-13.3333,120.0000,233.3333
720.0000,-13.3333,120.0000,233.3333
713.3333,-13.3333,120.0000,233.3333
720.0000,-13.3333,120.0000,233.3333
713.3333,-13.3333,120.0000,233.3333
720.0000,-13.3333,120.0000,233.3333
726.6667,-13.3333,120.0000,233.3333
733.3333,-13.3333,120.0000,233.3333
740.0000,-13.3333,120.0000,233.3333
746.6667,-13.3333,120.0000,233.3333
740.0000,-13.3333,120.0000,233.3333
746.6667,-13.3333,120.0000,233.3333
753.3333,-13.3333,120.0000,233.3333
760.0000,-13.3333,120.0000,233.3333
766.6667,-13.3333,120.0000,233.3333
760.0000,-13.3333,120.0000,233.3333
766.6667,-13.3333,120.0000,233.3333
773.3333,-13.3333,120.0000,233.3333
766.6667,-13.3333,120.0000,233.3333
773.3333,-13.3333,120.0000,233.3333
766.6667,10.0000,120.0000,233.3333
773.3333,10.0000,120.0000,233.3333
780.0000,10.0000,120.0000,233.3333
786.6667,10.0000,120.0000,233.3333
780.0000,10.0000,120.0000,233.3333
786.6667,10.0000,120.0000,233.3333
793.3333,10.0000,120.0000,233.3333
800.0000,10.0000,120.0000,233.3333
793.3333,10.0000,120.0000,233.3333
800.0000,10.0000,120.0000,233.3333
806.6667,-13.3333,120.0000,233.3333
813.3333,-13.3333,120.0000,233.3333
806.6667,-13.3333,120.0000,233.3333
813.3333,-13.3333,120.0000,233.3333
820.0000,-13.3333,120.0000,233.3333
813.3333,-13.3333,120.0000,233.3333
820.0000,-13.3333,120.0000,233.3333
826.6667,-13.3333,120.0000,233.3333
820.0000,-13.3333,120.0000,233.3333
826.6667,-13.3333,120.0000,233.3333
833.3333,-13.3333,120.0000,233.3333
826.6667,-13.3333,120.0000,233.3333
833.3333,-13.3333,120.0000,233.3333
840.0000,-13.3333,120.0000,233.3333
846.6667,-13.3333,120.0000,233.3333
840.0000,-13.3333,120.0000,233.3333
846.6667,-13.3333,120.0000,233.3333
853.3333,-13.3333,120.0000,233.3333
846.6667,-13.3333,120.0000,233.3333
853.3333,-13.3333,120.0000,233.3333
846.6667,-13.3333,120.0000,233.3333
853.3333,-13.3333,120.0000,233.3333
846.6667,-13.3333,120.0000,233.3333
840.0000,-13.3333,120.0000,233.3333
833.3333,-13.3333,120.0000,233.3333
826.6667,-13.3333,120.0000,233.3333
820.0000,-13.3333,120.0000,233.3333
813.3333,-13.3333,120.0000,233.3333
806.6667,-13.3333,120.0000,233.3333
800.0000,-13.3333,120.0000,233.3333
793.3333,-13.3333,120.0000,233.3333
786.6667,-13.3333,120.0000,233.3333
766.6667,-13.3333,120.0000,233.3333
760.0000,-13.3333,120.0000,233.3333
753.3333,-13.3333,120.0000,233.3333
733.3333,-13.3333,120.0000,233.3333
726.6667,-13.3333,120.0000,233.3333
720.0000,-13.3333,120.0000,233.3333
700.0000,-13.3333,120.0000,233.3333
693.3333,-13.3333,120.0000,233.3333
673.3333,-13.3333,120.0000,233.3333
666.6667,-13.3333,120.0000,233.3333
646.6667,-13.3333,120.0000,233.3333
640.0000,-13.3333,120.0000,233.3333
633.3333,-13.3333,120.0000,233.3333
613.3333,-13.3333,120.0000,233.3333
606.6667,-13.3333,120.0000,233.3333
600.0000,-13.3333,120.0000,233.3333
580.0000,-13.3333,120.0000,233.3333
573.3333,-13.3333,120.0000,233.3333
566.6667,-13.3333,120.0000,233.3333
560.0000,-13.3333,120.0000,233.3333
540.0000,-13.3333,120.0000,233.3333
533.3333,-13.3333,120.0000,233.3333
526.6667,-13.3333,120.0000,233.3333
520.0000,-13.3333,120.0000,233.3333
500.0000,-13.3333,120.0000,233.3333
493.3333,-13.3333,120.0000,233.3333
486.6667,-13.3333,120.0000,233.3333
480.0000,-13.3333,120.0000,233.3333
460.0000,-13.3333,120.0000,233.3333
453.3333,-13.3333,120.0000,233.3333
446.6667,-13.3333,120.0000,233.3333
440.0000,-13.3333,120.0000,233.3333
433.3333,-13.3333,120.0000,233.3333
413.3333,-13.3333,120.0000,233.3333
406.6667,-13.3333,120.0000,233.3333
400.0000,-13.3333,120.0000,233.3333
393.3333,-13.3333,120.0000,233.3333
373.3333,-13.3333,120.0000,233.3333
366.6667,-13.3333,120.0000,233.3333
360.0000,-13.3333,120.0000,233.3333
340.0000,-13.3333,120.0000,233.3333
333.3333,10.0000,120.0000,233.3333
326.6667,10.0000,120.0000,233.3333
320.0000,10.0000,120.0000,233.3333
300.0000,10.0000,120.0000,233.3333
293.3333,10.0000,120.0000,233.3333
273.3333,10.0000,120.0000,233.3333
266.6667,10.0000,120.0000,233.3333
260.0000,10.0000,120.0000,233.3333
253.3333,10.0000,120.0000,233.3333
233.3333,10.0000,120.0000,233.3333
226.6667,10.0000,120.0000,233.3333
206.6667,10.0000,120.0000,233.3333
200.0000,10.0000,120.0000,233.3333
193.3333,33.3333,120.0000,233.3333
186.6667,33.3333,120.0000,233.3333
166.6667,33.3333,120.0000,233.3333
160.0000,33.3333,120.0000,233.3333
153.3333,33.3333,120.0000,233.3333
133.3333,33.3333,120.0000,233.3333
126.6667,33.3333,120.0000,233.3333
106.6667,33.3333,120.0000,233.3333
100.0000,33.3333,120.0000,233.3333
93.3333,56.6667,120.0000,233.3333
73.3333,56.6667,120.0000,233.3333
66.6667,56.6667,120.0000,233.3333
60.0000,80.0000,120.0000,233.3333
40.0000,56.6667,120.0000,233.3333
33.3333,80.0000,120.0000,233.3333
26.6667,80.0000,120.0000,233.3333
6.6667,80.0000,120.0000,233.3333
0.0000,103.3333,120.0000,233.3333
-6.6667,103.3333,120.0000,233.3333
-13.3333,126.6667,120.0000,233.3333
-6.6667,150.0000,120.0000,233.3333
-26.6667,150.0000,120.0000,233.3333
-20.0000,173.3333,120.0000,233.3333
-26.6667,196.6667,120.0000,233.3333
2
0
0
0
0
0
2
0
0
0
0
0
2
0
0
0
0
0
2
0
0
0
0
0
2
0
0
0
0
0
2
0
0
0
0
0
2
0
0
0
0
0
2
0
0
0
0
0
2
0
0
0
0
0
2
0
0
0
0
0
2
0
0
0
0
0
2
0
0
0
0
0
2
0
0
0
0
0
2
0
0
0
0
0
2
0
0
0
0
0
2
0
0
0
0
0
2
0
0
0
0
0
2
0
0
0
0
0
2
0
0
0
0
0
2
0
0
0
0
0
2
0
0
0
0
0
2
0
0
0
0
0
2
0
0
0
0
0
2
0
0
