1
612.2222,168.8889,28.8889,80.0000
608.8889,166.6667,28.8889,80.0000
608.8889,172.2222,28.8889,80.0000
608.8889,170.0000,28.8889,80.0000
608.8889,167.7778,28.8889,80.0000
608.8889,173.3333,28.8889,80.0000
608.8889,171.1111,28.8889,80.0000
605.5555,168.8889,28.8889,80.0000
605.5555,166.6667,28.8889,80.0000
605.5555,172.2222,28.8889,80.0000
605.5555,170.0000,28.8889,80.0000
605.5555,175.5556,28.8889,80.0000
605.5555,173.3333,28.8889,80.0000
602.2222,171.1111,28.8889,80.0000
602.2222,176.6667,28.8889,80.0000
602.2222,174.4444,28.8889,80.0000
602.2222,180.0000,28.8889,80.0000
602.2222,177.7778,28.8889,80.0000
598.8889,175.5556,28.8889,80.0000
598.8889,173.3333,28.8889,80.0000
598.8889,171.1111,28.8889,80.0000
598.8889,176.6667,28.8889,80.0000
598.8889,174.4444,28.8889,80.0000
595.5555,172.2222,28.8889,80.0000
598.8889,177.7778,28.8889,80.0000
595.5555,175.5556,28.8889,80.0000
595.5555,173.3333,28.8889,80.0000
595.5555,171.1111,28.8889,80.0000
595.5555,176.6667,28.8889,80.0000
595.5555,174.4444,28.8889,80.0000
595.5555,172.2222,28.8889,80.0000
592.2222,177.7778,28.8889,80.0000
592.2222,175.5556,28.8889,80.0000
592.2222,173.3333,28.8889,80.0000
592.2222,178.8889,28.8889,80.0000
592.2222,176.6667,28.8889,80.0000
592.2222,174.4444,28.8889,80.0000
592.2222,180.0000,28.8889,80.0000
592.2222,177.7778,28.8889,80.0000
592.2222,175.5556,28.8889,80.0000
592.2222,181.1111,28.8889,80.0000
592.2222,178.8889,28.8889,80.0000
588.8889,176.6667,28.8889,80.0000
588.8889,174.4444,28.8889,80.0000
588.8889,180.0000,28.8889,80.0000
588.8889,177.7778,28.8889,80.0000
588.8889,183.3333,28.8889,80.0000
588.8889,181.1111,28.8889,80.0000
585.5555,178.8889,28.8889,80.0000
585.5555,176.6667,28.8889,80.0000
585.5555,182.2222,28.8889,80.0000
585.5555,180.0000,28.8889,80.0000
585.5555,177.7778,28.8889,80.0000
582.2222,175.5556,28.8889,80.0000
582.2222,173.3333,28.8889,80.0000
582.2222,178.8889,28.8889,80.0000
582.2222,176.6667,28.8889,80.0000
582.2222,174.4444,28.8889,80.0000
582.2222,180.0000,28.8889,80.0000
582.2222,177.7778,28.8889,80.0000
578.8889,175.5556,28.8889,80.0000
578.8889,173.3333,28.8889,80.0000
578.8889,171.1111,28.8889,80.0000
578.8889,176.6667,28.8889,80.0000
578.8889,174.4444,28.8889,80.0000
578.8889,172.2222,28.8889,80.0000
578.8889,177.7778,28.8889,80.0000
578.8889,175.5556,28.8889,80.0000
578.8889,173.3333,28.8889,80.0000
578.8889,171.1111,28.8889,80.0000
578.8889,168.8889,28.8889,80.0000
582.2222,174.4444,28.8889,80.0000
578.8889,172.2222,28.8889,80.0000
582.2222,177.7778,28.8889,80.0000
582.2222,175.5556,28.8889,80.0000
582.2222,173.3333,28.8889,80.0000
578.8889,171.1111,28.8889,80.0000
578.8889,168.8889,28.8889,80.0000
578.8889,166.6667,28.8889,80.0000
578.8889,172.2222,28.8889,80.0000
578.8889,170.0000,28.8889,80.0000
582.2222,175.5556,28.8889,80.0000
582.2222,173.3333,28.8889,80.0000
582.2222,171.1111,28.8889,80.0000
582.2222,176.6667,28.8889,80.0000
582.2222,174.4444,28.8889,80.0000
578.8889,172.2222,28.8889,80.0000
582.2222,170.0000,28.8889,80.0000
582.2222,167.7778,28.8889,80.0000
582.2222,165.5556,28.8889,80.0000
582.2222,171.1111,28.8889,80.0000
582.2222,168.8889,28.8889,80.0000
582.2222,166.6667,28.8889,80.0000
582.2222,172.2222,28.8889,80.0000
582.2222,170.0000,28.8889,80.0000
582.2222,167.7778,28.8889,80.0000
582.2222,165.5556,28.8889,80.0000
582.2222,163.3333,28.8889,80.0000
582.2222,161.1111,28.8889,80.0000
582.2222,166.6667,28.8889,80.0000
582.2222,164.4444,28.8889,80.0000
582.2222,162.2222,28.8889,80.0000
582.2222,160.0000,28.8889,80.0000
582.2222,165.5556,28.8889,80.0000
585.5555,163.3333,28.8889,80.0000
585.5555,161.1111,28.8889,80.0000
585.5555,166.6667,28.8889,80.0000
585.5555,164.4444,28.8889,80.0000
585.5555,162.2222,28.8889,80.0000
585.5555,160.0000,28.8889,80.0000
585.5555,157.7778,28.8889,80.0000
585.5555,155.5556,28.8889,80.0000
585.5555,161.1111,28.8889,80.0000
585.5555,158.8889,28.8889,80.0000
585.5555,156.6667,28.8889,80.0000
588.8889,162.2222,28.8889,80.0000
588.8889,160.0000,28.8889,80.0000
588.8889,157.7778,28.8889,80.0000
588.8889,163.3333,28.8889,80.0000
588.8889,161.1111,28.8889,80.0000
588.8889,158.8889,28.8889,80.0000
588.8889,156.6667,28.8889,80.0000
588.8889,154.4444,28.8889,80.0000
588.8889,160.0000,28.8889,80.0000
588.8889,157.7778,28.8889,80.0000
588.8889,155.5556,28.8889,80.0000
588.8889,153.3333,28.8889,80.0000
588.8889,158.8889,28.8889,80.0000
588.8889,156.6667,28.8889,80.0000
588.8889,154.4444,28.8889,80.0000
588.8889,152.2222,28.8889,80.0000
588.8889,150.0000,28.8889,80.0000
592.2222,155.5556,28.8889,80.0000
592.2222,153.3333,28.8889,80.0000
592.2222,151.1111,28.8889,80.0000
592.2222,148.8889,28.8889,80.0000
592.2222,154.4444,28.8889,80.0000
592.2222,152.2222,28.8889,80.0000
592.2222,150.0000,28.8889,80.0000
595.5555,155.5556,28.8889,80.0000
595.5555,153.3333,28.8889,80.0000
595.5555,151.1111,28.8889,80.0000
595.5555,156.6667,28.8889,80.0000
595.5555,154.4444,28.8889,80.0000
595.5555,152.2222,28.8889,80.0000
595.5555,157.7778,28.8889,80.0000
595.5555,155.5556,28.8889,80.0000
595.5555,153.3333,28.8889,80.0000
595.5555,151.1111,28.8889,80.0000
595.5555,156.6667,28.8889,80.0000
595.5555,154.4444,28.8889,80.0000
595.5555,152.2222,28.8889,80.0000
595.5555,157.7778,28.8889,80.0000
595.5555,155.5556,28.8889,80.0000
595.5555,153.3333,28.8889,80.0000
595.5555,151.1111,28.8889,80.0000
595.5555,156.6667,28.8889,80.0000
595.5555,154.4444,28.8889,80.0000
595.5555,152.2222,28.8889,80.0000
595.5555,150.0000,28.8889,80.0000
595.5555,155.5556,28.8889,80.0000
595.5555,153.3333,28.8889,80.0000
595.5555,158.8889,28.8889,80.0000
595.5555,156.6667,28.8889,80.0000
595.5555,154.4444,28.8889,80.0000
595.5555,152.2222,28.8889,80.0000
595.5555,157.7778,28.8889,80.0000
595.5555,155.5556,28.8889,80.0000
595.5555,153.3333,28.8889,80.0000
595.5555,158.8889,28.8889,80.0000
595.5555,156.6667,28.8889,80.0000
595.5555,162.2222,28.8889,80.0000
595.5555,160.0000,28.8889,80.0000
595.5555,157.7778,28.8889,80.0000
595.5555,163.3333,28.8889,80.0000
595.5555,161.1111,28.8889,80.0000
595.5555,158.8889,28.8889,80.0000
595.5555,164.4444,28.8889,80.0000
595.5555,162.2222,28.8889,80.0000
595.5555,160.0000,28.8889,80.0000
595.5555,165.5556,28.8889,80.0000
595.5555,163.3333,28.8889,80.0000
595.5555,161.1111,28.8889,80.0000
595.5555,166.6667,28.8889,80.0000
595.5555,164.4444,28.8889,80.0000
595.5555,162.2222,28.8889,80.0000
595.5555,167.7778,28.8889,80.0000
595.5555,165.5556,28.8889,80.0000
595.5555,163.3333,28.8889,80.0000
595.5555,168.8889,28.8889,80.0000
595.5555,166.6667,28.8889,80.0000
595.5555,164.4444,28.8889,80.0000
595.5555,170.0000,28.8889,80.0000
595.5555,167.7778,28.8889,80.0000
595.5555,165.5556,28.8889,80.0000
592.2222,163.3333,28.8889,80.0000
592.2222,161.1111,28.8889,80.0000
592.2222,166.6667,28.8889,80.0000
592.2222,164.4444,28.8889,80.0000
592.2222,162.2222,28.8889,80.0000
592.2222,160.0000,28.8889,80.0000
592.2222,165.5556,28.8889,80.0000
592.2222,163.3333,28.8889,80.0000
592.2222,161.1111,28.8889,80.0000
592.2222,166.6667,28.8889,80.0000
592.2222,164.4444,28.8889,80.0000
592.2222,162.2222,28.8889,80.0000
592.2222,160.0000,28.8889,80.0000
592.2222,165.5556,28.8889,80.0000
592.2222,163.3333,28.8889,80.0000
592.2222,161.1111,28.8889,80.0000
592.2222,158.8889,28.8889,80.0000
592.2222,164.4444,28.8889,80.0000
592.2222,162.2222,28.8889,80.0000
592.2222,160.0000,28.8889,80.0000
592.2222,165.5556,28.8889,80.0000
592.2222,163.3333,28.8889,80.0000
592.2222,161.1111,28.8889,80.0000
592.2222,166.6667,28.8889,80.0000
592.2222,164.4444,28.8889,80.0000
592.2222,162.2222,28.8889,80.0000
592.2222,167.7778,28.8889,80.0000
592.2222,165.5556,28.8889,80.0000
588.8889,163.3333,28.8889,80.0000
588.8889,161.1111,28.8889,80.0000
588.8889,158.8889,28.8889,80.0000
588.8889,164.4444,28.8889,80.0000
588.8889,162.2222,28.8889,80.0000
588.8889,160.0000,28.8889,80.0000
588.8889,157.7778,28.8889,80.0000
588.8889,163.3333,28.8889,80.0000
588.8889,161.1111,28.8889,80.0000
585.5555,158.8889,28.8889,80.0000
585.5555,156.6667,28.8889,80.0000
585.5555,154.4444,28.8889,80.0000
585.5555,160.0000,28.8889,80.0000
585.5555,157.7778,28.8889,80.0000
585.5555,155.5556,28.8889,80.0000
585.5555,161.1111,28.8889,80.0000
585.5555,158.8889,28.8889,80.0000
585.5555,156.6667,28.8889,80.0000
585.5555,154.4444,28.8889,80.0000
585.5555,160.0000,28.8889,80.0000
585.5555,157.7778,28.8889,80.0000
585.5555,163.3333,28.8889,80.0000
585.5555,161.1111,28.8889,80.0000
585.5555,158.8889,28.8889,80.0000
585.5555,164.4444,28.8889,80.0000
585.5555,162.2222,28.8889,80.0000
585.5555,160.0000,28.8889,80.0000
585.5555,157.7778,28.8889,80.0000
585.5555,163.3333,28.8889,80.0000
585.5555,161.1111,28.8889,80.0000
585.5555,158.8889,28.8889,80.0000
585.5555,164.4444,28.8889,80.0000
582.2222,162.2222,28.8889,80.0000
582.2222,160.0000,28.8889,80.0000
582.2222,157.7778,28.8889,80.0000
582.2222,163.3333,28.8889,80.0000
582.2222,161.1111,28.8889,80.0000
582.2222,158.8889,28.8889,80.0000
582.2222,156.6667,28.8889,80.0000
582.2222,162.2222,28.8889,80.0000
582.2222,160.0000,28.8889,80.0000
582.2222,157.7778,28.8889,80.0000
582.2222,163.3333,28.8889,80.0000
578.8889,161.1111,28.8889,80.0000
582.2222,158.8889,28.8889,80.0000
578.8889,156.6667,28.8889,80.0000
578.8889,154.4444,28.8889,80.0000
578.8889,160.0000,28.8889,80.0000
578.8889,157.7778,28.8889,80.0000
578.8889,155.5556,28.8889,80.0000
578.8889,161.1111,28.8889,80.0000
582.2222,158.8889,28.8889,80.0000
582.2222,164.4444,28.8889,80.0000
582.2222,162.2222,28.8889,80.0000
582.2222,160.0000,28.8889,80.0000
582.2222,165.5556,28.8889,80.0000
582.2222,163.3333,28.8889,80.0000
582.2222,161.1111,28.8889,80.0000
582.2222,166.6667,28.8889,80.0000
582.2222,164.4444,28.8889,80.0000
582.2222,162.2222,28.8889,80.0000
582.2222,160.0000,28.8889,80.0000
582.2222,157.7778,28.8889,80.0000
582.2222,163.3333,28.8889,80.0000
582.2222,161.1111,28.8889,80.0000
582.2222,158.8889,28.8889,80.0000
585.5555,164.4444,28.8889,80.0000
585.5555,162.2222,28.8889,80.0000
585.5555,167.7778,28.8889,80.0000
585.5555,165.5556,28.8889,80.0000
585.5555,163.3333,28.8889,80.0000
585.5555,161.1111,28.8889,80.0000
585.5555,158.8889,28.8889,80.0000
585.5555,164.4444,28.8889,80.0000
585.5555,162.2222,28.8889,80.0000
585.5555,160.0000,28.8889,80.0000
585.5555,157.7778,28.8889,80.0000
585.5555,163.3333,28.8889,80.0000
585.5555,161.1111,28.8889,80.0000
585.5555,158.8889,28.8889,80.0000
585.5555,156.6667,28.8889,80.0000
588.8889,162.2222,28.8889,80.0000
588.8889,160.0000,28.8889,80.0000
588.8889,157.7778,28.8889,80.0000
588.8889,163.3333,28.8889,80.0000
588.8889,161.1111,28.8889,80.0000
588.8889,158.8889,28.8889,80.0000
588.8889,156.6667,28.8889,80.0000
592.2222,162.2222,28.8889,80.0000
592.2222,160.0000,28.8889,80.0000
592.2222,157.7778,28.8889,80.0000
592.2222,163.3333,28.8889,80.0000
592.2222,161.1111,28.8889,80.0000
592.2222,158.8889,28.8889,80.0000
595.5555,156.6667,28.8889,80.0000
595.5555,162.2222,28.8889,80.0000
595.5555,160.0000,28.8889,80.0000
595.5555,157.7778,28.8889,80.0000
595.5555,163.3333,28.8889,80.0000
595.5555,161.1111,28.8889,80.0000
595.5555,158.8889,28.8889,80.0000
598.8889,164.4444,28.8889,80.0000
598.8889,162.2222,28.8889,80.0000
598.8889,160.0000,28.8889,80.0000
598.8889,165.5556,28.8889,80.0000
598.8889,163.3333,28.8889,80.0000
598.8889,161.1111,28.8889,80.0000
598.8889,158.8889,28.8889,80.0000
598.8889,156.6667,28.8889,80.0000
598.8889,154.4444,28.8889,80.0000
598.8889,160.0000,28.8889,80.0000
598.8889,157.7778,28.8889,80.0000
602.2222,163.3333,28.8889,80.0000
602.2222,161.1111,28.8889,80.0000
602.2222,158.8889,28.8889,80.0000
602.2222,156.6667,28.8889,80.0000
602.2222,154.4444,28.8889,80.0000
602.2222,160.0000,28.8889,80.0000
602.2222,157.7778,28.8889,80.0000
602.2222,155.5556,28.8889,80.0000
602.2222,153.3333,28.8889,80.0000
605.5555,158.8889,28.8889,80.0000
605.5555,156.6667,28.8889,80.0000
605.5555,154.4444,28.8889,80.0000
605.5555,160.0000,28.8889,80.0000
605.5555,157.7778,28.8889,80.0000
605.5555,155.5556,28.8889,80.0000
608.8889,153.3333,28.8889,80.0000
605.5555,158.8889,28.8889,80.0000
608.8889,156.6667,28.8889,80.0000
608.8889,154.4444,28.8889,80.0000
608.8889,152.2222,28.8889,80.0000
608.8889,157.7778,28.8889,80.0000
608.8889,155.5556,28.8889,80.0000
608.8889,153.3333,28.8889,80.0000
608.8889,151.1111,28.8889,80.0000
608.8889,156.6667,28.8889,80.0000
608.8889,154.4444,28.8889,80.0000
608.8889,152.2222,28.8889,80.0000
608.8889,157.7778,28.8889,80.0000
608.8889,155.5556,28.8889,80.0000
608.8889,153.3333,28.8889,80.0000
608.8889,151.1111,28.8889,80.0000
608.8889,156.6667,28.8889,80.0000
608.8889,154.4444,28.8889,80.0000
608.8889,152.2222,28.8889,80.0000
608.8889,150.0000,28.8889,80.0000
608.8889,147.7778,28.8889,80.0000
608.8889,153.3333,28.8889,80.0000
608.8889,151.1111,28.8889,80.0000
608.8889,148.8889,28.8889,80.0000
608.8889,154.4444,28.8889,80.0000
608.8889,152.2222,28.8889,80.0000
608.8889,150.0000,28.8889,80.0000
608.8889,147.7778,28.8889,80.0000
608.8889,153.3333,28.8889,80.0000
608.8889,151.1111,28.8889,80.0000
608.8889,148.8889,28.8889,80.0000
608.8889,154.4444,28.8889,80.0000
608.8889,152.2222,28.8889,80.0000
608.8889,150.0000,28.8889,80.0000
608.8889,147.7778,28.8889,80.0000
608.8889,153.3333,28.8889,80.0000
608.8889,151.1111,28.8889,80.0000
608.8889,148.8889,28.8889,80.0000
608.8889,146.6667,28.8889,80.0000
608.8889,152.2222,28.8889,80.0000
608.8889,150.0000,28.8889,80.0000
608.8889,147.7778,28.8889,80.0000
608.8889,153.3333,28.8889,80.0000
608.8889,151.1111,28.8889,80.0000
608.8889,148.8889,28.8889,80.0000
605.5555,146.6667,28.8889,80.0000
605.5555,152.2222,28.8889,80.0000
605.5555,150.0000,28.8889,80.0000
605.5555,147.7778,28.8889,80.0000
605.5555,145.5556,28.8889,80.0000
605.5555,143.3333,28.8889,80.0000
605.5555,148.8889,28.8889,80.0000
605.5555,146.6667,28.8889,80.0000
605.5555,144.4444,28.8889,80.0000
602.2222,142.2222,28.8889,80.0000
602.2222,147.7778,28.8889,80.0000
602.2222,145.5556,28.8889,80.0000
602.2222,143.3333,28.8889,80.0000
602.2222,148.8889,28.8889,80.0000
602.2222,146.6667,28.8889,80.0000
602.2222,144.4444,28.8889,80.0000
602.2222,150.0000,28.8889,80.0000
602.2222,147.7778,28.8889,80.0000
602.2222,145.5556,28.8889,80.0000
602.2222,151.1111,28.8889,80.0000
602.2222,148.8889,28.8889,80.0000
602.2222,146.6667,28.8889,80.0000
602.2222,144.4444,28.8889,80.0000
602.2222,150.0000,28.8889,80.0000
602.2222,147.7778,28.8889,80.0000
602.2222,145.5556,28.8889,80.0000
602.2222,143.3333,28.8889,80.0000
602.2222,148.8889,28.8889,80.0000
602.2222,146.6667,28.8889,80.0000
602.2222,152.2222,28.8889,80.0000
602.2222,150.0000,28.8889,80.0000
602.2222,147.7778,28.8889,80.0000
602.2222,153.3333,28.8889,80.0000
602.2222,151.1111,28.8889,80.0000
598.8889,148.8889,28.8889,80.0000
598.8889,146.6667,28.8889,80.0000
598.8889,144.4444,28.8889,80.0000
598.8889,150.0000,28.8889,80.0000
598.8889,147.7778,28.8889,80.0000
598.8889,145.5556,28.8889,80.0000
598.8889,143.3333,28.8889,80.0000
598.8889,148.8889,28.8889,80.0000
598.8889,146.6667,28.8889,80.0000
598.8889,144.4444,28.8889,80.0000
598.8889,150.0000,28.8889,80.0000
598.8889,147.7778,28.8889,80.0000
595.5555,145.5556,28.8889,80.0000
595.5555,143.3333,28.8889,80.0000
595.5555,148.8889,28.8889,80.0000
598.8889,146.6667,28.8889,80.0000
598.8889,152.2222,28.8889,80.0000
598.8889,150.0000,28.8889,80.0000
598.8889,147.7778,28.8889,80.0000
598.8889,145.5556,28.8889,80.0000
598.8889,151.1111,28.8889,80.0000
598.8889,148.8889,28.8889,80.0000
598.8889,146.6667,28.8889,80.0000
598.8889,152.2222,28.8889,80.0000
598.8889,150.0000,28.8889,80.0000
598.8889,147.7778,28.8889,80.0000
595.5555,145.5556,28.8889,80.0000
595.5555,151.1111,28.8889,80.0000
595.5555,148.8889,28.8889,80.0000
595.5555,146.6667,28.8889,80.0000
595.5555,152.2222,28.8889,80.0000
595.5555,150.0000,28.8889,80.0000
595.5555,147.7778,28.8889,80.0000
595.5555,153.3333,28.8889,80.0000
595.5555,151.1111,28.8889,80.0000
595.5555,148.8889,28.8889,80.0000
595.5555,154.4444,28.8889,80.0000
595.5555,152.2222,28.8889,80.0000
595.5555,150.0000,28.8889,80.0000
595.5555,155.5556,28.8889,80.0000
595.5555,153.3333,28.8889,80.0000
592.2222,151.1111,28.8889,80.0000
592.2222,156.6667,28.8889,80.0000
592.2222,154.4444,28.8889,80.0000
592.2222,152.2222,28.8889,80.0000
592.2222,157.7778,28.8889,80.0000
592.2222,155.5556,28.8889,80.0000
592.2222,161.1111,28.8889,80.0000
592.2222,158.8889,28.8889,80.0000
592.2222,156.6667,28.8889,80.0000
592.2222,162.2222,28.8889,80.0000
592.2222,160.0000,28.8889,80.0000
592.2222,157.7778,28.8889,80.0000
592.2222,163.3333,28.8889,80.0000
592.2222,161.1111,28.8889,80.0000
592.2222,158.8889,28.8889,80.0000
592.2222,164.4444,28.8889,80.0000
592.2222,162.2222,28.8889,80.0000
592.2222,167.7778,28.8889,80.0000
592.2222,165.5556,28.8889,80.0000
592.2222,163.3333,28.8889,80.0000
592.2222,168.8889,28.8889,80.0000
592.2222,166.6667,28.8889,80.0000
592.2222,164.4444,28.8889,80.0000
592.2222,170.0000,28.8889,80.0000
592.2222,167.7778,28.8889,80.0000
592.2222,173.3333,28.8889,80.0000
592.2222,171.1111,28.8889,80.0000
592.2222,168.8889,28.8889,80.0000
588.8889,174.4444,28.8889,80.0000
588.8889,172.2222,28.8889,80.0000
592.2222,170.0000,28.8889,80.0000
588.8889,175.5556,28.8889,80.0000
588.8889,173.3333,28.8889,80.0000
588.8889,178.8889,28.8889,80.0000
588.8889,176.6667,28.8889,80.0000
588.8889,174.4444,28.8889,80.0000
588.8889,180.0000,28.8889,80.0000
588.8889,177.7778,28.8889,80.0000
588.8889,183.3333,28.8889,80.0000
588.8889,181.1111,28.8889,80.0000
588.8889,186.6667,28.8889,80.0000
588.8889,176.6667,28.8889,80.0000
588.8889,182.2222,28.8889,80.0000
592.2222,187.7778,28.8889,80.0000
592.2222,185.5556,28.8889,80.0000
592.2222,191.1111,28.8889,80.0000
592.2222,188.8889,28.8889,80.0000
592.2222,194.4444,28.8889,80.0000
592.2222,192.2222,28.8889,80.0000
592.2222,190.0000,28.8889,80.0000
592.2222,195.5556,28.8889,80.0000
592.2222,193.3333,28.8889,80.0000
592.2222,198.8889,28.8889,80.0000
592.2222,196.6667,28.8889,80.0000
592.2222,202.2222,28.8889,80.0000
592.2222,200.0000,28.8889,80.0000
592.2222,205.5556,28.8889,80.0000
592.2222,203.3333,28.8889,80.0000
592.2222,208.8889,28.8889,80.0000
595.5555,206.6667,28.8889,80.0000
595.5555,212.2222,28.8889,80.0000
595.5555,210.0000,28.8889,80.0000
595.5555,207.7778,28.8889,80.0000
595.5555,213.3333,28.8889,80.0000
595.5555,218.8889,28.8889,80.0000
595.5555,216.6667,28.8889,80.0000
595.5555,222.2222,28.8889,80.0000
595.5555,220.0000,28.8889,80.0000
595.5555,225.5556,28.8889,80.0000
595.5555,223.3333,28.8889,80.0000
595.5555,228.8889,28.8889,80.0000
595.5555,226.6667,28.8889,80.0000
595.5555,224.4444,28.8889,80.0000
595.5555,230.0000,28.8889,80.0000
595.5555,235.5556,28.8889,80.0000
595.5555,241.1111,28.8889,80.0000
595.5555,246.6667,28.8889,80.0000
595.5555,244.4444,28.8889,80.0000
595.5555,250.0000,28.8889,80.0000
598.8889,255.5556,28.8889,80.0000
598.8889,261.1111,28.8889,80.0000
598.8889,266.6667,28.8889,80.0000
598.8889,264.4445,28.8889,80.0000
598.8889,270.0000,28.8889,80.0000
598.8889,275.5555,28.8889,80.0000
598.8889,273.3333,28.8889,80.0000
598.8889,278.8889,28.8889,80.0000
598.8889,276.6667,28.8889,80.0000
598.8889,282.2222,28.8889,80.0000
598.8889,280.0000,28.8889,80.0000
598.8889,285.5555,28.8889,80.0000
602.2222,291.1111,28.8889,80.0000
602.2222,288.8889,28.8889,80.0000
602.2222,294.4445,28.8889,80.0000
602.2222,292.2222,28.8889,80.0000
602.2222,290.0000,28.8889,80.0000
602.2222,295.5555,28.8889,80.0000
602.2222,293.3333,28.8889,80.0000
602.2222,291.1111,28.8889,80.0000
602.2222,288.8889,28.8889,80.0000
602.2222,294.4445,28.8889,80.0000
602.2222,292.2222,28.8889,80.0000
602.2222,290.0000,28.8889,80.0000
602.2222,287.7778,28.8889,80.0000
605.5555,293.3333,28.8889,80.0000
605.5555,291.1111,28.8889,80.0000
605.5555,288.8889,28.8889,80.0000
605.5555,286.6667,28.8889,80.0000
605.5555,284.4445,28.8889,80.0000
605.5555,290.0000,28.8889,80.0000
605.5555,287.7778,28.8889,80.0000
605.5555,285.5555,28.8889,80.0000
608.8889,291.1111,28.8889,80.0000
605.5555,281.1111,28.8889,80.0000
608.8889,286.6667,28.8889,80.0000
608.8889,284.4445,28.8889,80.0000
608.8889,282.2222,28.8889,80.0000
608.8889,280.0000,28.8889,80.0000
608.8889,277.7778,28.8889,80.0000
608.8889,275.5555,28.8889,80.0000
608.8889,273.3333,28.8889,80.0000
608.8889,271.1111,28.8889,80.0000
608.8889,276.6667,28.8889,80.0000
608.8889,274.4445,28.8889,80.0000
608.8889,272.2222,28.8889,80.0000
612.2222,277.7778,28.8889,80.0000
608.8889,275.5555,28.8889,80.0000
608.8889,273.3333,28.8889,80.0000
608.8889,271.1111,28.8889,80.0000
608.8889,268.8889,28.8889,80.0000
608.8889,266.6667,28.8889,80.0000
612.2222,272.2222,28.8889,80.0000
612.2222,270.0000,28.8889,80.0000
612.2222,275.5555,28.8889,80.0000
612.2222,273.3333,28.8889,80.0000
608.8889,271.1111,28.8889,80.0000
608.8889,276.6667,28.8889,80.0000
608.8889,274.4445,28.8889,80.0000
612.2222,280.0000,28.8889,80.0000
608.8889,270.0000,28.8889,80.0000
608.8889,267.7778,28.8889,80.0000
608.8889,273.3333,28.8889,80.0000
608.8889,271.1111,28.8889,80.0000
608.8889,268.8889,28.8889,80.0000
612.2222,274.4445,28.8889,80.0000
612.2222,272.2222,28.8889,80.0000
612.2222,277.7778,28.8889,80.0000
612.2222,275.5555,28.8889,80.0000
612.2222,273.3333,28.8889,80.0000
612.2222,278.8889,28.8889,80.0000
612.2222,276.6667,28.8889,80.0000
612.2222,274.4445,28.8889,80.0000
612.2222,280.0000,28.8889,80.0000
612.2222,277.7778,28.8889,80.0000
608.8889,275.5555,28.8889,80.0000
608.8889,273.3333,28.8889,80.0000
612.2222,278.8889,28.8889,80.0000
612.2222,276.6667,28.8889,80.0000
612.2222,274.4445,28.8889,80.0000
612.2222,280.0000,28.8889,80.0000
612.2222,277.7778,28.8889,80.0000
612.2222,275.5555,28.8889,80.0000
612.2222,281.1111,28.8889,80.0000
612.2222,278.8889,28.8889,80.0000
608.8889,276.6667,28.8889,80.0000
608.8889,282.2222,28.8889,80.0000
608.8889,280.0000,28.8889,80.0000
608.8889,277.7778,28.8889,80.0000
608.8889,275.5555,28.8889,80.0000
608.8889,281.1111,28.8889,80.0000
608.8889,278.8889,28.8889,80.0000
608.8889,276.6667,28.8889,80.0000
608.8889,274.4445,28.8889,80.0000
608.8889,280.0000,28.8889,80.0000
608.8889,277.7778,28.8889,80.0000
605.5555,275.5555,28.8889,80.0000
605.5555,281.1111,28.8889,80.0000
605.5555,278.8889,28.8889,80.0000
605.5555,276.6667,28.8889,80.0000
605.5555,274.4445,28.8889,80.0000
605.5555,280.0000,28.8889,80.0000
605.5555,277.7778,28.8889,80.0000
605.5555,275.5555,28.8889,80.0000
605.5555,281.1111,28.8889,80.0000
605.5555,278.8889,28.8889,80.0000
605.5555,276.6667,28.8889,80.0000
605.5555,282.2222,28.8889,80.0000
605.5555,280.0000,28.8889,80.0000
605.5555,277.7778,28.8889,80.0000
602.2222,275.5555,28.8889,80.0000
602.2222,281.1111,28.8889,80.0000
602.2222,278.8889,28.8889,80.0000
602.2222,276.6667,28.8889,80.0000
602.2222,282.2222,28.8889,80.0000
602.2222,280.0000,28.8889,80.0000
602.2222,277.7778,28.8889,80.0000
602.2222,283.3333,28.8889,80.0000
598.8889,281.1111,28.8889,80.0000
598.8889,278.8889,28.8889,80.0000
598.8889,276.6667,28.8889,80.0000
598.8889,282.2222,28.8889,80.0000
598.8889,280.0000,28.8889,80.0000
598.8889,277.7778,28.8889,80.0000
595.5555,275.5555,28.8889,80.0000
595.5555,281.1111,28.8889,80.0000
595.5555,278.8889,28.8889,80.0000
595.5555,276.6667,28.8889,80.0000
595.5555,274.4445,28.8889,80.0000
595.5555,272.2222,28.8889,80.0000
595.5555,277.7778,28.8889,80.0000
592.2222,275.5555,28.8889,80.0000
592.2222,273.3333,28.8889,80.0000
592.2222,278.8889,28.8889,80.0000
592.2222,276.6667,28.8889,80.0000
592.2222,274.4445,28.8889,80.0000
592.2222,272.2222,28.8889,80.0000
592.2222,277.7778,28.8889,80.0000
592.2222,275.5555,28.8889,80.0000
592.2222,273.3333,28.8889,80.0000
592.2222,278.8889,28.8889,80.0000
592.2222,276.6667,28.8889,80.0000
588.8889,274.4445,28.8889,80.0000
588.8889,272.2222,28.8889,80.0000
588.8889,270.0000,28.8889,80.0000
588.8889,275.5555,28.8889,80.0000
588.8889,273.3333,28.8889,80.0000
588.8889,278.8889,28.8889,80.0000
585.5555,276.6667,28.8889,80.0000
585.5555,274.4445,28.8889,80.0000
585.5555,280.0000,28.8889,80.0000
585.5555,277.7778,28.8889,80.0000
585.5555,275.5555,28.8889,80.0000
585.5555,273.3333,28.8889,80.0000
585.5555,271.1111,28.8889,80.0000
582.2222,268.8889,28.8889,80.0000
582.2222,274.4445,28.8889,80.0000
582.2222,272.2222,28.8889,80.0000
582.2222,270.0000,28.8889,80.0000
582.2222,267.7778,28.8889,80.0000
582.2222,273.3333,28.8889,80.0000
582.2222,271.1111,28.8889,80.0000
582.2222,268.8889,28.8889,80.0000
582.2222,274.4445,28.8889,80.0000
582.2222,272.2222,28.8889,80.0000
582.2222,270.0000,28.8889,80.0000
582.2222,275.5555,28.8889,80.0000
582.2222,273.3333,28.8889,80.0000
582.2222,271.1111,28.8889,80.0000
582.2222,276.6667,28.8889,80.0000
582.2222,274.4445,28.8889,80.0000
582.2222,272.2222,28.8889,80.0000
582.2222,270.0000,28.8889,80.0000
582.2222,275.5555,28.8889,80.0000
582.2222,273.3333,28.8889,80.0000
582.2222,271.1111,28.8889,80.0000
582.2222,276.6667,28.8889,80.0000
582.2222,274.4445,28.8889,80.0000
582.2222,272.2222,28.8889,80.0000
582.2222,277.7778,28.8889,80.0000
582.2222,275.5555,28.8889,80.0000
582.2222,273.3333,28.8889,80.0000
582.2222,271.1111,28.8889,80.0000
582.2222,276.6667,28.8889,80.0000
578.8889,274.4445,28.8889,80.0000
578.8889,272.2222,28.8889,80.0000
578.8889,277.7778,28.8889,80.0000
578.8889,275.5555,28.8889,80.0000
578.8889,273.3333,28.8889,80.0000
578.8889,271.1111,28.8889,80.0000
578.8889,276.6667,28.8889,80.0000
578.8889,274.4445,28.8889,80.0000
578.8889,272.2222,28.8889,80.0000
578.8889,270.0000,28.8889,80.0000
578.8889,275.5555,28.8889,80.0000
578.8889,273.3333,28.8889,80.0000
578.8889,271.1111,28.8889,80.0000
578.8889,276.6667,28.8889,80.0000
578.8889,274.4445,28.8889,80.0000
578.8889,272.2222,28.8889,80.0000
578.8889,277.7778,28.8889,80.0000
578.8889,275.5555,28.8889,80.0000
578.8889,273.3333,28.8889,80.0000
578.8889,271.1111,28.8889,80.0000
582.2222,276.6667,28.8889,80.0000
582.2222,274.4445,28.8889,80.0000
582.2222,272.2222,28.8889,80.0000
582.2222,277.7778,28.8889,80.0000
582.2222,275.5555,28.8889,80.0000
582.2222,273.3333,28.8889,80.0000
582.2222,278.8889,28.8889,80.0000
582.2222,276.6667,28.8889,80.0000
582.2222,274.4445,28.8889,80.0000
582.2222,280.0000,28.8889,80.0000
582.2222,277.7778,28.8889,80.0000
582.2222,275.5555,28.8889,80.0000
582.2222,281.1111,28.8889,80.0000
582.2222,278.8889,28.8889,80.0000
582.2222,276.6667,28.8889,80.0000
582.2222,282.2222,28.8889,80.0000
582.2222,280.0000,28.8889,80.0000
582.2222,277.7778,28.8889,80.0000
582.2222,275.5555,28.8889,80.0000
582.2222,273.3333,28.8889,80.0000
582.2222,278.8889,28.8889,80.0000
582.2222,276.6667,28.8889,80.0000
582.2222,274.4445,28.8889,80.0000
582.2222,280.0000,28.8889,80.0000
582.2222,277.7778,28.8889,80.0000
582.2222,275.5555,28.8889,80.0000
582.2222,281.1111,28.8889,80.0000
582.2222,278.8889,28.8889,80.0000
585.5555,276.6667,28.8889,80.0000
585.5555,282.2222,28.8889,80.0000
585.5555,280.0000,28.8889,80.0000
585.5555,277.7778,28.8889,80.0000
585.5555,275.5555,28.8889,80.0000
585.5555,281.1111,28.8889,80.0000
588.8889,278.8889,28.8889,80.0000
588.8889,276.6667,28.8889,80.0000
588.8889,274.4445,28.8889,80.0000
588.8889,280.0000,28.8889,80.0000
588.8889,277.7778,28.8889,80.0000
588.8889,275.5555,28.8889,80.0000
588.8889,273.3333,28.8889,80.0000
588.8889,278.8889,28.8889,80.0000
588.8889,276.6667,28.8889,80.0000
588.8889,274.4445,28.8889,80.0000
588.8889,280.0000,28.8889,80.0000
588.8889,277.7778,28.8889,80.0000
588.8889,275.5555,28.8889,80.0000
588.8889,273.3333,28.8889,80.0000
588.8889,278.8889,28.8889,80.0000
588.8889,276.6667,28.8889,80.0000
592.2222,274.4445,28.8889,80.0000
588.8889,272.2222,28.8889,80.0000
592.2222,277.7778,28.8889,80.0000
592.2222,275.5555,28.8889,80.0000
588.8889,273.3333,28.8889,80.0000
588.8889,271.1111,28.8889,80.0000
592.2222,276.6667,28.8889,80.0000
592.2222,274.4445,28.8889,80.0000
588.8889,272.2222,28.8889,80.0000
588.8889,270.0000,28.8889,80.0000
592.2222,267.7778,28.8889,80.0000
592.2222,273.3333,28.8889,80.0000
592.2222,271.1111,28.8889,80.0000
592.2222,268.8889,28.8889,80.0000
592.2222,274.4445,28.8889,80.0000
592.2222,272.2222,28.8889,80.0000
592.2222,270.0000,28.8889,80.0000
595.5555,275.5555,28.8889,80.0000
595.5555,273.3333,28.8889,80.0000
592.2222,271.1111,28.8889,80.0000
595.5555,268.8889,28.8889,80.0000
595.5555,266.6667,28.8889,80.0000
595.5555,264.4445,28.8889,80.0000
595.5555,270.0000,28.8889,80.0000
595.5555,267.7778,28.8889,80.0000
595.5555,265.5555,28.8889,80.0000
595.5555,271.1111,28.8889,80.0000
595.5555,268.8889,28.8889,80.0000
595.5555,266.6667,28.8889,80.0000
595.5555,272.2222,28.8889,80.0000
595.5555,270.0000,28.8889,80.0000
595.5555,267.7778,28.8889,80.0000
595.5555,265.5555,28.8889,80.0000
595.5555,263.3333,28.8889,80.0000
595.5555,261.1111,28.8889,80.0000
595.5555,266.6667,28.8889,80.0000
595.5555,264.4445,28.8889,80.0000
595.5555,270.0000,28.8889,80.0000
595.5555,267.7778,28.8889,80.0000
595.5555,265.5555,28.8889,80.0000
595.5555,263.3333,28.8889,80.0000
595.5555,261.1111,28.8889,80.0000
595.5555,266.6667,28.8889,80.0000
598.8889,264.4445,28.8889,80.0000
598.8889,262.2222,28.8889,80.0000
598.8889,267.7778,28.8889,80.0000
598.8889,265.5555,28.8889,80.0000
598.8889,263.3333,28.8889,80.0000
598.8889,261.1111,28.8889,80.0000
598.8889,266.6667,28.8889,80.0000
598.8889,264.4445,28.8889,80.0000
598.8889,262.2222,28.8889,80.0000
598.8889,267.7778,28.8889,80.0000
598.8889,265.5555,28.8889,80.0000
598.8889,263.3333,28.8889,80.0000
598.8889,261.1111,28.8889,80.0000
602.2222,258.8889,28.8889,80.0000
602.2222,264.4445,28.8889,80.0000
602.2222,262.2222,28.8889,80.0000
602.2222,260.0000,28.8889,80.0000
602.2222,265.5555,28.8889,80.0000
602.2222,263.3333,28.8889,80.0000
602.2222,261.1111,28.8889,80.0000
602.2222,258.8889,28.8889,80.0000
602.2222,264.4445,28.8889,80.0000
602.2222,262.2222,28.8889,80.0000
602.2222,260.0000,28.8889,80.0000
602.2222,257.7778,28.8889,80.0000
602.2222,255.5556,28.8889,80.0000
602.2222,261.1111,28.8889,80.0000
602.2222,258.8889,28.8889,80.0000
602.2222,256.6667,28.8889,80.0000
602.2222,254.4444,28.8889,80.0000
602.2222,260.0000,28.8889,80.0000
602.2222,257.7778,28.8889,80.0000
602.2222,255.5556,28.8889,80.0000
602.2222,253.3333,28.8889,80.0000
602.2222,251.1111,28.8889,80.0000
602.2222,256.6667,28.8889,80.0000
605.5555,254.4444,28.8889,80.0000
605.5555,252.2222,28.8889,80.0000
605.5555,250.0000,28.8889,80.0000
605.5555,255.5556,28.8889,80.0000
605.5555,253.3333,28.8889,80.0000
605.5555,251.1111,28.8889,80.0000
605.5555,248.8889,28.8889,80.0000
605.5555,254.4444,28.8889,80.0000
605.5555,252.2222,28.8889,80.0000
605.5555,250.0000,28.8889,80.0000
605.5555,247.7778,28.8889,80.0000
605.5555,253.3333,28.8889,80.0000
605.5555,251.1111,28.8889,80.0000
605.5555,248.8889,28.8889,80.0000
605.5555,246.6667,28.8889,80.0000
605.5555,252.2222,28.8889,80.0000
605.5555,250.0000,28.8889,80.0000
605.5555,247.7778,28.8889,80.0000
605.5555,245.5556,28.8889,80.0000
605.5555,251.1111,28.8889,80.0000
605.5555,248.8889,28.8889,80.0000
605.5555,246.6667,28.8889,80.0000
605.5555,244.4444,28.8889,80.0000
605.5555,242.2222,28.8889,80.0000
605.5555,247.7778,28.8889,80.0000
608.8889,245.5556,28.8889,80.0000
608.8889,243.3333,28.8889,80.0000
608.8889,241.1111,28.8889,80.0000
608.8889,238.8889,28.8889,80.0000
608.8889,244.4444,28.8889,80.0000
608.8889,242.2222,28.8889,80.0000
608.8889,240.0000,28.8889,80.0000
608.8889,237.7778,28.8889,80.0000
608.8889,243.3333,28.8889,80.0000
608.8889,241.1111,28.8889,80.0000
608.8889,238.8889,28.8889,80.0000
608.8889,244.4444,28.8889,80.0000
608.8889,242.2222,28.8889,80.0000
608.8889,240.0000,28.8889,80.0000
608.8889,237.7778,28.8889,80.0000
612.2222,235.5556,28.8889,80.0000
608.8889,241.1111,28.8889,80.0000
612.2222,238.8889,28.8889,80.0000
612.2222,236.6667,28.8889,80.0000
612.2222,234.4444,28.8889,80.0000
612.2222,240.0000,28.8889,80.0000
612.2222,237.7778,28.8889,80.0000
612.2222,235.5556,28.8889,80.0000
612.2222,233.3333,28.8889,80.0000
612.2222,238.8889,28.8889,80.0000
612.2222,236.6667,28.8889,80.0000
612.2222,234.4444,28.8889,80.0000
612.2222,232.2222,28.8889,80.0000
612.2222,230.0000,28.8889,80.0000
612.2222,235.5556,28.8889,80.0000
612.2222,233.3333,28.8889,80.0000
612.2222,231.1111,28.8889,80.0000
612.2222,236.6667,28.8889,80.0000
612.2222,234.4444,28.8889,80.0000
612.2222,232.2222,28.8889,80.0000
608.8889,230.0000,28.8889,80.0000
608.8889,227.7778,28.8889,80.0000
608.8889,225.5556,28.8889,80.0000
608.8889,231.1111,28.8889,80.0000
608.8889,228.8889,28.8889,80.0000
612.2222,226.6667,28.8889,80.0000
608.8889,232.2222,28.8889,80.0000
612.2222,230.0000,28.8889,80.0000
612.2222,227.7778,28.8889,80.0000
612.2222,233.3333,28.8889,80.0000
612.2222,231.1111,28.8889,80.0000
612.2222,228.8889,28.8889,80.0000
612.2222,226.6667,28.8889,80.0000
612.2222,224.4444,28.8889,80.0000
612.2222,230.0000,28.8889,80.0000
612.2222,227.7778,28.8889,80.0000
612.2222,225.5556,28.8889,80.0000
612.2222,223.3333,28.8889,80.0000
612.2222,221.1111,28.8889,80.0000
608.8889,226.6667,28.8889,80.0000
608.8889,224.4444,28.8889,80.0000
608.8889,222.2222,28.8889,80.0000
608.8889,220.0000,28.8889,80.0000
608.8889,225.5556,28.8889,80.0000
608.8889,223.3333,28.8889,80.0000
608.8889,221.1111,28.8889,80.0000
612.2222,218.8889,28.8889,80.0000
612.2222,216.6667,28.8889,80.0000
612.2222,222.2222,28.8889,80.0000
612.2222,220.0000,28.8889,80.0000
612.2222,217.7778,28.8889,80.0000
612.2222,215.5556,28.8889,80.0000
612.2222,221.1111,28.8889,80.0000
612.2222,218.8889,28.8889,80.0000
612.2222,216.6667,28.8889,80.0000
612.2222,214.4444,28.8889,80.0000
612.2222,212.2222,28.8889,80.0000
612.2222,217.7778,28.8889,80.0000
612.2222,215.5556,28.8889,80.0000
612.2222,213.3333,28.8889,80.0000
612.2222,211.1111,28.8889,80.0000
612.2222,216.6667,28.8889,80.0000
612.2222,214.4444,28.8889,80.0000
612.2222,212.2222,28.8889,80.0000
612.2222,210.0000,28.8889,80.0000
612.2222,215.5556,28.8889,80.0000
612.2222,213.3333,28.8889,80.0000
612.2222,211.1111,28.8889,80.0000
612.2222,208.8889,28.8889,80.0000
608.8889,206.6667,28.8889,80.0000
608.8889,212.2222,28.8889,80.0000
608.8889,210.0000,28.8889,80.0000
608.8889,207.7778,28.8889,80.0000
608.8889,205.5556,28.8889,80.0000
608.8889,211.1111,28.8889,80.0000
608.8889,208.8889,28.8889,80.0000
608.8889,206.6667,28.8889,80.0000
608.8889,204.4444,28.8889,80.0000
608.8889,202.2222,28.8889,80.0000
608.8889,207.7778,28.8889,80.0000
608.8889,205.5556,28.8889,80.0000
608.8889,203.3333,28.8889,80.0000
608.8889,201.1111,28.8889,80.0000
608.8889,206.6667,28.8889,80.0000
608.8889,204.4444,28.8889,80.0000
608.8889,202.2222,28.8889,80.0000
608.8889,200.0000,28.8889,80.0000
608.8889,197.7778,28.8889,80.0000
608.8889,203.3333,28.8889,80.0000
608.8889,201.1111,28.8889,80.0000
608.8889,198.8889,28.8889,80.0000
608.8889,196.6667,28.8889,80.0000
608.8889,202.2222,28.8889,80.0000
608.8889,200.0000,28.8889,80.0000
608.8889,197.7778,28.8889,80.0000
608.8889,195.5556,28.8889,80.0000
608.8889,201.1111,28.8889,80.0000
608.8889,198.8889,28.8889,80.0000
608.8889,196.6667,28.8889,80.0000
608.8889,194.4444,28.8889,80.0000
608.8889,192.2222,28.8889,80.0000
608.8889,197.7778,28.8889,80.0000
605.5555,195.5556,28.8889,80.0000
605.5555,193.3333,28.8889,80.0000
605.5555,198.8889,28.8889,80.0000
605.5555,196.6667,28.8889,80.0000
605.5555,194.4444,28.8889,80.0000
605.5555,200.0000,28.8889,80.0000
605.5555,197.7778,28.8889,80.0000
605.5555,195.5556,28.8889,80.0000
605.5555,193.3333,28.8889,80.0000
605.5555,198.8889,28.8889,80.0000
605.5555,196.6667,28.8889,80.0000
605.5555,194.4444,28.8889,80.0000
605.5555,192.2222,28.8889,80.0000
605.5555,197.7778,28.8889,80.0000
602.2222,195.5556,28.8889,80.0000
602.2222,193.3333,28.8889,80.0000
602.2222,191.1111,28.8889,80.0000
602.2222,196.6667,28.8889,80.0000
602.2222,194.4444,28.8889,80.0000
602.2222,192.2222,28.8889,80.0000
602.2222,190.0000,28.8889,80.0000
602.2222,195.5556,28.8889,80.0000
602.2222,193.3333,28.8889,80.0000
602.2222,191.1111,28.8889,80.0000
602.2222,196.6667,28.8889,80.0000
602.2222,194.4444,28.8889,80.0000
602.2222,192.2222,28.8889,80.0000
602.2222,190.0000,28.8889,80.0000
602.2222,195.5556,28.8889,80.0000
598.8889,193.3333,28.8889,80.0000
598.8889,191.1111,28.8889,80.0000
598.8889,188.8889,28.8889,80.0000
598.8889,194.4444,28.8889,80.0000
598.8889,192.2222,28.8889,80.0000
598.8889,190.0000,28.8889,80.0000
598.8889,195.5556,28.8889,80.0000
598.8889,193.3333,28.8889,80.0000
595.5555,191.1111,28.8889,80.0000
595.5555,196.6667,28.8889,80.0000
595.5555,194.4444,28.8889,80.0000
595.5555,192.2222,28.8889,80.0000
595.5555,190.0000,28.8889,80.0000
595.5555,195.5556,28.8889,80.0000
595.5555,193.3333,28.8889,80.0000
592.2222,191.1111,28.8889,80.0000
592.2222,188.8889,28.8889,80.0000
592.2222,194.4444,28.8889,80.0000
592.2222,192.2222,28.8889,80.0000
588.8889,190.0000,28.8889,80.0000
588.8889,187.7778,28.8889,80.0000
588.8889,193.3333,28.8889,80.0000
588.8889,183.3333,28.8889,80.0000
588.8889,188.8889,28.8889,80.0000
588.8889,186.6667,28.8889,80.0000
585.5555,184.4444,28.8889,80.0000
585.5555,182.2222,28.8889,80.0000
585.5555,187.7778,28.8889,80.0000
585.5555,185.5556,28.8889,80.0000
585.5555,183.3333,28.8889,80.0000
585.5555,188.8889,28.8889,80.0000
582.2222,186.6667,28.8889,80.0000
582.2222,184.4444,28.8889,80.0000
582.2222,190.0000,28.8889,80.0000
582.2222,187.7778,28.8889,80.0000
582.2222,193.3333,28.8889,80.0000
578.8889,183.3333,28.8889,80.0000
578.8889,181.1111,28.8889,80.0000
578.8889,178.8889,28.8889,80.0000
578.8889,184.4444,28.8889,80.0000
575.5555,182.2222,28.8889,80.0000
575.5555,187.7778,28.8889,80.0000
575.5555,193.3333,28.8889,80.0000
575.5555,191.1111,28.8889,80.0000
575.5555,188.8889,28.8889,80.0000
572.2222,178.8889,28.8889,80.0000
572.2222,184.4444,28.8889,80.0000
572.2222,182.2222,28.8889,80.0000
572.2222,187.7778,28.8889,80.0000
568.8889,177.7778,28.8889,80.0000
568.8889,183.3333,28.8889,80.0000
568.8889,181.1111,28.8889,80.0000
568.8889,178.8889,28.8889,80.0000
568.8889,192.2222,28.8889,80.0000
565.5555,182.2222,28.8889,80.0000
565.5555,180.0000,28.8889,80.0000
565.5555,185.5556,28.8889,80.0000
565.5555,183.3333,28.8889,80.0000
565.5555,181.1111,28.8889,80.0000
562.2222,178.8889,28.8889,80.0000
565.5555,184.4444,28.8889,80.0000
562.2222,182.2222,28.8889,80.0000
562.2222,180.0000,28.8889,80.0000
562.2222,185.5556,28.8889,80.0000
562.2222,183.3333,28.8889,80.0000
562.2222,188.8889,28.8889,80.0000
562.2222,186.6667,28.8889,80.0000
562.2222,184.4444,28.8889,80.0000
558.8889,182.2222,28.8889,80.0000
558.8889,180.0000,28.8889,80.0000
558.8889,185.5556,28.8889,80.0000
558.8889,183.3333,28.8889,80.0000
558.8889,188.8889,28.8889,80.0000
558.8889,186.6667,28.8889,80.0000
558.8889,192.2222,28.8889,80.0000
558.8889,190.0000,28.8889,80.0000
558.8889,187.7778,28.8889,80.0000
558.8889,193.3333,28.8889,80.0000
558.8889,191.1111,28.8889,80.0000
558.8889,188.8889,28.8889,80.0000
555.5555,186.6667,28.8889,80.0000
555.5555,192.2222,28.8889,80.0000
555.5555,190.0000,28.8889,80.0000
555.5555,187.7778,28.8889,80.0000
555.5555,185.5556,28.8889,80.0000
555.5555,191.1111,28.8889,80.0000
555.5555,188.8889,28.8889,80.0000
555.5555,186.6667,28.8889,80.0000
555.5555,184.4444,28.8889,80.0000
555.5555,182.2222,28.8889,80.0000
555.5555,187.7778,28.8889,80.0000
555.5555,185.5556,28.8889,80.0000
555.5555,191.1111,28.8889,80.0000
555.5555,188.8889,28.8889,80.0000
555.5555,186.6667,28.8889,80.0000
555.5555,192.2222,28.8889,80.0000
555.5555,190.0000,28.8889,80.0000
555.5555,187.7778,28.8889,80.0000
555.5555,185.5556,28.8889,80.0000
555.5555,191.1111,28.8889,80.0000
555.5555,188.8889,28.8889,80.0000
555.5555,186.6667,28.8889,80.0000
555.5555,192.2222,28.8889,80.0000
555.5555,190.0000,28.8889,80.0000
555.5555,195.5556,28.8889,80.0000
555.5555,193.3333,28.8889,80.0000
555.5555,191.1111,28.8889,80.0000
555.5555,196.6667,28.8889,80.0000
555.5555,194.4444,28.8889,80.0000
555.5555,192.2222,28.8889,80.0000
555.5555,197.7778,28.8889,80.0000
555.5555,195.5556,28.8889,80.0000
555.5555,193.3333,28.8889,80.0000
555.5555,198.8889,28.8889,80.0000
555.5555,196.6667,28.8889,80.0000
555.5555,194.4444,28.8889,80.0000
555.5555,200.0000,28.8889,80.0000
555.5555,197.7778,28.8889,80.0000
555.5555,195.5556,28.8889,80.0000
555.5555,193.3333,28.8889,80.0000
555.5555,198.8889,28.8889,80.0000
555.5555,196.6667,28.8889,80.0000
555.5555,194.4444,28.8889,80.0000
555.5555,200.0000,28.8889,80.0000
555.5555,197.7778,28.8889,80.0000
555.5555,195.5556,28.8889,80.0000
555.5555,201.1111,28.8889,80.0000
555.5555,198.8889,28.8889,80.0000
555.5555,204.4444,28.8889,80.0000
555.5555,202.2222,28.8889,80.0000
555.5555,200.0000,28.8889,80.0000
555.5555,197.7778,28.8889,80.0000
555.5555,203.3333,28.8889,80.0000
555.5555,201.1111,28.8889,80.0000
555.5555,198.8889,28.8889,80.0000
555.5555,196.6667,28.8889,80.0000
555.5555,202.2222,28.8889,80.0000
555.5555,200.0000,28.8889,80.0000
555.5555,205.5556,28.8889,80.0000
555.5555,203.3333,28.8889,80.0000
555.5555,201.1111,28.8889,80.0000
555.5555,206.6667,28.8889,80.0000
555.5555,204.4444,28.8889,80.0000
555.5555,202.2222,28.8889,80.0000
555.5555,192.2222,28.8889,80.0000
555.5555,205.5556,28.8889,80.0000
555.5555,203.3333,28.8889,80.0000
555.5555,201.1111,28.8889,80.0000
555.5555,198.8889,28.8889,80.0000
555.5555,204.4444,28.8889,80.0000
555.5555,194.4444,28.8889,80.0000
555.5555,200.0000,28.8889,80.0000
555.5555,197.7778,28.8889,80.0000
555.5555,195.5556,28.8889,80.0000
555.5555,193.3333,28.8889,80.0000
555.5555,198.8889,28.8889,80.0000
555.5555,196.6667,28.8889,80.0000
555.5555,194.4444,28.8889,80.0000
555.5555,200.0000,28.8889,80.0000
555.5555,197.7778,28.8889,80.0000
555.5555,195.5556,28.8889,80.0000
555.5555,201.1111,28.8889,80.0000
555.5555,198.8889,28.8889,80.0000
555.5555,196.6667,28.8889,80.0000
555.5555,202.2222,28.8889,80.0000
555.5555,200.0000,28.8889,80.0000
555.5555,205.5556,28.8889,80.0000
555.5555,195.5556,28.8889,80.0000
555.5555,193.3333,28.8889,80.0000
555.5555,198.8889,28.8889,80.0000
555.5555,204.4444,28.8889,80.0000
555.5555,202.2222,28.8889,80.0000
552.2222,200.0000,28.8889,80.0000
555.5555,205.5556,28.8889,80.0000
552.2222,203.3333,28.8889,80.0000
552.2222,201.1111,28.8889,80.0000
552.2222,198.8889,28.8889,80.0000
552.2222,196.6667,28.8889,80.0000
552.2222,202.2222,28.8889,80.0000
552.2222,200.0000,28.8889,80.0000
552.2222,205.5556,28.8889,80.0000
552.2222,203.3333,28.8889,80.0000
552.2222,201.1111,28.8889,80.0000
552.2222,206.6667,28.8889,80.0000
548.8889,196.6667,28.8889,80.0000
548.8889,194.4444,28.8889,80.0000
548.8889,200.0000,28.8889,80.0000
552.2222,197.7778,28.8889,80.0000
552.2222,195.5556,28.8889,80.0000
552.2222,201.1111,28.8889,80.0000
548.8889,198.8889,28.8889,80.0000
548.8889,196.6667,28.8889,80.0000
552.2222,202.2222,28.8889,80.0000
552.2222,200.0000,28.8889,80.0000
552.2222,197.7778,28.8889,80.0000
552.2222,195.5556,28.8889,80.0000
548.8889,201.1111,28.8889,80.0000
548.8889,198.8889,28.8889,80.0000
548.8889,204.4444,28.8889,80.0000
548.8889,202.2222,28.8889,80.0000
548.8889,200.0000,28.8889,80.0000
548.8889,197.7778,28.8889,80.0000
548.8889,203.3333,28.8889,80.0000
548.8889,201.1111,28.8889,80.0000
548.8889,198.8889,28.8889,80.0000
548.8889,204.4444,28.8889,80.0000
548.8889,202.2222,28.8889,80.0000
548.8889,200.0000,28.8889,80.0000
548.8889,197.7778,28.8889,80.0000
548.8889,203.3333,28.8889,80.0000
545.5555,193.3333,28.8889,80.0000
548.8889,198.8889,28.8889,80.0000
548.8889,196.6667,28.8889,80.0000
545.5555,194.4444,28.8889,80.0000
545.5555,192.2222,28.8889,80.0000
545.5555,190.0000,28.8889,80.0000
545.5555,195.5556,28.8889,80.0000
545.5555,193.3333,28.8889,80.0000
545.5555,191.1111,28.8889,80.0000
545.5555,196.6667,28.8889,80.0000
545.5555,194.4444,28.8889,80.0000
545.5555,192.2222,28.8889,80.0000
545.5555,197.7778,28.8889,80.0000
545.5555,195.5556,28.8889,80.0000
545.5555,193.3333,28.8889,80.0000
545.5555,191.1111,28.8889,80.0000
548.8889,196.6667,28.8889,80.0000
548.8889,194.4444,28.8889,80.0000
548.8889,200.0000,28.8889,80.0000
548.8889,197.7778,28.8889,80.0000
548.8889,195.5556,28.8889,80.0000
548.8889,193.3333,28.8889,80.0000
545.5555,191.1111,28.8889,80.0000
545.5555,188.8889,28.8889,80.0000
545.5555,194.4444,28.8889,80.0000
548.8889,200.0000,28.8889,80.0000
548.8889,197.7778,28.8889,80.0000
548.8889,195.5556,28.8889,80.0000
545.5555,193.3333,28.8889,80.0000
548.8889,198.8889,28.8889,80.0000
548.8889,196.6667,28.8889,80.0000
545.5555,194.4444,28.8889,80.0000
548.8889,200.0000,28.8889,80.0000
548.8889,197.7778,28.8889,80.0000
548.8889,195.5556,28.8889,80.0000
548.8889,193.3333,28.8889,80.0000
548.8889,198.8889,28.8889,80.0000
548.8889,196.6667,28.8889,80.0000
548.8889,202.2222,28.8889,80.0000
548.8889,200.0000,28.8889,80.0000
548.8889,197.7778,28.8889,80.0000
548.8889,195.5556,28.8889,80.0000
548.8889,193.3333,28.8889,80.0000
548.8889,191.1111,28.8889,80.0000
548.8889,196.6667,28.8889,80.0000
548.8889,194.4444,28.8889,80.0000
552.2222,200.0000,28.8889,80.0000
552.2222,197.7778,28.8889,80.0000
552.2222,195.5556,28.8889,80.0000
552.2222,201.1111,28.8889,80.0000
552.2222,198.8889,28.8889,80.0000
552.2222,196.6667,28.8889,80.0000
552.2222,194.4444,28.8889,80.0000
552.2222,200.0000,28.8889,80.0000
552.2222,197.7778,28.8889,80.0000
552.2222,195.5556,28.8889,80.0000
552.2222,201.1111,28.8889,80.0000
552.2222,198.8889,28.8889,80.0000
555.5555,196.6667,28.8889,80.0000
555.5555,194.4444,28.8889,80.0000
555.5555,200.0000,28.8889,80.0000
555.5555,197.7778,28.8889,80.0000
555.5555,195.5556,28.8889,80.0000
555.5555,201.1111,28.8889,80.0000
555.5555,198.8889,28.8889,80.0000
555.5555,196.6667,28.8889,80.0000
555.5555,194.4444,28.8889,80.0000
555.5555,200.0000,28.8889,80.0000
555.5555,197.7778,28.8889,80.0000
555.5555,195.5556,28.8889,80.0000
555.5555,201.1111,28.8889,80.0000
558.8889,198.8889,28.8889,80.0000
558.8889,196.6667,28.8889,80.0000
558.8889,194.4444,28.8889,80.0000
558.8889,192.2222,28.8889,80.0000
