1
644.0554,522.0665,109.8892,131.8670
644.1058,522.1270,109.7883,131.7460
644.1721,522.2064,109.6559,131.5871
643.1748,522.2097,109.6504,131.5805
643.3983,522.4779,109.2035,131.0442
643.6190,522.7428,108.7620,130.5145
643.6875,521.8250,108.6250,130.3500
643.6551,521.7861,108.6898,130.4278
643.7995,520.9594,108.4010,130.0812
643.7209,520.8651,108.5582,130.2699
643.7997,519.9597,108.4005,130.0806
643.7408,518.8890,108.5183,130.2220
643.5640,518.6768,108.8719,130.6463
643.5319,517.6382,108.9363,130.7236
643.5460,516.6551,108.9081,130.6898
642.5256,516.6307,108.9489,130.7387
642.8714,516.0457,108.2572,129.9086
642.9816,515.1779,108.0369,129.6442
642.9612,515.1534,108.0776,129.6931
643.0812,514.2975,107.8376,129.4051
643.1685,513.4022,107.6629,129.1955
643.0793,512.2952,107.8413,129.4095
643.0112,512.2134,107.9776,129.5731
643.1115,511.3338,107.7770,129.3324
642.8781,510.0536,108.2439,129.8927
641.6080,508.7296,108.7840,130.5408
641.8531,508.0237,108.2939,129.9527
641.9706,507.1648,108.0587,129.6704
642.1658,506.3990,107.6684,129.2021
642.2946,505.5534,107.4109,128.8931
642.3178,504.5814,107.3644,128.8373
642.3759,503.6511,107.2481,128.6977
642.0837,502.3004,107.8326,129.3991
642.0198,501.2238,107.9604,129.5524
641.8741,500.0489,108.2518,129.9022
640.6226,498.7471,108.7548,130.5057
640.7831,497.9397,108.4338,130.1205
640.8438,497.0125,108.3125,129.9750
640.9004,496.0805,108.1992,129.8391
641.0243,495.2291,107.9514,129.5417
640.9871,494.1846,108.0257,129.6309
640.8179,492.9815,108.3641,130.0369
640.6672,491.8007,108.6656,130.3987
640.7206,490.8647,108.5588,130.2705
640.5596,490.6715,108.8809,130.6571
640.5649,489.6780,108.8701,130.6441
639.5453,488.6544,108.9093,130.6912
639.7641,487.9169,108.4718,130.1661
639.8409,487.0091,108.3182,129.9818
639.8426,486.0111,108.3148,129.9778
639.8520,485.0224,108.2960,129.9552
639.7721,484.9265,108.4558,130.1469
639.7578,483.9094,108.4843,130.1812
639.6412,482.7695,108.7175,130.4610
638.5779,481.6934,108.8443,130.6131
638.7128,481.8553,108.5745,130.2893
638.8792,481.0550,108.2416,129.8900
638.9722,480.1666,108.0556,129.6668
638.9381,479.1257,108.1238,129.7485
638.8017,477.9620,108.3967,130.0760
638.7576,477.9091,108.4848,130.1818
638.7679,476.9215,108.4641,130.1569
638.8104,475.9725,108.3792,130.0551
638.6898,474.8278,108.6204,130.3445
638.5514,474.6617,108.8972,130.6767
638.5803,473.6963,108.8395,130.6074
638.6338,472.7606,108.7324,130.4788
638.6053,471.7264,108.7894,130.5473
638.5382,471.6458,108.9236,130.7083
638.6515,470.7818,108.6970,130.4364
638.6815,469.8178,108.6370,130.3644
638.6955,468.8346,108.6090,130.3308
638.5905,467.7086,108.8190,130.5828
637.4803,466.5764,109.0393,130.8472
637.7805,465.9366,108.4391,130.1269
637.8470,465.0165,108.3059,129.9671
637.7913,463.9496,108.4174,130.1009
637.6501,463.7801,108.6998,130.4398
637.6443,463.7731,108.7114,130.4537
637.7196,462.8635,108.5608,130.2729
637.5071,462.6085,108.9858,130.7830
637.5773,461.6927,108.8454,130.6145
637.3601,461.4321,109.2798,131.1358
636.2850,461.3420,109.4300,131.3160
636.5077,460.6093,108.9846,130.7815
636.5303,460.6363,108.9395,130.7274
636.4748,460.5698,109.0504,130.8604
636.5335,459.6402,108.9330,130.7196
636.3370,459.4045,109.3259,131.1911
636.2549,459.3059,109.4902,131.3882
636.0768,459.0922,109.8463,131.8155
635.9930,458.9915,110.0141,132.0169
635.8984,458.8781,110.2032,132.2438
636.0387,458.0464,109.9227,131.9072
635.7699,457.7239,110.4602,132.5523
634.7256,457.6708,110.5487,132.6584
635.0157,457.0189,109.9685,131.9622
634.9001,456.8802,110.1997,132.2397
634.9432,456.9319,110.1135,132.1362
635.0233,457.0279,109.9535,131.9442
634.9499,455.9398,110.1003,132.1203
634.8895,455.8673,110.2211,132.2653
633.7380,455.6856,110.5240,132.6287
633.8553,454.8264,110.2893,132.3472
633.7379,454.6854,110.5243,132.6291
633.6319,454.5583,110.7362,132.8834
633.6320,454.5584,110.7360,132.8832
633.6799,454.6160,110.6401,132.7681
632.7162,454.6595,110.5675,132.6810
632.9724,453.9668,110.0553,132.0664
632.8781,453.8537,110.2439,132.2926
632.9022,453.8826,110.1957,132.2349
632.8455,453.8145,110.3091,132.3709
632.7981,453.7577,110.4039,132.4846
632.7757,453.7309,110.4486,132.5383
632.7445,452.6934,110.5110,132.6132
632.6064,452.5277,110.7871,132.9445
632.6063,452.5275,110.7875,132.9450
631.6033,452.5240,110.7933,132.9520
631.8356,452.8027,110.3289,132.3946
631.8614,452.8336,110.2773,132.3327
631.9419,451.9303,110.1162,132.1394
631.9429,451.9315,110.1142,132.1370
631.9510,451.9413,110.0979,132.1175
631.9758,450.9710,110.0483,132.0580
631.7759,450.7311,110.4482,132.5378
631.6641,450.5970,110.6717,132.8061
631.6882,450.6259,110.6235,132.7482
631.7394,449.6873,110.5211,132.6253
631.5978,449.5174,110.8044,132.9653
631.5419,449.4503,110.9162,133.0994
631.4647,449.3575,111.0707,133.2849
630.3549,449.2259,111.2901,133.5481
630.4141,449.2970,111.1717,133.4061
630.5092,448.4111,110.9815,133.1779
630.4865,448.3838,111.0270,133.2324
630.4878,448.3853,111.0245,133.2294
630.4312,448.3174,111.1376,133.3651
630.5627,447.4753,110.8746,133.0495
630.4750,447.3700,111.0501,133.2601
630.4717,447.3661,111.0565,133.2678
630.4429,446.3315,111.1141,133.3369
630.3286,446.1942,111.3429,133.6115
630.1376,445.9651,111.7248,134.0698
630.1335,445.9603,111.7329,134.0795
630.1194,445.9433,111.7612,134.1134
630.1808,445.0170,111.6383,133.9659
630.1284,444.9541,111.7431,134.0918
630.1391,444.9669,111.7218,134.0661
630.1944,444.0333,111.6112,133.9335
630.0675,443.8810,111.8650,134.2380
629.9317,443.7180,112.1366,134.5640
629.8670,443.6404,112.2661,134.7193
629.7749,443.5299,112.4501,134.9402
629.7128,443.4553,112.5745,135.0893
629.7311,442.4773,112.5378,135.0453
629.5985,442.3182,112.8030,135.3636
629.5163,442.2196,112.9674,135.5609
629.3542,442.0250,113.2916,135.9500
629.4185,442.1023,113.1629,135.7955
629.4480,442.1376,113.1040,135.7248
629.5278,441.2333,112.9445,135.5334
629.3416,441.0099,113.3168,135.9802
629.3691,441.0430,113.2617,135.9140
629.3538,441.0246,113.2924,135.9509
629.3260,440.9912,113.3480,136.0176
629.3912,441.0695,113.2175,135.8610
629.4380,440.1256,113.1239,135.7487
629.4078,440.0893,113.1844,135.8213
629.3787,440.0544,113.2426,135.8911
629.4041,440.0850,113.1917,135.8301
629.4730,439.1675,113.0541,135.6649
629.4480,439.1376,113.1040,135.7248
630.4781,439.1738,113.0436,135.6524
630.2936,438.9524,113.4127,136.0953
630.1252,438.7503,113.7495,136.4994
630.0354,438.6425,113.9292,136.7151
629.9958,437.5950,114.0083,136.8100
629.9319,437.5183,114.1362,136.9634
629.8943,437.4731,114.2115,137.0538
629.9022,437.4826,114.1956,137.0347
629.9182,437.5017,114.1637,136.9965
629.9442,437.5331,114.1115,136.9338
630.0525,436.6630,113.8951,136.6741
630.9901,436.5881,114.0199,136.8239
630.6879,436.2255,114.6242,137.5490
630.4781,435.9737,115.0438,138.0526
630.3404,435.8084,115.3193,138.3831
630.2924,435.7509,115.4152,138.4982
630.4841,434.9809,115.0318,138.0381
630.4164,434.8997,115.1671,138.2005
630.4193,434.9031,115.1614,138.1937
631.5028,435.0034,114.9943,137.9932
631.2369,434.6843,115.5262,138.6314
631.1072,434.5286,115.7857,138.9428
631.0829,434.4995,115.8342,139.0010
631.1873,434.6248,115.6254,138.7504
631.3472,433.8166,115.3057,138.3668
631.2220,433.6664,115.5560,138.6672
631.2241,433.6689,115.5518,138.6621
631.2262,433.6714,115.5476,138.6572
631.2351,432.6821,115.5298,138.6358
631.1678,432.6014,115.6644,138.7972
631.1311,432.5573,115.7378,138.8854
631.0929,432.5114,115.8142,138.9771
631.1206,432.5447,115.7588,138.9105
631.1556,432.5867,115.6889,138.8267
631.2554,432.7065,115.4892,138.5871
631.4854,431.9824,115.0293,138.0351
631.4644,431.9573,115.0712,138.0854
631.4303,431.9163,115.1394,138.1673
631.4635,431.9562,115.0730,138.0876
631.4294,431.9153,115.1412,138.1695
631.5141,431.0169,114.9718,137.9661
631.4957,430.9949,115.0085,138.0102
631.5049,431.0058,114.9903,137.9883
631.5180,431.0216,114.9640,137.9567
631.5807,431.0969,114.8385,137.8062
631.5978,431.1174,114.8044,137.7653
631.6082,431.1299,114.7835,137.7402
632.6815,430.2178,114.6370,137.5644
632.3752,429.8503,115.2495,138.2993
630.9866,429.3839,116.0269,139.2322
631.1362,429.5635,115.7275,138.8730
631.1279,429.5535,115.7441,138.8929
631.1127,429.5353,115.7745,138.9294
631.1064,429.5277,115.7871,138.9445
631.2195,428.6634,115.5610,138.6732
631.0638,428.4766,115.8723,139.0468
631.1132,428.5358,115.7736,138.9283
630.9434,428.3321,116.1131,139.3357
630.9478,428.3373,116.1045,139.3254
630.9951,428.3941,116.0098,139.2117
630.9847,428.3817,116.0305,139.2366
631.0322,428.4386,115.9356,139.1228
631.0282,427.4338,115.9436,139.1324
630.9039,427.2847,116.1921,139.4305
630.8160,427.1792,116.3679,139.6415
630.6568,426.9882,116.6864,140.0237
630.4959,426.7951,117.0082,140.4099
630.3910,426.6692,117.2180,140.6616
629.2737,425.5284,117.4526,140.9431
629.2830,425.5396,117.4340,140.9208
629.2687,425.5225,117.4625,140.9550
629.1575,425.3890,117.6851,141.2221
629.0372,425.2446,117.9257,141.5108
628.9128,424.0954,118.1744,141.8093
628.7878,423.9454,118.4243,142.1092
628.6207,423.7448,118.7587,142.5105
628.5224,423.6269,118.9552,142.7462
628.4755,423.5706,119.0491,142.8589
627.3951,423.4741,119.2099,143.0519
627.4846,422.5816,119.0307,142.8369
627.5119,422.6143,118.9762,142.7715
627.4948,422.5938,119.0103,142.8124
627.4715,422.5658,119.0571,142.8685
627.3975,422.4770,119.2050,143.0460
626.2969,422.3563,119.4062,143.2874
626.3384,422.4061,119.3231,143.1877
626.3434,422.4121,119.3132,143.1758
626.2357,421.2827,119.5287,143.4345
626.1733,421.2080,119.6533,143.5840
626.0208,421.0250,119.9584,143.9500
624.8179,420.7815,120.3642,144.4370
625.0383,421.0460,119.9233,143.9080
624.8592,420.8310,120.2817,144.3380
623.8776,419.8531,120.2448,144.2937
623.9805,419.9766,120.0391,144.0469
623.9368,419.9242,120.1263,144.1515
623.8369,419.8043,120.3261,144.3913
623.7874,419.7448,120.4253,144.5103
623.7172,419.6606,120.5657,144.6789
622.6398,418.5677,120.7205,144.8646
622.6604,418.5925,120.6792,144.8150
622.7123,418.6547,120.5755,144.6906
622.6425,418.5710,120.7150,144.8580
621.5210,418.4252,120.9581,145.1497
621.6319,418.5583,120.7362,144.8834
621.7169,418.6602,120.5663,144.6795
621.7431,418.6918,120.5137,144.6165
621.7753,417.7304,120.4493,144.5391
621.5406,417.4488,120.9187,145.1025
620.3080,417.1696,121.3840,145.6609
620.1857,417.0229,121.6286,145.9543
620.1207,416.9449,121.7585,146.1102
620.0791,416.8949,121.8418,146.2101
620.1487,416.9784,121.7027,146.0432
619.0348,415.8417,121.9304,146.3165
619.1457,415.9748,121.7086,146.0504
619.0909,415.9091,121.8181,146.1817
619.1174,415.9409,121.7652,146.1182
618.9590,415.7508,122.0820,146.4984
618.8033,415.5640,122.3933,146.8720
617.5936,415.3123,122.8127,147.3753
617.5803,415.2963,122.8394,147.4073
617.4902,415.1883,123.0196,147.6235
616.2923,414.9507,123.4154,148.0985
616.5195,415.2234,122.9611,147.5533
616.4011,414.0813,123.1978,147.8374
616.2969,413.9563,123.4062,148.0875
615.1840,413.8208,123.6320,148.3584
615.2116,413.8539,123.5768,148.2921
614.1519,413.7823,123.6961,148.4353
614.2144,413.8573,123.5712,148.2854
614.2271,413.8726,123.5458,148.2549
613.1556,413.7867,123.6887,148.4265
613.2426,413.8911,123.5148,148.2178
613.2037,413.8445,123.5925,148.3110
613.1025,413.7230,123.7950,148.5540
611.8734,413.4481,124.2533,149.1039
611.8929,413.4714,124.2143,149.0571
611.8033,413.3640,124.3933,149.2720
610.6087,413.1304,124.7826,149.7391
610.7303,413.2764,124.5393,149.4472
610.6282,413.1538,124.7436,149.6924
609.5341,413.0409,124.9319,149.9183
609.6473,413.1767,124.7055,149.6466
609.6000,413.1201,124.7999,149.7598
608.4936,411.9923,125.0128,150.0153
608.6268,412.1522,124.7464,149.6956
608.6348,412.1617,124.7304,149.6765
608.6273,412.1527,124.7454,149.6945
607.4830,410.9796,125.0340,150.0408
607.5414,411.0497,124.9171,149.9005
607.4318,410.9182,125.1363,150.1636
606.3065,410.7678,125.3871,150.4645
606.3806,410.8567,125.2388,150.2866
606.4133,410.8959,125.1735,150.2082
605.3766,410.8519,125.2469,150.2963
605.4500,410.9400,125.1001,150.1201
605.4437,410.9325,125.1126,150.1351
605.4362,409.9235,125.1275,150.1531
604.2983,409.7580,125.4033,150.4840
604.3711,409.8453,125.2578,150.3094
604.3983,409.8779,125.2035,150.2442
604.3419,409.8103,125.3162,150.3794
603.1937,409.6324,125.6126,150.7352
603.2020,409.6425,125.5959,150.7151
603.1465,409.5758,125.7070,150.8484
603.0703,408.4844,125.8594,151.0313
601.8116,408.1740,126.3767,151.6520
601.8765,408.2518,126.2470,151.4964
601.9066,408.2879,126.1868,151.4242
601.7997,408.1597,126.4005,151.6806
601.6119,407.9343,126.7762,152.1314
600.4524,407.7428,127.0953,152.5143
600.4733,407.7680,127.0533,152.4640
600.3712,407.6455,127.2575,152.7090
599.3007,407.5608,127.3986,152.8784
599.3658,406.6390,127.2684,152.7221
599.3721,406.6466,127.2557,152.7069
598.2453,406.4944,127.5093,153.0112
598.3302,406.5963,127.3396,152.8075
598.2283,406.4740,127.5433,153.0520
598.2281,406.4738,127.5437,153.0525
598.1571,406.3885,127.6858,153.2229
596.9895,406.1874,128.0210,153.6252
597.0041,406.2049,127.9919,153.5902
596.9307,406.1168,128.1387,153.7664
596.7648,405.9178,128.4703,154.1644
595.6794,405.8154,128.6411,154.3693
595.7888,405.9465,128.4225,154.1070
595.7826,405.9391,128.4348,154.1218
595.7197,405.8636,128.5606,154.2727
594.6417,404.7700,128.7167,154.4600
594.5808,404.6969,128.8384,154.6061
594.4251,404.5101,129.1498,154.9798
593.3358,404.4029,129.3284,155.1941
593.4044,404.4853,129.1912,155.0294
593.3695,404.4435,129.2609,155.1131
592.2388,404.2866,129.5223,155.4267
592.2284,403.2741,129.5432,155.4518
591.0612,403.0734,129.8777,155.8532
591.0630,403.0756,129.8740,155.8488
589.8329,402.7996,130.3341,156.4009
588.6262,402.5515,130.7475,156.8970
587.5223,401.4268,130.9553,157.1463
586.4354,401.3224,131.1293,157.3551
585.4120,401.2944,131.1760,157.4112
584.3139,401.1767,131.3722,157.6467
583.1858,401.0229,131.6284,157.9541
582.1739,401.0086,131.6523,157.9827
581.1655,400.9986,131.6691,158.0029
580.1649,400.9979,131.6701,158.0042
579.2239,401.0686,131.5523,157.8627
579.3009,401.1610,131.3982,157.6779
578.1380,400.9656,131.7240,158.0688
576.9875,400.7850,132.0251,158.4301
575.7797,400.5357,132.4405,158.9286
573.4428,400.1314,133.1144,159.7373
572.4586,400.1504,133.0827,159.6993
570.3066,399.9679,133.3868,160.0641
569.4729,401.1674,133.0542,159.6651
568.4410,401.1293,133.1179,159.7415
566.2318,401.8781,133.5365,160.2438
565.4082,402.0899,133.1835,159.8203
564.3007,401.9608,133.3986,160.0783
563.2001,402.8401,133.5999,160.3199
561.0187,403.6225,133.9625,160.7550
560.0552,403.6663,133.8895,160.6674
559.0461,404.6554,133.9077,160.6892
556.9412,404.5295,134.1175,160.9410
555.8709,404.4451,134.2582,161.1098
553.8656,405.4387,134.2688,161.1226
552.8376,406.4051,134.3248,161.1898
550.6459,406.1750,134.7083,161.6499
548.7759,407.3310,134.4483,161.3379
547.6186,407.1423,134.7628,161.7153
545.7622,408.3146,134.4756,161.3707
544.7631,408.3157,134.4738,161.3686
543.7736,409.3283,134.4529,161.3434
542.6346,409.1616,134.7307,161.6769
541.6603,410.1924,134.6793,161.6151
539.5131,410.0157,134.9738,161.9686
538.6848,411.2218,134.6304,161.5564
537.7018,411.2422,134.5964,161.5157
535.5472,412.0567,134.9055,161.8867
534.6223,412.1467,134.7556,161.7067
532.6053,413.1263,134.7894,161.7473
531.6520,414.1825,134.6959,161.6351
530.5867,414.1040,134.8266,161.7920
528.4296,414.9156,135.1407,162.1688
527.3692,414.8431,135.2615,162.3138
525.1522,415.5826,135.6956,162.8347
524.0961,415.5154,135.8077,162.9693
521.8588,415.2306,136.2823,163.5388
520.8903,416.2683,136.2195,163.4634
518.7866,417.1440,136.4267,163.7121
516.7698,417.1238,136.4603,163.7524
515.8138,417.1766,136.3723,163.6468
513.7657,418.1189,136.4686,163.7623
512.7621,418.1145,136.4759,163.7710
510.5895,418.9074,136.8209,164.1851
509.5301,418.8361,136.9398,164.3277
507.4175,419.7010,137.1650,164.5980
505.2060,419.4472,137.5880,165.1055
504.0821,420.2985,137.8359,165.4030
503.0387,421.2464,137.9226,165.5071
500.8482,421.0179,138.3036,165.9643
498.7858,420.9430,138.4283,166.1140
497.7326,421.8792,138.5348,166.2417
495.6517,421.7820,138.6967,166.4360
494.5286,422.6343,138.9428,166.7313
492.3850,422.4620,139.2300,167.0760
491.4855,422.5826,139.0290,166.8348
490.3453,423.4143,139.3095,167.1714
488.2426,424.2911,139.5148,167.4177
487.4198,424.5038,139.1604,166.9925
485.3289,425.3947,139.3423,167.2107
484.4631,425.5558,139.0737,166.8885
482.3364,425.4037,139.3271,167.1926
481.2295,426.2753,139.5411,167.4493
479.2595,426.3114,139.4809,167.3771
478.3242,427.3890,139.3516,167.2219
476.1867,428.2241,139.6265,167.5518
475.4702,428.5643,139.0596,166.8715
474.4690,429.5628,139.0620,166.8744
472.2899,429.3479,139.4202,167.3042
471.4378,430.5254,139.1244,166.9492
470.4090,430.4908,139.1820,167.0184
469.2865,431.3438,139.4270,167.3124
467.1706,431.2047,139.6587,167.5905
466.2881,432.3458,139.4237,167.3084
465.3459,433.4150,139.3083,167.1700
464.2513,433.3016,139.4974,167.3968
463.0647,434.0776,139.8707,167.8448
461.9602,433.9523,140.0796,168.0955
459.6483,434.5780,140.7034,168.8441
458.7213,434.6656,140.5573,168.6687
456.7811,435.7373,140.4379,168.5255
455.9300,435.9160,140.1400,168.1680
454.9030,436.8836,140.1940,168.2328
453.9131,437.8957,140.1738,168.2086
452.9559,437.9471,140.0882,168.1058
451.9123,437.8948,140.1754,168.2104
450.8017,438.7620,140.3966,168.4760
449.6787,438.6145,140.6425,168.7710
448.6057,439.5268,140.7887,168.9464
447.5691,439.4829,140.8618,169.0341
445.4692,439.3630,141.0616,169.2740
444.6173,439.5407,140.7654,168.9185
443.5568,440.4681,140.8865,169.0638
442.5572,440.4686,140.8856,169.0627
441.4973,440.3967,141.0055,169.2066
440.2745,441.1294,141.4510,169.7412
439.1326,440.9591,141.7348,170.0818
438.0095,440.8113,141.9811,170.3773
435.8889,440.6667,142.2221,170.6665
435.0428,441.8513,141.9144,170.2973
434.1047,441.9257,141.7905,170.1486
433.1649,441.9979,141.6702,170.0042
432.2253,443.0703,141.5494,169.8593
431.3133,443.1759,141.3735,169.6482
430.3670,443.2404,141.2660,169.5192
429.4561,443.3473,141.0879,169.3055
428.5206,444.4248,140.9587,169.1505
427.5089,444.4107,140.9821,169.1785
426.4973,444.3967,141.0055,169.2066
425.4999,444.3999,141.0002,169.2002
424.5170,445.4204,140.9659,169.1591
423.5665,445.4798,140.8671,169.0405
422.6584,445.5901,140.6832,168.8199
422.5765,446.4918,140.8471,169.0165
421.4110,446.2932,141.1780,169.4136
420.2860,446.1432,141.4280,169.7136
419.2253,446.0704,141.5493,169.8592
418.0845,446.9014,141.8310,170.1972
417.0484,446.8581,141.9031,170.2837
416.0677,446.8812,141.8647,170.2376
415.1081,446.9297,141.7839,170.1406
414.1330,446.9596,141.7339,170.0807
413.2368,447.0841,141.5265,169.8318
413.1828,448.0193,141.6345,169.9614
412.1299,447.9559,141.7402,170.0882
411.1619,447.9942,141.6763,170.0115
410.1851,449.0221,141.6299,169.9559
409.1916,449.0299,141.6169,169.9403
409.1736,449.0083,141.6528,169.9834
407.9593,449.7511,142.0815,170.4978
406.9941,449.7929,142.0119,170.4142
405.9850,449.7820,142.0299,170.4359
404.9287,449.7144,142.1427,170.5712
403.8977,450.6772,142.2047,170.6456
404.0401,450.8481,141.9198,170.3038
402.6703,450.4044,142.6593,171.1912
401.6366,451.3639,142.7268,171.2722
400.7473,451.4968,142.5054,171.0065
399.7457,451.4948,142.5087,171.0104
398.7309,451.4771,142.5382,171.0458
398.7919,451.5503,142.4162,170.8995
397.6743,452.4091,142.6515,171.1818
396.7484,452.4981,142.5031,171.0038
395.7136,452.4563,142.5729,171.0874
394.6943,452.4332,142.6113,171.1336
394.7310,452.4772,142.5380,171.0456
393.4221,453.1066,143.1557,171.7868
392.3925,453.0711,143.2149,171.8578
391.4282,453.1139,143.1436,171.7723
390.4605,453.1526,143.0790,171.6948
390.5623,453.2748,142.8753,171.4504
389.3997,454.0796,143.2007,171.8409
388.4064,454.0877,143.1871,171.8246
387.4572,454.1487,143.0855,171.7026
387.5597,455.2716,142.8806,171.4567
386.5540,455.2647,142.8921,171.4705
385.5608,455.2729,142.8784,171.4541
385.6851,456.4221,142.6299,171.1559
384.6323,456.3588,142.7354,171.2824
383.6302,456.3563,142.7395,171.2875
383.6919,456.4302,142.6163,171.1395
382.6823,457.4188,142.6353,171.1624
382.8874,457.6649,142.2251,170.6702
382.8734,457.6481,142.2532,170.7039
381.8484,457.6180,142.3033,170.7640
382.0219,457.8263,141.9561,170.3474
382.0843,456.9012,141.8314,170.1976
381.8509,456.6210,142.2983,170.7580
380.6734,456.4081,142.6532,171.1839
380.7643,456.5172,142.4714,170.9657
379.6346,456.3615,142.7308,171.2769
379.8256,456.5907,142.3488,170.8186
378.8167,456.5800,142.3666,170.8399
379.0627,456.8752,141.8747,170.2496
378.1932,457.0319,141.6135,169.9362
378.4063,457.2875,141.1874,169.4249
378.6057,457.5269,140.7886,168.9463
378.5625,456.4750,140.8750,169.0500
378.2798,456.1357,141.4405,169.7286
377.9503,455.7403,142.0995,170.5194
376.6822,455.4187,142.6355,171.1626
376.7427,455.4913,142.5146,171.0175
375.6153,455.3384,142.7693,171.3232
375.7037,455.4444,142.5926,171.1112
375.6841,455.4209,142.6319,171.1583
375.6200,455.3440,142.7600,171.3120
374.5526,455.2631,142.8948,171.4738
373.5771,455.2926,142.8457,171.4148
373.7899,455.5478,142.4203,170.9044
373.9117,455.6940,142.1767,170.6120
373.8526,455.6231,142.2948,170.7537
373.6982,455.4379,142.6035,171.1243
372.4837,455.1804,143.0326,171.6392
372.4721,455.1666,143.0557,171.6669
371.4120,455.0944,143.1760,171.8112
371.6434,455.3721,142.7132,171.2558
371.7622,455.5146,142.4756,170.9707
371.7389,455.4866,142.5223,171.0267
370.5923,455.3107,142.8155,171.3786
370.7498,455.4997,142.5004,171.0005
369.6881,455.4257,142.6238,171.1486
369.9959,455.7951,142.0082,170.4098
369.0093,455.8112,141.9813,170.3776
369.3103,456.1724,141.3793,169.6552
369.3113,456.1736,141.3773,169.6528
369.3542,456.2250,141.2917,169.5500
369.4886,456.3863,141.0228,169.2274
369.6997,455.6396,140.6006,168.7207
370.7225,455.6670,140.5550,168.6660
370.7124,455.6549,140.5752,168.6902
370.7078,455.6493,140.5845,168.7013
371.6492,455.5791,140.7016,168.8419
372.6942,455.6330,140.6117,168.7340
373.7776,455.7332,140.4447,168.5337
373.7525,455.7031,140.4949,168.5939
373.8303,455.7964,140.3394,168.4073
374.9687,454.9624,140.0627,168.0752
374.7364,454.6837,140.5272,168.6326
375.7076,454.6491,140.5848,168.7018
375.5997,454.5197,140.8006,168.9607
375.7193,454.6631,140.5614,168.6737
376.7794,454.7353,140.4412,168.5294
376.8409,454.8090,140.3183,168.3820
377.9458,454.9350,140.1083,168.1300
378.0862,455.1034,139.8276,167.7932
378.1958,455.2349,139.6084,167.5301
378.3106,454.3727,139.3788,167.2545
378.1714,454.2057,139.6572,167.5886
378.1029,454.1234,139.7943,167.7531
378.0876,454.1051,139.8248,167.7898
378.0047,454.0057,139.9905,167.9887
378.0125,454.0151,139.9749,167.9699
379.0530,454.0636,139.8940,167.8728
379.0094,454.0113,139.9812,167.9774
378.9718,453.9661,140.0565,168.0678
378.9601,453.9521,140.0797,168.0957
379.0846,453.1015,139.8308,167.7969
378.9334,452.9201,140.1332,168.1598
378.9023,452.8827,140.1955,168.2346
378.9297,452.9157,140.1405,168.1686
378.9207,452.9048,140.1586,168.1903
378.9401,452.9281,140.1199,168.1438
379.9907,452.9889,140.0185,168.0222
379.9486,451.9384,140.1027,168.1232
379.8558,451.8270,140.2883,168.3460
380.8199,451.7839,140.3601,168.4321
380.6950,451.6341,140.6099,168.7319
380.8127,451.7753,140.3745,168.4494
381.9486,451.9383,140.1028,168.1234
382.0982,452.1179,139.8035,167.7642
383.2879,452.3455,139.4242,167.3090
383.2717,452.3261,139.4565,167.3478
384.2839,452.3407,139.4321,167.3186
384.2435,452.2922,139.5129,167.4155
384.3402,452.4083,139.3195,167.1834
384.4707,452.5648,139.0587,166.8704
385.6683,452.8020,138.6634,166.3960
386.6114,452.7337,138.7772,166.5327
386.5362,452.6435,138.9276,166.7131
387.5049,452.6059,138.9902,166.7883
387.3123,452.3748,139.3754,167.2504
388.4609,452.5531,139.0782,166.8938
388.5158,452.6189,138.9684,166.7621
389.4314,452.5177,139.1372,166.9647
389.4812,452.5775,139.0376,166.8451
390.6257,452.7508,138.7487,166.4984
390.5980,452.7176,138.8040,166.5648
391.6174,452.7408,138.7653,166.5183
391.5471,452.6565,138.9058,166.6870
392.5852,452.7023,138.8295,166.5954
392.5539,452.6647,138.8922,166.6707
393.6970,452.8364,138.6060,166.3272
393.6920,452.8304,138.6160,166.3392
393.8602,453.0322,138.2797,165.9356
395.0325,453.2390,137.9349,165.5219
395.0940,453.3128,137.8120,165.3744
395.2878,453.5454,137.4244,164.9092
396.4240,453.7088,137.1521,164.5825
396.4724,453.7668,137.0553,164.4663
397.5801,453.8961,136.8397,164.2077
397.5035,453.8042,136.9931,164.3917
398.5276,453.8331,136.9448,164.3338
398.4893,453.7872,137.0213,164.4256
399.4072,453.6886,137.1856,164.6228
399.1577,454.3893,137.6845,165.2214
400.2873,454.5447,137.4254,164.9105
400.1274,454.3529,137.7452,165.2942
401.1802,454.4163,137.6395,165.1674
401.0384,454.2460,137.9233,165.5079
402.3038,454.5646,137.3923,164.8708
402.2416,454.4900,137.5167,165.0201
403.3322,454.5986,137.3356,164.8028
403.2525,454.5030,137.4951,164.9941
404.3947,454.6737,137.2105,164.6526
404.2746,454.5295,137.4508,164.9409
405.3444,455.6132,137.3113,164.7736
405.3310,455.5972,137.3380,164.8056
406.3906,455.6687,137.2188,164.6625
406.2386,455.4864,137.5227,165.0272
407.3716,455.6460,137.2567,164.7081
407.3813,455.6576,137.2373,164.6848
408.4660,455.7592,137.0679,164.4815
408.3189,455.5827,137.3621,164.8345
408.4107,455.6929,137.1786,164.6143
409.5421,455.8506,136.9157,164.2988
409.5787,455.8944,136.8426,164.2112
410.6761,456.0113,136.6478,163.9774
410.5070,455.8084,136.9860,164.3831
410.4800,456.7761,137.0399,164.4479
411.5986,456.9184,136.8027,164.1633
411.5305,456.8366,136.9390,164.3268
412.6467,456.9761,136.7065,164.0479
412.4482,456.7378,137.1036,164.5244
412.4744,456.7693,137.0512,164.4615
413.5309,456.8371,136.9381,164.3257
413.4384,456.7261,137.1232,164.5478
413.4490,456.7388,137.1021,164.5225
413.5360,456.8432,136.9280,164.3136
414.6841,458.0209,136.6318,163.9582
414.7260,458.0713,136.5479,163.8575
415.8686,458.2423,136.2629,163.5155
415.7483,458.0979,136.5034,163.8041
415.7479,458.0975,136.5042,163.8050
415.7688,458.1226,136.4624,163.7548
416.8295,459.1954,136.3410,163.6092
416.8960,459.2752,136.2080,163.4496
418.0730,459.4876,135.8540,163.0249
417.7542,459.1050,136.4916,163.7899
417.7481,459.0977,136.5039,163.8046
418.7829,460.1395,136.4341,163.7209
418.7578,460.1093,136.4844,163.7813
419.8463,460.2156,136.3073,163.5688
419.8557,460.2269,136.2885,163.5462
419.8009,460.1611,136.3982,163.6779
419.7854,461.1425,136.4291,163.7150
420.9585,461.3502,136.0831,163.2997
420.6915,461.0298,136.6170,163.9404
421.7261,461.0714,136.5477,163.8573
421.6714,461.0057,136.6572,163.9887
421.6324,461.9588,136.7353,164.0823
421.7206,462.0648,136.5587,163.8704
422.8795,462.2554,136.2411,163.4893
422.9065,462.2878,136.1871,163.4245
423.8932,462.2718,136.2136,163.4564
423.7943,463.1532,136.4114,163.6937
424.8165,463.1797,136.3671,163.6405
424.7238,463.0686,136.5523,163.8627
424.6438,463.9725,136.7124,164.0549
424.7203,464.0643,136.5594,163.8713
425.9114,464.2937,136.1772,163.4126
425.6345,464.9614,136.7311,164.0773
425.6916,465.0299,136.6169,163.9402
426.7592,465.1110,136.4816,163.7779
426.6312,465.9575,136.7375,164.0851
427.7711,466.1252,136.4579,163.7495
427.5395,466.8474,136.9211,164.3053
428.5151,466.8181,136.9698,164.3637
428.3882,466.6658,137.2237,164.6684
428.2097,467.4517,137.5805,165.0966
429.2661,467.5193,137.4678,164.9613
429.0702,467.2843,137.8596,165.4315
429.0692,467.2831,137.8616,165.4339
429.1455,468.3746,137.7090,165.2508
430.2403,468.4883,137.5195,165.0234
430.1062,469.3275,137.7875,165.3450
431.3699,469.6438,137.2603,164.7123
431.2906,469.5487,137.4188,164.9025
431.3022,470.5627,137.3956,164.8747
432.3878,470.6654,137.2243,164.6692
432.3239,470.5887,137.3521,164.8225
433.2776,470.5331,137.4448,164.9337
433.1423,471.3708,137.7154,165.2585
433.3502,471.6202,137.2996,164.7596
434.4730,471.7676,137.0540,164.4648
434.4818,471.7781,137.0365,164.4438
435.4932,471.7919,137.0135,164.4162
435.4592,471.7510,137.0817,164.4980
436.5276,471.8331,136.9448,164.3338
436.4927,472.7913,137.0145,164.4174
437.6897,473.0276,136.6206,163.9447
437.7717,473.1261,136.4565,163.7478
438.8973,473.2767,136.2054,163.4465
438.9868,473.3841,136.0265,163.2318
439.9592,473.3510,136.0817,163.2980
440.8137,473.1764,136.3727,163.6472
440.7841,473.1409,136.4319,163.7182
441.8398,473.2078,136.3203,163.5844
441.8360,473.2032,136.3279,163.5935
441.9293,473.3152,136.1413,163.3696
442.8437,473.2124,136.3127,163.5752
442.8340,473.2007,136.3321,163.5985
443.9918,473.3901,136.0164,163.2197
443.8378,473.2053,136.3245,163.5894
444.9306,473.3167,136.1388,163.3666
444.8232,473.1879,136.3535,163.6242
445.9822,473.3787,136.0356,163.2427
445.9261,473.3113,136.1478,163.3774
447.0350,473.4420,135.9301,163.1161
447.9513,473.3416,136.0974,163.3169
447.7275,473.0730,136.5451,163.8541
448.7621,473.1145,136.4759,163.7711
448.8930,473.2716,136.2140,163.4568
450.0847,473.5017,135.8306,162.9967
451.0198,473.4238,135.9603,163.1524
450.8741,473.2489,136.2518,163.5022
451.9390,473.3268,136.1220,163.3464
451.8252,473.1902,136.3497,163.6196
452.9976,473.3971,136.0048,163.2058
453.8957,473.2748,136.2086,163.4503
