1
108.0000,440.0000,38.0000,25.0000
114.0000,434.0000,38.0000,25.0000
116.0000,428.0000,38.0000,25.0000
118.0000,422.0000,38.0000,25.0000
120.0000,418.0000,38.0000,25.0000
126.0000,416.0000,38.0000,25.0000
132.0000,408.0000,38.0000,25.0000
134.0000,404.0000,38.0000,25.0000
140.0000,402.0000,38.0000,25.0000
142.0000,398.0000,38.0000,25.0000
148.0000,396.0000,38.0000,25.0000
150.0000,394.0000,38.0000,25.0000
156.0000,390.0000,38.0000,25.0000
158.0000,386.0000,38.0000,25.0000
164.0000,384.0000,38.0000,25.0000
166.0000,382.0000,38.0000,25.0000
172.0000,380.0000,38.0000,25.0000
174.0000,378.0000,38.0000,25.0000
172.0000,372.0000,38.0000,25.0000
182.0000,370.0000,38.0000,25.0000
184.0000,366.0000,38.0000,25.0000
186.0000,364.0000,38.0000,25.0000
196.0000,360.0000,38.0000,25.0000
198.0000,358.0000,38.0000,25.0000
200.0000,356.0000,38.0000,25.0000
206.0000,350.0000,38.0000,25.0000
212.0000,348.0000,38.0000,25.0000
214.0000,344.0000,38.0000,25.0000
216.0000,342.0000,38.0000,25.0000
218.0000,338.0000,38.0000,25.0000
220.0000,338.0000,38.0000,25.0000
222.0000,338.0000,38.0000,25.0000
228.0000,336.0000,38.0000,25.0000
230.0000,336.0000,38.0000,25.0000
232.0000,336.0000,38.0000,25.0000
242.0000,336.0000,38.0000,25.0000
244.0000,332.0000,38.0000,25.0000
250.0000,330.0000,38.0000,25.0000
256.0000,328.0000,38.0000,25.0000
254.0000,320.0000,38.0000,25.0000
264.0000,314.0000,38.0000,25.0000
266.0000,310.0000,38.0000,25.0000
264.0000,304.0000,38.0000,25.0000
270.0000,298.0000,38.0000,25.0000
276.0000,296.0000,38.0000,25.0000
286.0000,292.0000,38.0000,25.0000
288.0000,288.0000,38.0000,25.0000
290.0000,286.0000,38.0000,25.0000
308.0000,280.0000,38.0000,25.0000
286.0000,278.0000,38.0000,25.0000
300.0000,276.0000,38.0000,25.0000
302.0000,274.0000,38.0000,25.0000
304.0000,274.0000,38.0000,25.0000
306.0000,270.0000,38.0000,25.0000
308.0000,270.0000,38.0000,25.0000
318.0000,272.0000,38.0000,25.0000
320.0000,272.0000,38.0000,25.0000
318.0000,266.0000,38.0000,25.0000
316.0000,268.0000,38.0000,25.0000
314.0000,264.0000,38.0000,25.0000
320.0000,264.0000,38.0000,25.0000
314.0000,272.0000,38.0000,25.0000
308.0000,276.0000,38.0000,25.0000
306.0000,286.0000,38.0000,25.0000
2
0
0
0
0
0
2
0
0
0
0
0
2
0
0
0
0
0
2
0
0
0
0
0
2
0
0
0
0
0
2
0
0
0
0
0
2
0
0
0
0
0
2
0
0
0
0
0
2
0
0
0
0
0
2
0
0
0
0
0
2
0
0
0
0
0
2
0
0
0
0
0
2
0
0
0
0
0
2
0
0
0
0
0
2
0
0
0
0
0
2
0
0
0
0
0
2
0
0
0
0
0
2
0
0
0
0
0
2
0
0
0
0
0
2
0
0
0
0
0
2
0
0
0
0
0
2
0
0
0
0
0
2
0
0
0
0
0
2
0
0
0
0
0
2
0
0
0
0
0
2
0
0
0
0
0
2
0
0
0
0
0
2
0
0
0
0
0
2
0
0
0
0
0
2
0
0
0
0
0
2
0
0
0
0
0
2
0
0
0
0
0
2
0
0
0
0
0
2
0
