1
385.0000,287.0000,48.0000,113.0000
2
0
0
0
0
0
2
0
0
0
0
0
2
0
0
0
0
0
2
0
0
0
0
0
2
0
0
0
0
0
2
0
0
0
0
0
2
0
0
0
0
0
2
0
0
0
0
0
2
0
0
0
0
0
2
0
0
0
0
0
2
0
0
0
0
0
2
0
0
0
0
0
2
0
0
0
0
0
2
0
0
0
0
0
2
0
0
0
0
0
2
0
0
0
0
0
2
0
0
0
0
0
2
0
0
0
0
0
2
0
0
0
0
0
2
0
0
0
0
0
2
0
0
0
0
0
2
0
0
0
0
0
2
0
0
0
0
0
2
0
0
0
0
0
2
0
0
0
0
0
2
0
0
0
0
0
2
0
0
0
0
0
2
0
0
0
0
0
2
0
0
0
0
0
2
0
0
0
0
0
2
0
0
0
0
0
2
0
0
0
0
0
2
0
0
0
0
0
2
0
0
0
0
0
2
0
0
0
0
0
2
0
0
0
0
0
2
0
0
0
0
0
2
0
0
0
0
0
2
0
0
0
0
0
2
0
0
0
0
0
2
0
0
0
0
0
2
0
0
0
0
0
2
0
0
0
0
0
2
0
0
0
0
0
2
0
0
0
0
0
2
0
0
0
0
0
2
0
0
0
0
0
2
0
0
0
0
0
2
0
0
0
0
0
2
0
0
0
0
0
2
0
0
0
0
0
2
0
0
0
0
0
398.0000,439.0000,48.0000,113.0000
397.0000,437.0000,48.0000,113.0000
396.0000,436.0000,48.0000,113.0000
394.0000,434.0000,48.0000,113.0000
391.0000,432.0000,48.0000,113.0000
390.0000,433.0000,48.0000,113.0000
388.0000,431.0000,48.0000,113.0000
387.0000,430.0000,48.0000,113.0000
384.0000,428.0000,48.0000,113.0000
381.0000,427.0000,48.0000,113.0000
381.0000,427.0000,48.0000,113.0000
379.0000,425.0000,48.0000,113.0000
378.0000,423.0000,48.0000,113.0000
377.0000,421.0000,48.0000,113.0000
376.0000,419.0000,48.0000,113.0000
376.0000,419.0000,48.0000,113.0000
376.0000,418.0000,48.0000,113.0000
374.0000,417.0000,48.0000,113.0000
372.0000,416.0000,48.0000,113.0000
371.0000,415.0000,48.0000,113.0000
372.0000,413.0000,48.0000,113.0000
372.0000,413.0000,48.0000,113.0000
371.0000,412.0000,48.0000,113.0000
371.0000,410.0000,48.0000,113.0000
370.0000,409.0000,48.0000,113.0000
369.0000,408.0000,48.0000,113.0000
369.0000,408.0000,48.0000,113.0000
367.0000,408.0000,48.0000,113.0000
365.0000,406.0000,48.0000,113.0000
365.0000,405.0000,48.0000,113.0000
364.0000,404.0000,48.0000,113.0000
364.0000,404.0000,48.0000,113.0000
363.0000,403.0000,48.0000,113.0000
363.0000,401.0000,48.0000,113.0000
362.0000,400.0000,48.0000,113.0000
362.0000,399.0000,48.0000,113.0000
362.0000,399.0000,48.0000,113.0000
363.0000,398.0000,48.0000,113.0000
363.0000,397.0000,48.0000,113.0000
363.0000,397.0000,48.0000,113.0000
362.0000,396.0000,48.0000,113.0000
362.0000,396.0000,48.0000,113.0000
362.0000,394.0000,48.0000,113.0000
362.0000,393.0000,48.0000,113.0000
362.0000,393.0000,48.0000,113.0000
361.0000,394.0000,48.0000,113.0000
361.0000,392.0000,48.0000,113.0000
361.0000,392.0000,48.0000,113.0000
361.0000,391.0000,48.0000,113.0000
360.0000,391.0000,48.0000,113.0000
359.0000,391.0000,48.0000,113.0000
358.0000,391.0000,48.0000,113.0000
358.0000,391.0000,48.0000,113.0000
356.0000,392.0000,48.0000,113.0000
356.0000,393.0000,48.0000,113.0000
355.0000,394.0000,48.0000,113.0000
354.0000,395.0000,48.0000,113.0000
354.0000,395.0000,48.0000,113.0000
353.0000,397.0000,48.0000,113.0000
353.0000,398.0000,48.0000,113.0000
351.0000,400.0000,48.0000,113.0000
350.0000,402.0000,48.0000,113.0000
349.0000,404.0000,48.0000,113.0000
349.0000,404.0000,48.0000,113.0000
349.0000,406.0000,48.0000,113.0000
2
0
0
0
0
0
2
0
0
0
0
0
2
0
0
0
0
0
