1
656.9998,256.9998,10.0005,9.0005
657.0046,257.0042,9.9908,8.9917
656.9822,256.9840,10.0356,9.0321
655.9553,256.9598,10.0894,9.0804
655.9691,256.9721,10.0619,9.0557
655.9688,256.9719,10.0624,9.0562
655.9747,256.9772,10.0507,9.0456
655.9944,256.9950,10.0111,9.0100
655.9926,256.9933,10.0148,9.0133
655.9794,256.9814,10.0413,9.0371
655.9543,256.9589,10.0914,9.0823
655.9417,256.9475,10.1167,9.1050
655.9611,256.9650,10.0779,9.0701
655.9735,257.9762,10.0529,9.0476
655.9932,257.9939,10.0135,9.0121
655.9991,257.9992,10.0018,9.0016
655.9901,257.9910,10.0199,9.0179
655.9887,257.9899,10.0225,9.0203
656.0012,258.0011,9.9976,8.9978
657.0322,258.0289,9.9357,8.9421
657.0230,259.0207,9.9539,8.9585
657.0156,259.0141,9.9687,8.9718
656.9980,258.9982,10.0039,9.0035
656.9789,258.9810,10.0421,9.0379
656.9696,258.9727,10.0608,9.0547
656.9434,258.9491,10.1132,9.1019
656.9622,258.9660,10.0755,9.0680
655.9745,259.9771,10.0510,9.0459
655.9879,259.9891,10.0243,9.0219
656.0220,260.0198,9.9559,8.9603
656.0289,260.0260,9.9422,8.9480
656.0361,260.0325,9.9277,8.9350
656.0769,260.0692,9.8462,8.8615
656.1381,260.1242,9.7239,8.7515
655.1842,261.1658,9.6316,8.6685
655.1246,261.1122,9.7507,8.7757
655.1528,261.1375,9.6944,8.7250
655.1666,261.1499,9.6669,8.7002
656.2058,261.1852,9.5884,8.6296
656.2455,261.2210,9.5089,8.5580
656.2372,261.2135,9.5255,8.5729
656.2510,261.2259,9.4979,8.5482
657.2534,261.2281,9.4932,8.5439
657.2602,262.2342,9.4796,8.5317
657.2441,262.2197,9.5119,8.5607
657.2314,262.2083,9.5373,8.5835
658.2289,262.2060,9.5422,8.5880
658.2370,262.2133,9.5260,8.5734
658.2440,263.2196,9.5119,8.5607
659.2416,263.2174,9.5169,8.5652
659.2506,263.2256,9.4987,8.5489
658.2458,263.2213,9.5084,8.5575
659.2393,263.2153,9.5215,8.5693
659.2402,264.2161,9.5197,8.5677
659.2299,264.2069,9.5402,8.5862
659.2135,264.1921,9.5731,8.6157
659.2153,264.1938,9.5694,8.6124
660.1938,264.1745,9.6122,8.6510
660.1671,264.1504,9.6657,8.6992
660.1664,265.1498,9.6671,8.7004
660.1763,265.1587,9.6474,8.6827
660.1631,265.1468,9.6738,8.7064
660.1611,265.1450,9.6778,8.7100
660.1543,265.1389,9.6914,8.7223
660.1455,265.1310,9.7090,8.7381
660.1562,265.1407,9.6875,8.7187
660.1448,266.1303,9.7105,8.7394
660.1459,266.1313,9.7083,8.7375
660.1437,266.1294,9.7125,8.7412
659.1246,266.1122,9.7508,8.7757
659.1299,266.1170,9.7401,8.7661
659.1083,266.0974,9.7834,8.8051
659.0844,266.0759,9.8313,8.8482
658.0562,266.0505,9.8877,8.8989
658.0491,266.0442,9.9018,8.9116
658.0317,266.0286,9.9365,8.9428
658.0003,266.0003,9.9994,8.9994
656.9664,265.9697,10.0673,9.0605
656.9559,265.9604,10.0881,9.0793
656.9505,265.9554,10.0991,9.0891
655.9365,265.9428,10.1271,9.1144
655.9371,264.9434,10.1257,9.1131
655.9236,264.9312,10.1528,9.1375
654.9020,264.9118,10.1961,9.1765
653.8972,263.9075,10.2056,9.1850
653.8759,263.8883,10.2482,9.2234
651.8837,263.8954,10.2326,9.2093
651.8882,263.8994,10.2235,9.2011
650.8961,262.9065,10.2077,9.1869
649.8924,262.9031,10.2152,9.1937
648.8976,262.9079,10.2048,9.1843
647.8928,261.9035,10.2145,9.1930
646.9199,261.9279,10.1603,9.1443
645.9135,260.9221,10.1730,9.1557
643.8726,260.8853,10.2549,9.2294
642.8715,260.8843,10.2570,9.2313
641.8657,259.8791,10.2686,9.2417
640.8641,259.8777,10.2717,9.2445
639.8541,258.8687,10.2917,9.2625
637.8465,258.8619,10.3069,9.2763
636.8423,258.8581,10.3153,9.2838
635.8096,258.8287,10.3807,9.3427
634.7693,258.7924,10.4613,9.4152
632.7018,257.7317,10.5963,9.5366
631.6912,257.7221,10.6176,9.5558
630.6740,257.7065,10.6521,9.5869
629.6261,256.6635,10.7478,9.6730
628.5984,256.6385,10.8032,9.7229
626.5762,256.6186,10.8476,9.7628
625.5891,256.6302,10.8218,9.7396
624.5959,256.6363,10.8082,9.7274
623.6107,255.6496,10.7786,9.7007
623.6173,255.6556,10.7654,9.6889
622.5850,255.6265,10.8300,9.7470
621.5537,255.5983,10.8926,9.8034
620.5441,254.5897,10.9117,9.8206
619.5257,254.5732,10.9486,9.8537
619.5256,254.5730,10.9489,9.8540
618.4761,253.5285,11.0477,9.9430
617.4554,253.5099,11.0892,9.9802
616.4305,253.4874,11.1390,10.0251
616.4523,252.5070,11.0954,9.9859
615.4431,252.4988,11.1138,10.0024
615.4672,252.5205,11.0656,9.9590
614.4488,252.5039,11.1024,9.9922
614.4810,252.5329,11.0381,9.9343
613.4575,251.5118,11.0849,9.9764
613.4646,251.5182,11.0708,9.9637
613.4587,251.5128,11.0826,9.9743
613.4333,251.4900,11.1334,10.0201
613.4038,251.4635,11.1923,10.0731
613.4009,251.4608,11.1982,10.0783
613.3909,251.4518,11.2182,10.0964
612.3796,251.4417,11.2408,10.1167
612.3777,252.4399,11.2446,10.1201
612.3378,252.4041,11.3243,10.1919
611.3072,252.3765,11.3856,10.2471
611.2856,252.3570,11.4288,10.2859
610.2551,252.3296,11.4898,10.3408
610.2614,252.3353,11.4772,10.3295
610.2686,252.3417,11.4629,10.3166
610.2883,252.3594,11.4235,10.2811
610.2819,252.3537,11.4362,10.2926
610.2784,252.3505,11.4433,10.2989
609.2590,252.3331,11.4819,10.3337
609.3062,252.3756,11.3875,10.2488
609.3538,252.4184,11.2925,10.1633
609.3809,252.4428,11.2382,10.1144
609.3773,253.4395,11.2455,10.1209
609.3544,253.4190,11.2911,10.1620
609.3318,253.3987,11.3363,10.2027
609.3130,253.3817,11.3740,10.2366
609.2993,253.3693,11.4015,10.2613
609.2608,253.3347,11.4784,10.3306
609.2144,253.2929,11.5713,10.4142
609.1704,253.2534,11.6591,10.4932
609.1407,253.2266,11.7186,10.5468
609.1192,253.2073,11.7615,10.5854
608.0828,253.1746,11.8343,10.6509
608.0484,253.1436,11.9032,10.7129
607.9969,253.0972,12.0062,10.8056
608.0005,253.1004,11.9990,10.7991
607.9956,253.0960,12.0088,10.8080
607.9899,253.0909,12.0202,10.8182
606.9414,253.0473,12.1172,10.9055
606.9614,253.0652,12.0772,10.8695
606.9689,253.0720,12.0622,10.8560
606.9724,253.0751,12.0552,10.8497
606.9854,254.0869,12.0292,10.8262
606.9479,254.0531,12.1043,10.8939
606.9238,254.0314,12.1524,10.9372
606.9108,254.0197,12.1784,10.9606
606.9130,254.0217,12.1740,10.9566
606.9464,255.0518,12.1072,10.8965
607.9435,255.0491,12.1131,10.9018
606.9101,255.0191,12.1798,10.9618
607.9070,255.0163,12.1859,10.9673
607.8906,255.0016,12.2187,10.9968
607.8741,255.9867,12.2517,11.0266
607.8270,255.9443,12.3459,11.1113
607.8172,255.9355,12.3656,11.1290
607.8039,255.9235,12.3922,11.1530
607.7914,255.9122,12.4172,11.1755
607.7883,255.9095,12.4234,11.1811
606.7626,255.8863,12.4749,11.2274
606.8115,256.9304,12.3770,11.1393
606.8408,256.9568,12.3183,11.0865
606.8318,255.9487,12.3363,11.1027
605.8314,255.9482,12.3373,11.1035
605.8535,255.9681,12.2931,11.0638
604.8300,254.9470,12.3399,11.1060
604.8541,254.9686,12.2919,11.0627
604.8645,253.9780,12.2710,11.0439
603.8737,253.9864,12.2525,11.0273
603.8899,253.0009,12.2202,10.9982
603.8883,252.9995,12.2233,11.0010
602.8535,251.9681,12.2931,11.0637
602.8484,251.9635,12.3033,11.0729
602.7832,250.9049,12.4335,11.1902
601.7549,249.8794,12.4902,11.2412
601.7465,248.8718,12.5071,11.2564
601.7650,248.8885,12.4700,11.2230
601.7496,248.8747,12.5007,11.2507
601.7209,247.8489,12.5581,11.3023
601.7043,246.8338,12.5914,11.3323
601.7043,246.8339,12.5913,11.3322
601.7056,245.8350,12.5889,11.3300
601.7286,245.8557,12.5428,11.2885
601.7216,244.8494,12.5569,11.3012
601.7214,244.8493,12.5572,11.3015
601.7045,244.8340,12.5911,11.3320
602.6821,244.8139,12.6358,11.3722
602.6246,244.7622,12.7507,11.4756
602.5289,244.6760,12.9423,11.6481
602.4756,244.6280,13.0488,11.7439
602.4338,244.5904,13.1323,11.8191
603.4213,244.5792,13.1574,11.8417
603.3616,244.5255,13.2768,11.9491
603.3549,244.5194,13.2901,11.9611
603.3323,244.4991,13.3353,12.0018
603.3176,244.4858,13.3649,12.0284
603.3091,244.4782,13.3818,12.0436
604.3090,244.4781,13.3819,12.0437
604.2984,244.4686,13.4032,12.0629
604.2940,244.4646,13.4120,12.0708
604.3191,244.4872,13.3618,12.0256
605.3781,245.5403,13.2438,11.9194
605.3116,245.4804,13.3769,12.0392
605.2779,245.4501,13.4442,12.0998
605.2906,245.4615,13.4189,12.0770
606.3276,246.4948,13.3448,12.0103
606.2704,246.4434,13.4591,12.1132
606.2363,246.4127,13.5273,12.1746
607.1985,246.3787,13.6030,12.2427
607.1471,246.3324,13.7058,12.3353
607.0898,247.2808,13.8205,12.4384
607.0626,247.2563,13.8748,12.4873
607.0423,247.2381,13.9154,12.5239
607.0397,247.2357,13.9206,12.5285
607.0281,247.2253,13.9437,12.5494
607.0455,248.2410,13.9090,12.5181
607.0266,248.2239,13.9470,12.5523
607.0205,248.2184,13.9590,12.5631
607.0353,248.2317,13.9295,12.5365
608.0544,249.2490,13.8911,12.5020
607.9778,249.1800,14.0444,12.6400
607.9325,249.1393,14.1350,12.7215
607.9044,250.1139,14.1913,12.7722
607.8272,250.0445,14.3456,12.9110
608.8178,250.0360,14.3644,12.9279
608.7935,251.0141,14.4130,12.9717
608.7498,250.9748,14.5004,13.0503
609.7590,250.9831,14.4820,13.0338
609.7546,250.9791,14.4908,13.0418
610.8060,252.0254,14.3880,12.9492
610.7511,251.9760,14.4978,13.0481
610.7213,251.9492,14.5574,13.1016
611.7225,251.9503,14.5549,13.0994
611.6777,251.9099,14.6446,13.1802
611.6487,251.8838,14.7026,13.2323
612.6287,251.8658,14.7427,13.2684
612.5794,251.8215,14.8411,13.3570
612.5331,251.7798,14.9337,13.4403
613.5052,251.7546,14.9897,13.4907
613.4126,251.6713,15.1748,13.6573
613.3770,251.6393,15.2460,13.7214
614.3470,251.6124,15.3058,13.7753
614.2717,251.5445,15.4567,13.9110
614.2345,251.5110,15.5310,13.9779
614.1772,251.4595,15.6455,14.0810
615.1389,251.4249,15.7224,14.1501
615.0916,251.3824,15.8168,14.2352
616.0323,251.3291,15.9354,14.3418
615.9329,250.2396,16.1343,14.5208
615.8646,250.1781,16.2709,14.6438
616.8329,250.1496,16.3341,14.7007
616.7745,250.0971,16.4509,14.8058
616.7152,250.0437,16.5696,14.9127
616.6933,250.0239,16.6135,14.9521
616.6490,248.9841,16.7019,15.0317
616.6352,248.9717,16.7296,15.0567
617.6368,248.9732,16.7263,15.0537
617.5873,248.9286,16.8253,15.1428
617.5381,248.8842,16.9239,15.2315
617.5421,248.8879,16.9159,15.2243
617.5280,248.8752,16.9439,15.2495
617.5125,248.8612,16.9750,15.2775
617.4916,248.8425,17.0168,15.3151
617.4465,248.8019,17.1069,15.3962
618.4218,248.7796,17.1563,15.4407
618.3002,248.6702,17.3996,15.6597
618.1849,247.5664,17.6303,15.8672
618.1444,247.5299,17.7112,15.9401
617.0726,247.4653,17.8549,16.0694
617.0387,247.4348,17.9226,16.1304
616.9951,247.3956,18.0098,16.2088
616.9296,247.3366,18.1409,16.3268
616.8827,247.2944,18.2346,16.4112
616.8475,247.2628,18.3049,16.4745
615.7813,247.2032,18.4373,16.5936
615.7261,247.1535,18.5478,16.6930
615.6454,247.0808,18.7092,16.8383
614.5987,247.0388,18.8026,16.9224
614.5844,247.0259,18.8313,16.9482
613.5464,246.9918,18.9072,17.0165
613.5264,246.9738,18.9471,17.0524
612.5109,246.9598,18.9783,17.0805
612.4695,246.9226,19.0610,17.1549
612.4283,246.8855,19.1433,17.2290
611.3643,246.8278,19.2715,17.3443
610.3176,246.7858,19.3649,17.4284
610.3284,247.7955,19.3432,17.4089
609.2601,247.7341,19.4797,17.5318
609.2310,247.7079,19.5380,17.5842
608.2089,247.6880,19.5821,17.6239
608.1991,247.6792,19.6018,17.6416
608.1809,247.6628,19.6382,17.6744
607.1366,247.6229,19.7268,17.7541
606.1309,247.6178,19.7383,17.7645
606.1694,247.6525,19.6611,17.6950
605.1335,248.6202,19.7329,17.7596
605.1443,248.6299,19.7114,17.7402
605.1345,248.6211,19.7309,17.7578
604.0883,249.5795,19.8234,17.8411
604.0552,249.5497,19.8896,17.9006
603.0111,249.5100,19.9778,17.9800
603.0027,249.5025,19.9945,17.9950
601.9654,249.4689,20.0692,18.0623
601.9618,250.4656,20.0764,18.0688
600.8957,250.4061,20.2087,18.1878
600.8655,250.3789,20.2690,18.2421
599.8386,251.3548,20.3227,18.2905
599.8062,251.3255,20.3877,18.3489
598.7556,251.2801,20.4888,18.4399
597.7609,252.2848,20.4783,18.4305
597.7549,253.2794,20.4903,18.4413
596.7288,253.2559,20.5424,18.4882
596.7642,254.2878,20.4715,18.4244
595.7169,254.2452,20.5662,18.5096
595.7498,255.2748,20.5004,18.4503
594.7447,256.2702,20.5106,18.4595
594.7315,256.2584,20.5370,18.4833
593.7654,257.2888,20.4692,18.4223
593.7786,258.3008,20.4428,18.3985
592.7567,259.2810,20.4866,18.4380
592.7460,259.2714,20.5080,18.4572
592.7745,260.2971,20.4510,18.4059
591.7281,261.2553,20.5438,18.4894
590.7076,262.2368,20.5848,18.5263
590.6841,263.2157,20.6318,18.5686
589.6517,264.1865,20.6967,18.6270
589.6148,265.1533,20.7704,18.6934
588.5641,265.1077,20.8718,18.7846
588.5507,267.0957,20.8985,18.8087
587.4768,268.0291,21.0464,18.9417
587.4446,269.0001,21.1109,18.9998
586.4219,269.9797,21.1562,19.0406
586.4161,270.9745,21.1677,19.0510
585.3879,272.9491,21.2242,19.1018
585.3569,273.9212,21.2862,19.1576
585.3259,274.8933,21.3482,19.2134
585.3002,275.8702,21.3995,19.2596
584.2731,277.8458,21.4538,19.3084
584.2316,278.8085,21.5367,19.3830
584.2596,280.8336,21.4808,19.3328
584.2377,281.8139,21.5246,19.3722
584.2276,283.8049,21.5448,19.3903
584.1821,284.7639,21.6358,19.4723
584.1911,286.7720,21.6178,19.4560
584.1674,288.7507,21.6652,19.4987
584.1210,289.7089,21.7581,19.5823
583.1162,290.7046,21.7676,19.5909
583.0924,291.6832,21.8151,19.6336
583.0443,292.6398,21.9115,19.7204
583.0187,293.6169,21.9625,19.7662
582.9476,293.5528,22.1049,19.8944
582.8923,294.5031,22.2154,19.9938
582.8521,294.4669,22.2958,20.0663
582.7955,295.4160,22.4089,20.1680
582.7670,295.3903,22.4660,20.2194
583.7383,295.3645,22.5233,20.2710
583.6695,295.3026,22.6610,20.3949
583.5934,295.2340,22.8133,20.5319
584.5999,295.2399,22.8002,20.5201
585.5875,294.2288,22.8250,20.5425
585.5103,293.1593,22.9794,20.6814
585.4766,293.1289,23.0468,20.7421
586.4800,292.1320,23.0400,20.7360
586.3829,292.0446,23.2341,20.9107
586.2031,289.8828,23.5937,21.2343
587.2515,289.9263,23.4970,21.1473
588.1465,288.8318,23.7070,21.3363
587.9930,286.6937,24.0139,21.6126
588.9890,286.6901,24.0220,21.6198
589.8363,284.5527,24.3274,21.8946
590.7807,284.5027,24.4385,21.9947
590.5557,282.3001,24.8887,22.3998
591.5560,281.3004,24.8880,22.3992
591.4404,280.1964,25.1192,22.6073
592.4261,279.1835,25.1479,22.6331
593.3857,278.1471,25.2286,22.7057
593.2825,277.0543,25.4349,22.8914
594.2429,276.0186,25.5143,22.9629
595.1801,275.9621,25.6397,23.0758
595.0467,274.8420,25.9066,23.3159
594.9330,274.7397,26.1341,23.5206
594.8376,273.6539,26.3247,23.6922
594.7747,273.5972,26.4507,23.8057
594.7254,273.5529,26.5492,23.8943
594.6721,272.5049,26.6558,23.9902
594.6168,272.4551,26.7665,24.0899
594.5264,271.3737,26.9473,24.2525
594.4445,271.3001,27.1110,24.3999
594.3897,271.2507,27.2206,24.4985
594.3482,270.2133,27.3036,24.5733
594.3417,270.2076,27.3166,24.5849
594.3284,270.1956,27.3431,24.6088
594.2982,270.1684,27.4035,24.6632
594.2060,269.0854,27.5880,24.8292
594.1644,269.0480,27.6711,24.9040
594.1108,268.9997,27.7784,25.0005
594.0676,268.9609,27.8648,25.0783
593.9971,267.8974,28.0058,25.2052
593.9823,267.8841,28.0354,25.2318
593.0001,267.9001,27.9997,25.1998
593.0120,267.9107,27.9761,25.1785
593.0409,267.9368,27.9182,25.1264
593.0597,267.9537,27.8806,25.0926
593.0563,268.9507,27.8873,25.0986
593.0491,268.9442,27.9018,25.1117
593.0427,268.9384,27.9146,25.1232
592.0834,269.9751,27.8331,25.0498
592.1251,270.0126,27.7498,24.9748
592.1733,271.0560,27.6533,24.8880
592.1997,272.0797,27.6006,24.8406
592.2017,272.0815,27.5966,24.8369
592.2200,273.0981,27.5599,24.8039
592.2207,274.0986,27.5586,24.8027
592.1717,274.0545,27.6566,24.8909
591.1849,275.0665,27.6301,24.8671
591.2205,276.0984,27.5591,24.8032
591.2444,276.1200,27.5112,24.7601
591.2722,276.1450,27.4556,24.7100
591.3151,277.1836,27.3698,24.6329
591.3311,278.1980,27.3377,24.6040
591.3211,278.1890,27.3578,24.6220
591.3082,279.1774,27.3835,24.6452
591.2519,279.1267,27.4962,24.7466
591.2139,280.0925,27.5721,24.8149
590.1407,280.0266,27.7186,24.9467
590.1700,281.0530,27.6600,24.8940
590.1302,281.0172,27.7395,24.9655
590.1135,281.0021,27.7730,24.9957
590.1057,280.9951,27.7886,25.0098
590.0872,280.9785,27.8255,25.0430
590.0494,280.9444,27.9013,25.1112
590.0497,280.9447,27.9007,25.1106
590.0627,280.9565,27.8746,25.0871
590.0984,280.9885,27.8033,25.0229
591.1738,281.0565,27.6523,24.8871
591.1125,281.0012,27.7751,24.9976
591.0867,280.9780,27.8267,25.0440
591.0749,280.9674,27.8502,25.0652
591.0568,280.9511,27.8865,25.0979
591.0900,280.9810,27.8201,25.0380
592.1012,280.9911,27.7976,25.0178
592.0483,280.9435,27.9033,25.1130
592.0213,280.9192,27.9574,25.1617
