1
648.0154,382.0655,18.9693,80.8690
648.0308,381.1312,18.9384,80.7375
648.0365,381.1556,18.9270,80.6887
648.0513,381.2186,18.8975,80.5629
648.0497,381.2119,18.9006,80.5763
648.0702,381.2993,18.8596,80.4014
648.0915,381.3901,18.8170,80.2199
647.0994,381.4236,18.8013,80.1528
647.0889,381.3792,18.8221,80.2416
647.1050,381.4479,18.7899,80.1042
647.1132,381.4828,18.7735,80.0345
647.1174,381.5004,18.7652,79.9992
647.1225,381.5222,18.7550,79.9556
647.1339,381.5708,18.7322,79.8584
647.1341,381.5716,18.7319,79.8568
648.1075,380.4582,18.7850,80.0836
648.1311,380.5590,18.7378,79.8820
648.1561,380.6654,18.6878,79.6691
648.1821,380.7762,18.6359,79.4476
647.1948,380.8303,18.6105,79.3395
647.1728,379.7367,18.6544,79.5267
647.1348,379.5748,18.7303,79.8504
647.1248,379.5317,18.7505,79.9365
647.1073,379.4575,18.7854,80.0851
647.0961,379.4094,18.8079,80.1811
647.0872,379.3716,18.8257,80.2568
647.0721,379.3073,18.8558,80.3853
646.0938,379.4001,18.8123,80.1999
646.1104,379.4704,18.7793,80.0592
646.1251,379.5332,18.7498,79.9336
645.1448,379.6175,18.7103,79.7650
645.1440,379.6139,18.7120,79.7723
645.1724,379.7348,18.6553,79.5304
644.1798,379.7664,18.6404,79.4671
643.1735,379.7395,18.6531,79.5210
643.1236,379.5269,18.7528,79.9461
642.0920,379.3924,18.8159,80.2151
642.0448,379.1909,18.9105,80.6183
641.0801,379.3417,18.8397,80.3166
640.0836,379.3563,18.8329,80.2874
640.0833,379.3552,18.8333,80.2895
639.0828,379.3529,18.8344,80.2942
639.0691,379.2946,18.8618,80.4107
638.0784,380.3340,18.8433,80.3321
637.0811,380.3457,18.8378,80.3086
637.0679,380.2894,18.8642,80.4212
637.0621,381.2650,18.8757,80.4701
637.0558,381.2381,18.8883,80.5238
636.0566,381.2415,18.8867,80.5169
636.0466,381.1985,18.9069,80.6031
637.0308,381.1312,18.9384,80.7376
637.0590,381.2513,18.8821,80.4974
638.0666,381.2839,18.8668,80.4322
638.0876,381.3735,18.8248,80.2530
639.0778,381.3316,18.8444,80.3369
639.0941,381.4012,18.8118,80.1976
639.0941,381.4013,18.8118,80.1975
640.0829,381.3538,18.8340,80.2925
640.0925,381.3945,18.8149,80.2110
641.1020,381.4347,18.7961,80.1306
641.1026,381.4374,18.7948,80.1253
642.1176,381.5013,18.7648,79.9973
643.1375,382.5861,18.7250,79.8278
643.1089,382.4641,18.7823,80.0718
644.0849,382.3620,18.8302,80.2759
644.0828,382.3531,18.8343,80.2937
645.0718,382.3062,18.8564,80.3877
645.0757,382.3227,18.8486,80.3546
646.0875,382.3728,18.8251,80.2544
646.0695,382.2961,18.8611,80.4079
647.0466,382.1988,18.9067,80.6024
648.0114,382.0486,18.9772,80.9028
647.9838,380.9309,19.0324,81.1383
648.9951,380.9792,19.0097,81.0415
649.0109,381.0466,18.9781,80.9068
649.9902,380.9582,19.0196,81.0836
649.9623,380.8394,19.0754,81.3213
650.9345,380.7208,19.1310,81.5584
651.9075,380.6056,19.1850,81.7889
652.8886,380.5251,19.2228,81.9498
652.8749,380.4668,19.2501,82.0664
653.8568,381.3892,19.2866,82.2216
655.8096,381.1884,19.3808,82.6233
656.7802,381.0627,19.4397,82.8747
658.7393,380.8883,19.5215,83.2234
659.7427,380.9033,19.5145,83.1934
660.7465,380.9193,19.5070,83.1615
662.7323,380.8588,19.5354,83.2823
663.7192,379.8031,19.5615,83.3939
665.7316,379.8555,19.5369,83.2890
666.7774,380.0511,19.4452,82.8979
667.8047,380.1673,19.3907,82.6655
668.8325,380.2860,19.3350,82.4280
669.8538,379.3766,19.2925,82.2468
670.9006,379.5762,19.1988,81.8475
671.9346,379.7213,19.1307,81.5573
672.9499,379.7864,19.1002,81.4271
672.9512,379.7919,19.0976,81.4161
673.9742,380.8898,19.0517,81.2203
674.9876,380.9471,19.0248,81.1059
674.9957,380.9818,19.0086,81.0365
676.0085,381.0361,18.9831,80.9277
675.9804,379.9166,19.0391,81.1668
676.9786,379.9088,19.0428,81.1825
676.9653,379.8521,19.0694,81.2959
676.9673,379.8608,19.0653,81.2784
677.9670,379.8591,19.0661,81.2818
677.9847,379.9351,19.0305,81.1299
677.9883,379.9501,19.0234,81.0998
677.9912,379.9626,19.0176,81.0749
678.0017,380.0073,18.9966,80.9854
677.9880,379.9488,19.0240,81.1023
677.9827,379.9262,19.0346,81.1477
677.9915,379.9638,19.0170,81.0724
677.9918,379.9648,19.0165,81.0704
676.9985,379.9938,19.0029,81.0124
676.9976,379.9897,19.0049,81.0207
677.0043,380.0186,18.9913,80.9629
676.9947,379.9774,19.0106,81.0451
676.9866,379.9431,19.0267,81.1138
676.9639,379.8459,19.0723,81.3081
676.9533,379.8008,19.0934,81.3984
676.9518,379.7948,19.0963,81.4104
676.9539,379.8032,19.0923,81.3937
677.9449,379.7652,19.1102,81.4696
677.9676,379.8618,19.0649,81.2765
677.9896,379.9559,19.0207,81.0882
677.9833,379.9290,19.0333,81.1419
676.9744,379.8909,19.0512,81.2182
676.9498,379.7862,19.1003,81.4276
676.9346,379.7210,19.1309,81.5580
676.9016,379.5802,19.1969,81.8396
675.8842,378.5063,19.2316,81.9874
675.9025,378.5841,19.1951,81.8318
675.9031,378.5869,19.1938,81.8262
675.9171,378.6463,19.1659,81.7074
674.9288,378.6965,19.1424,81.6071
674.9229,378.6711,19.1543,81.6578
673.9165,378.6440,19.1670,81.7120
673.9302,377.7026,19.1395,81.5948
672.9151,377.6379,19.1699,81.7241
672.8965,377.5587,19.2070,81.8825
671.8539,377.3772,19.2922,82.2456
670.8356,377.2991,19.3288,82.4018
669.8389,376.3134,19.3221,82.3733
669.8574,376.3920,19.2852,82.2161
668.8650,376.4245,19.2700,82.1510
667.8439,375.3343,19.3123,82.3314
666.8497,375.3592,19.3006,82.2817
665.8569,375.3898,19.2863,82.2204
664.8538,375.3766,19.2925,82.2469
664.8544,375.3794,19.2912,82.2413
663.8380,375.3095,19.3239,82.3810
661.8381,375.3101,19.3237,82.3799
660.8474,375.3496,19.3051,82.3009
659.8406,375.3203,19.3189,82.3594
658.8358,375.3001,19.3284,82.3998
657.8439,375.3343,19.3123,82.3313
656.8209,375.2364,19.3582,82.5272
656.8195,375.2304,19.3611,82.5392
655.8297,374.2741,19.3405,82.4517
654.8496,374.3589,19.3008,82.2822
653.8478,374.3510,19.3045,82.2980
652.8560,374.3862,19.2879,82.2275
651.8548,374.3810,19.2904,82.2381
650.8478,374.3514,19.3043,82.2972
649.8350,373.2966,19.3300,82.4068
648.8632,373.4167,19.2737,82.1666
647.8809,373.4921,19.2383,82.0159
646.8840,373.5053,19.2321,81.9894
645.9088,373.6109,19.1826,81.7783
644.9177,374.6494,19.1645,81.7013
643.9153,374.6389,19.1694,81.7222
641.9120,374.6251,19.1759,81.7498
640.9165,374.6440,19.1670,81.7119
639.9227,374.6703,19.1547,81.6594
637.8986,374.5676,19.2028,81.8647
636.8867,374.5167,19.2267,81.9666
634.8579,374.3943,19.2842,82.2114
633.8165,374.2180,19.3669,82.5641
631.7963,373.1314,19.4075,82.7372
630.8223,373.2422,19.3555,82.5156
629.8334,373.2900,19.3331,82.4200
627.8259,373.2580,19.3481,82.4841
626.8336,373.2906,19.3328,82.4187
625.8325,373.2861,19.3349,82.4278
624.8425,373.3286,19.3150,82.3427
623.8538,374.3767,19.2924,82.2466
621.8373,374.3065,19.3254,82.3871
620.8394,374.3153,19.3212,82.3693
619.8549,374.3813,19.2903,82.2375
618.8804,374.4903,19.2391,82.0193
617.9066,374.6015,19.1869,81.7970
615.9362,375.7281,19.1276,81.5439
614.9323,375.7115,19.1354,81.5771
613.9144,375.6353,19.1711,81.7295
612.9269,375.6883,19.1462,81.6233
611.9286,374.6955,19.1428,81.6089
610.9313,374.7069,19.1375,81.5861
609.9529,374.7994,19.0941,81.4012
608.9554,374.8102,19.0891,81.3797
607.9638,374.8458,19.0723,81.3084
605.9935,375.9721,19.0131,81.0558
604.9995,375.9979,19.0010,81.0041
603.0090,376.0383,18.9820,80.9233
602.0583,376.2486,18.8834,80.5029
601.1195,376.5094,18.7610,79.9812
599.1428,377.6089,18.7144,79.7823
597.1577,377.6723,18.6846,79.6554
595.1459,378.6221,18.7081,79.7558
593.1275,378.5435,18.7450,79.9131
591.1127,379.4803,18.7747,80.0394
590.0835,379.3559,18.8330,80.2881
587.1112,380.4741,18.7776,80.0518
585.1093,380.4660,18.7814,80.0680
582.0845,381.3602,18.8310,80.2797
580.0600,382.2558,18.8800,80.4884
577.0941,383.4010,18.8119,80.1980
574.0541,384.2306,18.8918,80.5389
572.0593,385.2530,18.8813,80.4941
569.0485,385.2065,18.9031,80.5870
567.0905,386.3859,18.8190,80.2282
564.1274,387.5433,18.7451,79.9134
562.1633,389.6962,18.6734,79.6076
562.2036,389.8678,18.5929,79.2644
558.2003,391.8540,18.5994,79.2920
556.1865,393.7951,18.6270,79.4098
556.1992,393.8493,18.6016,79.3014
560.1988,395.8474,18.6025,79.3052
561.1637,396.6978,18.6726,79.6043
558.1730,396.7377,18.6539,79.5246
556.1736,397.7400,18.6528,79.5200
555.1829,398.7797,18.6342,79.4406
553.1557,399.6638,18.6886,79.6723
551.1530,400.6522,18.6940,79.6956
549.1656,401.7061,18.6688,79.5879
548.1445,402.6158,18.7111,79.7685
546.1676,403.7146,18.6648,79.5709
544.1761,404.7507,18.6478,79.4986
542.1684,405.7180,18.6632,79.5640
541.1564,406.6665,18.6873,79.6669
539.1530,407.6523,18.6940,79.6954
538.1335,408.5691,18.7330,79.8618
535.1117,409.4761,18.7766,80.0478
533.1207,410.5143,18.7587,79.9714
532.1006,411.4290,18.7987,80.1420
530.0806,412.3434,18.8389,80.3131
529.0620,413.2644,18.8760,80.4713
527.0480,414.2049,18.9039,80.5902
525.0535,415.2282,18.8929,80.5435
524.0529,416.2253,18.8943,80.5494
522.0516,417.2202,18.8967,80.5596
521.0544,418.2318,18.8913,80.5364
519.0433,420.1848,18.9133,80.6304
517.0125,421.0533,18.9750,80.8933
515.9781,421.9068,19.0437,81.1864
514.9609,421.8334,19.0782,81.3333
513.9319,422.7097,19.1362,81.5807
512.9064,423.6010,19.1872,81.7981
511.8876,424.5208,19.2248,81.9585
510.8869,425.5179,19.2262,81.9642
509.8794,426.4860,19.2411,82.0280
508.8564,427.3880,19.2871,82.2239
507.8167,428.2184,19.3667,82.5631
507.7845,428.0811,19.4311,82.8379
507.7700,429.0193,19.4601,82.9614
507.7528,429.9461,19.4944,83.1078
507.7515,430.9404,19.4971,83.1191
507.7436,431.9068,19.5129,83.1864
507.7294,432.8462,19.5413,83.3075
508.7079,432.7546,19.5843,83.4908
508.6978,433.7117,19.6044,83.5766
508.6948,434.6989,19.6104,83.6022
509.6847,435.6558,19.6306,83.6885
510.6902,435.6793,19.6196,83.6415
510.6785,436.6293,19.6431,83.7414
511.6894,437.6759,19.6212,83.6481
512.6674,437.5822,19.6651,83.8355
512.6777,438.6259,19.6447,83.7483
513.6699,439.5927,19.6602,83.8145
514.6698,439.5923,19.6604,83.8154
514.6620,440.5591,19.6760,83.8819
515.6567,440.5363,19.6867,83.9273
515.6443,441.4834,19.7115,84.0332
516.6474,441.4967,19.7052,84.0066
517.6354,442.4456,19.7292,84.1087
517.6192,442.3766,19.7616,84.2468
518.6174,443.3687,19.7653,84.2627
519.6129,443.3497,19.7742,84.3006
519.5951,444.2740,19.8098,84.4521
520.6060,444.3205,19.7879,84.3590
521.6062,444.3211,19.7876,84.3577
521.6064,445.3220,19.7872,84.3561
522.6031,445.3079,19.7938,84.3843
522.5916,446.2590,19.8168,84.4820
523.5787,446.2040,19.8426,84.5920
524.5740,446.1837,19.8521,84.6326
524.5681,447.1586,19.8639,84.6828
525.5618,447.1317,19.8765,84.7366
525.5637,447.1400,19.8726,84.7201
526.5452,447.0609,19.9097,84.8782
526.5281,446.9884,19.9437,85.0233
527.5407,448.0421,19.9185,84.9158
528.5344,448.0151,19.9312,84.9698
528.5283,447.9890,19.9434,85.0219
529.5379,448.0301,19.9242,84.9399
530.5181,448.9454,19.9639,85.1092
530.5021,448.8777,19.9957,85.2447
531.5082,448.9034,19.9836,85.1933
531.4987,448.8627,20.0027,85.2746
532.5017,448.8758,19.9966,85.2485
532.4907,448.8286,20.0187,85.3429
533.4996,448.8665,20.0009,85.2669
534.5098,448.9100,19.9805,85.1800
534.5047,448.8885,19.9906,85.2229
535.5125,448.9215,19.9751,85.1571
535.5085,448.9047,19.9830,85.1905
536.5047,448.8885,19.9906,85.2229
536.4993,448.8656,20.0013,85.2688
537.4855,448.8066,20.0290,85.3868
537.4669,448.7271,20.0663,85.5458
538.4251,448.5492,20.1497,85.9016
538.4055,448.4656,20.1890,86.0687
539.3671,448.3016,20.2659,86.3968
539.3467,447.2148,20.3066,86.5703
540.3831,447.3702,20.2337,86.2596
541.3970,447.4296,20.2059,86.1409
541.4084,447.4777,20.1833,86.0445
542.4356,447.5938,20.1288,85.8123
543.4573,447.6864,20.0854,85.6272
544.4823,447.7930,20.0354,85.4139
545.5060,447.8941,19.9880,85.2118
545.5062,447.8948,19.9876,85.2104
546.5444,447.0578,19.9111,84.8844
547.5902,447.2531,19.8196,84.4939
548.6260,447.4056,19.7480,84.1887
549.6567,447.5367,19.6865,83.9267
549.6720,447.6018,19.6559,83.7964
550.6982,447.7133,19.6036,83.5734
551.7115,446.7700,19.5771,83.4601
552.7233,446.8206,19.5533,83.3588
552.7441,446.9091,19.5118,83.1818
552.7503,446.9354,19.4994,83.1292
552.7575,446.9661,19.4850,83.0678
552.7690,447.0153,19.4620,82.9694
552.7831,447.0754,19.4338,82.8492
551.7999,447.1471,19.4001,82.7058
551.8069,447.1766,19.3863,82.6467
550.8314,446.2813,19.3372,82.4375
549.8432,446.3315,19.3136,82.3370
548.8387,446.3126,19.3225,82.3749
548.8464,446.3453,19.3071,82.3094
547.8514,446.3667,19.2971,82.2666
546.8848,445.5089,19.2304,81.9822
545.8936,445.5466,19.2127,81.9069
545.8821,445.4973,19.2359,82.0055
544.9039,445.5905,19.1921,81.8190
543.9097,444.6149,19.1807,81.7703
542.8839,444.5052,19.2322,81.9897
542.9055,443.5972,19.1890,81.8056
542.8909,443.5351,19.2181,81.9298
542.8804,442.4899,19.2393,82.0202
542.8415,442.3242,19.3170,82.3515
542.8447,441.3379,19.3106,82.3243
542.8339,440.2916,19.3323,82.4168
543.8246,439.2520,19.3509,82.4959
543.7975,438.1366,19.4050,82.7267
543.7686,437.0132,19.4629,82.9736
544.7333,435.8630,19.5334,83.2741
544.6736,434.6083,19.6529,83.7833
545.6545,433.5269,19.6911,83.9461
546.6392,431.4616,19.7217,84.0768
547.6429,430.4779,19.7141,84.0442
548.6351,428.4445,19.7298,84.1110
549.6312,427.4279,19.7375,84.1441
550.6086,426.3315,19.7827,84.3369
551.6083,424.3300,19.7835,84.3400
553.6190,422.3755,19.7621,84.2489
554.6530,420.5208,19.6940,83.9585
555.6647,418.5704,19.6707,83.8593
556.7294,417.8463,19.5413,83.3074
557.7419,416.8995,19.5163,83.2010
558.7037,415.7366,19.5927,83.5267
559.7173,413.7947,19.5655,83.4107
559.6665,412.5781,19.6671,83.8438
559.6393,412.4625,19.7213,84.0751
559.5614,411.1302,19.8772,84.7397
559.4925,410.8364,20.0150,85.3272
558.4026,409.4535,20.1947,86.0930
557.3699,408.3138,20.2602,86.3725
557.3477,407.2190,20.3047,86.5619
555.3341,406.1613,20.3317,86.6774
554.3096,406.0565,20.3809,86.8869
553.3014,405.0219,20.3972,86.9563
551.3098,405.0577,20.3803,86.8846
549.3224,404.1111,20.3553,86.7777
548.3571,404.2592,20.2858,86.4816
546.3679,403.3054,20.2642,86.3893
544.4023,403.4519,20.1954,86.0962
542.4488,402.6500,20.1025,85.7000
540.4869,402.8127,20.0261,85.3745
538.4806,401.7856,20.0388,85.4288
537.4681,401.7325,20.0638,85.5350
534.4883,400.8188,20.0233,85.3624
532.4938,400.8418,20.0125,85.3164
530.4800,399.7830,20.0401,85.4339
528.4966,399.8539,20.0068,85.2922
526.4889,398.8211,20.0222,85.3578
524.4923,398.8357,20.0154,85.3287
522.4672,397.7284,20.0657,85.5432
520.4467,397.6413,20.1065,85.7174
518.4590,397.6938,20.0819,85.6124
517.4524,396.6654,20.0953,85.6692
515.4376,396.6023,20.1249,85.7955
514.3898,396.3986,20.2204,86.2028
513.3423,395.1960,20.3154,86.6079
512.3324,395.1540,20.3352,86.6920
511.3116,394.0655,20.3767,86.8691
511.2995,394.0138,20.4009,86.9723
511.2954,392.9962,20.4092,87.0076
511.2782,391.9229,20.4436,87.1543
511.3001,392.0161,20.3999,86.9679
511.2930,390.9861,20.4139,87.0279
512.2970,390.0030,20.4060,86.9940
513.2866,388.9584,20.4269,87.0832
513.2881,388.9652,20.4237,87.0695
514.2819,387.9385,20.4362,87.1229
514.2766,386.9161,20.4468,87.1678
515.2716,385.8947,20.4568,87.2106
515.2994,386.0131,20.4013,86.9738
516.3019,385.0240,20.3961,86.9520
516.3289,384.1390,20.3422,86.7220
517.3747,384.3341,20.2506,86.3317
518.3995,383.4398,20.2011,86.1204
518.4413,382.6180,20.1175,85.7640
519.4700,382.7407,20.0599,85.5187
519.4733,382.7547,20.0533,85.4905
520.4735,381.7556,20.0529,85.4888
521.4729,380.7530,20.0542,85.4940
522.4606,380.7003,20.0789,85.5994
523.4583,380.6905,20.0835,85.6190
524.4492,379.6518,20.1016,85.6965
524.4830,378.7961,20.0339,85.4079
526.4874,378.8146,20.0252,85.3708
526.4799,377.7827,20.0402,85.4346
527.4871,376.8135,20.0258,85.3729
528.4845,376.8024,20.0310,85.3951
529.4886,375.8201,20.0227,85.3598
530.4821,375.7920,20.0359,85.4160
531.4955,374.8495,20.0089,85.3011
532.5178,374.9440,19.9645,85.1120
532.5371,374.0267,19.9257,84.9466
533.5387,374.0333,19.9226,84.9333
534.5278,373.9870,19.9444,85.0259
534.5190,372.9494,19.9620,85.1012
535.5007,372.8714,19.9986,85.2572
536.5065,372.8960,19.9871,85.2081
537.5009,372.8723,19.9982,85.2555
537.5056,371.8925,19.9887,85.2151
538.5069,371.8978,19.9862,85.2045
538.5079,371.9019,19.9843,85.1961
539.5104,370.9126,19.9793,85.1747
540.5320,371.0049,19.9360,84.9902
541.5504,370.0831,19.8993,84.8339
541.5736,370.1822,19.8528,84.6356
542.5900,369.2521,19.8200,84.4958
543.6204,369.3818,19.7591,84.2364
543.6335,369.4374,19.7331,84.1252
544.6251,368.4017,19.7498,84.1966
544.6422,368.4744,19.7157,84.0512
545.6313,368.4281,19.7374,84.1437
546.6265,367.4075,19.7471,84.1849
546.6559,367.5332,19.6881,83.9337
547.6542,367.5257,19.6916,83.9486
548.6547,367.5279,19.6906,83.9442
548.6573,367.5392,19.6853,83.9216
549.6406,367.4677,19.7189,84.0646
550.6257,367.4041,19.7487,84.1918
551.6098,367.3365,19.7804,84.3269
552.5844,367.2279,19.8313,84.5441
553.5725,368.1775,19.8550,84.6451
554.5569,368.1111,19.8862,84.7778
555.5522,368.0913,19.8954,84.8174
557.5364,367.0237,19.9271,84.9525
558.5649,367.1454,19.8701,84.7092
559.5836,367.2248,19.8328,84.5504
560.6100,367.3375,19.7799,84.3249
561.6095,367.3353,19.7810,84.3293
562.5970,367.2822,19.8059,84.4356
563.6146,367.3567,19.7709,84.2865
564.6060,367.3204,19.7879,84.3591
565.6245,367.3989,19.7511,84.2022
566.6299,367.4224,19.7401,84.1552
567.6341,367.4400,19.7318,84.1199
567.6463,367.4920,19.7074,84.0159
568.6504,367.5095,19.6993,83.9811
569.6646,367.5700,19.6709,83.8601
569.6725,368.6041,19.6549,83.7917
570.6735,368.6078,19.6531,83.7843
571.6936,368.6937,19.6128,83.6125
572.6902,368.6791,19.6197,83.6417
572.7164,368.7908,19.5673,83.4184
573.7375,368.8807,19.5251,83.2385
574.7560,368.9600,19.4879,83.0800
575.7629,368.9894,19.4741,83.0212
575.7797,369.0609,19.4406,82.8783
576.7641,368.9944,19.4718,83.0112
577.7960,369.1300,19.4081,82.7399
578.8070,369.1773,19.3859,82.6453
578.8328,369.2874,19.3343,82.4251
579.8476,369.3503,19.3048,82.2993
579.8567,369.3891,19.2866,82.2219
580.8640,370.4202,19.2720,82.1597
581.8602,370.4040,19.2796,82.1921
582.8575,370.3926,19.2850,82.2148
582.8725,370.4565,19.2550,82.0870
583.8468,370.3468,19.3064,82.3064
584.8216,370.2393,19.3568,82.5213
585.8160,371.2156,19.3680,82.5688
586.7913,371.1102,19.4174,82.7795
586.7881,371.0965,19.4238,82.8069
587.7412,370.8968,19.5176,83.2065
588.7225,370.8170,19.5550,83.3661
589.7053,370.7438,19.5893,83.5124
590.6721,370.6022,19.6558,83.7956
591.6599,370.5498,19.6803,83.9004
592.6473,371.4965,19.7054,84.0071
593.6382,371.4577,19.7236,84.0847
594.6255,371.4036,19.7489,84.1928
595.6229,371.3921,19.7543,84.2158
595.6160,371.3627,19.7681,84.2745
596.6042,371.3128,19.7915,84.3744
597.6065,371.3224,19.7870,84.3552
598.6143,372.3557,19.7714,84.2887
598.5970,372.2820,19.8060,84.4360
599.5920,372.2606,19.8160,84.4788
599.5926,372.2631,19.8148,84.4738
600.5797,372.2082,19.8406,84.5836
600.5734,373.1813,19.8532,84.6374
601.5693,373.1640,19.8613,84.6720
601.5664,373.1515,19.8672,84.6971
602.5617,373.1315,19.8766,84.7371
602.5677,373.1571,19.8646,84.6858
603.5648,373.1447,19.8704,84.7106
603.5807,373.2124,19.8386,84.5752
603.5694,373.1643,19.8612,84.6714
604.5450,373.0601,19.9101,84.8798
604.5392,373.0355,19.9216,84.9289
605.5263,372.9805,19.9474,85.0389
605.5392,373.0355,19.9216,84.9291
606.5118,371.9189,19.9763,85.1621
606.5465,372.0667,19.9070,84.8667
606.5523,372.0913,19.8954,84.8174
607.5245,371.9728,19.9510,85.0545
608.5318,372.0040,19.9364,84.9920
608.5398,372.0381,19.9204,84.9239
609.5142,371.9290,19.9716,85.1419
609.4966,371.8541,20.0067,85.2919
610.4854,371.8063,20.0292,85.3875
610.4639,371.7145,20.0722,85.5709
611.4431,371.6260,20.1137,85.7479
612.4562,371.6819,20.0875,85.6361
614.4258,371.5520,20.1484,85.8960
616.3874,371.3884,20.2252,86.2232
617.4107,371.4877,20.1786,86.0246
618.4280,371.5614,20.1441,85.8773
619.4246,371.5471,20.1507,85.9057
620.4418,371.6203,20.1164,85.7595
621.4296,370.5682,20.1408,85.8635
621.4764,370.7679,20.0471,85.4641
622.4601,370.6985,20.0797,85.6029
623.4598,370.6971,20.0804,85.6057
624.4566,370.6833,20.0868,85.6333
625.4620,370.7066,20.0759,85.5868
625.4533,369.6693,20.0934,85.6615
626.4510,369.6596,20.0979,85.6807
627.4695,369.7383,20.0611,85.5235
628.5010,369.8730,19.9979,85.2541
629.5305,369.9983,19.9391,85.0034
630.5446,370.0585,19.9108,84.8830
631.5526,370.0927,19.8948,84.8145
632.5555,369.1052,19.8889,84.7895
633.5810,369.2136,19.8381,84.5728
634.5901,369.2528,19.8197,84.4944
635.5955,368.2752,19.8091,84.4495
636.6174,368.3688,19.7653,84.2624
637.6341,368.4400,19.7318,84.1200
638.6695,367.5909,19.6611,83.8182
639.7094,367.7610,19.5813,83.4781
640.7361,367.8748,19.5279,83.2505
641.7601,367.9775,19.4797,83.0450
642.7662,367.0035,19.4675,82.9929
643.7682,367.0116,19.4637,82.9767
644.7441,366.9092,19.5117,83.1816
645.7457,366.9160,19.5085,83.1680
646.7288,366.8441,19.5423,83.3119
648.6817,366.6430,19.6366,83.7140
649.6993,366.7181,19.6014,83.5638
651.6688,366.5880,19.6624,83.8239
652.6851,366.6573,19.6299,83.6853
653.6965,365.7063,19.6069,83.5874
655.6926,365.6894,19.6149,83.6212
656.7117,365.7710,19.5765,83.4579
658.6950,365.6999,19.6099,83.6003
659.7072,365.7515,19.5857,83.4970
660.7131,364.7770,19.5737,83.4459
661.7275,364.8382,19.5451,83.3237
662.7545,364.9532,19.4911,83.0936
664.7626,364.9878,19.4749,83.0244
665.7595,364.9747,19.4810,83.0505
666.7633,364.9909,19.4734,83.0182
667.7594,363.9742,19.4813,83.0517
668.7807,364.0650,19.4386,82.8700
669.7787,364.0565,19.4426,82.8870
670.7838,364.0781,19.4325,82.8438
671.7872,364.0926,19.4257,82.8149
672.7975,364.1370,19.4049,82.7260
673.8141,364.2076,19.3718,82.5849
674.8140,364.2072,19.3719,82.5855
675.8195,364.2304,19.3610,82.5391
676.8127,363.2013,19.3747,82.5973
677.8227,363.2441,19.3546,82.5118
678.8411,363.3224,19.3179,82.3551
679.8377,363.3081,19.3246,82.3839
679.8572,363.3910,19.2857,82.2180
680.8488,362.3556,19.3023,82.2888
681.8596,362.4014,19.2808,82.1971
682.8738,362.4621,19.2524,82.0759
683.8600,362.4030,19.2801,82.1939
684.8637,362.4189,19.2726,82.1621
685.8685,362.4394,19.2630,82.1212
686.8790,362.4842,19.2420,82.0315
687.8975,362.5628,19.2051,81.8743
689.9039,363.5902,19.1923,81.8196
690.9065,363.6013,19.1870,81.7974
691.9127,363.6277,19.1747,81.7447
693.9041,363.5912,19.1918,81.8176
694.9147,363.6366,19.1705,81.7268
696.9080,363.6076,19.1841,81.7848
697.9254,363.6818,19.1493,81.6365
698.8898,363.5302,19.2204,81.9396
700.8487,363.3550,19.3026,82.2901
701.8439,363.3346,19.3122,82.3308
702.7896,362.1031,19.4208,82.7939
703.7697,362.0184,19.4605,82.9633
704.7416,361.8983,19.5169,83.2035
705.7177,361.7963,19.5647,83.4075
706.6848,361.6564,19.6303,83.6872
708.6678,361.5837,19.6644,83.8326
709.6522,361.5173,19.6956,83.9653
710.6455,362.4888,19.7090,84.0225
711.6198,362.3788,19.7606,84.2424
711.6083,362.3300,19.7835,84.3400
713.5999,362.2944,19.8002,84.4113
714.6099,362.3368,19.7803,84.3265
715.6229,362.3922,19.7543,84.2156
715.6302,362.4233,19.7397,84.1533
716.6265,362.4079,19.7469,84.1842
718.6398,361.4642,19.7205,84.0716
719.6723,361.6029,19.6554,83.7942
719.7220,361.8147,19.5561,83.3706
720.7292,361.8456,19.5416,83.3089
721.7480,361.9260,19.5038,83.1480
722.7664,362.0042,19.4672,82.9917
723.7773,362.0505,19.4454,82.8989
724.7889,362.1000,19.4222,82.8000
725.8015,362.1537,19.3970,82.6925
726.8077,362.1804,19.3845,82.6392
727.8060,362.1729,19.3880,82.6543
728.7971,363.1350,19.4058,82.7299
729.7744,363.0383,19.4512,82.9233
731.7521,362.9431,19.4958,83.1138
732.7855,364.0855,19.4290,82.8289
734.7632,362.9904,19.4737,83.0193
735.7921,364.1135,19.4159,82.7731
737.7640,362.9939,19.4720,83.0121
738.7892,364.1015,19.4215,82.7970
739.7859,364.0875,19.4281,82.8251
740.7407,363.8943,19.5187,83.2114
742.7063,363.7478,19.5875,83.5044
743.7087,363.7583,19.5825,83.4834
744.7038,362.7373,19.5924,83.5254
745.7017,362.7281,19.5967,83.5438
746.6782,362.6279,19.6437,83.7442
748.6486,362.5016,19.7029,83.9967
749.6610,363.5549,19.6779,83.8902
750.6403,363.4666,19.7194,84.0668
751.6313,363.4281,19.7375,84.1439
752.6411,363.4699,19.7178,84.0602
753.6570,363.5378,19.6860,83.9245
754.6788,363.6306,19.6424,83.7387
755.7109,363.7675,19.5782,83.4649
756.7325,363.8598,19.5349,83.2805
757.7688,364.0145,19.4623,82.9710
758.7582,363.9690,19.4837,83.0620
759.7584,363.9702,19.4831,83.0596
760.7521,362.9433,19.4957,83.1133
761.7675,363.0088,19.4650,82.9824
762.7734,363.0340,19.4532,82.9320
763.7736,363.0348,19.4528,82.9303
764.8029,363.1597,19.3942,82.6805
764.8170,363.2200,19.3659,82.5601
765.8350,363.2967,19.3299,82.4065
765.8315,363.2815,19.3371,82.4370
765.8072,363.1779,19.3857,82.6441
765.7711,363.0239,19.4579,82.9523
764.7040,362.7381,19.5920,83.5238
762.7115,362.7703,19.5769,83.4594
760.7209,362.8105,19.5581,83.3791
757.7314,362.8552,19.5371,83.2897
754.7051,362.7429,19.5898,83.5143
751.7007,361.7241,19.5986,83.5519
747.6928,361.6905,19.6144,83.6191
742.7209,360.8102,19.5582,83.3797
738.7271,360.8365,19.5458,83.3269
732.7751,361.0414,19.4497,82.9172
728.7852,360.0840,19.4297,82.8320
722.7965,360.1325,19.4069,82.7349
715.8229,359.2449,19.3542,82.5102
710.8626,359.4143,19.2748,82.1715
704.8772,358.4764,19.2456,82.0471
699.9266,358.6869,19.1469,81.6262
693.9236,358.6744,19.1527,81.6512
686.9047,358.5938,19.1905,81.8123
682.9573,358.8181,19.0853,81.3638
678.0102,359.0433,18.9797,80.9133
674.0579,359.2468,18.8842,80.5065
670.0804,358.3429,18.8391,80.3143
666.1273,358.5426,18.7454,79.9148
663.1475,358.6289,18.7050,79.7422
661.1086,358.4632,18.7827,80.0736
660.0364,358.1554,18.9271,80.6893
657.9789,357.9102,19.0422,81.1797
657.9119,357.6244,19.1762,81.7513
657.8649,357.4242,19.2701,82.1516
657.8495,357.3584,19.3010,82.2832
657.8467,356.3463,19.3067,82.3074
658.8422,356.3274,19.3156,82.3453
660.8362,356.3018,19.3276,82.3965
661.8466,356.3459,19.3069,82.3082
662.8331,356.2883,19.3339,82.4233
663.8311,356.2798,19.3379,82.4404
664.8322,356.2847,19.3356,82.4307
666.8000,356.1475,19.4000,82.7051
668.7960,357.1300,19.4081,82.7399
669.8162,357.2164,19.3676,82.5672
671.8218,357.2402,19.3565,82.5197
672.8448,357.3382,19.3105,82.3236
675.8232,357.2465,19.3535,82.5071
677.8616,357.4102,19.2767,82.1797
678.8815,357.4950,19.2369,82.0101
680.8908,356.5345,19.2184,81.9309
681.8816,356.4952,19.2368,82.0095
684.8245,356.2516,19.3511,82.4968
685.8425,356.3288,19.3149,82.3424
686.8253,356.2551,19.3495,82.4899
688.8023,356.1572,19.3954,82.6855
689.7863,355.0888,19.4275,82.8224
691.7628,354.9890,19.4743,83.0221
693.7668,355.0061,19.4663,82.9877
694.7490,354.9301,19.5019,83.1398
696.7552,354.9563,19.4896,83.0874
697.7615,354.9832,19.4770,83.0335
699.7972,355.1352,19.4057,82.7296
701.8093,355.1870,19.3814,82.6260
702.8336,355.2907,19.3328,82.4186
704.8393,354.3148,19.3214,82.3703
706.8408,354.3210,19.3185,82.3579
708.8337,354.2910,19.3326,82.4180
709.8128,354.2021,19.3743,82.5959
711.7921,353.1138,19.4157,82.7723
712.7978,353.1379,19.4045,82.7243
714.7761,353.0453,19.4479,82.9094
716.7715,352.0259,19.4570,82.9482
717.7705,352.0218,19.4589,82.9565
719.7625,351.9877,19.4749,83.0247
721.7609,351.9809,19.4781,83.0382
722.7628,351.9887,19.4744,83.0225
725.7648,351.9974,19.4704,83.0052
726.7621,351.9856,19.4759,83.0288
728.7532,351.9477,19.4937,83.1045
729.7650,351.9980,19.4701,83.0039
731.7692,352.0159,19.4617,82.9682
732.8083,352.1830,19.3833,82.6340
732.8591,351.3991,19.2819,82.2017
732.8940,351.5481,19.2120,81.9038
731.9361,350.7277,19.1278,81.5447
731.9468,350.7733,19.1063,81.4533
730.9728,349.8839,19.0545,81.2322
729.9844,349.9336,19.0311,81.1327
728.9979,348.9910,19.0042,81.0180
726.9995,347.9978,19.0010,81.0044
726.0034,348.0142,18.9933,80.9715
723.9631,346.8428,19.0737,81.3144
722.9301,346.7019,19.1399,81.5962
720.8901,346.5315,19.2198,81.9370
718.8729,345.4582,19.2542,82.0836
716.8503,345.3619,19.2994,82.2763
713.8620,345.4117,19.2760,82.1766
710.8583,344.3957,19.2835,82.2086
708.8646,344.4228,19.2708,82.1544
705.8703,343.4471,19.2594,82.1057
702.8820,343.4971,19.2359,82.0058
698.8372,342.3059,19.3256,82.3881
694.8613,341.4088,19.2773,82.1823
691.8633,341.4174,19.2733,82.1652
688.8799,340.4879,19.2402,82.0241
684.8987,339.5680,19.2027,81.8640
680.8754,338.4689,19.2492,82.0622
677.8611,338.4078,19.2778,82.1844
673.8366,337.3033,19.3268,82.3933
670.8400,337.3177,19.3201,82.3647
667.8311,336.2802,19.3377,82.4397
663.8380,336.3091,19.3241,82.3818
659.8269,335.2621,19.3462,82.4758
657.8502,335.3613,19.2996,82.2774
654.8514,335.3667,19.2971,82.2666
652.8720,334.4544,19.2560,82.0912
649.8856,334.5120,19.2289,81.9760
647.9108,333.6199,19.1783,81.7603
645.9484,333.7799,19.1033,81.4402
643.9761,332.8980,19.0478,81.2039
641.9992,331.9966,19.0016,81.0069
640.0186,332.0795,18.9627,80.8410
637.9839,330.9312,19.0323,81.1376
636.9656,329.8534,19.0688,81.2932
634.9724,329.8823,19.0552,81.2354
633.9448,328.7647,19.1104,81.4706
630.9530,327.7996,19.0940,81.4008
629.9584,327.8227,19.0832,81.3547
627.9589,327.8249,19.0822,81.3503
626.9708,326.8755,19.0584,81.2491
624.9793,326.9117,19.0414,81.1765
622.9795,326.9126,19.0410,81.1748
621.9858,326.9397,19.0283,81.1206
619.9929,325.9697,19.0142,81.0606
619.0092,326.0390,18.9817,80.9220
618.0161,326.0683,18.9680,80.8634
616.0048,325.0205,18.9904,80.9590
614.9963,323.9845,19.0073,81.0310
612.9924,323.9676,19.0152,81.0647
611.9724,323.8824,19.0552,81.2351
610.9458,322.7690,19.1084,81.4620
608.9152,322.6385,19.1696,81.7230
607.9265,321.6867,19.1470,81.6266
606.9437,321.7598,19.1127,81.4803
604.9385,320.7379,19.1230,81.5242
603.9700,320.8719,19.0601,81.2562
601.9758,320.8971,19.0483,81.2059
600.9915,320.9637,19.0170,81.0726
600.0029,321.0123,18.9942,80.9755
598.0148,321.0631,18.9704,80.8738
597.0138,320.0587,18.9724,80.8825
596.0322,320.1374,18.9355,80.7252
594.0670,320.2854,18.8661,80.4291
594.0839,320.3575,18.8323,80.2850
592.1152,320.4911,18.7696,80.0179
592.1404,320.5988,18.7191,79.8024
590.1591,319.6782,18.6819,79.6437
589.1840,319.7843,18.6321,79.4315
588.1914,319.8161,18.6171,79.3678
587.1989,319.8476,18.6024,79.3048
585.2048,319.8731,18.5904,79.2538
584.2162,318.9218,18.5676,79.1565
582.2151,318.9169,18.5699,79.1663
581.2298,318.9798,18.5404,79.0405
580.2529,319.0784,18.4941,78.8432
579.2637,319.1244,18.4725,78.7513
577.2733,319.1652,18.4534,78.6696
576.2911,319.2408,18.4179,78.5183
575.3347,319.4267,18.3307,78.1467
574.3513,319.4975,18.2975,78.0050
574.3700,319.5774,18.2600,77.8452
573.3497,319.4909,18.3006,78.0182
572.3730,319.5902,18.2540,77.8197
572.4031,319.7183,18.1939,77.5634
572.3849,319.6411,18.2301,77.7177
572.3820,319.6285,18.2360,77.7430
572.3613,318.5401,18.2775,77.9198
573.3374,318.4385,18.3251,78.1230
574.3097,318.3203,18.3806,78.3594
575.3076,318.3115,18.3847,78.3770
576.3034,318.2935,18.3931,78.4129
578.3408,318.4528,18.3184,78.0944
579.3264,318.3912,18.3473,78.2176
580.3149,318.3425,18.3702,78.3149
582.2993,318.2757,18.4015,78.4486
583.3078,318.3123,18.3844,78.3755
585.3096,318.3197,18.3809,78.3607
587.3105,319.3240,18.3789,78.3520
588.3155,319.3451,18.3690,78.3098
590.3088,319.3163,18.3825,78.3674
592.3232,319.3777,18.3537,78.2446
595.3263,319.3910,18.3474,78.2180
596.3389,319.4448,18.3222,78.1104
598.3445,319.4685,18.3111,78.0630
600.3362,319.4336,18.3275,78.1329
602.3432,319.4631,18.3136,78.0738
604.3661,319.5610,18.2677,77.8780
605.3883,319.6553,18.2234,77.6894
607.3948,319.6829,18.2105,77.6342
608.4034,319.7198,18.1932,77.5604
610.3940,319.6795,18.2121,77.6410
611.3836,319.6355,18.2327,77.7290
613.3822,319.6293,18.2356,77.7414
614.4033,319.7191,18.1935,77.5619
615.4174,319.7795,18.1652,77.4410
616.4300,320.8330,18.1401,77.3340
616.4435,320.8907,18.1130,77.2186
617.4576,320.9507,18.0849,77.0987
618.4714,321.0098,18.0571,76.9803
619.4543,319.9370,18.0913,77.1260
619.4561,319.9443,18.0879,77.1114
620.4379,319.8666,18.1243,77.2667
621.4222,319.7998,18.1556,77.4003
622.4005,319.7072,18.1991,77.5855
623.3821,319.6291,18.2357,77.7418
624.3807,319.6229,18.2386,77.7542
625.3848,319.6403,18.2305,77.7195
626.3834,319.6342,18.2333,77.7315
627.3779,319.6108,18.2443,77.7784
629.3725,319.5880,18.2550,77.8239
630.3576,319.5245,18.2848,77.9510
632.3525,319.5030,18.2949,77.9940
633.3444,320.4681,18.3113,78.0638
635.3513,320.4977,18.2974,78.0046
637.3361,320.4327,18.3279,78.1347
639.3232,320.3777,18.3536,78.2445
641.3088,320.3167,18.3823,78.3667
643.3310,320.4110,18.3380,78.1779
645.3360,320.4324,18.3280,78.1353
647.3492,320.4890,18.3015,78.0221
649.3496,320.4904,18.3008,78.0193
651.3768,320.6064,18.2464,77.7872
652.3981,320.6972,18.2038,77.6056
653.4295,320.8310,18.1410,77.3380
655.4438,320.8918,18.1125,77.2163
657.4362,320.8595,18.1277,77.2811
659.4246,320.8101,18.1508,77.3798
661.4099,320.7471,18.1804,77.5057
662.3999,321.7049,18.2002,77.5902
664.3870,321.6496,18.2261,77.7007
665.3639,321.5514,18.2722,77.8973
667.3721,322.5864,18.2558,77.8272
669.3801,322.6202,18.2399,77.7596
670.3900,322.6627,18.2200,77.6747
672.4001,322.7059,18.1997,77.5881
674.3763,322.6044,18.2473,77.7913
676.3412,322.4544,18.3177,78.0912
678.2934,322.2509,18.4132,78.4982
679.2559,322.0906,18.4883,78.8187
681.2422,322.0324,18.5156,78.9351
682.2181,321.9299,18.5637,79.1401
685.2422,322.0327,18.5155,78.9346
686.2411,322.0280,18.5177,78.9439
688.2411,323.0280,18.5177,78.9441
689.2288,322.9753,18.5425,79.0495
691.2253,322.9604,18.5494,79.0791
693.2029,323.8650,18.5942,79.2701
695.1585,323.6758,18.6830,79.6485
697.1246,323.5311,18.7508,79.9378
699.1280,324.5456,18.7440,79.9088
700.1376,324.5867,18.7247,79.8266
703.1412,324.6018,18.7177,79.7964
705.1545,325.6585,18.6911,79.6829
707.1725,325.7352,18.6551,79.5296
709.1846,324.7870,18.6308,79.4261
711.1717,324.7318,18.6567,79.5363
714.1315,324.5605,18.7370,79.8789
715.1432,324.6106,18.7135,79.7788
717.1533,324.6534,18.6935,79.6932
719.1850,325.7886,18.6300,79.4228
721.1829,325.7798,18.6342,79.4404
723.1801,325.7680,18.6397,79.4641
725.1639,325.6987,18.6722,79.6027
726.1671,326.7125,18.6658,79.5751
728.1893,326.8069,18.6215,79.3862
730.1661,326.7083,18.6677,79.5834
732.1530,327.6523,18.6940,79.6953
734.1595,327.6802,18.6809,79.6396
735.1419,327.6049,18.7162,79.7902
737.1651,328.7037,18.6698,79.5925
739.1846,328.7870,18.6308,79.4260
741.1837,328.7833,18.6325,79.4334
743.1818,328.7751,18.6364,79.4499
745.1715,328.7310,18.6570,79.5379
746.1599,328.6815,18.6803,79.6369
748.1556,328.6634,18.6888,79.6732
750.1693,328.7218,18.6614,79.5565
752.1430,328.6097,18.7140,79.7806
754.1610,328.6864,18.6780,79.6272
755.1606,329.6848,18.6787,79.6303
757.1594,329.6797,18.6811,79.6405
760.1469,329.6264,18.7061,79.7471
762.1294,329.5516,18.7412,79.8968
763.1124,329.4789,18.7753,80.0422
765.0886,330.3779,18.8227,80.2442
767.0721,330.3076,18.8557,80.3848
769.0523,330.2231,18.8954,80.5539
771.0538,331.2296,18.8923,80.5409
773.0542,331.2311,18.8916,80.5377
775.0707,331.3016,18.8585,80.3967
777.0901,331.3842,18.8198,80.2316
780.0928,330.3955,18.8145,80.2090
782.0989,330.4218,18.8021,80.1564
784.1030,330.4389,18.7941,80.1222
786.1102,331.4696,18.7797,80.0607
788.1090,331.4647,18.7820,80.0705
789.1154,330.4921,18.7691,80.0157
790.1187,330.5060,18.7626,79.9880
790.1226,330.5226,18.7548,79.9548
790.1241,330.5292,18.7517,79.9416
789.1400,330.5966,18.7201,79.8067
788.1578,330.6730,18.6843,79.6541
787.1387,330.5915,18.7225,79.8170
786.1517,330.6466,18.6967,79.7068
785.1669,330.7116,18.6662,79.5769
783.1802,329.7680,18.6397,79.4639
781.1947,329.8300,18.6106,79.3401
779.2052,329.8749,18.5896,79.2503
776.2150,328.9164,18.5701,79.1673
773.2316,328.9875,18.5367,79.0251
770.2236,327.9534,18.5527,79.0931
765.1598,327.6813,18.6804,79.6374
761.1149,326.4898,18.7702,80.0204
757.1005,326.4285,18.7990,80.1431
753.0411,325.1751,18.9179,80.6498
748.0590,325.2515,18.8820,80.4970
740.9709,323.8759,19.0582,81.2481
736.9345,322.7208,19.1310,81.5583
730.8799,322.4881,19.2402,82.0238
726.8391,322.3141,19.3218,82.3719
721.8184,321.2258,19.3632,82.5484
714.7623,320.9867,19.4754,83.0267
710.8043,321.1655,19.3915,82.6689
706.8167,320.2185,19.3666,82.5630
702.8387,320.3124,19.3226,82.3752
698.8822,320.4979,19.2356,82.0043
694.8823,320.4984,19.2353,82.0031
691.9148,319.6369,19.1704,81.7262
688.9589,319.8246,19.0823,81.3508
686.9898,319.9566,19.0204,81.0869
683.9847,318.9348,19.0306,81.1304
680.9861,317.9409,19.0277,81.1183
678.9989,317.9952,19.0022,81.0096
676.9929,317.9695,19.0143,81.0611
674.9359,317.7266,19.1283,81.5469
672.9097,316.6150,19.1806,81.7700
669.9252,316.6813,19.1495,81.6373
668.9141,316.6340,19.1717,81.7321
666.9139,315.6332,19.1721,81.7336
664.9285,315.6954,19.1429,81.6092
663.9373,315.7324,19.1255,81.5351
661.9495,315.7846,19.1010,81.4307
659.9637,315.8456,19.0725,81.3089
658.9724,315.8822,19.0553,81.2356
656.9711,315.8766,19.0579,81.2469
655.9652,314.8518,19.0695,81.2965
653.9828,314.9265,19.0345,81.1470
652.9712,313.8773,19.0576,81.2455
650.9678,313.8630,19.0643,81.2740
649.9372,312.7324,19.1256,81.5352
648.9219,312.6670,19.1562,81.6659
646.8923,312.5409,19.2154,81.9182
645.8605,311.4053,19.2790,82.1894
643.8566,311.3884,19.2869,82.2232
642.8683,311.4385,19.2634,82.1230
641.8701,311.4464,19.2597,82.1073
639.8423,310.3280,19.3153,82.3440
637.8760,310.4714,19.2480,82.0572
636.9015,310.5801,19.1970,81.8399
634.9217,310.6663,19.1566,81.6674
633.9370,310.7313,19.1261,81.5375
631.9559,310.8118,19.0883,81.3765
629.9698,310.8714,19.0603,81.2571
628.9876,310.9472,19.0248,81.1056
627.0161,311.0686,18.9678,80.8627
626.0201,311.0857,18.9598,80.8286
624.0249,311.1062,18.9502,80.7877
622.0240,311.1025,18.9519,80.7950
621.0165,310.0705,18.9669,80.8590
619.0354,310.1510,18.9292,80.6981
618.0381,310.1625,18.9237,80.6749
615.0439,310.1871,18.9122,80.6258
614.0260,310.1110,18.9479,80.7780
612.0038,310.0163,18.9924,80.9674
610.9891,309.9536,19.0218,81.0929
608.9952,309.9793,19.0097,81.0413
607.0150,310.0636,18.9702,80.8728
605.0006,310.0025,18.9988,80.9950
603.9821,309.9239,19.0357,81.1523
602.0135,310.0574,18.9731,80.8851
601.0175,310.0748,18.9649,80.8504
599.0342,311.1457,18.9316,80.7086
597.0337,311.1436,18.9326,80.7128
595.0341,311.1451,18.9319,80.7097
594.0514,311.2190,18.8973,80.5620
592.0497,311.2120,18.9005,80.5759
589.0106,311.0452,18.9788,80.9096
588.0084,311.0358,18.9832,80.9284
584.9464,310.7715,19.1072,81.4570
582.9224,310.6691,19.1553,81.6619
580.8853,310.5110,19.2294,81.9780
577.8224,310.2428,19.3552,82.5144
575.8336,310.2906,19.3328,82.4187
573.8038,310.1635,19.3924,82.6729
571.7887,310.0991,19.4227,82.8019
569.7604,310.9784,19.4793,83.0431
566.7504,310.9358,19.4992,83.1283
564.7465,310.9191,19.5071,83.1617
562.7516,311.9413,19.4967,83.1175
561.7630,311.9896,19.4740,83.0208
560.7878,312.0956,19.4243,82.8089
559.8018,312.1548,19.3965,82.6903
558.8424,312.3282,19.3151,82.3435
558.8942,313.5492,19.2115,81.9017
558.9330,313.7144,19.1340,81.5713
559.9515,313.7931,19.0971,81.4138
560.9726,313.8831,19.0548,81.2337
562.0002,314.0009,18.9996,80.9981
562.9808,313.9179,19.0385,81.1642
564.9739,312.8886,19.0523,81.2228
565.9792,312.9113,19.0416,81.1773
568.9451,312.7660,19.1098,81.4681
570.9139,313.6328,19.1723,81.7344
572.8932,313.5449,19.2135,81.9102
574.8785,313.4820,19.2430,82.0360
576.8568,313.3893,19.2865,82.2214
579.8499,313.3600,19.3002,82.2800
580.8522,313.3702,19.2955,82.2597
583.8350,313.2964,19.3301,82.4073
584.8505,313.3625,19.2991,82.2750
586.8337,313.2909,19.3327,82.4182
589.8528,314.3723,19.2944,82.2553
590.8438,314.3341,19.3124,82.3317
592.8389,314.3133,19.3221,82.3734
593.8542,314.3783,19.2916,82.2433
595.8578,314.3937,19.2844,82.2126
596.8623,314.4130,19.2754,82.1740
596.8596,314.4016,19.2807,82.1969
596.8558,314.3853,19.2884,82.2294
595.8381,314.3097,19.3238,82.3805
594.8357,314.2994,19.3287,82.4011
593.8407,314.3210,19.3186,82.3580
591.8265,314.2603,19.3470,82.4793
589.8111,314.1947,19.3778,82.6106
586.7872,314.0929,19.4255,82.8141
584.7823,314.0722,19.4353,82.8556
580.7404,313.8932,19.5193,83.2136
578.7487,313.9287,19.5026,83.1425
575.7314,314.8549,19.5372,83.2902
572.7139,314.7801,19.5723,83.4398
570.6943,314.6967,19.6114,83.6066
566.6718,315.6010,19.6563,83.7981
564.7121,315.7726,19.5758,83.4548
562.7156,315.7878,19.5687,83.4244
560.7373,315.8801,19.5254,83.2398
558.7405,316.8935,19.5191,83.2130
556.7504,316.9360,19.4992,83.1280
555.7637,316.9927,19.4726,83.0146
554.7670,317.0065,19.4661,82.9870
554.7402,316.8923,19.5196,83.2153
554.7487,316.9284,19.5027,83.1432
554.7545,316.9531,19.4911,83.0938
554.7647,316.9969,19.4706,83.0061
554.7840,317.0792,19.4320,82.8417
555.7957,317.1288,19.4087,82.7424
555.8179,318.2237,19.3642,82.5527
557.8032,318.1610,19.3936,82.6779
558.8093,318.1873,19.3813,82.6255
559.8152,318.2121,19.3696,82.5758
560.8413,318.3235,19.3174,82.3530
562.8653,319.4257,19.2694,82.1486
564.8689,319.4410,19.2622,82.1179
565.8876,319.5208,19.2248,81.9583
566.9044,319.5925,19.1912,81.8151
568.9319,319.7096,19.1362,81.5808
569.9642,319.8476,19.0715,81.3048
571.9796,320.9128,19.0409,81.1744
572.9526,319.7981,19.0947,81.4039
573.9318,319.7093,19.1364,81.5814
574.9214,319.6650,19.1572,81.6700
575.9124,319.6264,19.1753,81.7472
576.9195,319.6568,19.1610,81.6863
576.9390,319.7400,19.1220,81.5200
577.9600,319.8296,19.0800,81.3408
577.9600,320.8295,19.0800,81.3410
577.9460,320.7696,19.1081,81.4608
578.9579,321.8204,19.0843,81.3592
578.9387,321.7388,19.1225,81.5224
578.9442,321.7621,19.1116,81.4759
577.9631,322.8425,19.0739,81.3151
577.9854,322.9379,19.0291,81.1242
578.0041,323.0175,18.9918,80.9651
578.0447,324.1908,18.9105,80.6184
577.0647,324.2758,18.8706,80.4483
577.0972,324.4142,18.8057,80.1717
576.1096,324.4674,18.7807,80.0651
575.1458,324.6217,18.7083,79.7566
575.1577,324.6720,18.6847,79.6560
574.1520,324.6480,18.6960,79.7040
573.1505,324.6417,18.6990,79.7167
572.1655,325.7055,18.6690,79.5890
570.1210,325.5160,18.7579,79.9679
569.0969,325.4132,18.8061,80.1736
567.0662,325.2824,18.8675,80.4351
566.0967,326.4122,18.8066,80.1756
565.0549,326.2342,18.8901,80.5315
563.0547,327.2333,18.8905,80.5333
560.9985,326.9938,19.0029,81.0124
560.0070,328.0296,18.9861,80.9409
557.9666,327.8573,19.0669,81.2854
556.9824,328.9250,19.0352,81.1501
553.9894,328.9551,19.0211,81.0899
553.0169,330.0721,18.9662,80.8557
551.9663,329.8564,19.0674,81.2872
549.9188,329.6537,19.1624,81.6925
547.8989,329.5688,19.2023,81.8623
545.8643,329.4214,19.2714,82.1571
544.8522,330.3700,19.2956,82.2601
542.7458,329.9163,19.5084,83.1675
540.7001,329.7214,19.5998,83.5571
539.6664,329.5781,19.6671,83.8438
537.6509,330.5118,19.6982,83.9764
535.5712,330.1718,19.8577,84.6565
533.5547,330.1016,19.8906,84.7968
532.5650,330.1455,19.8700,84.7090
530.5807,331.2127,19.8385,84.5746
527.5484,331.0747,19.9032,84.8506
526.5726,332.1778,19.8549,84.6445
524.5729,332.1792,19.8542,84.6416
523.6125,333.3481,19.7750,84.3039
521.5898,333.2511,19.8205,84.4978
519.6415,333.4716,19.7170,84.0568
518.6980,333.7124,19.6041,83.5752
517.7151,333.7854,19.5698,83.4292
515.7390,333.8873,19.5220,83.2254
514.7841,334.0794,19.4319,82.8412
512.8125,334.2007,19.3750,82.5987
510.8242,334.2507,19.3515,82.4986
509.8304,335.2772,19.3391,82.4457
507.8055,335.1709,19.3890,82.6582
505.7758,335.0444,19.4483,82.9112
502.7800,335.0620,19.4400,82.8759
500.7793,336.0589,19.4415,82.8821
498.7513,335.9399,19.4973,83.1202
496.7446,335.9110,19.5109,83.1780
494.7463,336.9184,19.5074,83.1633
490.7423,337.9016,19.5153,83.1968
487.7812,338.0675,19.4375,82.8650
485.8275,339.2646,19.3450,82.4707
482.8610,339.4073,19.2781,82.1854
480.8840,339.5056,19.2320,81.9889
476.8705,339.4478,19.2591,82.1045
474.8994,340.5712,19.2011,81.8575
471.8567,340.3891,19.2866,82.2219
469.8540,340.3777,19.2919,82.2446
467.8466,340.3459,19.3069,82.3082
464.8483,341.3531,19.3035,82.2938
462.8144,341.2088,19.3712,82.5823
461.8336,341.2905,19.3329,82.4190
460.8503,341.3620,19.2993,82.2760
459.8600,342.4031,19.2800,82.1938
458.8488,342.3553,19.3024,82.2893
458.8768,342.4747,19.2464,82.0507
458.9147,342.6365,19.1705,81.7269
458.9733,342.8864,19.0533,81.2273
459.0680,343.2900,18.8640,80.4201
460.1625,344.6928,18.6750,79.6143
460.1709,344.7285,18.6582,79.5430
461.2042,344.8705,18.5916,79.2590
462.2351,344.0022,18.5299,78.9957
463.2595,344.1061,18.4811,78.7877
465.2570,344.0959,18.4859,78.8083
466.2364,343.0076,18.5273,78.9847
466.2528,343.0777,18.4944,78.8446
468.2345,342.9996,18.5311,79.0008
469.2308,342.9840,18.5384,79.0320
470.2303,342.9818,18.5394,79.0364
471.2098,341.8944,18.5804,79.2112
472.1890,341.8057,18.6220,79.3886
474.1849,341.7882,18.6302,79.4236
475.1942,341.8278,18.6116,79.3443
476.2590,342.1042,18.4820,78.7915
477.2995,342.2768,18.4010,78.4464
479.3238,342.3805,18.3524,78.2390
480.3286,341.4008,18.3428,78.1985
481.3517,341.4993,18.2966,78.0013
483.3889,341.6577,18.2223,77.6846
485.3970,340.6924,18.2060,77.6152
486.4342,340.8513,18.1315,77.2975
488.4443,340.8941,18.1114,77.2118
490.4239,339.8072,18.1522,77.3855
492.4362,339.8596,18.1276,77.2809
494.4315,338.8395,18.1370,77.3209
495.4692,339.0002,18.0616,76.9996
497.4843,339.0646,18.0314,76.8708
499.4700,338.0037,18.0600,76.9926
501.5014,338.1377,17.9971,76.7245
503.5036,337.1471,17.9927,76.7058
505.5398,337.3014,17.9203,76.3972
507.5840,337.4897,17.8320,76.0206
509.6019,336.5661,17.7962,75.8679
512.6682,336.8483,17.6637,75.3033
513.7061,337.0103,17.5877,74.9793
516.7690,336.2785,17.4619,74.4430
518.8165,336.4811,17.3669,74.0378
520.8469,335.6106,17.3061,73.7787
522.8992,335.8333,17.2016,73.3333
524.8931,334.8073,17.2139,73.3854
526.9271,334.9526,17.1457,73.0948
528.9297,333.9637,17.1405,73.0725
530.9327,333.9763,17.1346,73.0474
533.9127,333.8908,17.1747,73.2185
535.8678,332.6995,17.2644,73.6010
536.8703,332.7102,17.2594,73.5796
538.8506,331.6266,17.2987,73.7469
540.8937,331.8101,17.2125,73.3798
543.9241,331.9398,17.1517,73.1205
544.9155,330.9028,17.1691,73.1945
546.9595,331.0904,17.0810,72.8191
546.9535,331.0648,17.0930,72.8703
547.9523,331.0601,17.0953,72.8799
546.9169,329.9091,17.1661,73.1818
545.9087,329.8738,17.1827,73.2524
543.8663,329.6930,17.2675,73.6141
541.7994,329.4080,17.4012,74.1841
538.7236,328.0849,17.5528,74.8302
534.6750,327.8778,17.6499,75.2444
531.6398,327.7277,17.7204,75.5447
527.6265,326.6708,17.7470,75.6584
522.6052,326.5801,17.7896,75.8397
518.5840,326.4897,17.8320,76.0205
511.5770,326.4598,17.8460,76.0804
506.5183,326.2097,17.9634,76.5807
501.5078,326.1647,17.9844,76.6705
494.4854,326.0695,18.0291,76.8609
488.4304,326.8347,18.1393,77.3307
479.5005,327.1338,17.9990,76.7325
472.4484,326.9117,18.1031,77.1765
465.3967,327.6913,18.2066,77.6175
458.3253,327.3869,18.3494,78.2262
450.2955,327.2598,18.4090,78.4804
441.2675,328.1402,18.4651,78.7197
435.1982,327.8451,18.6036,79.3099
429.1435,327.6118,18.7130,79.7764
423.0725,327.3093,18.8549,80.3814
418.0299,327.1273,18.9403,80.7454
412.9840,327.9317,19.0320,81.1366
408.9566,327.8150,19.0868,81.3700
405.9356,327.7255,19.1288,81.5490
403.8937,327.5469,19.2125,81.9061
401.8654,327.4261,19.2692,82.1477
399.8273,326.2638,19.3454,82.4724
399.8991,326.5700,19.2017,81.8599
398.9117,326.6236,19.1766,81.7529
398.9553,326.8094,19.0894,81.3811
399.0027,327.0113,18.9947,80.9773
400.0212,326.0903,18.9576,80.8194
401.0508,326.2163,18.8985,80.5674
402.0841,325.3586,18.8318,80.2828
403.1276,325.5440,18.7448,79.9120
405.1359,324.5794,18.7282,79.8411
407.1704,323.7266,18.6591,79.5468
408.1679,322.7160,18.6641,79.5680
410.1945,322.8293,18.6109,79.3413
411.1918,321.8178,18.6163,79.3644
413.2145,321.9143,18.5711,79.1713
414.2070,320.8826,18.5859,79.2348
416.2119,320.9034,18.5762,79.1932
417.2163,319.9220,18.5674,79.1559
418.2362,320.0070,18.5276,78.9859
420.2410,319.0275,18.5180,78.9451
422.2673,319.1395,18.4654,78.7210
423.2929,319.2487,18.4142,78.5026
424.3205,319.3665,18.3589,78.2671
426.3294,319.4044,18.3412,78.1913
427.3212,318.3693,18.3576,78.2614
429.3493,318.4892,18.3014,78.0217
431.3672,318.5656,18.2655,77.8688
432.3820,317.6283,18.2361,77.7434
433.4130,317.7608,18.1740,77.4785
435.4188,316.7852,18.1625,77.4295
437.4198,316.7896,18.1604,77.4208
438.4260,315.8162,18.1479,77.3676
439.4362,315.8593,18.1277,77.2813
440.4385,314.8695,18.1229,77.2609
441.4469,314.9054,18.1061,77.1892
443.4524,314.9284,18.0953,77.1431
444.4594,313.9587,18.0811,77.0826
445.4782,314.0387,18.0436,76.9227
447.4890,314.0845,18.0221,76.8309
448.4826,314.0573,18.0349,76.8854
449.4886,314.0833,18.0227,76.8335
450.4908,314.0924,18.0184,76.8152
451.5033,313.1455,17.9935,76.7090
452.5336,313.2749,17.9328,76.4503
453.5632,313.4012,17.8735,76.1977
455.5793,312.4695,17.8415,76.0609
455.5619,311.3954,17.8762,76.2091
457.5906,311.5179,17.8188,75.9643
458.5544,310.3634,17.8912,76.2732
458.5555,310.3681,17.8890,76.2638
460.5917,310.5226,17.8166,75.9548
461.5863,309.4994,17.8275,76.0013
462.5919,309.5234,17.8162,75.9532
463.6089,309.5959,17.7822,75.8081
464.6301,309.6863,17.7398,75.6274
466.6183,309.6359,17.7634,75.7283
467.6343,309.7041,17.7314,75.5918
468.6222,309.6526,17.7556,75.6949
469.6508,309.7746,17.6983,75.4508
470.6431,309.7415,17.7139,75.5170
472.6587,309.8080,17.6827,75.3841
473.6554,308.7939,17.6893,75.4123
475.6782,308.8911,17.6437,75.2177
476.6923,308.9514,17.6154,75.0973
477.7047,308.0045,17.5905,74.9911
479.7263,308.0966,17.5473,74.8069
480.7280,308.1034,17.5441,74.7932
481.7428,308.1666,17.5144,74.6668
482.7220,307.0780,17.5560,74.8439
483.7312,307.1173,17.5376,74.7655
485.7309,307.1160,17.5382,74.7679
486.7386,307.1486,17.5229,74.7028
487.7387,307.1491,17.5226,74.7018
488.7446,307.1745,17.5107,74.6509
489.7299,307.1117,17.5402,74.7766
490.7241,307.0869,17.5518,74.8262
491.7336,307.1276,17.5327,74.7447
492.7433,307.1690,17.5133,74.6620
493.7559,307.2223,17.4883,74.5554
494.7711,306.2874,17.4577,74.4251
496.7745,306.3018,17.4510,74.3964
497.7613,306.2457,17.4773,74.5087
498.7281,305.1042,17.5437,74.7917
499.7090,305.0223,17.5821,74.9553
500.6759,304.8815,17.6482,75.2369
501.6426,303.7396,17.7147,75.5207
502.6494,303.7685,17.7012,75.4630
503.6361,303.7116,17.7279,75.5767
504.6472,303.7590,17.7057,75.4821
505.6119,303.6086,17.7762,75.7829
507.6346,303.7056,17.7307,75.5888
508.6292,303.6821,17.7417,75.6357
509.6300,303.6859,17.7399,75.6281
510.6355,304.7091,17.7291,75.5818
511.6341,304.7031,17.7319,75.5938
513.6402,304.7291,17.7197,75.5417
515.6515,304.7773,17.6970,75.4453
516.6458,304.7530,17.7085,75.4940
517.6462,303.7551,17.7075,75.4898
519.6644,303.8322,17.6713,75.3356
521.6735,303.8710,17.6531,75.2581
522.6631,302.8268,17.6738,75.3464
523.6895,302.9393,17.6211,75.1214
524.7099,303.0264,17.5802,74.9472
525.7364,303.1394,17.5272,74.7212
527.7324,303.1223,17.5352,74.7553
528.7438,303.1709,17.5124,74.6583
529.7639,303.2563,17.4723,74.4874
531.7899,303.3672,17.4203,74.2655
532.7875,303.3575,17.4249,74.2851
533.7937,303.3838,17.4126,74.2325
534.8146,303.4725,17.3709,74.0549
535.8209,303.4994,17.3583,74.0012
537.8408,303.5846,17.3183,73.8308
538.8668,303.6954,17.2664,73.6093
539.8805,303.7538,17.2390,73.4924
540.8719,303.7173,17.2561,73.5654
541.8544,303.6426,17.2911,73.7147
543.8382,303.5733,17.3236,73.8534
544.8011,303.4154,17.3977,74.1692
545.7779,302.3162,17.4443,74.3677
546.7800,302.3253,17.4400,74.3494
548.7856,302.3494,17.4287,74.3012
549.7591,302.2362,17.4818,74.5276
550.7524,302.2076,17.4952,74.5849
552.7531,302.2103,17.4939,74.5795
553.7803,303.3264,17.4395,74.3471
554.7620,303.2483,17.4761,74.5034
555.7434,303.1694,17.5131,74.6612
557.7283,303.1047,17.5435,74.7907
559.7316,304.1187,17.5369,74.7627
560.7225,304.0801,17.5550,74.8398
562.7258,304.0942,17.5484,74.8116
563.7377,303.1448,17.5246,74.7103
564.7620,303.2487,17.4759,74.5026
566.7598,303.2391,17.4804,74.5217
567.8018,303.4181,17.3964,74.1638
567.8071,303.4406,17.3859,74.1187
566.8096,303.4516,17.3807,74.0968
566.8015,303.4168,17.3970,74.1664
564.7515,302.2035,17.4971,74.5930
563.7770,303.3125,17.4460,74.3750
562.7532,303.2112,17.4935,74.5777
560.7299,303.1115,17.5403,74.7770
558.7410,303.1589,17.5180,74.6822
556.7076,303.0165,17.5849,74.9670
553.7159,304.0523,17.5681,74.8954
551.6891,303.9380,17.6217,75.1239
549.6854,303.9217,17.6293,75.1566
547.6817,304.9061,17.6366,75.1878
544.6458,303.7529,17.7085,75.4942
543.6473,304.7596,17.7054,75.4809
541.6367,304.7143,17.7266,75.5714
539.5950,304.5367,17.8099,75.9266
537.5684,304.4230,17.8633,76.1540
535.5512,304.3499,17.8976,76.3002
533.5518,304.3522,17.8965,76.2956
532.5330,304.2720,17.9341,76.4561
530.5324,304.2697,17.9352,76.4606
529.5201,304.2175,17.9597,76.5651
528.5370,305.2896,17.9259,76.4209
527.5266,305.2448,17.9469,76.5105
526.5178,305.2075,17.9644,76.5851
525.5125,305.1847,17.9751,76.6307
525.5118,305.1819,17.9764,76.6363
524.5211,306.2215,17.9578,76.5570
524.5146,306.1939,17.9708,76.6122
524.5223,306.2266,17.9554,76.5468
524.5369,306.2889,17.9262,76.4221
524.5479,306.3355,17.9043,76.3290
524.5720,306.4387,17.8559,76.1226
524.5827,306.4843,17.8345,76.0314
525.5924,306.5255,17.8152,75.9490
525.5801,306.4731,17.8398,76.0539
525.5807,306.4756,17.8386,76.0487
525.5819,306.4807,17.8362,76.0386
526.5828,306.4846,17.8344,76.0308
526.5965,306.5430,17.8070,75.9140
526.6026,306.5689,17.7949,75.8623
526.6374,306.7173,17.7252,75.5654
526.6586,307.8076,17.6828,75.3848
526.6580,307.8053,17.6839,75.3895
526.6566,308.7991,17.6868,75.4018
526.6409,308.7323,17.7182,75.5355
526.6417,308.7358,17.7165,75.5284
526.6612,308.8188,17.6776,75.3623
526.6611,308.8182,17.6779,75.3636
526.6508,308.7746,17.6983,75.4508
526.6387,308.7231,17.7225,75.5537
