1
633.0000,246.5000,28.0000,93.0000
637.0000,246.5000,28.0000,93.0000
637.0000,250.5000,28.0000,93.0000
641.0000,250.5000,28.0000,93.0000
641.0000,250.5000,28.0000,93.0000
645.0000,250.5000,28.0000,93.0000
645.0000,250.5000,28.0000,93.0000
649.0000,250.5000,28.0000,93.0000
653.0000,250.5000,28.0000,93.0000
653.0000,250.5000,28.0000,93.0000
657.0000,254.5000,28.0000,93.0000
657.0000,254.5000,28.0000,93.0000
661.0000,254.5000,28.0000,93.0000
665.0000,254.5000,28.0000,93.0000
665.0000,254.5000,28.0000,93.0000
669.0000,254.5000,28.0000,93.0000
669.0000,254.5000,28.0000,93.0000
673.0000,254.5000,28.0000,93.0000
677.0000,254.5000,28.0000,93.0000
677.0000,254.5000,28.0000,93.0000
681.0000,254.5000,28.0000,93.0000
681.0000,254.5000,28.0000,93.0000
685.0000,254.5000,28.0000,93.0000
685.0000,254.5000,28.0000,93.0000
685.0000,254.5000,28.0000,93.0000
685.0000,254.5000,28.0000,93.0000
685.0000,254.5000,28.0000,93.0000
685.0000,254.5000,28.0000,93.0000
685.0000,254.5000,28.0000,93.0000
685.0000,254.5000,28.0000,93.0000
685.0000,254.5000,28.0000,93.0000
685.0000,254.5000,28.0000,93.0000
685.0000,254.5000,28.0000,93.0000
681.0000,254.5000,28.0000,93.0000
681.0000,254.5000,28.0000,93.0000
681.0000,254.5000,28.0000,93.0000
681.0000,254.5000,28.0000,93.0000
677.0000,250.5000,28.0000,93.0000
677.0000,250.5000,28.0000,93.0000
677.0000,250.5000,28.0000,93.0000
677.0000,250.5000,28.0000,93.0000
677.0000,250.5000,28.0000,93.0000
673.0000,250.5000,28.0000,93.0000
673.0000,250.5000,28.0000,93.0000
673.0000,250.5000,28.0000,93.0000
673.0000,250.5000,28.0000,93.0000
673.0000,246.5000,28.0000,93.0000
673.0000,246.5000,28.0000,93.0000
673.0000,246.5000,28.0000,93.0000
669.0000,246.5000,28.0000,93.0000
669.0000,246.5000,28.0000,93.0000
669.0000,246.5000,28.0000,93.0000
669.0000,246.5000,28.0000,93.0000
669.0000,242.5000,28.0000,93.0000
669.0000,242.5000,28.0000,93.0000
669.0000,242.5000,28.0000,93.0000
669.0000,242.5000,28.0000,93.0000
669.0000,238.5000,28.0000,93.0000
669.0000,238.5000,28.0000,93.0000
669.0000,238.5000,28.0000,93.0000
673.0000,234.5000,28.0000,93.0000
673.0000,234.5000,28.0000,93.0000
673.0000,234.5000,28.0000,93.0000
673.0000,234.5000,28.0000,93.0000
673.0000,230.5000,28.0000,93.0000
673.0000,230.5000,28.0000,93.0000
673.0000,230.5000,28.0000,93.0000
673.0000,226.5000,28.0000,93.0000
673.0000,226.5000,28.0000,93.0000
673.0000,226.5000,28.0000,93.0000
673.0000,226.5000,28.0000,93.0000
673.0000,222.5000,28.0000,93.0000
669.0000,222.5000,28.0000,93.0000
669.0000,222.5000,28.0000,93.0000
665.0000,218.5000,28.0000,93.0000
665.0000,218.5000,28.0000,93.0000
661.0000,218.5000,28.0000,93.0000
657.0000,214.5000,28.0000,93.0000
657.0000,214.5000,28.0000,93.0000
653.0000,214.5000,28.0000,93.0000
649.0000,214.5000,28.0000,93.0000
645.0000,214.5000,28.0000,93.0000
641.0000,210.5000,28.0000,93.0000
637.0000,210.5000,28.0000,93.0000
633.0000,210.5000,28.0000,93.0000
629.0000,206.5000,28.0000,93.0000
625.0000,206.5000,28.0000,93.0000
621.0000,206.5000,28.0000,93.0000
617.0000,206.5000,28.0000,93.0000
613.0000,206.5000,28.0000,93.0000
609.0000,202.5000,28.0000,93.0000
605.0000,202.5000,28.0000,93.0000
601.0000,202.5000,28.0000,93.0000
597.0000,202.5000,28.0000,93.0000
593.0000,198.5000,28.0000,93.0000
589.0000,198.5000,28.0000,93.0000
585.0000,198.5000,28.0000,93.0000
581.0000,198.5000,28.0000,93.0000
577.0000,198.5000,28.0000,93.0000
573.0000,194.5000,28.0000,93.0000
573.0000,194.5000,28.0000,93.0000
569.0000,194.5000,28.0000,93.0000
569.0000,194.5000,28.0000,93.0000
565.0000,194.5000,28.0000,93.0000
565.0000,194.5000,28.0000,93.0000
565.0000,194.5000,28.0000,93.0000
565.0000,194.5000,28.0000,93.0000
561.0000,194.5000,28.0000,93.0000
561.0000,190.5000,28.0000,93.0000
561.0000,190.5000,28.0000,93.0000
561.0000,190.5000,28.0000,93.0000
561.0000,190.5000,28.0000,93.0000
561.0000,190.5000,28.0000,93.0000
561.0000,190.5000,28.0000,93.0000
561.0000,190.5000,28.0000,93.0000
557.0000,190.5000,28.0000,93.0000
557.0000,190.5000,28.0000,93.0000
557.0000,190.5000,28.0000,93.0000
557.0000,190.5000,28.0000,93.0000
553.0000,190.5000,28.0000,93.0000
553.0000,190.5000,28.0000,93.0000
549.0000,190.5000,28.0000,93.0000
545.0000,186.5000,28.0000,93.0000
545.0000,186.5000,28.0000,93.0000
541.0000,186.5000,28.0000,93.0000
537.0000,186.5000,28.0000,93.0000
533.0000,186.5000,28.0000,93.0000
529.0000,186.5000,28.0000,93.0000
525.0000,186.5000,28.0000,93.0000
521.0000,186.5000,28.0000,93.0000
517.0000,186.5000,28.0000,93.0000
513.0000,186.5000,28.0000,93.0000
509.0000,186.5000,28.0000,93.0000
509.0000,182.5000,28.0000,93.0000
505.0000,182.5000,28.0000,93.0000
501.0000,182.5000,28.0000,93.0000
497.0000,182.5000,28.0000,93.0000
493.0000,182.5000,28.0000,93.0000
489.0000,182.5000,28.0000,93.0000
485.0000,182.5000,28.0000,93.0000
485.0000,182.5000,28.0000,93.0000
481.0000,178.5000,28.0000,93.0000
477.0000,178.5000,28.0000,93.0000
473.0000,178.5000,28.0000,93.0000
473.0000,178.5000,28.0000,93.0000
469.0000,178.5000,28.0000,93.0000
465.0000,178.5000,28.0000,93.0000
461.0000,178.5000,28.0000,93.0000
461.0000,178.5000,28.0000,93.0000
457.0000,178.5000,28.0000,93.0000
453.0000,178.5000,28.0000,93.0000
449.0000,178.5000,28.0000,93.0000
449.0000,178.5000,28.0000,93.0000
445.0000,178.5000,28.0000,93.0000
441.0000,178.5000,28.0000,93.0000
441.0000,178.5000,28.0000,93.0000
437.0000,178.5000,28.0000,93.0000
433.0000,178.5000,28.0000,93.0000
433.0000,178.5000,28.0000,93.0000
429.0000,178.5000,28.0000,93.0000
425.0000,178.5000,28.0000,93.0000
425.0000,178.5000,28.0000,93.0000
421.0000,178.5000,28.0000,93.0000
417.0000,178.5000,28.0000,93.0000
417.0000,178.5000,28.0000,93.0000
413.0000,182.5000,28.0000,93.0000
409.0000,182.5000,28.0000,93.0000
405.0000,182.5000,28.0000,93.0000
401.0000,182.5000,28.0000,93.0000
401.0000,182.5000,28.0000,93.0000
397.0000,186.5000,28.0000,93.0000
393.0000,186.5000,28.0000,93.0000
389.0000,186.5000,28.0000,93.0000
389.0000,186.5000,28.0000,93.0000
385.0000,186.5000,28.0000,93.0000
385.0000,190.5000,28.0000,93.0000
381.0000,190.5000,28.0000,93.0000
377.0000,190.5000,28.0000,93.0000
377.0000,190.5000,28.0000,93.0000
373.0000,190.5000,28.0000,93.0000
373.0000,194.5000,28.0000,93.0000
369.0000,194.5000,28.0000,93.0000
369.0000,194.5000,28.0000,93.0000
365.0000,194.5000,28.0000,93.0000
365.0000,198.5000,28.0000,93.0000
361.0000,198.5000,28.0000,93.0000
357.0000,198.5000,28.0000,93.0000
357.0000,202.5000,28.0000,93.0000
353.0000,202.5000,28.0000,93.0000
349.0000,202.5000,28.0000,93.0000
349.0000,206.5000,28.0000,93.0000
345.0000,206.5000,28.0000,93.0000
345.0000,206.5000,28.0000,93.0000
345.0000,210.5000,28.0000,93.0000
345.0000,210.5000,28.0000,93.0000
341.0000,210.5000,28.0000,93.0000
341.0000,214.5000,28.0000,93.0000
341.0000,214.5000,28.0000,93.0000
341.0000,214.5000,28.0000,93.0000
341.0000,214.5000,28.0000,93.0000
341.0000,218.5000,28.0000,93.0000
341.0000,218.5000,28.0000,93.0000
341.0000,218.5000,28.0000,93.0000
337.0000,218.5000,28.0000,93.0000
337.0000,218.5000,28.0000,93.0000
337.0000,222.5000,28.0000,93.0000
337.0000,222.5000,28.0000,93.0000
337.0000,222.5000,28.0000,93.0000
337.0000,222.5000,28.0000,93.0000
337.0000,222.5000,28.0000,93.0000
337.0000,222.5000,28.0000,93.0000
337.0000,222.5000,28.0000,93.0000
337.0000,222.5000,28.0000,93.0000
337.0000,222.5000,28.0000,93.0000
337.0000,226.5000,28.0000,93.0000
337.0000,226.5000,28.0000,93.0000
333.0000,226.5000,28.0000,93.0000
333.0000,226.5000,28.0000,93.0000
333.0000,226.5000,28.0000,93.0000
329.0000,226.5000,28.0000,93.0000
329.0000,226.5000,28.0000,93.0000
325.0000,226.5000,28.0000,93.0000
325.0000,230.5000,28.0000,93.0000
321.0000,230.5000,28.0000,93.0000
317.0000,230.5000,28.0000,93.0000
313.0000,230.5000,28.0000,93.0000
313.0000,234.5000,28.0000,93.0000
309.0000,234.5000,28.0000,93.0000
305.0000,234.5000,28.0000,93.0000
301.0000,238.5000,28.0000,93.0000
297.0000,238.5000,28.0000,93.0000
293.0000,242.5000,28.0000,93.0000
289.0000,242.5000,28.0000,93.0000
285.0000,242.5000,28.0000,93.0000
285.0000,246.5000,28.0000,93.0000
281.0000,246.5000,28.0000,93.0000
281.0000,246.5000,28.0000,93.0000
281.0000,250.5000,28.0000,93.0000
277.0000,250.5000,28.0000,93.0000
277.0000,250.5000,28.0000,93.0000
277.0000,250.5000,28.0000,93.0000
277.0000,250.5000,28.0000,93.0000
277.0000,250.5000,28.0000,93.0000
277.0000,250.5000,28.0000,93.0000
281.0000,250.5000,28.0000,93.0000
281.0000,250.5000,28.0000,93.0000
281.0000,250.5000,28.0000,93.0000
285.0000,250.5000,28.0000,93.0000
289.0000,250.5000,28.0000,93.0000
289.0000,246.5000,28.0000,93.0000
293.0000,246.5000,28.0000,93.0000
297.0000,246.5000,28.0000,93.0000
301.0000,246.5000,28.0000,93.0000
305.0000,242.5000,28.0000,93.0000
305.0000,242.5000,28.0000,93.0000
309.0000,242.5000,28.0000,93.0000
313.0000,242.5000,28.0000,93.0000
317.0000,238.5000,28.0000,93.0000
317.0000,238.5000,28.0000,93.0000
321.0000,238.5000,28.0000,93.0000
325.0000,238.5000,28.0000,93.0000
329.0000,238.5000,28.0000,93.0000
329.0000,238.5000,28.0000,93.0000
333.0000,234.5000,28.0000,93.0000
337.0000,234.5000,28.0000,93.0000
337.0000,234.5000,28.0000,93.0000
341.0000,234.5000,28.0000,93.0000
345.0000,234.5000,28.0000,93.0000
349.0000,234.5000,28.0000,93.0000
353.0000,238.5000,28.0000,93.0000
353.0000,238.5000,28.0000,93.0000
357.0000,238.5000,28.0000,93.0000
361.0000,238.5000,28.0000,93.0000
365.0000,238.5000,28.0000,93.0000
369.0000,238.5000,28.0000,93.0000
369.0000,238.5000,28.0000,93.0000
373.0000,238.5000,28.0000,93.0000
377.0000,238.5000,28.0000,93.0000
381.0000,238.5000,28.0000,93.0000
381.0000,238.5000,28.0000,93.0000
385.0000,238.5000,28.0000,93.0000
389.0000,238.5000,28.0000,93.0000
389.0000,238.5000,28.0000,93.0000
393.0000,242.5000,28.0000,93.0000
397.0000,242.5000,28.0000,93.0000
397.0000,242.5000,28.0000,93.0000
401.0000,242.5000,28.0000,93.0000
405.0000,242.5000,28.0000,93.0000
409.0000,242.5000,28.0000,93.0000
409.0000,246.5000,28.0000,93.0000
413.0000,246.5000,28.0000,93.0000
417.0000,246.5000,28.0000,93.0000
417.0000,246.5000,28.0000,93.0000
421.0000,246.5000,28.0000,93.0000
425.0000,246.5000,28.0000,93.0000
425.0000,246.5000,28.0000,93.0000
429.0000,250.5000,28.0000,93.0000
429.0000,250.5000,28.0000,93.0000
433.0000,250.5000,28.0000,93.0000
433.0000,250.5000,28.0000,93.0000
437.0000,254.5000,28.0000,93.0000
437.0000,254.5000,28.0000,93.0000
441.0000,254.5000,28.0000,93.0000
441.0000,254.5000,28.0000,93.0000
445.0000,258.5000,28.0000,93.0000
445.0000,258.5000,28.0000,93.0000
445.0000,258.5000,28.0000,93.0000
449.0000,258.5000,28.0000,93.0000
449.0000,258.5000,28.0000,93.0000
453.0000,262.5000,28.0000,93.0000
453.0000,262.5000,28.0000,93.0000
453.0000,262.5000,28.0000,93.0000
457.0000,262.5000,28.0000,93.0000
457.0000,262.5000,28.0000,93.0000
457.0000,262.5000,28.0000,93.0000
457.0000,262.5000,28.0000,93.0000
461.0000,262.5000,28.0000,93.0000
461.0000,262.5000,28.0000,93.0000
461.0000,262.5000,28.0000,93.0000
461.0000,262.5000,28.0000,93.0000
461.0000,262.5000,28.0000,93.0000
465.0000,262.5000,28.0000,93.0000
465.0000,262.5000,28.0000,93.0000
465.0000,262.5000,28.0000,93.0000
469.0000,262.5000,28.0000,93.0000
469.0000,262.5000,28.0000,93.0000
469.0000,262.5000,28.0000,93.0000
473.0000,262.5000,28.0000,93.0000
473.0000,262.5000,28.0000,93.0000
473.0000,262.5000,28.0000,93.0000
473.0000,262.5000,28.0000,93.0000
473.0000,258.5000,28.0000,93.0000
473.0000,258.5000,28.0000,93.0000
473.0000,258.5000,28.0000,93.0000
477.0000,258.5000,28.0000,93.0000
477.0000,258.5000,28.0000,93.0000
477.0000,258.5000,28.0000,93.0000
477.0000,258.5000,28.0000,93.0000
477.0000,258.5000,28.0000,93.0000
477.0000,258.5000,28.0000,93.0000
477.0000,258.5000,28.0000,93.0000
477.0000,258.5000,28.0000,93.0000
477.0000,258.5000,28.0000,93.0000
477.0000,258.5000,28.0000,93.0000
477.0000,258.5000,28.0000,93.0000
477.0000,258.5000,28.0000,93.0000
477.0000,254.5000,28.0000,93.0000
477.0000,254.5000,28.0000,93.0000
477.0000,254.5000,28.0000,93.0000
477.0000,254.5000,28.0000,93.0000
477.0000,254.5000,28.0000,93.0000
477.0000,254.5000,28.0000,93.0000
477.0000,254.5000,28.0000,93.0000
477.0000,254.5000,28.0000,93.0000
473.0000,250.5000,28.0000,93.0000
473.0000,250.5000,28.0000,93.0000
473.0000,250.5000,28.0000,93.0000
469.0000,250.5000,28.0000,93.0000
469.0000,250.5000,28.0000,93.0000
469.0000,250.5000,28.0000,93.0000
465.0000,250.5000,28.0000,93.0000
465.0000,250.5000,28.0000,93.0000
465.0000,246.5000,28.0000,93.0000
465.0000,246.5000,28.0000,93.0000
461.0000,246.5000,28.0000,93.0000
461.0000,246.5000,28.0000,93.0000
461.0000,246.5000,28.0000,93.0000
457.0000,242.5000,28.0000,93.0000
457.0000,242.5000,28.0000,93.0000
457.0000,242.5000,28.0000,93.0000
453.0000,242.5000,28.0000,93.0000
453.0000,242.5000,28.0000,93.0000
453.0000,242.5000,28.0000,93.0000
449.0000,242.5000,28.0000,93.0000
449.0000,242.5000,28.0000,93.0000
449.0000,242.5000,28.0000,93.0000
449.0000,242.5000,28.0000,93.0000
449.0000,242.5000,28.0000,93.0000
445.0000,242.5000,28.0000,93.0000
445.0000,242.5000,28.0000,93.0000
445.0000,242.5000,28.0000,93.0000
445.0000,242.5000,28.0000,93.0000
445.0000,242.5000,28.0000,93.0000
445.0000,242.5000,28.0000,93.0000
445.0000,242.5000,28.0000,93.0000
445.0000,242.5000,28.0000,93.0000
449.0000,242.5000,28.0000,93.0000
453.0000,238.5000,28.0000,93.0000
465.0000,238.5000,28.0000,93.0000
473.0000,238.5000,28.0000,93.0000
485.0000,234.5000,28.0000,93.0000
497.0000,234.5000,28.0000,93.0000
513.0000,230.5000,28.0000,93.0000
525.0000,230.5000,28.0000,93.0000
537.0000,230.5000,28.0000,93.0000
553.0000,226.5000,28.0000,93.0000
565.0000,226.5000,28.0000,93.0000
581.0000,226.5000,28.0000,93.0000
593.0000,222.5000,28.0000,93.0000
605.0000,222.5000,28.0000,93.0000
617.0000,222.5000,28.0000,93.0000
629.0000,222.5000,28.0000,93.0000
641.0000,222.5000,28.0000,93.0000
649.0000,222.5000,28.0000,93.0000
657.0000,222.5000,28.0000,93.0000
665.0000,222.5000,28.0000,93.0000
673.0000,222.5000,28.0000,93.0000
677.0000,222.5000,28.0000,93.0000
685.0000,226.5000,28.0000,93.0000
689.0000,226.5000,28.0000,93.0000
693.0000,226.5000,28.0000,93.0000
697.0000,230.5000,28.0000,93.0000
697.0000,230.5000,28.0000,93.0000
701.0000,230.5000,28.0000,93.0000
701.0000,230.5000,28.0000,93.0000
701.0000,230.5000,28.0000,93.0000
705.0000,234.5000,28.0000,93.0000
705.0000,234.5000,28.0000,93.0000
705.0000,234.5000,28.0000,93.0000
701.0000,234.5000,28.0000,93.0000
701.0000,234.5000,28.0000,93.0000
701.0000,234.5000,28.0000,93.0000
697.0000,234.5000,28.0000,93.0000
697.0000,234.5000,28.0000,93.0000
697.0000,238.5000,28.0000,93.0000
697.0000,238.5000,28.0000,93.0000
693.0000,238.5000,28.0000,93.0000
693.0000,242.5000,28.0000,93.0000
693.0000,242.5000,28.0000,93.0000
693.0000,242.5000,28.0000,93.0000
693.0000,242.5000,28.0000,93.0000
693.0000,246.5000,28.0000,93.0000
689.0000,246.5000,28.0000,93.0000
689.0000,246.5000,28.0000,93.0000
689.0000,246.5000,28.0000,93.0000
689.0000,246.5000,28.0000,93.0000
685.0000,246.5000,28.0000,93.0000
685.0000,250.5000,28.0000,93.0000
685.0000,250.5000,28.0000,93.0000
685.0000,250.5000,28.0000,93.0000
681.0000,250.5000,28.0000,93.0000
681.0000,254.5000,28.0000,93.0000
681.0000,254.5000,28.0000,93.0000
681.0000,254.5000,28.0000,93.0000
677.0000,254.5000,28.0000,93.0000
677.0000,258.5000,28.0000,93.0000
677.0000,258.5000,28.0000,93.0000
677.0000,258.5000,28.0000,93.0000
677.0000,262.5000,28.0000,93.0000
673.0000,262.5000,28.0000,93.0000
673.0000,262.5000,28.0000,93.0000
673.0000,262.5000,28.0000,93.0000
673.0000,266.5000,28.0000,93.0000
673.0000,266.5000,28.0000,93.0000
673.0000,266.5000,28.0000,93.0000
669.0000,266.5000,28.0000,93.0000
669.0000,266.5000,28.0000,93.0000
669.0000,266.5000,28.0000,93.0000
665.0000,266.5000,28.0000,93.0000
665.0000,270.5000,28.0000,93.0000
665.0000,270.5000,28.0000,93.0000
665.0000,270.5000,28.0000,93.0000
665.0000,270.5000,28.0000,93.0000
661.0000,270.5000,28.0000,93.0000
661.0000,274.5000,28.0000,93.0000
661.0000,274.5000,28.0000,93.0000
661.0000,274.5000,28.0000,93.0000
657.0000,274.5000,28.0000,93.0000
657.0000,274.5000,28.0000,93.0000
657.0000,274.5000,28.0000,93.0000
653.0000,274.5000,28.0000,93.0000
653.0000,274.5000,28.0000,93.0000
653.0000,274.5000,28.0000,93.0000
649.0000,278.5000,28.0000,93.0000
649.0000,278.5000,28.0000,93.0000
645.0000,278.5000,28.0000,93.0000
645.0000,278.5000,28.0000,93.0000
645.0000,278.5000,28.0000,93.0000
641.0000,282.5000,28.0000,93.0000
641.0000,282.5000,28.0000,93.0000
637.0000,282.5000,28.0000,93.0000
637.0000,282.5000,28.0000,93.0000
637.0000,286.5000,28.0000,93.0000
633.0000,286.5000,28.0000,93.0000
633.0000,286.5000,28.0000,93.0000
629.0000,286.5000,28.0000,93.0000
629.0000,286.5000,28.0000,93.0000
629.0000,286.5000,28.0000,93.0000
625.0000,286.5000,28.0000,93.0000
625.0000,290.5000,28.0000,93.0000
621.0000,290.5000,28.0000,93.0000
621.0000,290.5000,28.0000,93.0000
617.0000,290.5000,28.0000,93.0000
617.0000,290.5000,28.0000,93.0000
613.0000,290.5000,28.0000,93.0000
613.0000,294.5000,28.0000,93.0000
613.0000,294.5000,28.0000,93.0000
609.0000,294.5000,28.0000,93.0000
609.0000,294.5000,28.0000,93.0000
605.0000,294.5000,28.0000,93.0000
605.0000,294.5000,28.0000,93.0000
605.0000,298.5000,28.0000,93.0000
601.0000,298.5000,28.0000,93.0000
601.0000,298.5000,28.0000,93.0000
597.0000,298.5000,28.0000,93.0000
597.0000,298.5000,28.0000,93.0000
593.0000,298.5000,28.0000,93.0000
593.0000,302.5000,28.0000,93.0000
589.0000,302.5000,28.0000,93.0000
589.0000,302.5000,28.0000,93.0000
585.0000,302.5000,28.0000,93.0000
585.0000,302.5000,28.0000,93.0000
581.0000,306.5000,28.0000,93.0000
581.0000,306.5000,28.0000,93.0000
577.0000,306.5000,28.0000,93.0000
577.0000,306.5000,28.0000,93.0000
573.0000,310.5000,28.0000,93.0000
573.0000,310.5000,28.0000,93.0000
569.0000,310.5000,28.0000,93.0000
569.0000,310.5000,28.0000,93.0000
565.0000,310.5000,28.0000,93.0000
565.0000,314.5000,28.0000,93.0000
561.0000,314.5000,28.0000,93.0000
561.0000,314.5000,28.0000,93.0000
557.0000,314.5000,28.0000,93.0000
557.0000,314.5000,28.0000,93.0000
553.0000,314.5000,28.0000,93.0000
553.0000,314.5000,28.0000,93.0000
549.0000,318.5000,28.0000,93.0000
549.0000,318.5000,28.0000,93.0000
549.0000,318.5000,28.0000,93.0000
549.0000,318.5000,28.0000,93.0000
549.0000,318.5000,28.0000,93.0000
553.0000,318.5000,28.0000,93.0000
553.0000,318.5000,28.0000,93.0000
557.0000,318.5000,28.0000,93.0000
557.0000,318.5000,28.0000,93.0000
561.0000,318.5000,28.0000,93.0000
561.0000,318.5000,28.0000,93.0000
565.0000,318.5000,28.0000,93.0000
569.0000,318.5000,28.0000,93.0000
573.0000,322.5000,28.0000,93.0000
577.0000,322.5000,28.0000,93.0000
581.0000,322.5000,28.0000,93.0000
585.0000,322.5000,28.0000,93.0000
589.0000,322.5000,28.0000,93.0000
593.0000,326.5000,28.0000,93.0000
597.0000,326.5000,28.0000,93.0000
601.0000,326.5000,28.0000,93.0000
605.0000,326.5000,28.0000,93.0000
613.0000,330.5000,28.0000,93.0000
617.0000,330.5000,28.0000,93.0000
621.0000,330.5000,28.0000,93.0000
625.0000,330.5000,28.0000,93.0000
633.0000,334.5000,28.0000,93.0000
637.0000,334.5000,28.0000,93.0000
641.0000,334.5000,28.0000,93.0000
649.0000,334.5000,28.0000,93.0000
653.0000,338.5000,28.0000,93.0000
657.0000,338.5000,28.0000,93.0000
661.0000,338.5000,28.0000,93.0000
665.0000,342.5000,28.0000,93.0000
669.0000,342.5000,28.0000,93.0000
673.0000,342.5000,28.0000,93.0000
677.0000,346.5000,28.0000,93.0000
681.0000,346.5000,28.0000,93.0000
685.0000,346.5000,28.0000,93.0000
689.0000,350.5000,28.0000,93.0000
693.0000,350.5000,28.0000,93.0000
697.0000,354.5000,28.0000,93.0000
701.0000,354.5000,28.0000,93.0000
701.0000,354.5000,28.0000,93.0000
705.0000,358.5000,28.0000,93.0000
705.0000,358.5000,28.0000,93.0000
709.0000,362.5000,28.0000,93.0000
709.0000,362.5000,28.0000,93.0000
709.0000,366.5000,28.0000,93.0000
713.0000,366.5000,28.0000,93.0000
713.0000,370.5000,28.0000,93.0000
717.0000,370.5000,28.0000,93.0000
717.0000,374.5000,28.0000,93.0000
721.0000,374.5000,28.0000,93.0000
721.0000,378.5000,28.0000,93.0000
721.0000,378.5000,28.0000,93.0000
725.0000,382.5000,28.0000,93.0000
725.0000,382.5000,28.0000,93.0000
729.0000,386.5000,28.0000,93.0000
729.0000,386.5000,28.0000,93.0000
733.0000,386.5000,28.0000,93.0000
733.0000,390.5000,28.0000,93.0000
737.0000,390.5000,28.0000,93.0000
737.0000,390.5000,28.0000,93.0000
741.0000,394.5000,28.0000,93.0000
741.0000,394.5000,28.0000,93.0000
745.0000,394.5000,28.0000,93.0000
745.0000,394.5000,28.0000,93.0000
749.0000,398.5000,28.0000,93.0000
749.0000,398.5000,28.0000,93.0000
753.0000,398.5000,28.0000,93.0000
753.0000,398.5000,28.0000,93.0000
757.0000,402.5000,28.0000,93.0000
757.0000,402.5000,28.0000,93.0000
761.0000,402.5000,28.0000,93.0000
761.0000,402.5000,28.0000,93.0000
761.0000,406.5000,28.0000,93.0000
765.0000,406.5000,28.0000,93.0000
765.0000,406.5000,28.0000,93.0000
765.0000,406.5000,28.0000,93.0000
765.0000,406.5000,28.0000,93.0000
765.0000,406.5000,28.0000,93.0000
765.0000,406.5000,28.0000,93.0000
765.0000,406.5000,28.0000,93.0000
765.0000,406.5000,28.0000,93.0000
765.0000,406.5000,28.0000,93.0000
761.0000,406.5000,28.0000,93.0000
761.0000,406.5000,28.0000,93.0000
757.0000,406.5000,28.0000,93.0000
757.0000,410.5000,28.0000,93.0000
753.0000,410.5000,28.0000,93.0000
753.0000,410.5000,28.0000,93.0000
749.0000,410.5000,28.0000,93.0000
745.0000,410.5000,28.0000,93.0000
741.0000,410.5000,28.0000,93.0000
737.0000,406.5000,28.0000,93.0000
733.0000,406.5000,28.0000,93.0000
729.0000,406.5000,28.0000,93.0000
725.0000,406.5000,28.0000,93.0000
721.0000,402.5000,28.0000,93.0000
717.0000,402.5000,28.0000,93.0000
713.0000,402.5000,28.0000,93.0000
709.0000,398.5000,28.0000,93.0000
705.0000,398.5000,28.0000,93.0000
701.0000,398.5000,28.0000,93.0000
697.0000,394.5000,28.0000,93.0000
697.0000,394.5000,28.0000,93.0000
693.0000,394.5000,28.0000,93.0000
693.0000,394.5000,28.0000,93.0000
689.0000,394.5000,28.0000,93.0000
689.0000,390.5000,28.0000,93.0000
693.0000,390.5000,28.0000,93.0000
693.0000,390.5000,28.0000,93.0000
697.0000,390.5000,28.0000,93.0000
697.0000,386.5000,28.0000,93.0000
701.0000,386.5000,28.0000,93.0000
705.0000,386.5000,28.0000,93.0000
705.0000,382.5000,28.0000,93.0000
709.0000,382.5000,28.0000,93.0000
713.0000,382.5000,28.0000,93.0000
717.0000,378.5000,28.0000,93.0000
721.0000,378.5000,28.0000,93.0000
725.0000,378.5000,28.0000,93.0000
729.0000,374.5000,28.0000,93.0000
733.0000,374.5000,28.0000,93.0000
733.0000,374.5000,28.0000,93.0000
737.0000,374.5000,28.0000,93.0000
741.0000,374.5000,28.0000,93.0000
741.0000,374.5000,28.0000,93.0000
745.0000,370.5000,28.0000,93.0000
745.0000,370.5000,28.0000,93.0000
749.0000,370.5000,28.0000,93.0000
749.0000,366.5000,28.0000,93.0000
749.0000,366.5000,28.0000,93.0000
753.0000,366.5000,28.0000,93.0000
753.0000,362.5000,28.0000,93.0000
753.0000,362.5000,28.0000,93.0000
753.0000,362.5000,28.0000,93.0000
753.0000,358.5000,28.0000,93.0000
753.0000,358.5000,28.0000,93.0000
749.0000,358.5000,28.0000,93.0000
749.0000,358.5000,28.0000,93.0000
749.0000,354.5000,28.0000,93.0000
745.0000,354.5000,28.0000,93.0000
745.0000,354.5000,28.0000,93.0000
741.0000,354.5000,28.0000,93.0000
741.0000,354.5000,28.0000,93.0000
737.0000,350.5000,28.0000,93.0000
737.0000,350.5000,28.0000,93.0000
733.0000,350.5000,28.0000,93.0000
729.0000,346.5000,28.0000,93.0000
729.0000,346.5000,28.0000,93.0000
725.0000,346.5000,28.0000,93.0000
721.0000,342.5000,28.0000,93.0000
721.0000,342.5000,28.0000,93.0000
717.0000,342.5000,28.0000,93.0000
717.0000,338.5000,28.0000,93.0000
713.0000,338.5000,28.0000,93.0000
713.0000,338.5000,28.0000,93.0000
709.0000,338.5000,28.0000,93.0000
709.0000,338.5000,28.0000,93.0000
709.0000,334.5000,28.0000,93.0000
705.0000,334.5000,28.0000,93.0000
705.0000,334.5000,28.0000,93.0000
705.0000,334.5000,28.0000,93.0000
705.0000,334.5000,28.0000,93.0000
705.0000,334.5000,28.0000,93.0000
705.0000,334.5000,28.0000,93.0000
705.0000,334.5000,28.0000,93.0000
705.0000,330.5000,28.0000,93.0000
705.0000,330.5000,28.0000,93.0000
705.0000,330.5000,28.0000,93.0000
709.0000,330.5000,28.0000,93.0000
709.0000,326.5000,28.0000,93.0000
709.0000,326.5000,28.0000,93.0000
709.0000,326.5000,28.0000,93.0000
713.0000,326.5000,28.0000,93.0000
713.0000,322.5000,28.0000,93.0000
713.0000,322.5000,28.0000,93.0000
713.0000,322.5000,28.0000,93.0000
717.0000,322.5000,28.0000,93.0000
717.0000,322.5000,28.0000,93.0000
717.0000,322.5000,28.0000,93.0000
717.0000,318.5000,28.0000,93.0000
721.0000,318.5000,28.0000,93.0000
721.0000,318.5000,28.0000,93.0000
721.0000,318.5000,28.0000,93.0000
721.0000,314.5000,28.0000,93.0000
721.0000,314.5000,28.0000,93.0000
721.0000,314.5000,28.0000,93.0000
721.0000,310.5000,28.0000,93.0000
725.0000,310.5000,28.0000,93.0000
725.0000,310.5000,28.0000,93.0000
725.0000,306.5000,28.0000,93.0000
725.0000,306.5000,28.0000,93.0000
725.0000,306.5000,28.0000,93.0000
725.0000,306.5000,28.0000,93.0000
725.0000,302.5000,28.0000,93.0000
729.0000,302.5000,28.0000,93.0000
729.0000,302.5000,28.0000,93.0000
729.0000,302.5000,28.0000,93.0000
729.0000,302.5000,28.0000,93.0000
729.0000,298.5000,28.0000,93.0000
729.0000,298.5000,28.0000,93.0000
729.0000,298.5000,28.0000,93.0000
729.0000,294.5000,28.0000,93.0000
733.0000,294.5000,28.0000,93.0000
733.0000,294.5000,28.0000,93.0000
733.0000,290.5000,28.0000,93.0000
733.0000,290.5000,28.0000,93.0000
737.0000,290.5000,28.0000,93.0000
737.0000,286.5000,28.0000,93.0000
737.0000,286.5000,28.0000,93.0000
741.0000,286.5000,28.0000,93.0000
741.0000,286.5000,28.0000,93.0000
745.0000,282.5000,28.0000,93.0000
749.0000,282.5000,28.0000,93.0000
753.0000,282.5000,28.0000,93.0000
757.0000,282.5000,28.0000,93.0000
761.0000,282.5000,28.0000,93.0000
761.0000,282.5000,28.0000,93.0000
765.0000,278.5000,28.0000,93.0000
769.0000,278.5000,28.0000,93.0000
773.0000,278.5000,28.0000,93.0000
777.0000,278.5000,28.0000,93.0000
781.0000,278.5000,28.0000,93.0000
785.0000,278.5000,28.0000,93.0000
789.0000,274.5000,28.0000,93.0000
793.0000,274.5000,28.0000,93.0000
797.0000,274.5000,28.0000,93.0000
801.0000,274.5000,28.0000,93.0000
801.0000,274.5000,28.0000,93.0000
805.0000,274.5000,28.0000,93.0000
805.0000,274.5000,28.0000,93.0000
809.0000,274.5000,28.0000,93.0000
809.0000,274.5000,28.0000,93.0000
809.0000,270.5000,28.0000,93.0000
813.0000,270.5000,28.0000,93.0000
813.0000,270.5000,28.0000,93.0000
817.0000,270.5000,28.0000,93.0000
817.0000,270.5000,28.0000,93.0000
821.0000,270.5000,28.0000,93.0000
821.0000,270.5000,28.0000,93.0000
825.0000,270.5000,28.0000,93.0000
829.0000,270.5000,28.0000,93.0000
829.0000,270.5000,28.0000,93.0000
833.0000,270.5000,28.0000,93.0000
837.0000,270.5000,28.0000,93.0000
841.0000,270.5000,28.0000,93.0000
841.0000,270.5000,28.0000,93.0000
845.0000,270.5000,28.0000,93.0000
849.0000,270.5000,28.0000,93.0000
853.0000,270.5000,28.0000,93.0000
857.0000,274.5000,28.0000,93.0000
861.0000,274.5000,28.0000,93.0000
865.0000,274.5000,28.0000,93.0000
869.0000,274.5000,28.0000,93.0000
873.0000,278.5000,28.0000,93.0000
877.0000,278.5000,28.0000,93.0000
881.0000,278.5000,28.0000,93.0000
885.0000,278.5000,28.0000,93.0000
889.0000,278.5000,28.0000,93.0000
893.0000,282.5000,28.0000,93.0000
897.0000,282.5000,28.0000,93.0000
901.0000,282.5000,28.0000,93.0000
905.0000,282.5000,28.0000,93.0000
909.0000,286.5000,28.0000,93.0000
909.0000,286.5000,28.0000,93.0000
913.0000,286.5000,28.0000,93.0000
913.0000,286.5000,28.0000,93.0000
913.0000,286.5000,28.0000,93.0000
913.0000,286.5000,28.0000,93.0000
909.0000,286.5000,28.0000,93.0000
905.0000,286.5000,28.0000,93.0000
905.0000,282.5000,28.0000,93.0000
901.0000,282.5000,28.0000,93.0000
893.0000,282.5000,28.0000,93.0000
889.0000,278.5000,28.0000,93.0000
881.0000,278.5000,28.0000,93.0000
877.0000,274.5000,28.0000,93.0000
869.0000,274.5000,28.0000,93.0000
865.0000,274.5000,28.0000,93.0000
857.0000,270.5000,28.0000,93.0000
849.0000,270.5000,28.0000,93.0000
845.0000,266.5000,28.0000,93.0000
837.0000,266.5000,28.0000,93.0000
833.0000,266.5000,28.0000,93.0000
825.0000,262.5000,28.0000,93.0000
821.0000,262.5000,28.0000,93.0000
813.0000,262.5000,28.0000,93.0000
809.0000,262.5000,28.0000,93.0000
805.0000,262.5000,28.0000,93.0000
801.0000,262.5000,28.0000,93.0000
797.0000,262.5000,28.0000,93.0000
793.0000,262.5000,28.0000,93.0000
793.0000,262.5000,28.0000,93.0000
793.0000,262.5000,28.0000,93.0000
793.0000,258.5000,28.0000,93.0000
797.0000,258.5000,28.0000,93.0000
797.0000,258.5000,28.0000,93.0000
801.0000,258.5000,28.0000,93.0000
805.0000,258.5000,28.0000,93.0000
809.0000,258.5000,28.0000,93.0000
813.0000,258.5000,28.0000,93.0000
817.0000,258.5000,28.0000,93.0000
821.0000,258.5000,28.0000,93.0000
825.0000,258.5000,28.0000,93.0000
829.0000,258.5000,28.0000,93.0000
833.0000,262.5000,28.0000,93.0000
837.0000,262.5000,28.0000,93.0000
841.0000,262.5000,28.0000,93.0000
845.0000,262.5000,28.0000,93.0000
845.0000,262.5000,28.0000,93.0000
849.0000,262.5000,28.0000,93.0000
853.0000,262.5000,28.0000,93.0000
857.0000,262.5000,28.0000,93.0000
857.0000,262.5000,28.0000,93.0000
861.0000,262.5000,28.0000,93.0000
861.0000,262.5000,28.0000,93.0000
861.0000,262.5000,28.0000,93.0000
865.0000,262.5000,28.0000,93.0000
865.0000,262.5000,28.0000,93.0000
865.0000,262.5000,28.0000,93.0000
865.0000,258.5000,28.0000,93.0000
865.0000,258.5000,28.0000,93.0000
861.0000,258.5000,28.0000,93.0000
861.0000,258.5000,28.0000,93.0000
861.0000,258.5000,28.0000,93.0000
857.0000,258.5000,28.0000,93.0000
853.0000,258.5000,28.0000,93.0000
853.0000,254.5000,28.0000,93.0000
849.0000,254.5000,28.0000,93.0000
849.0000,254.5000,28.0000,93.0000
845.0000,254.5000,28.0000,93.0000
845.0000,250.5000,28.0000,93.0000
841.0000,250.5000,28.0000,93.0000
841.0000,250.5000,28.0000,93.0000
841.0000,250.5000,28.0000,93.0000
841.0000,250.5000,28.0000,93.0000
841.0000,250.5000,28.0000,93.0000
841.0000,250.5000,28.0000,93.0000
841.0000,250.5000,28.0000,93.0000
841.0000,246.5000,28.0000,93.0000
841.0000,246.5000,28.0000,93.0000
841.0000,246.5000,28.0000,93.0000
841.0000,246.5000,28.0000,93.0000
841.0000,246.5000,28.0000,93.0000
841.0000,246.5000,28.0000,93.0000
845.0000,246.5000,28.0000,93.0000
845.0000,242.5000,28.0000,93.0000
849.0000,242.5000,28.0000,93.0000
849.0000,242.5000,28.0000,93.0000
853.0000,242.5000,28.0000,93.0000
853.0000,242.5000,28.0000,93.0000
853.0000,242.5000,28.0000,93.0000
857.0000,242.5000,28.0000,93.0000
857.0000,242.5000,28.0000,93.0000
861.0000,242.5000,28.0000,93.0000
865.0000,242.5000,28.0000,93.0000
865.0000,242.5000,28.0000,93.0000
869.0000,242.5000,28.0000,93.0000
869.0000,242.5000,28.0000,93.0000
873.0000,242.5000,28.0000,93.0000
873.0000,242.5000,28.0000,93.0000
877.0000,242.5000,28.0000,93.0000
881.0000,242.5000,28.0000,93.0000
881.0000,242.5000,28.0000,93.0000
885.0000,242.5000,28.0000,93.0000
885.0000,242.5000,28.0000,93.0000
889.0000,242.5000,28.0000,93.0000
893.0000,242.5000,28.0000,93.0000
893.0000,242.5000,28.0000,93.0000
897.0000,242.5000,28.0000,93.0000
901.0000,242.5000,28.0000,93.0000
901.0000,242.5000,28.0000,93.0000
905.0000,242.5000,28.0000,93.0000
905.0000,242.5000,28.0000,93.0000
909.0000,242.5000,28.0000,93.0000
909.0000,242.5000,28.0000,93.0000
909.0000,242.5000,28.0000,93.0000
909.0000,238.5000,28.0000,93.0000
909.0000,238.5000,28.0000,93.0000
909.0000,238.5000,28.0000,93.0000
909.0000,234.5000,28.0000,93.0000
909.0000,234.5000,28.0000,93.0000
909.0000,230.5000,28.0000,93.0000
909.0000,230.5000,28.0000,93.0000
905.0000,230.5000,28.0000,93.0000
901.0000,230.5000,28.0000,93.0000
901.0000,226.5000,28.0000,93.0000
897.0000,226.5000,28.0000,93.0000
893.0000,222.5000,28.0000,93.0000
889.0000,222.5000,28.0000,93.0000
885.0000,222.5000,28.0000,93.0000
881.0000,218.5000,28.0000,93.0000
877.0000,218.5000,28.0000,93.0000
873.0000,214.5000,28.0000,93.0000
869.0000,214.5000,28.0000,93.0000
865.0000,210.5000,28.0000,93.0000
861.0000,210.5000,28.0000,93.0000
857.0000,210.5000,28.0000,93.0000
853.0000,206.5000,28.0000,93.0000
849.0000,206.5000,28.0000,93.0000
845.0000,206.5000,28.0000,93.0000
841.0000,202.5000,28.0000,93.0000
837.0000,202.5000,28.0000,93.0000
833.0000,202.5000,28.0000,93.0000
833.0000,202.5000,28.0000,93.0000
829.0000,202.5000,28.0000,93.0000
825.0000,198.5000,28.0000,93.0000
821.0000,198.5000,28.0000,93.0000
817.0000,198.5000,28.0000,93.0000
813.0000,198.5000,28.0000,93.0000
809.0000,194.5000,28.0000,93.0000
809.0000,194.5000,28.0000,93.0000
805.0000,194.5000,28.0000,93.0000
801.0000,194.5000,28.0000,93.0000
797.0000,194.5000,28.0000,93.0000
797.0000,194.5000,28.0000,93.0000
793.0000,190.5000,28.0000,93.0000
789.0000,190.5000,28.0000,93.0000
785.0000,190.5000,28.0000,93.0000
785.0000,190.5000,28.0000,93.0000
781.0000,190.5000,28.0000,93.0000
777.0000,190.5000,28.0000,93.0000
773.0000,190.5000,28.0000,93.0000
769.0000,190.5000,28.0000,93.0000
765.0000,190.5000,28.0000,93.0000
761.0000,190.5000,28.0000,93.0000
757.0000,190.5000,28.0000,93.0000
753.0000,190.5000,28.0000,93.0000
749.0000,194.5000,28.0000,93.0000
745.0000,194.5000,28.0000,93.0000
741.0000,194.5000,28.0000,93.0000
737.0000,194.5000,28.0000,93.0000
733.0000,194.5000,28.0000,93.0000
729.0000,194.5000,28.0000,93.0000
725.0000,198.5000,28.0000,93.0000
721.0000,198.5000,28.0000,93.0000
717.0000,198.5000,28.0000,93.0000
713.0000,202.5000,28.0000,93.0000
713.0000,202.5000,28.0000,93.0000
713.0000,202.5000,28.0000,93.0000
709.0000,206.5000,28.0000,93.0000
709.0000,206.5000,28.0000,93.0000
709.0000,210.5000,28.0000,93.0000
709.0000,210.5000,28.0000,93.0000
709.0000,214.5000,28.0000,93.0000
709.0000,214.5000,28.0000,93.0000
709.0000,214.5000,28.0000,93.0000
709.0000,218.5000,28.0000,93.0000
709.0000,218.5000,28.0000,93.0000
713.0000,222.5000,28.0000,93.0000
713.0000,222.5000,28.0000,93.0000
717.0000,226.5000,28.0000,93.0000
721.0000,226.5000,28.0000,93.0000
721.0000,230.5000,28.0000,93.0000
725.0000,230.5000,28.0000,93.0000
729.0000,234.5000,28.0000,93.0000
733.0000,234.5000,28.0000,93.0000
733.0000,238.5000,28.0000,93.0000
737.0000,238.5000,28.0000,93.0000
737.0000,242.5000,28.0000,93.0000
741.0000,242.5000,28.0000,93.0000
745.0000,246.5000,28.0000,93.0000
745.0000,246.5000,28.0000,93.0000
749.0000,246.5000,28.0000,93.0000
749.0000,250.5000,28.0000,93.0000
753.0000,250.5000,28.0000,93.0000
753.0000,250.5000,28.0000,93.0000
757.0000,254.5000,28.0000,93.0000
757.0000,254.5000,28.0000,93.0000
761.0000,254.5000,28.0000,93.0000
761.0000,258.5000,28.0000,93.0000
765.0000,258.5000,28.0000,93.0000
765.0000,258.5000,28.0000,93.0000
769.0000,262.5000,28.0000,93.0000
769.0000,262.5000,28.0000,93.0000
769.0000,262.5000,28.0000,93.0000
773.0000,262.5000,28.0000,93.0000
773.0000,262.5000,28.0000,93.0000
777.0000,262.5000,28.0000,93.0000
777.0000,262.5000,28.0000,93.0000
781.0000,262.5000,28.0000,93.0000
781.0000,262.5000,28.0000,93.0000
781.0000,262.5000,28.0000,93.0000
785.0000,262.5000,28.0000,93.0000
789.0000,266.5000,28.0000,93.0000
789.0000,266.5000,28.0000,93.0000
793.0000,266.5000,28.0000,93.0000
793.0000,266.5000,28.0000,93.0000
797.0000,266.5000,28.0000,93.0000
797.0000,266.5000,28.0000,93.0000
801.0000,270.5000,28.0000,93.0000
801.0000,270.5000,28.0000,93.0000
805.0000,270.5000,28.0000,93.0000
805.0000,270.5000,28.0000,93.0000
809.0000,270.5000,28.0000,93.0000
809.0000,270.5000,28.0000,93.0000
813.0000,270.5000,28.0000,93.0000
813.0000,270.5000,28.0000,93.0000
817.0000,270.5000,28.0000,93.0000
821.0000,270.5000,28.0000,93.0000
825.0000,270.5000,28.0000,93.0000
825.0000,270.5000,28.0000,93.0000
829.0000,270.5000,28.0000,93.0000
833.0000,270.5000,28.0000,93.0000
837.0000,270.5000,28.0000,93.0000
837.0000,270.5000,28.0000,93.0000
841.0000,270.5000,28.0000,93.0000
841.0000,270.5000,28.0000,93.0000
845.0000,270.5000,28.0000,93.0000
845.0000,270.5000,28.0000,93.0000
849.0000,270.5000,28.0000,93.0000
849.0000,266.5000,28.0000,93.0000
853.0000,266.5000,28.0000,93.0000
853.0000,266.5000,28.0000,93.0000
857.0000,266.5000,28.0000,93.0000
857.0000,266.5000,28.0000,93.0000
857.0000,262.5000,28.0000,93.0000
857.0000,262.5000,28.0000,93.0000
857.0000,262.5000,28.0000,93.0000
857.0000,262.5000,28.0000,93.0000
857.0000,262.5000,28.0000,93.0000
857.0000,262.5000,28.0000,93.0000
853.0000,258.5000,28.0000,93.0000
853.0000,258.5000,28.0000,93.0000
849.0000,258.5000,28.0000,93.0000
849.0000,258.5000,28.0000,93.0000
845.0000,254.5000,28.0000,93.0000
841.0000,254.5000,28.0000,93.0000
837.0000,254.5000,28.0000,93.0000
837.0000,250.5000,28.0000,93.0000
833.0000,250.5000,28.0000,93.0000
829.0000,250.5000,28.0000,93.0000
825.0000,246.5000,28.0000,93.0000
825.0000,246.5000,28.0000,93.0000
821.0000,246.5000,28.0000,93.0000
817.0000,242.5000,28.0000,93.0000
813.0000,242.5000,28.0000,93.0000
813.0000,242.5000,28.0000,93.0000
809.0000,242.5000,28.0000,93.0000
809.0000,238.5000,28.0000,93.0000
805.0000,238.5000,28.0000,93.0000
801.0000,238.5000,28.0000,93.0000
801.0000,238.5000,28.0000,93.0000
797.0000,238.5000,28.0000,93.0000
793.0000,234.5000,28.0000,93.0000
793.0000,234.5000,28.0000,93.0000
789.0000,234.5000,28.0000,93.0000
789.0000,230.5000,28.0000,93.0000
785.0000,230.5000,28.0000,93.0000
785.0000,230.5000,28.0000,93.0000
781.0000,226.5000,28.0000,93.0000
781.0000,226.5000,28.0000,93.0000
777.0000,226.5000,28.0000,93.0000
777.0000,226.5000,28.0000,93.0000
773.0000,226.5000,28.0000,93.0000
773.0000,226.5000,28.0000,93.0000
769.0000,226.5000,28.0000,93.0000
769.0000,226.5000,28.0000,93.0000
765.0000,226.5000,28.0000,93.0000
761.0000,222.5000,28.0000,93.0000
761.0000,222.5000,28.0000,93.0000
757.0000,222.5000,28.0000,93.0000
757.0000,222.5000,28.0000,93.0000
753.0000,222.5000,28.0000,93.0000
753.0000,222.5000,28.0000,93.0000
749.0000,222.5000,28.0000,93.0000
749.0000,222.5000,28.0000,93.0000
745.0000,218.5000,28.0000,93.0000
741.0000,218.5000,28.0000,93.0000
741.0000,218.5000,28.0000,93.0000
741.0000,218.5000,28.0000,93.0000
737.0000,218.5000,28.0000,93.0000
737.0000,218.5000,28.0000,93.0000
733.0000,218.5000,28.0000,93.0000
733.0000,218.5000,28.0000,93.0000
729.0000,218.5000,28.0000,93.0000
729.0000,218.5000,28.0000,93.0000
725.0000,218.5000,28.0000,93.0000
725.0000,218.5000,28.0000,93.0000
721.0000,218.5000,28.0000,93.0000
721.0000,218.5000,28.0000,93.0000
717.0000,214.5000,28.0000,93.0000
713.0000,214.5000,28.0000,93.0000
713.0000,214.5000,28.0000,93.0000
713.0000,214.5000,28.0000,93.0000
709.0000,214.5000,28.0000,93.0000
709.0000,214.5000,28.0000,93.0000
705.0000,214.5000,28.0000,93.0000
705.0000,214.5000,28.0000,93.0000
701.0000,214.5000,28.0000,93.0000
697.0000,214.5000,28.0000,93.0000
697.0000,214.5000,28.0000,93.0000
693.0000,214.5000,28.0000,93.0000
693.0000,214.5000,28.0000,93.0000
689.0000,214.5000,28.0000,93.0000
689.0000,214.5000,28.0000,93.0000
685.0000,214.5000,28.0000,93.0000
681.0000,214.5000,28.0000,93.0000
681.0000,214.5000,28.0000,93.0000
677.0000,214.5000,28.0000,93.0000
673.0000,214.5000,28.0000,93.0000
673.0000,214.5000,28.0000,93.0000
669.0000,214.5000,28.0000,93.0000
669.0000,210.5000,28.0000,93.0000
665.0000,210.5000,28.0000,93.0000
665.0000,210.5000,28.0000,93.0000
661.0000,210.5000,28.0000,93.0000
657.0000,210.5000,28.0000,93.0000
657.0000,210.5000,28.0000,93.0000
653.0000,210.5000,28.0000,93.0000
653.0000,210.5000,28.0000,93.0000
649.0000,210.5000,28.0000,93.0000
649.0000,210.5000,28.0000,93.0000
645.0000,210.5000,28.0000,93.0000
645.0000,210.5000,28.0000,93.0000
641.0000,210.5000,28.0000,93.0000
641.0000,210.5000,28.0000,93.0000
637.0000,210.5000,28.0000,93.0000
637.0000,210.5000,28.0000,93.0000
637.0000,210.5000,28.0000,93.0000
633.0000,206.5000,28.0000,93.0000
633.0000,206.5000,28.0000,93.0000
629.0000,206.5000,28.0000,93.0000
629.0000,206.5000,28.0000,93.0000
625.0000,206.5000,28.0000,93.0000
625.0000,206.5000,28.0000,93.0000
621.0000,206.5000,28.0000,93.0000
621.0000,206.5000,28.0000,93.0000
617.0000,206.5000,28.0000,93.0000
617.0000,206.5000,28.0000,93.0000
613.0000,206.5000,28.0000,93.0000
613.0000,206.5000,28.0000,93.0000
609.0000,206.5000,28.0000,93.0000
605.0000,202.5000,28.0000,93.0000
605.0000,202.5000,28.0000,93.0000
601.0000,202.5000,28.0000,93.0000
601.0000,202.5000,28.0000,93.0000
597.0000,202.5000,28.0000,93.0000
597.0000,202.5000,28.0000,93.0000
593.0000,198.5000,28.0000,93.0000
593.0000,198.5000,28.0000,93.0000
589.0000,198.5000,28.0000,93.0000
589.0000,198.5000,28.0000,93.0000
585.0000,198.5000,28.0000,93.0000
585.0000,198.5000,28.0000,93.0000
581.0000,198.5000,28.0000,93.0000
581.0000,198.5000,28.0000,93.0000
577.0000,194.5000,28.0000,93.0000
573.0000,194.5000,28.0000,93.0000
573.0000,194.5000,28.0000,93.0000
569.0000,194.5000,28.0000,93.0000
569.0000,190.5000,28.0000,93.0000
565.0000,190.5000,28.0000,93.0000
561.0000,190.5000,28.0000,93.0000
561.0000,190.5000,28.0000,93.0000
557.0000,190.5000,28.0000,93.0000
557.0000,190.5000,28.0000,93.0000
553.0000,186.5000,28.0000,93.0000
549.0000,186.5000,28.0000,93.0000
549.0000,186.5000,28.0000,93.0000
545.0000,186.5000,28.0000,93.0000
545.0000,186.5000,28.0000,93.0000
541.0000,186.5000,28.0000,93.0000
537.0000,186.5000,28.0000,93.0000
533.0000,186.5000,28.0000,93.0000
533.0000,186.5000,28.0000,93.0000
529.0000,186.5000,28.0000,93.0000
525.0000,186.5000,28.0000,93.0000
525.0000,182.5000,28.0000,93.0000
521.0000,182.5000,28.0000,93.0000
521.0000,182.5000,28.0000,93.0000
517.0000,182.5000,28.0000,93.0000
513.0000,182.5000,28.0000,93.0000
513.0000,182.5000,28.0000,93.0000
509.0000,182.5000,28.0000,93.0000
509.0000,182.5000,28.0000,93.0000
505.0000,182.5000,28.0000,93.0000
505.0000,182.5000,28.0000,93.0000
505.0000,182.5000,28.0000,93.0000
505.0000,182.5000,28.0000,93.0000
505.0000,182.5000,28.0000,93.0000
505.0000,182.5000,28.0000,93.0000
505.0000,182.5000,28.0000,93.0000
505.0000,182.5000,28.0000,93.0000
509.0000,182.5000,28.0000,93.0000
509.0000,182.5000,28.0000,93.0000
509.0000,178.5000,28.0000,93.0000
513.0000,178.5000,28.0000,93.0000
513.0000,178.5000,28.0000,93.0000
517.0000,178.5000,28.0000,93.0000
521.0000,178.5000,28.0000,93.0000
521.0000,178.5000,28.0000,93.0000
525.0000,178.5000,28.0000,93.0000
525.0000,178.5000,28.0000,93.0000
529.0000,178.5000,28.0000,93.0000
529.0000,178.5000,28.0000,93.0000
533.0000,178.5000,28.0000,93.0000
537.0000,178.5000,28.0000,93.0000
537.0000,178.5000,28.0000,93.0000
541.0000,178.5000,28.0000,93.0000
541.0000,178.5000,28.0000,93.0000
541.0000,178.5000,28.0000,93.0000
545.0000,178.5000,28.0000,93.0000
545.0000,178.5000,28.0000,93.0000
549.0000,178.5000,28.0000,93.0000
549.0000,178.5000,28.0000,93.0000
549.0000,178.5000,28.0000,93.0000
553.0000,178.5000,28.0000,93.0000
553.0000,182.5000,28.0000,93.0000
553.0000,182.5000,28.0000,93.0000
553.0000,182.5000,28.0000,93.0000
553.0000,182.5000,28.0000,93.0000
557.0000,182.5000,28.0000,93.0000
557.0000,186.5000,28.0000,93.0000
557.0000,186.5000,28.0000,93.0000
557.0000,186.5000,28.0000,93.0000
557.0000,186.5000,28.0000,93.0000
557.0000,186.5000,28.0000,93.0000
557.0000,190.5000,28.0000,93.0000
557.0000,190.5000,28.0000,93.0000
557.0000,190.5000,28.0000,93.0000
561.0000,190.5000,28.0000,93.0000
561.0000,190.5000,28.0000,93.0000
561.0000,194.5000,28.0000,93.0000
565.0000,194.5000,28.0000,93.0000
565.0000,194.5000,28.0000,93.0000
565.0000,194.5000,28.0000,93.0000
569.0000,198.5000,28.0000,93.0000
569.0000,198.5000,28.0000,93.0000
569.0000,198.5000,28.0000,93.0000
573.0000,198.5000,28.0000,93.0000
573.0000,202.5000,28.0000,93.0000
577.0000,202.5000,28.0000,93.0000
577.0000,202.5000,28.0000,93.0000
581.0000,202.5000,28.0000,93.0000
581.0000,202.5000,28.0000,93.0000
585.0000,202.5000,28.0000,93.0000
585.0000,206.5000,28.0000,93.0000
589.0000,206.5000,28.0000,93.0000
593.0000,206.5000,28.0000,93.0000
593.0000,206.5000,28.0000,93.0000
597.0000,206.5000,28.0000,93.0000
601.0000,206.5000,28.0000,93.0000
601.0000,206.5000,28.0000,93.0000
605.0000,210.5000,28.0000,93.0000
609.0000,210.5000,28.0000,93.0000
609.0000,210.5000,28.0000,93.0000
613.0000,210.5000,28.0000,93.0000
613.0000,210.5000,28.0000,93.0000
617.0000,214.5000,28.0000,93.0000
617.0000,214.5000,28.0000,93.0000
621.0000,214.5000,28.0000,93.0000
621.0000,214.5000,28.0000,93.0000
621.0000,214.5000,28.0000,93.0000
625.0000,214.5000,28.0000,93.0000
625.0000,214.5000,28.0000,93.0000
625.0000,214.5000,28.0000,93.0000
629.0000,214.5000,28.0000,93.0000
629.0000,214.5000,28.0000,93.0000
629.0000,214.5000,28.0000,93.0000
629.0000,214.5000,28.0000,93.0000
629.0000,214.5000,28.0000,93.0000
629.0000,214.5000,28.0000,93.0000
629.0000,214.5000,28.0000,93.0000
629.0000,214.5000,28.0000,93.0000
629.0000,214.5000,28.0000,93.0000
629.0000,214.5000,28.0000,93.0000
629.0000,214.5000,28.0000,93.0000
629.0000,214.5000,28.0000,93.0000
629.0000,214.5000,28.0000,93.0000
629.0000,214.5000,28.0000,93.0000
629.0000,214.5000,28.0000,93.0000
629.0000,214.5000,28.0000,93.0000
625.0000,214.5000,28.0000,93.0000
625.0000,214.5000,28.0000,93.0000
625.0000,210.5000,28.0000,93.0000
625.0000,210.5000,28.0000,93.0000
625.0000,210.5000,28.0000,93.0000
625.0000,210.5000,28.0000,93.0000
625.0000,210.5000,28.0000,93.0000
625.0000,206.5000,28.0000,93.0000
625.0000,206.5000,28.0000,93.0000
629.0000,206.5000,28.0000,93.0000
629.0000,206.5000,28.0000,93.0000
629.0000,206.5000,28.0000,93.0000
629.0000,206.5000,28.0000,93.0000
633.0000,202.5000,28.0000,93.0000
633.0000,202.5000,28.0000,93.0000
637.0000,202.5000,28.0000,93.0000
637.0000,198.5000,28.0000,93.0000
637.0000,198.5000,28.0000,93.0000
641.0000,198.5000,28.0000,93.0000
641.0000,198.5000,28.0000,93.0000
645.0000,194.5000,28.0000,93.0000
645.0000,194.5000,28.0000,93.0000
645.0000,194.5000,28.0000,93.0000
645.0000,190.5000,28.0000,93.0000
645.0000,190.5000,28.0000,93.0000
645.0000,190.5000,28.0000,93.0000
645.0000,190.5000,28.0000,93.0000
645.0000,190.5000,28.0000,93.0000
645.0000,190.5000,28.0000,93.0000
641.0000,186.5000,28.0000,93.0000
641.0000,186.5000,28.0000,93.0000
641.0000,186.5000,28.0000,93.0000
637.0000,186.5000,28.0000,93.0000
637.0000,186.5000,28.0000,93.0000
637.0000,182.5000,28.0000,93.0000
633.0000,182.5000,28.0000,93.0000
633.0000,182.5000,28.0000,93.0000
629.0000,182.5000,28.0000,93.0000
629.0000,178.5000,28.0000,93.0000
629.0000,178.5000,28.0000,93.0000
625.0000,178.5000,28.0000,93.0000
625.0000,178.5000,28.0000,93.0000
621.0000,178.5000,28.0000,93.0000
621.0000,178.5000,28.0000,93.0000
617.0000,178.5000,28.0000,93.0000
617.0000,178.5000,28.0000,93.0000
613.0000,178.5000,28.0000,93.0000
613.0000,178.5000,28.0000,93.0000
609.0000,178.5000,28.0000,93.0000
609.0000,178.5000,28.0000,93.0000
609.0000,178.5000,28.0000,93.0000
605.0000,178.5000,28.0000,93.0000
605.0000,178.5000,28.0000,93.0000
605.0000,178.5000,28.0000,93.0000
601.0000,178.5000,28.0000,93.0000
601.0000,178.5000,28.0000,93.0000
601.0000,178.5000,28.0000,93.0000
601.0000,182.5000,28.0000,93.0000
597.0000,182.5000,28.0000,93.0000
597.0000,182.5000,28.0000,93.0000
597.0000,182.5000,28.0000,93.0000
597.0000,182.5000,28.0000,93.0000
597.0000,186.5000,28.0000,93.0000
597.0000,186.5000,28.0000,93.0000
597.0000,186.5000,28.0000,93.0000
597.0000,186.5000,28.0000,93.0000
597.0000,186.5000,28.0000,93.0000
597.0000,186.5000,28.0000,93.0000
597.0000,186.5000,28.0000,93.0000
601.0000,186.5000,28.0000,93.0000
601.0000,186.5000,28.0000,93.0000
601.0000,186.5000,28.0000,93.0000
601.0000,186.5000,28.0000,93.0000
605.0000,186.5000,28.0000,93.0000
605.0000,186.5000,28.0000,93.0000
605.0000,186.5000,28.0000,93.0000
605.0000,190.5000,28.0000,93.0000
605.0000,190.5000,28.0000,93.0000
609.0000,190.5000,28.0000,93.0000
609.0000,190.5000,28.0000,93.0000
609.0000,190.5000,28.0000,93.0000
613.0000,190.5000,28.0000,93.0000
613.0000,190.5000,28.0000,93.0000
617.0000,190.5000,28.0000,93.0000
617.0000,190.5000,28.0000,93.0000
621.0000,190.5000,28.0000,93.0000
621.0000,190.5000,28.0000,93.0000
621.0000,190.5000,28.0000,93.0000
625.0000,190.5000,28.0000,93.0000
625.0000,190.5000,28.0000,93.0000
625.0000,190.5000,28.0000,93.0000
625.0000,190.5000,28.0000,93.0000
625.0000,194.5000,28.0000,93.0000
625.0000,194.5000,28.0000,93.0000
625.0000,194.5000,28.0000,93.0000
625.0000,194.5000,28.0000,93.0000
625.0000,194.5000,28.0000,93.0000
621.0000,194.5000,28.0000,93.0000
621.0000,194.5000,28.0000,93.0000
617.0000,198.5000,28.0000,93.0000
617.0000,198.5000,28.0000,93.0000
613.0000,198.5000,28.0000,93.0000
613.0000,198.5000,28.0000,93.0000
609.0000,198.5000,28.0000,93.0000
609.0000,198.5000,28.0000,93.0000
605.0000,198.5000,28.0000,93.0000
