1
23.5805,241.5278,20.8389,18.9445
41.5672,235.5156,20.8657,18.9688
61.4596,231.4178,21.0808,19.1643
82.4489,227.4081,21.1021,19.1837
103.4873,226.3521,19.0255,17.2959
123.5252,224.3866,18.9496,17.2269
123.4744,224.3404,19.0511,17.3192
143.4375,224.3068,19.1251,17.3864
164.3555,224.2322,19.2891,17.5355
183.4234,222.2940,19.1532,17.4120
203.4270,219.2972,19.1461,17.4055
218.5254,215.3867,18.9492,17.2266
230.5523,208.4112,18.8955,17.1777
242.6023,204.4566,18.7954,17.0867
251.4758,199.3417,19.0483,17.3167
252.4676,199.3342,19.0649,17.3317
259.7036,195.5488,18.5927,16.9025
263.7077,191.5525,18.5845,16.8950
263.6647,189.5133,18.6707,16.9733
263.7144,189.5586,18.5711,16.8828
264.7124,192.5567,18.5752,16.8865
264.7397,193.5815,18.5207,16.8370
262.7511,195.5919,18.4977,16.8161
263.6812,194.5283,18.6377,16.9434
262.6232,194.4756,18.7536,17.0487
262.6077,194.4615,18.7846,17.0770
262.5100,192.3728,18.9799,17.2545
262.4409,191.3099,19.1183,17.3802
262.3721,190.2474,19.2558,17.5053
262.2010,189.0919,19.5979,17.8163
263.1761,190.0692,19.6478,17.8616
265.1361,191.0329,19.7277,17.9343
265.0375,194.9432,19.9250,18.1137
265.0455,196.9505,19.9090,18.0991
266.0447,198.9497,19.9106,18.1006
265.9451,198.8592,20.1099,18.2817
268.9220,201.8381,20.1561,18.3237
270.8555,203.7777,20.2890,18.4445
273.7719,205.7017,20.4562,18.5966
276.7368,206.6698,20.5265,18.6604
278.6491,207.5901,20.7018,18.8198
281.6546,206.5951,20.6909,18.8099
283.6864,204.6240,20.6272,18.7520
286.6876,202.6251,20.6248,18.7498
286.6302,202.5729,20.7396,18.8542
288.6480,201.5891,20.7039,18.8217
291.5709,201.5190,20.8582,18.9620
294.5476,202.4978,20.9048,19.0043
297.5110,204.4645,20.9781,19.0710
300.4645,205.4223,21.0709,19.1554
304.4008,208.3644,21.1984,19.2712
307.3494,210.3176,21.3012,19.3648
311.2609,213.2372,21.4782,19.5256
314.2588,215.2353,21.4824,19.5295
315.1372,215.1247,21.7257,19.7506
318.0709,218.0644,21.8583,19.8712
321.9885,220.9896,22.0229,20.0209
325.9135,224.9213,22.1731,20.1574
330.9249,228.9318,22.1501,20.1365
334.8494,232.8631,22.3012,20.2738
338.7721,236.7928,22.4558,20.4144
341.7544,242.7767,22.4913,20.4466
338.7814,245.8013,22.4371,20.3974
338.8236,245.8397,22.3527,20.3207
330.8057,249.8234,22.3886,20.3533
317.9939,253.9944,22.0122,20.0111
303.8923,256.9021,22.2154,20.1958
287.9034,260.9122,22.1931,20.1756
271.8296,264.8450,22.3409,20.3099
256.9390,269.9445,22.1220,20.1109
240.9000,277.9091,22.2000,20.1818
225.8925,284.9023,22.2151,20.1955
211.8618,292.8744,22.2763,20.2512
211.8874,292.8976,22.2252,20.2047
197.9205,302.9277,22.1590,20.1445
184.9811,309.9828,22.0377,20.0343
171.8600,316.8727,22.2800,20.2545
159.8022,323.8202,22.3956,20.3597
149.7063,331.7330,22.5875,20.5341
138.6520,337.6837,22.6959,20.6327
129.5543,343.5948,22.8914,20.8104
122.4025,352.4568,23.1949,21.0863
122.2969,352.3608,23.4062,21.2784
116.3307,359.3916,23.3385,21.2169
112.3376,367.3979,23.3247,21.2043
108.3050,373.3682,23.3901,21.2637
108.2177,381.2888,23.5646,21.4223
106.2637,386.3306,23.4726,21.3388
106.2100,390.2819,23.5799,21.4363
106.1988,392.2716,23.6025,21.4568
107.2179,394.2890,23.5642,21.4220
108.2556,395.3233,23.4888,21.3534
109.3684,395.4258,23.2633,21.1484
110.4588,395.5080,23.0824,20.9840
112.4464,395.4967,23.1072,21.0065
112.3385,393.3986,23.3230,21.2027
112.3551,391.4137,23.2899,21.1726
113.2930,388.3573,23.4140,21.2854
116.3628,386.4207,23.2744,21.1586
118.3072,381.3702,23.3856,21.2596
119.3415,374.4014,23.3169,21.1972
119.2781,374.3438,23.4437,21.3125
122.1454,368.2231,23.7092,21.5538
124.1604,363.2367,23.6793,21.5266
126.1182,358.1983,23.7637,21.6034
127.0700,350.1545,23.8600,21.6909
128.0566,341.1424,23.8868,21.7153
116.0560,339.1418,23.8881,21.7164
116.0126,331.1024,23.9748,21.7953
119.1118,327.1925,23.7764,21.6149
118.0329,322.1208,23.9342,21.7583
118.0249,322.1135,23.9502,21.7729
116.0593,316.1448,23.8815,21.7104
113.0887,310.1715,23.8227,21.6570
111.0283,305.1166,23.9434,21.7667
107.8923,296.9930,24.2154,22.0140
105.8844,288.9858,24.2312,22.0284
102.9562,283.0511,24.0876,21.8978
100.9634,276.0576,24.0733,21.8848
99.0446,269.1314,23.9108,21.7371
98.9690,269.0627,24.0620,21.8746
96.0057,263.0961,23.9886,21.8078
92.9203,256.0185,24.1594,21.9631
90.9949,249.0862,24.0103,21.8275
89.9547,242.0497,24.0907,21.9006
90.9915,236.0831,24.0171,21.8337
93.9481,230.0437,24.1038,21.9126
96.9064,227.0058,24.1872,21.9884
101.0443,223.1312,23.9114,21.7376
106.0566,223.1424,23.8867,21.7152
107.0392,223.1266,23.9215,21.7468
111.0173,220.1066,23.9654,21.7867
115.9708,218.0644,24.0584,21.8713
120.9781,218.0710,24.0437,21.8579
126.9347,219.0315,24.1307,21.9370
132.9506,220.0460,24.0987,21.9079
138.2150,221.2863,23.5701,21.4273
143.1929,221.2663,23.6141,21.4674
149.1371,221.2155,23.7259,21.5690
155.1061,219.1873,23.7878,21.6253
155.0982,219.1802,23.8036,21.6396
160.0217,217.1106,23.9566,21.7787
164.0204,218.1095,23.9591,21.7810
168.9928,218.0844,24.0144,21.8312
173.0786,216.1624,23.8428,21.6752
175.1165,217.1969,23.7669,21.6063
177.1306,220.2096,23.7389,21.5808
177.0501,221.1365,23.8997,21.7270
177.0173,222.1067,23.9653,21.7867
177.0845,222.1678,23.8309,21.6645
179.1546,224.2315,23.6908,21.5371
179.2330,225.3027,23.5340,21.3946
181.2853,225.3503,23.4293,21.2994
181.2852,224.3502,23.4295,21.2995
183.3299,223.3909,23.3401,21.2183
183.2849,222.3499,23.4302,21.3002
183.2639,221.3308,23.4722,21.3384
185.2962,221.3602,23.4075,21.2796
187.2778,221.3435,23.4443,21.3130
187.2748,221.3407,23.4504,21.3186
187.2876,221.3524,23.4248,21.2952
189.3223,220.3839,23.3554,21.2322
190.3591,218.4174,23.2818,21.1653
192.3451,216.4047,23.3098,21.1907
193.3566,215.4151,23.2867,21.1697
195.3725,213.4295,23.2550,21.1409
197.4288,213.4807,23.1424,21.0385
199.4846,212.5315,23.0308,20.9371
199.5018,212.5471,22.9965,20.9059
201.5837,212.6216,22.8326,20.7569
203.6187,212.6534,22.7625,20.6932
204.6994,212.7267,22.6012,20.5465
206.7856,213.8051,22.4288,20.3898
208.7705,213.7914,22.4590,20.4173
210.7626,213.7842,22.4748,20.4316
212.7315,212.7559,22.5370,20.4882
212.7755,212.7959,22.4490,20.4082
214.8440,214.8582,22.3120,20.2836
214.8143,214.8312,22.3714,20.3376
215.8361,214.8510,22.3278,20.2980
217.8667,214.8788,22.2666,20.2424
217.8827,214.8933,22.2347,20.2133
217.8875,214.8977,22.2251,20.2046
217.0477,216.0434,21.9045,19.9132
216.2309,217.2099,21.5382,19.5801
216.3255,219.2959,21.3491,19.4082
216.3596,220.3269,21.2808,19.3462
216.3475,220.3159,21.3050,19.3682
215.3001,219.2728,21.3999,19.4544
215.2493,217.2267,21.5013,19.5467
215.1440,214.1309,21.7121,19.7383
216.0910,212.0827,21.8180,19.8345
217.0737,210.0670,21.8525,19.8659
216.9221,207.9292,22.1558,20.1417
216.9557,206.9598,22.0885,20.0805
218.9567,203.9606,22.0866,20.0787
219.8953,200.9048,22.2093,20.1903
219.9397,200.9452,22.1205,20.1096
220.9496,198.9542,22.1008,20.0916
221.9771,196.9791,22.0459,20.0417
223.9820,192.9837,22.0359,20.0327
224.9670,188.9700,22.0660,20.0600
225.8525,186.8659,22.2950,20.2682
225.9032,185.9120,22.1935,20.1759
226.9513,185.9557,22.0974,20.0885
228.9733,186.9757,22.0535,20.0486
229.0056,187.0051,21.9888,19.9898
229.0125,191.0114,21.9750,19.9773
228.9637,194.9670,22.0727,20.0661
229.0736,197.0669,21.8529,19.8663
229.1443,198.1312,21.7113,19.7375
229.1301,198.1183,21.7397,19.7634
229.1377,200.1252,21.7245,19.7496
229.1425,203.1295,21.7150,19.7409
229.2933,205.2666,21.4134,19.4667
228.3892,205.3538,21.2216,19.2923
228.4489,205.4081,21.1022,19.1838
229.4957,207.4506,21.0087,19.0988
229.4830,209.4391,21.0341,19.1219
228.4451,211.4047,21.1098,19.1907
226.5041,215.4583,20.9918,19.0835
226.5872,218.5339,20.8255,18.9323
225.5672,220.5157,20.8655,18.9687
225.5512,219.5011,20.8976,18.9978
225.4651,217.4228,21.0698,19.1543
224.4352,216.3956,21.1297,19.2088
224.4380,216.3982,21.1239,19.2035
223.2438,213.2217,21.5123,19.5567
222.2341,211.2128,21.5317,19.5743
222.2157,209.1961,21.5686,19.6078
221.1237,207.1125,21.7525,19.7750
220.0631,204.0574,21.8738,19.8852
219.8757,200.8870,22.2487,20.2261
219.8158,197.8325,22.3685,20.3350
220.8339,195.8490,22.3322,20.3020
220.8565,195.8696,22.2869,20.2608
220.7844,191.8040,22.4312,20.3920
221.7486,188.7714,22.5029,20.4572
221.7419,185.7654,22.5162,20.4693
223.7122,180.7384,22.5755,20.5232
223.6336,175.6669,22.7328,20.6661
225.5658,171.6053,22.8683,20.7894
226.6168,166.6516,22.7664,20.6967
226.6087,162.6443,22.7825,20.7114
227.6238,159.6580,22.7525,20.6841
227.6596,158.6905,22.6809,20.6190
229.6213,155.6557,22.7574,20.6886
229.6273,152.6612,22.7454,20.6776
229.6468,150.6789,22.7063,20.6421
229.6425,146.6750,22.7150,20.6500
229.6067,143.6425,22.7866,20.7151
227.6257,140.6597,22.7487,20.6806
227.5647,138.6042,22.8707,20.7915
226.5835,136.6214,22.8330,20.7573
226.6286,136.6624,22.7427,20.6752
225.7260,134.7509,22.5480,20.4982
224.8289,133.8444,22.3422,20.3111
224.8628,132.8753,22.2744,20.2494
223.9018,131.9107,22.1965,20.1786
222.9665,130.9695,22.0670,20.0609
222.9884,129.9895,22.0231,20.0210
221.9894,128.9904,22.0211,20.0192
222.0282,128.0256,21.9437,19.9488
222.0518,127.0471,21.8964,19.9058
222.0658,127.0598,21.8684,19.8804
220.0822,124.0747,21.8356,19.8506
218.0348,121.0316,21.9304,19.9367
220.0565,118.0514,21.8870,19.8973
215.0808,117.0734,21.8385,19.8531
218.1174,115.1067,21.7653,19.7866
217.1456,115.1323,21.7089,19.7353
212.1343,115.1221,21.7314,19.7558
213.0967,116.0879,21.8065,19.8241
214.0690,117.0628,21.8619,19.8745
211.1050,117.0955,21.7899,19.8090
210.1058,117.0962,21.7885,19.8077
209.0975,116.0886,21.8050,19.8227
211.0942,114.0856,21.8117,19.8288
2
0
0
0
0
0
2
0
0
0
0
0
2
0
0
0
0
0
2
0
0
0
0
0
2
0
0
0
0
0
2
0
0
0
0
0
2
0
0
0
0
0
2
0
0
0
0
0
2
0
0
0
0
0
2
0
0
0
0
0
2
0
0
0
0
0
2
0
0
0
0
0
2
0
0
0
0
0
2
0
0
0
0
0
2
0
0
0
0
0
2
0
0
0
0
0
2
0
0
0
0
0
2
0
0
0
0
0
2
0
0
0
0
0
2
0
0
0
0
0
2
0
0
0
0
0
2
0
0
0
0
0
2
0
0
0
0
0
2
0
0
0
0
0
2
0
0
0
0
0
2
0
0
0
0
0
2
0
0
0
0
0
2
0
0
0
0
0
2
0
0
0
0
0
2
0
0
0
0
0
2
0
0
0
0
0
215.2960,35.2691,21.4080,19.4618
224.2741,40.2491,21.4519,19.5017
223.1926,41.1750,21.6149,19.6499
220.1957,43.1779,21.6086,19.6442
220.2405,43.2187,21.5189,19.5627
219.3521,44.3201,21.2959,19.3599
224.4328,45.3934,21.1345,19.2132
226.4621,36.4201,21.0758,19.1598
231.3593,39.3267,21.2813,19.3467
231.3866,43.3515,21.2267,19.2970
231.3795,43.3450,21.2411,19.3101
2
0
0
0
0
0
2
0
0
0
0
0
2
0
0
0
0
0
2
0
0
0
0
0
2
0
0
0
0
0
2
0
0
0
0
0
2
0
0
0
0
0
2
0
0
0
0
0
2
0
0
0
0
0
2
0
0
0
0
0
2
0
0
0
0
0
256.4850,3.4409,21.0301,19.1183
256.4922,3.4474,21.0156,19.1051
257.4788,5.4353,21.0424,19.1295
252.4458,5.4053,21.1084,19.1894
253.4172,6.3793,21.1656,19.2414
257.5338,8.4852,20.9325,19.0296
2
0
0
0
0
0
2
0
0
0
0
0
2
0
0
0
0
0
2
0
0
0
0
0
2
0
0
0
0
0
2
0
0
0
0
0
2
0
0
0
0
0
2
0
0
0
0
0
2
0
0
0
0
0
2
0
0
0
0
0
2
0
0
0
0
0
2
0
0
0
0
0
2
0
0
0
0
0
2
0
0
0
0
0
2
0
0
0
0
0
2
0
0
0
0
0
2
0
0
0
0
0
2
0
0
0
0
0
2
0
0
0
0
0
2
0
0
0
0
0
2
0
0
0
0
0
2
0
0
0
0
0
2
0
0
0
0
0
2
0
0
0
0
0
2
0
0
0
0
0
2
0
0
0
0
0
2
0
0
0
0
0
2
0
0
0
0
0
2
0
0
0
0
0
2
0
0
0
0
0
2
0
0
0
0
0
2
0
0
0
0
0
2
0
0
0
0
0
2
0
0
0
0
0
277.0491,63.0446,21.9018,19.9107
277.0284,64.0258,21.9433,19.9485
276.0942,67.0856,21.8116,19.8287
275.9259,68.9327,22.1482,20.1347
276.9566,72.9606,22.0867,20.0788
276.9389,74.9445,22.1222,20.1111
2
0
0
0
0
0
2
0
0
0
0
0
2
0
0
0
0
0
2
0
0
0
0
0
278.9105,103.9186,22.1790,20.1627
283.9121,100.9201,22.1757,20.1598
286.9476,100.9523,22.1048,20.0953
290.9639,99.9672,22.0722,20.0656
298.9634,97.9667,22.0733,20.0666
300.9444,94.9494,22.1112,20.1011
303.9640,90.9673,22.0720,20.0655
307.9763,85.9784,22.0475,20.0432
308.0194,86.0177,21.9611,19.9647
309.9836,80.9851,22.0329,20.0299
310.9695,75.9723,22.0610,20.0555
313.0367,72.0334,21.9265,19.9332
311.9827,66.9843,22.0346,20.0314
318.9891,62.9901,22.0217,20.0197
2
0
0
0
0
0
2
0
0
0
0
0
2
0
0
0
0
0
2
0
0
0
0
0
2
0
0
0
0
0
2
0
0
0
0
0
2
0
0
0
0
0
2
0
0
0
0
0
2
0
0
0
0
0
2
0
0
0
0
0
2
0
0
0
0
0
2
0
0
0
0
0
2
0
0
0
0
0
2
0
0
0
0
0
2
0
0
0
0
0
2
0
0
0
0
0
2
0
0
0
0
0
2
0
0
0
0
0
2
0
0
0
0
0
2
0
0
0
0
0
2
0
0
0
0
0
2
0
0
0
0
0
2
0
0
0
0
0
2
0
0
0
0
0
2
0
0
0
0
0
2
0
0
0
0
0
2
0
0
0
0
0
2
0
0
0
0
0
2
0
0
0
0
0
2
0
0
0
0
0
2
0
0
0
0
0
2
0
0
0
0
0
2
0
0
0
0
0
2
0
0
