1
602.2400,245.2100,55.4400,41.5800
601.8242,244.8981,56.2716,42.2037
606.2053,245.2147,55.4275,41.5706
606.6210,241.6267,54.5961,40.9471
606.8940,241.8315,54.0502,40.5376
607.2994,238.3327,53.2394,39.9296
607.6987,238.6322,52.4408,39.3306
607.9609,238.8288,51.9164,38.9373
611.7805,235.2364,51.6568,38.7426
611.7805,235.2364,51.6568,38.7426
612.1679,235.5269,50.8820,38.1615
612.2951,235.6224,50.6276,37.9707
612.6748,232.3451,49.8681,37.4011
616.4506,232.5321,49.3695,37.0271
616.5740,232.6247,49.1226,36.8420
616.6968,232.7168,48.8770,36.6577
617.0634,232.9917,48.1438,36.1079
617.1837,233.0820,47.9031,35.9273
617.1837,233.0820,47.9031,35.9273
617.5430,229.9811,47.1846,35.3884
617.1891,229.7157,47.8923,35.9193
617.4286,229.8953,47.4134,35.5601
614.0419,229.8953,47.4134,35.5601
614.0419,229.8953,47.4134,35.5601
614.3975,226.8261,46.7022,35.0267
610.6613,226.5634,47.4028,35.5521
610.4243,226.3857,47.8768,35.9076
610.7834,226.6550,47.1586,35.3690
607.8191,226.9203,46.4513,34.8384
608.1675,227.1815,45.7545,34.3159
605.2915,227.4389,45.0682,33.8011
605.6295,227.6924,44.3921,33.2941
602.4586,227.6924,44.3921,33.2941
602.3477,227.6092,44.6141,33.4606
599.5433,227.8601,43.9449,32.9587
599.2137,224.4270,44.6041,33.4531
596.4101,224.6778,43.9350,32.9513
596.7396,224.9250,43.2760,32.4570
599.9235,225.0061,43.0596,32.2947
600.2464,225.2483,42.4137,31.8103
599.9283,225.0098,43.0499,32.2874
600.2512,225.2519,42.4042,31.8031
600.2512,222.2230,42.4042,31.8031
599.9332,221.9845,43.0402,32.2802
600.1484,222.1459,42.6098,31.9574
600.1484,222.1459,42.6098,31.9574
599.9353,221.9861,43.0359,32.2769
600.2581,222.2282,42.3904,31.7928
600.5760,222.4667,41.7545,31.3159
600.6804,222.5450,41.5458,31.1593
600.9920,222.7786,40.9226,30.6919
601.0943,222.8554,40.7180,30.5385
598.1859,219.9469,40.7180,30.5385
598.1859,219.9469,40.7180,30.5385
595.1611,219.8706,40.9215,30.6912
595.2634,219.9473,40.7169,30.5377
592.7040,220.1764,40.1062,30.0796
592.8043,220.2516,39.9057,29.9292
593.1036,217.6684,39.3071,29.4803
590.4083,217.7421,39.1105,29.3329
587.8381,217.8887,38.7194,29.0396
588.1285,215.3824,38.1386,28.6040
588.2239,215.4539,37.9479,28.4610
585.5133,212.7433,37.9479,28.4610
585.7031,212.8856,37.5685,28.1763
585.7031,210.2021,37.5685,28.1763
585.7031,210.2021,37.5685,28.1763
585.9848,207.7702,37.0049,27.7537
586.1699,205.2923,36.6349,27.4762
586.4446,205.4983,36.0854,27.0640
586.4446,202.9208,36.0854,27.0640
586.1740,202.7178,36.6266,27.4700
588.7902,202.7178,36.6266,27.4700
588.7902,200.1016,36.6266,27.4700
589.0649,200.3076,36.0772,27.0579
591.8737,200.5106,35.5361,26.6521
594.2597,197.8136,35.8914,26.9186
594.4392,197.9482,35.5325,26.6494
597.1295,198.0815,35.1772,26.3829
599.7175,195.6474,35.0013,26.2510
601.9926,195.4505,35.5263,26.6448
604.3018,192.6750,36.0592,27.0444
606.9548,192.7426,35.8789,26.9092
609.6713,190.3400,35.5201,26.6401
612.3607,190.4732,35.1649,26.3737
615.0986,188.1969,34.6375,25.9781
617.7211,188.3268,34.2911,25.7183
620.3174,186.0305,33.9482,25.4611
622.5968,185.9032,34.2877,25.7158
625.0459,183.4541,34.2877,25.7158
627.6420,181.1580,33.9448,25.4586
629.9211,181.0307,34.2842,25.7132
632.5170,178.7349,33.9414,25.4561
634.7959,178.6076,34.2808,25.7106
634.6245,176.0060,34.6236,25.9677
637.0976,173.5328,34.6236,25.9677
639.5707,173.5328,34.6236,25.9677
639.8304,171.2916,34.1043,25.5782
642.1933,168.7794,34.2748,25.7061
642.4504,168.9722,33.7607,25.3205
645.0065,166.7115,33.4231,25.0673
647.5372,164.4733,33.0888,24.8166
647.5372,164.4733,33.0888,24.8166
647.5372,162.1098,33.0888,24.8166
650.1133,159.9679,32.5925,24.4444
650.3578,157.8581,32.1036,24.0777
650.2775,157.7979,32.2641,24.1981
650.2775,155.4933,32.2641,24.1981
652.5130,153.1168,32.4254,24.3191
652.5941,153.1776,32.2633,24.1975
652.3521,150.6570,32.7473,24.5605
652.5977,150.8412,32.2561,24.1920
652.5977,150.8412,32.2561,24.1920
652.7590,150.9621,31.9335,23.9501
652.5993,150.8424,32.2528,24.1896
652.5993,150.8424,32.2528,24.1896
650.2955,150.8424,32.2528,24.1896
650.4568,150.9633,31.9303,23.9477
650.4568,150.9633,31.9303,23.9477
648.1760,150.9633,31.9303,23.9477
648.2559,151.0232,31.7707,23.8280
645.9865,151.0232,31.7707,23.8280
643.7172,151.0232,31.7707,23.8280
643.8760,153.3890,31.4529,23.5897
641.8091,153.5069,31.1384,23.3538
639.4960,153.4486,31.2941,23.4706
637.1713,153.3899,31.4506,23.5879
635.1046,153.5078,31.1361,23.3521
632.7916,153.4494,31.2918,23.4688
630.5565,153.4494,31.2918,23.4688
628.5895,153.6255,30.8224,23.1168
626.4760,153.6832,30.6683,23.0012
624.2854,153.6832,30.6683,23.0012
621.8320,153.5107,31.1283,23.3462
619.6085,153.5107,31.1283,23.3462
617.5629,155.8287,30.8170,23.1128
615.4498,155.8865,30.6629,22.9972
612.9967,155.7140,31.1229,23.3422
610.7737,155.7140,31.1229,23.3422
608.5506,155.7140,31.1229,23.3422
606.5943,155.8891,30.6560,22.9920
606.5943,155.8891,30.6560,22.9920
604.4046,155.8891,30.6560,22.9920
604.4046,155.8891,30.6560,22.9920
602.2148,155.8891,30.6560,22.9920
602.4448,156.0615,30.1962,22.6471
602.6713,156.2314,29.7432,22.3074
600.7167,156.3429,29.4458,22.0844
600.7167,156.3429,29.4458,22.0844
600.5695,156.2325,29.7403,22.3052
600.5695,156.2325,29.7403,22.3052
600.7182,156.3440,29.4429,22.0821
600.4974,156.1784,29.8845,22.4134
600.4974,156.1784,29.8845,22.4134
600.5721,156.2344,29.7351,22.3013
602.5048,156.0671,30.1811,22.6358
602.4294,156.0106,30.3320,22.7490
604.5959,156.0106,30.3320,22.7490
606.9575,158.3152,29.8770,22.4078
606.9575,158.3152,29.8770,22.4078
611.1190,158.2032,30.1758,22.6319
613.0804,158.0335,30.6284,22.9713
615.3994,158.1483,30.3222,22.7416
615.3994,160.3142,30.3222,22.7416
617.5653,160.3142,30.3222,22.7416
621.7888,160.2005,30.6254,22.9690
623.9763,160.2005,30.6254,22.9690
625.9669,160.0282,31.0848,23.3136
627.9874,159.8534,31.5510,23.6633
630.4439,162.2507,31.0778,23.3083
632.7969,162.3672,30.7670,23.0752
635.0605,162.4249,30.6132,22.9599
637.0504,162.2527,31.0724,23.3043
639.2698,164.4722,31.0724,23.3043
639.5029,164.6469,30.6063,22.9547
641.6234,164.5896,30.7593,23.0695
643.8864,164.6472,30.6055,22.9541
646.2693,166.9727,30.1464,22.6098
646.4954,167.1423,29.6942,22.2707
646.5696,167.1980,29.5458,22.1593
648.6167,167.1426,29.6935,22.2701
648.3940,166.9755,30.1389,22.6042
650.7405,167.1451,29.6868,22.2651
650.8148,169.3106,29.5384,22.1538
650.8148,169.3106,29.5384,22.1538
650.8148,169.3106,29.5384,22.1538
650.7409,169.2552,29.6861,22.2645
650.8151,169.3109,29.5376,22.1532
652.9250,171.4207,29.5376,22.1532
650.8151,171.4207,29.5376,22.1532
650.8151,171.4207,29.5376,22.1532
650.8151,171.4207,29.5376,22.1532
650.8151,171.4207,29.5376,22.1532
650.8151,171.4207,29.5376,22.1532
648.7053,171.4207,29.5376,22.1532
648.7053,173.5305,29.5376,22.1532
646.5955,173.5305,29.5376,22.1532
646.8170,173.6967,29.0946,21.8209
644.4894,173.5330,29.5310,22.1482
644.4894,173.5330,29.5310,22.1482
642.6332,173.6992,29.0880,21.8160
640.3062,173.5355,29.5243,22.1433
638.4503,173.7016,29.0815,21.8111
636.1238,173.5380,29.5177,22.1383
633.8467,173.4273,29.8129,22.3597
631.4617,173.2596,30.2601,22.6950
629.3003,173.2596,30.2601,22.6950
627.1389,173.2596,30.2601,22.6950
624.9774,175.4211,30.2601,22.6950
620.9464,175.5913,29.8062,22.3546
616.9758,175.7589,29.3591,22.0193
614.7948,175.7039,29.5059,22.1294
610.5797,175.7039,29.5059,22.1294
608.3035,175.5932,29.8009,22.3507
606.1749,175.5932,29.8009,22.3507
601.9176,175.5932,29.8009,22.3507
599.5335,175.4256,30.2479,22.6860
597.1136,175.2555,30.7017,23.0262
595.1838,175.4282,30.2411,22.6809
593.1966,175.5416,29.9387,22.4540
591.0581,175.5416,29.9387,22.4540
588.9196,175.5416,29.9387,22.4540
586.7811,175.5416,29.9387,22.4540
586.7811,175.5416,29.9387,22.4540
584.4716,175.4293,30.2381,22.6786
582.3117,175.4293,30.2381,22.6786
582.3117,175.4293,30.2381,22.6786
580.1519,175.4293,30.2381,22.6786
579.9250,173.0670,30.6917,23.0188
580.1553,173.2396,30.2313,22.6735
577.9958,171.0802,30.2313,22.6735
577.9958,168.9208,30.2313,22.6735
577.9958,166.7615,30.2313,22.6735
577.7691,166.5914,30.6848,23.0136
577.9993,166.7640,30.2245,22.6684
577.9993,166.7640,30.2245,22.6684
577.9993,166.7640,30.2245,22.6684
577.7726,166.5940,30.6779,23.0084
577.7726,166.5940,30.6779,23.0084
579.9639,166.5940,30.6779,23.0084
579.7338,166.4214,31.1380,23.3535
579.5781,166.3047,31.4494,23.5871
581.8918,166.3636,31.2922,23.4691
581.9701,166.4223,31.1357,23.3518
584.1274,166.3639,31.2914,23.4685
583.8927,166.1879,31.7608,23.8206
584.0515,168.5529,31.4432,23.5824
586.0953,168.3761,31.9148,23.9361
588.5801,168.5556,31.4361,23.5771
588.5801,168.5556,31.4361,23.5771
590.8255,168.5556,31.4361,23.5771
592.8688,168.3788,31.9076,23.9307
595.0112,168.2591,32.2267,24.1700
595.0112,170.5610,32.2267,24.1700
597.2441,170.5006,32.3878,24.2909
599.7657,170.6828,31.9020,23.9265
602.2495,170.8622,31.4235,23.5676
604.3594,170.7444,31.7377,23.8033
606.4223,170.5659,32.2138,24.1603
606.5834,172.9646,31.8916,23.9187
608.8613,172.9646,31.8916,23.9187
611.0026,172.8450,32.2106,24.1579
610.9221,172.7847,32.3716,24.2787
611.0031,175.1461,32.2098,24.1573
613.2347,175.0857,32.3708,24.2781
615.3388,174.9036,32.8564,24.6423
615.2567,174.8420,33.0206,24.7655
617.6153,174.8420,33.0206,24.7655
617.8630,177.3510,32.5253,24.3940
620.2559,177.4119,32.3627,24.2720
622.4288,179.6253,32.6863,24.5148
622.5923,179.7479,32.3595,24.2696
624.7650,179.6265,32.6831,24.5123
626.9594,179.5040,33.0099,24.7574
627.1245,181.9620,32.6798,24.5099
629.4587,181.9620,32.6798,24.5099
631.6530,181.8395,33.0066,24.7550
633.7983,181.6538,33.5017,25.1263
636.0478,183.9451,33.8367,25.3775
638.4647,183.9451,33.8367,25.3775
643.2985,183.9451,33.8367,25.3775
645.8604,184.0720,33.4984,25.1238
645.6929,186.3630,33.8333,25.3750
647.8921,186.1727,34.3408,25.7556
650.4922,186.3015,33.9974,25.4981
652.7748,188.6267,34.3374,25.7530
652.6031,188.4979,34.6808,26.0106
655.0804,188.4979,34.6808,26.0106
657.6319,188.5629,34.5074,25.8805
657.5456,190.9754,34.6799,26.0099
660.1714,191.1054,34.3331,25.7498
660.3431,191.2342,33.9898,25.4923
660.1731,191.1067,34.3297,25.7473
662.6252,193.5588,34.3297,25.7473
662.4536,193.4301,34.6730,26.0047
662.4536,193.4301,34.6730,26.0047
662.4536,193.4301,34.6730,26.0047
662.5403,193.4951,34.4996,25.8747
662.4540,195.9070,34.6721,26.0041
662.7141,196.1020,34.1520,25.6140
662.7994,196.1661,33.9813,25.4859
662.7994,196.1661,33.9813,25.4859
660.3722,198.5933,33.9813,25.4859
660.6271,198.7844,33.4715,25.1037
660.6271,198.7844,33.4715,25.1037
658.2362,198.7844,33.4715,25.1037
657.9852,198.5962,33.9736,25.4802
655.2673,200.8681,34.4832,25.8624
652.5087,200.6742,35.0005,26.2504
652.2462,200.4773,35.5255,26.6441
649.4041,200.2775,36.0584,27.0438
646.9315,202.9078,35.8781,26.9086
644.5739,203.0423,35.5193,26.6395
641.8337,202.9091,35.8745,26.9059
639.4763,205.5805,35.5157,26.6368
634.4026,205.5805,35.5157,26.6368
632.1702,208.2791,34.9830,26.2372
629.9713,208.4759,34.4583,25.8437
627.4115,208.4113,34.6305,25.9729
622.4643,208.4113,34.6305,25.9729
619.6938,208.2165,35.1500,26.3625
614.4465,205.5488,35.5015,26.6261
612.2150,203.2507,34.9690,26.2267
607.5566,200.9871,34.4444,25.8333
604.8010,198.2961,34.9611,26.2208
599.4694,193.0301,35.4855,26.6141
594.4001,187.9608,35.4855,26.6141
591.8654,185.4261,35.4855,26.6141
586.4539,180.0811,36.0178,27.0134
583.6754,177.3476,36.3780,27.2835
578.7123,172.3391,36.0142,27.0107
576.1399,169.7667,36.0142,27.0107
570.7635,164.4353,36.3744,27.2808
568.1653,161.8371,36.3744,27.2808
563.3198,159.4825,35.8287,26.8716
557.8558,159.2810,36.3662,27.2746
555.2583,159.2810,36.3662,27.2746
552.6607,159.2810,36.3662,27.2746
549.9592,159.2128,36.5480,27.4110
547.2442,161.7679,36.7307,27.5481
544.6206,161.7679,36.7307,27.5481
541.9969,164.3915,36.7307,27.5481
536.5136,164.2538,37.0980,27.8235
533.8637,164.2538,37.0980,27.8235
531.0019,166.7910,37.4690,28.1018
525.6492,166.7910,37.4690,28.1018
522.9728,166.7910,37.4690,28.1018
520.0823,169.3536,37.8437,28.3828
517.4874,169.4246,37.6545,28.2409
511.9871,169.3540,37.8428,28.3821
509.0678,169.2121,38.2212,28.6659
506.5561,172.0582,37.8390,28.3792
503.6371,171.9163,38.2174,28.6630
500.9073,171.9163,38.2174,28.6630
498.1775,171.9163,38.2174,28.6630
492.3493,171.7013,38.7906,29.0930
489.5786,174.4721,38.7906,29.0930
489.2877,174.2539,39.3725,29.5294
486.3628,174.1801,39.5694,29.6770
483.5364,174.1801,39.5694,29.6770
480.9362,177.1266,39.1737,29.3802
477.9142,176.9797,39.5654,29.6741
475.0881,176.9797,39.5654,29.6741
475.0881,176.9797,39.5654,29.6741
472.1490,176.9055,39.7632,29.8224
468.9679,179.5647,40.3597,30.2698
468.7661,179.4133,40.7633,30.5725
465.5050,179.1840,41.3747,31.0310
465.4016,179.1064,41.5816,31.1862
462.0751,181.8872,42.2053,31.6540
462.0751,181.8872,42.2053,31.6540
461.9696,181.8081,42.4163,31.8123
458.5763,181.5695,43.0526,32.2894
458.7915,184.7753,42.6221,31.9666
458.5784,184.6155,43.0483,32.2862
458.3632,184.4541,43.4788,32.6091
455.5060,187.6917,43.0440,32.2830
455.2908,187.5303,43.4744,32.6058
455.2908,187.5303,43.4744,32.6058
455.6168,187.7748,42.8223,32.1167
452.9251,191.0286,42.1800,31.6350
453.2415,191.2658,41.5473,31.1605
453.0338,191.1100,41.9627,31.4721
452.7190,193.9163,42.5922,31.9441
452.6125,193.8364,42.8051,32.1039
449.6773,196.9589,42.5911,31.9433
449.5709,196.8790,42.8041,32.1031
449.2498,196.6383,43.4461,32.5846
449.0326,199.6097,43.8806,32.9104
448.7035,199.3628,44.5388,33.4041
448.5922,199.2793,44.7615,33.5711
445.6507,202.6125,44.3139,33.2354
445.5399,202.5294,44.5355,33.4016
445.6512,205.7781,44.3128,33.2346
445.6512,205.7781,44.3128,33.2346
445.5405,208.8760,44.5343,33.4008
441.9777,211.8542,45.2024,33.9018
441.6387,214.8772,45.8804,34.4103
441.4093,214.7051,46.3392,34.7544
441.0617,217.8040,47.0343,35.2757
440.8266,217.6277,47.5046,35.6285
437.1619,220.8766,47.9797,35.9848
437.0420,220.7867,48.2196,36.1647
437.1625,224.3041,47.9785,35.9839
436.9226,224.1242,48.4583,36.3437
436.8015,227.5120,48.7006,36.5254
433.3229,227.5120,48.7006,36.5254
432.9576,227.2380,49.4311,37.0733
432.7105,230.6187,49.9254,37.4440
432.9601,230.8060,49.4261,37.0696
432.9601,234.3364,49.4261,37.0696
429.1472,234.1511,49.9204,37.4403
429.5216,237.9441,49.1716,36.8787
429.1528,237.6675,49.9091,37.4319
428.7785,241.0052,50.6578,37.9933
429.1584,241.2901,49.8979,37.4234
425.7369,244.9300,49.6484,37.2363
425.8610,248.5517,49.4002,37.0501
425.6140,248.3665,49.8942,37.4206
425.6140,251.9303,49.8942,37.4206
421.6225,255.2670,50.6426,37.9819
421.2426,254.9821,51.4022,38.5517
420.8571,258.4196,52.1733,39.1300
420.7267,258.3218,52.4341,39.3256
420.7267,262.0671,52.4341,39.3256
416.5320,265.5737,53.2206,39.9155
416.3989,265.4739,53.4868,40.1151
416.2652,269.2132,53.7542,40.3156
416.1308,272.9712,54.0230,40.5172
415.7256,272.6673,54.8333,41.1250
415.7256,276.5840,54.8333,41.1250
415.9998,280.6671,54.2850,40.7137
419.6447,280.4635,54.8278,41.1209
419.6447,284.3798,54.8278,41.1209
423.4435,284.2770,55.1020,41.3265
423.1679,288.0456,55.6530,41.7397
427.1432,292.0208,55.6530,41.7397
430.7606,291.7077,56.4878,42.3658
430.3369,295.4854,57.3351,43.0013
434.1866,295.2703,57.9084,43.4313
438.3229,299.4066,57.9084,43.4313
442.2110,299.1895,58.4875,43.8656
441.9186,303.1896,59.0724,44.3043
446.1381,303.1896,59.0724,44.3043
450.1043,302.9681,59.6631,44.7473
449.6569,306.9581,60.5581,45.4186
453.7229,306.7310,61.1637,45.8727
458.3539,306.9603,60.5520,45.4140
458.0511,306.7333,61.1575,45.8682
462.4195,311.1017,61.1575,45.8682
466.6569,310.9870,61.4633,46.0975
466.1959,310.6413,62.3853,46.7890
470.3846,314.9080,63.0091,47.2568
469.9120,314.5536,63.9543,47.9657
474.8913,314.9133,62.9949,47.2462
479.2560,314.7952,63.3099,47.4824
479.0977,319.2212,63.6265,47.7199
483.5061,319.1019,63.9446,47.9585
483.1864,318.8621,64.5841,48.4380
482.8635,318.6199,65.2299,48.9224
482.7004,323.1802,65.5560,49.1670
483.0282,323.4260,64.9005,48.6754
482.5414,323.0610,65.8740,49.4055
477.8361,327.7663,65.8740,49.4055
477.5068,327.5192,66.5327,49.8995
477.0078,327.1450,67.5307,50.6480
471.6053,326.7651,68.5437,51.4078
471.6053,326.7651,68.5437,51.4078
471.4340,326.6366,68.8864,51.6648
470.9173,326.2491,69.9197,52.4398
466.5223,326.6424,68.8709,51.6532
466.3502,326.5133,69.2153,51.9114
466.6963,326.7728,68.5231,51.3923
466.5249,326.6443,68.8657,51.6493
461.0157,321.2642,69.8987,52.4240
461.0157,321.2642,69.8987,52.4240
461.0157,321.2642,69.8987,52.4240
460.8409,316.1154,70.2482,52.6861
460.3141,315.7203,71.3019,53.4764
464.9487,315.3192,72.3714,54.2786
464.9487,310.1498,72.3714,54.2786
465.4915,305.4651,71.2859,53.4644
465.4915,305.4651,71.2859,53.4644
464.9568,299.8958,72.3552,54.2664
464.4142,299.4889,73.4405,55.0804
469.8173,294.4070,73.0733,54.8050
470.0000,294.5441,72.7079,54.5309
469.8182,289.1883,73.0715,54.8036
469.4529,288.9143,73.8022,55.3516
469.6374,283.8075,73.4332,55.0749
475.3546,284.2205,72.3317,54.2488
475.3546,279.0540,72.3317,54.2488
474.9930,278.7827,73.0550,54.7912
474.4451,278.3718,74.1508,55.6131
480.0594,273.4063,73.4093,55.0570
480.0594,268.1628,73.4093,55.0570
479.6923,267.8875,74.1434,55.6075
484.8294,262.4261,74.5141,55.8856
485.2020,262.7055,73.7690,55.3267
485.0175,257.2716,74.1378,55.6034
490.3131,257.2716,74.1378,55.6034
490.8691,252.4725,73.0257,54.7693
491.4168,252.8833,71.9304,53.9478
491.4168,252.8833,71.9304,53.9478
496.0923,247.2637,73.0093,54.7570
495.9098,247.1269,73.3744,55.0308
500.6791,241.3945,74.4750,55.8562
500.1205,240.9756,75.5921,56.6941
500.6875,236.0823,74.4582,55.8437
506.1655,236.2219,74.0859,55.5644
506.7211,231.4262,72.9746,54.7310
511.7772,231.2894,73.3395,55.0046
511.5939,225.8871,73.7062,55.2797
511.2253,225.6107,74.4433,55.8325
516.5427,225.6107,74.4433,55.8325
516.9149,225.8899,73.6988,55.2741
522.4950,226.1663,72.9619,54.7214
522.8598,226.4399,72.2322,54.1742
528.3288,221.6029,71.5099,53.6324
528.1500,221.4688,71.8675,53.9006
532.9755,221.1993,72.5861,54.4396
538.4713,221.4715,71.8603,53.8952
538.1119,221.2020,72.5789,54.4342
542.8296,220.7938,73.6676,55.2507
548.0916,215.5318,73.6676,55.2507
548.4599,215.8081,72.9309,54.6982
554.1381,216.2183,71.8369,53.8777
558.9614,215.9489,72.5553,54.4165
564.6104,211.2522,71.4670,53.6002
569.5620,211.1182,71.8243,53.8682
574.8462,211.2529,71.4652,53.5989
579.7977,211.1189,71.8225,53.8669
580.1569,206.3094,71.1043,53.3282
585.2357,206.3094,71.1043,53.3282
590.1622,206.1761,71.4598,53.5948
595.5728,201.3908,70.7452,53.0589
595.3959,201.2581,71.0989,53.3242
600.9315,201.6581,70.0324,52.5243
601.4567,202.0520,68.9820,51.7365
606.2361,196.9707,69.3269,51.9951
606.2361,196.9707,69.3269,51.9951
606.5828,197.2307,68.6336,51.4752
611.9264,192.7879,67.6041,50.7031
612.2644,193.0414,66.9281,50.1960
612.7664,193.4179,65.9241,49.4431
617.4752,188.7090,65.9241,49.4431
617.6401,188.8327,65.5945,49.1959
622.4659,188.9556,65.2665,48.9499
622.4659,188.9556,65.2665,48.9499
622.3028,188.8333,65.5929,49.1947
626.7068,188.5873,66.2488,49.6866
626.8725,193.4199,65.9176,49.4382
631.7221,193.5435,65.5880,49.1910
632.2141,193.9124,64.6041,48.4531
637.2440,194.2758,63.6351,47.7263
637.2440,198.8212,63.6351,47.7263
641.9257,198.9405,63.3169,47.4877
641.4508,198.5844,64.2667,48.2000
641.2901,203.0773,64.5880,48.4410
646.3188,203.4406,63.6192,47.7144
646.7959,203.7984,62.6649,46.9987
651.6748,208.5599,61.7249,46.2937
651.5205,208.4441,62.0335,46.5252
655.9515,208.4441,62.0335,46.5252
655.9515,212.8751,62.0335,46.5252
660.7812,213.2240,61.1030,45.8273
660.3229,217.3103,62.0196,46.5147
664.8858,217.4266,61.7095,46.2821
665.3486,222.1154,60.7838,45.5879
670.0811,222.4573,59.8721,44.9041
670.3804,226.9156,59.2734,44.4550
674.9953,231.4194,58.3843,43.7882
674.9953,231.4194,58.3843,43.7882
675.1413,235.6783,58.0923,43.5693
679.2907,235.6783,58.0923,43.5693
679.4360,239.9159,57.8019,43.3514
679.1470,239.6992,58.3799,43.7849
683.1918,243.7805,58.6718,44.0038
683.4852,244.0006,58.0851,43.5638
683.3400,248.0613,58.3755,43.7816
683.7778,252.4968,57.4999,43.1249
688.2546,252.8203,56.6374,42.4780
688.2546,256.8658,56.6374,42.4780
687.9714,256.6534,57.2038,42.9028
688.4004,260.9999,56.3457,42.2593
692.7874,265.2811,55.5005,41.6254
692.7874,265.2811,55.5005,41.6254
693.2036,269.4982,54.6680,41.0010
693.2036,269.4982,54.6680,41.0010
697.2256,273.4860,54.3947,40.7960
696.9536,273.2820,54.9386,41.2040
697.2283,277.3730,54.3892,40.7919
696.9564,277.1690,54.9331,41.1998
700.9979,277.2720,54.6584,40.9938
701.1345,281.2592,54.3852,40.7889
701.5424,281.5651,53.5694,40.1770
705.4836,281.6655,53.3015,39.9761
705.8834,281.9654,52.5020,39.3765
706.0146,282.0638,52.2395,39.1796
709.4102,281.7700,53.0231,39.7673
709.2776,281.6705,53.2882,39.9662
713.4265,278.2211,52.4889,39.3667
713.5577,278.3195,52.2264,39.1698
713.5577,278.3195,52.2264,39.1698
713.5577,278.3195,52.2264,39.1698
717.4001,278.4174,51.9653,38.9740
717.7898,278.7097,51.1858,38.3894
717.4059,278.4218,51.9536,38.9652
721.3395,278.6166,51.4341,38.5756
721.7253,278.9059,50.6626,37.9969
721.3453,278.6210,51.4225,38.5669
725.0184,278.6210,51.4225,38.5669
725.1469,278.7174,51.1654,38.3740
728.8016,278.7174,51.1654,38.3740
729.1854,279.0052,50.3979,37.7984
732.7852,279.0052,50.3979,37.7984
733.0372,279.1942,49.8939,37.4204
736.3872,279.0071,50.3929,37.7947
736.2612,278.9126,50.6448,37.9836
736.3878,279.0075,50.3916,37.7937
739.9872,279.0075,50.3916,37.7937
739.9872,279.0075,50.3916,37.7937
743.8026,279.1965,49.8877,37.4158
743.8026,279.1965,49.8877,37.4158
747.3660,279.1965,49.8877,37.4158
746.9918,282.5327,50.6360,37.9770
750.3917,282.3429,51.1424,38.3568
750.6474,282.5347,50.6309,37.9732
754.0469,282.3448,51.1373,38.3529
754.4304,282.6324,50.3702,37.7776
758.3521,282.9158,49.6146,37.2110
758.3521,282.9158,49.6146,37.2110
761.7897,282.8228,49.8627,37.3970
761.9144,282.9162,49.6134,37.2101
765.2455,282.7302,50.1095,37.5822
769.1469,283.0121,49.3579,37.0184
769.2703,283.1046,49.1111,36.8333
772.6730,283.0125,49.3567,37.0175
772.4263,282.8274,49.8502,37.3877
776.2006,286.5395,49.3517,37.0138
775.9539,286.3544,49.8452,37.3839
779.6210,286.4479,49.5960,37.1970
779.4971,286.3549,49.8440,37.3830
782.8438,286.1680,50.3424,37.7568
783.0955,286.3568,49.8390,37.3793
786.5486,286.2633,50.0882,37.5662
790.2336,286.3572,49.8378,37.3783
789.9844,289.7658,50.3361,37.7521
793.5799,289.7658,50.3361,37.7521
793.2023,289.4826,51.0912,38.3184
797.1802,289.7700,50.3248,37.7436
800.7748,289.7700,50.3248,37.7436
801.0264,289.9587,49.8216,37.3662
804.3716,293.3662,50.3198,37.7398
808.1815,293.5549,49.8166,37.3624
811.4196,293.2747,50.5638,37.9229
811.7988,297.1166,49.8054,37.3540
815.3563,297.1166,49.8054,37.3540
819.2341,297.3968,49.0583,36.7937
819.2341,297.3968,49.0583,36.7937
822.7382,300.9009,49.0583,36.7937
826.0321,300.7169,49.5489,37.1617
829.2528,304.0305,50.2921,37.7191
832.5218,303.7477,51.0465,38.2849
832.6494,303.8434,50.7913,38.0934
836.1685,307.3942,51.0452,38.2839
839.8146,307.3942,51.0452,38.2839
843.1326,310.8079,51.8109,38.8582
846.8333,310.8079,51.8109,38.8582
850.5341,314.5086,51.8109,38.8582
854.2349,314.5086,51.8109,38.8582
857.7136,318.0521,52.3290,39.2468
857.7136,318.0521,52.3290,39.2468
861.2271,317.8559,52.8523,39.6392
865.0023,321.6311,52.8523,39.6392
869.0040,321.8293,52.3238,39.2428
872.6293,321.7311,52.5854,39.4390
872.4978,321.6326,52.8483,39.6362
876.6124,325.6481,52.0556,39.0417
879.9960,325.3553,52.8364,39.6273
879.9960,325.3553,52.8364,39.6273
883.9965,325.5534,52.3081,39.2310
887.8449,325.6515,52.0465,39.0349
891.7855,325.8466,51.5261,38.6445
891.3991,325.5568,52.2990,39.2242
898.7770,329.2131,52.5604,39.4203
898.9084,329.3116,52.2976,39.2232
902.3077,329.0175,53.0821,39.8116
905.8718,328.8184,53.6129,40.2097
909.7013,328.8184,53.6129,40.2097
913.7606,332.8106,53.0768,39.8076
913.4952,332.6116,53.6076,40.2057
917.2094,332.5111,53.8756,40.4067
921.0577,332.5111,53.8756,40.4067
921.4618,332.8141,53.0675,39.8006
925.5934,336.8463,52.2715,39.2036
928.9911,336.5523,53.0555,39.7916
932.4397,336.2539,53.8514,40.3885
932.1705,336.0519,54.3899,40.7924
935.9389,335.9500,54.6618,40.9964
940.1947,340.1033,53.8419,40.3814
940.5985,340.4061,53.0343,39.7757
944.7276,340.7044,52.2388,39.1791
944.7276,340.7044,52.2388,39.1791
948.2350,340.5085,52.7611,39.5709
952.2299,344.4374,52.2335,39.1752
952.2299,344.4374,52.2335,39.1752
956.2966,344.7312,51.4500,38.5875
955.9107,344.4418,52.2218,39.1663
955.9107,344.4418,52.2218,39.1663
959.3051,344.1480,53.0051,39.7538
959.7027,344.4462,52.2100,39.1575
959.8332,344.5441,51.9490,38.9617
963.6552,344.6415,51.6892,38.7669
963.3967,344.4476,52.2061,39.1546
963.5272,344.5455,51.9451,38.9588
967.3489,344.6429,51.6854,38.7640
967.0905,344.4491,52.2022,39.1517
966.8295,344.2534,52.7243,39.5432
966.5659,344.0556,53.2515,39.9386
966.9652,344.3552,52.4527,39.3395
966.5718,344.0601,53.2395,39.9296
970.6028,344.2598,52.7071,39.5303
970.9981,344.5562,51.9165,38.9374
971.1279,344.6536,51.6569,38.7427
971.3862,344.8473,51.1404,38.3553
971.6419,345.0391,50.6290,37.9717
972.0216,345.3239,49.8695,37.4021
972.2710,345.5109,49.3708,37.0281
968.6035,345.4183,49.6177,37.2133
968.6035,345.4183,49.6177,37.2133
968.9756,345.6974,48.8734,36.6551
968.9756,345.6974,48.8734,36.6551
969.0977,345.7891,48.6290,36.4718
968.9762,345.6979,48.8722,36.6541
965.7646,345.8811,48.3835,36.2876
965.6436,345.7904,48.6254,36.4690
965.7652,349.3375,48.3823,36.2867
965.4023,349.0653,49.1080,36.8310
965.5251,349.1574,48.8625,36.6468
965.2808,348.9742,49.3511,37.0133
965.5275,349.1592,48.8576,36.6432
965.8940,352.8715,48.1247,36.0935
966.2549,353.1422,47.4028,35.5521
966.2549,353.1422,47.4028,35.5521
963.0044,353.2311,47.1658,35.3744
962.6506,356.3853,47.8733,35.9050
962.4113,356.2058,48.3520,36.2640
962.1696,356.0245,48.8356,36.6267
962.0474,359.4386,49.0797,36.8098
958.1211,359.1625,49.8159,37.3619
957.7474,358.8823,50.5632,37.9224
957.8738,362.5707,50.3104,37.7328
957.7481,362.4764,50.5619,37.9214
957.6217,362.3816,50.8147,38.1110
957.7487,362.4769,50.5606,37.9205
958.0015,366.2418,50.0550,37.5413
957.6261,365.9603,50.8059,38.1044
958.0071,366.2461,50.0438,37.5328
958.0071,366.2461,50.0438,37.5328
958.0071,369.8206,50.0438,37.5328
958.2574,370.0083,49.5433,37.1575
958.2574,370.0083,49.5433,37.1575
958.2574,373.5471,49.5433,37.1575
954.2939,373.2684,50.2865,37.7149
954.1682,376.7840,50.5379,37.9034
953.9155,376.5945,51.0433,38.2825
953.9155,376.5945,51.0433,38.2825
954.2983,380.4728,50.2776,37.7082
954.4240,380.5671,50.0263,37.5197
950.7078,380.4733,50.2764,37.7073
950.8335,384.1408,50.0250,37.5188
946.8315,383.8594,50.7754,38.0815
943.0596,383.7642,51.0293,38.2719
939.1230,383.5728,51.5396,38.6547
931.4289,383.3795,52.0550,39.0412
923.8252,383.2820,52.3152,39.2364
916.8560,383.5762,51.5305,38.6479
909.4946,383.5762,51.5305,38.6479
898.8204,383.7695,51.0152,38.2614
884.2446,383.7695,51.0152,38.2614
870.2701,384.0564,50.2500,37.6875
855.9130,384.0564,50.2500,37.6875
841.5558,384.0564,50.2500,37.6875
823.1787,383.8680,50.7525,38.0644
798.0562,383.9632,50.4987,37.8740
780.6702,384.2472,49.7412,37.3059
762.4792,384.0607,50.2386,37.6790
741.6481,387.8779,49.4851,37.1138
724.3990,388.0635,48.9902,36.7427
696.9295,388.2472,48.5003,36.3752
675.4681,387.9744,49.2278,36.9209
654.1419,391.4159,49.4739,37.1055
632.2497,391.1376,50.2161,37.6620
610.2622,394.5721,50.7182,38.0387
585.6639,398.4258,49.9574,37.4681
567.1796,401.7666,50.7068,38.0301
552.8912,401.8617,50.4533,37.8400
537.8813,405.2358,51.2101,38.4076
526.3591,408.6605,51.9782,38.9837
507.5727,412.2943,52.2381,39.1786
496.0056,412.0984,52.7605,39.5704
484.1346,415.6268,53.5519,40.1639
472.8504,415.7272,53.2841,39.9631
461.2421,419.4523,53.5506,40.1629
449.7669,423.2773,53.5506,40.1629
438.2918,427.1024,53.5506,40.1629
430.1254,426.8011,54.3538,40.7654
422.1858,430.6011,54.6256,40.9692
413.8554,430.2938,55.4450,41.5837
406.2911,430.5017,54.8905,41.1679
402.5272,430.6046,54.6161,40.9621
394.1983,430.2974,55.4353,41.5765
389.9218,426.0903,55.9897,41.9922
385.4427,425.7753,56.8295,42.6221
376.7762,421.3355,57.6819,43.2615
372.1616,416.8291,58.5472,43.9104
368.1469,412.7779,58.2544,43.6908
363.4866,412.4502,59.1283,44.3462
358.7563,407.8308,60.0152,45.0114
354.1266,398.9464,60.6153,45.4615
350.1433,394.8874,60.0092,45.0069
346.0284,390.7349,59.7091,44.7819
346.0284,386.4700,59.7091,44.7819
341.4222,381.9385,60.3062,45.2297
336.5977,372.8549,61.2108,45.9081
336.5977,368.4827,61.2108,45.9081
336.5977,359.7383,61.2108,45.9081
331.8758,355.0928,61.8229,46.3672
331.4121,350.2629,62.7503,47.0627
326.3921,345.3605,63.6915,47.7686
326.2328,340.6689,64.0100,48.0075
321.4778,340.5489,64.3300,48.2475
316.3314,340.1871,65.2950,48.9712
311.2944,339.9422,65.9479,49.4610
306.7722,340.0659,65.6182,49.2136
301.7102,344.5537,66.2744,49.7058
296.4083,344.1809,67.2685,50.4514
291.0268,343.8025,68.2775,51.2081
285.5646,348.3686,69.3017,51.9763
280.0205,347.9788,70.3412,52.7559
274.9961,347.9788,70.3412,52.7559
269.5698,352.7896,71.0446,53.2835
264.2922,352.6564,71.3998,53.5499
259.1922,352.6564,71.3998,53.5499
253.8882,352.5225,71.7568,53.8176
248.5577,352.3879,72.1156,54.0867
242.7885,351.9823,73.1974,54.8980
236.9327,346.2638,74.2953,55.7215
231.4136,346.1245,74.6668,56.0001
220.2669,340.4578,75.4135,56.5601
214.4493,340.1750,76.1676,57.1257
208.5735,339.8893,76.9293,57.6970
202.4192,339.4566,78.0832,58.5624
197.5111,334.4021,76.9120,57.6840
191.7976,334.2579,77.2965,57.9724
186.0556,334.1130,77.6830,58.2623
180.2848,333.9673,78.0714,58.5536
174.2622,333.6746,78.8521,59.1391
173.6708,333.2310,80.0349,60.0262
167.2680,332.7808,81.2355,60.9266
173.2446,332.9331,80.8293,60.6220
173.2446,332.9331,80.8293,60.6220
178.4985,332.4785,82.0417,61.5313
183.8312,332.0170,83.2723,62.4543
189.6008,325.8831,83.6887,62.7665
195.3992,325.7262,84.1071,63.0804
201.7673,326.0416,83.2661,62.4496
208.0718,326.3538,82.4334,61.8251
213.9599,326.3538,82.4334,61.8251
219.8480,326.3538,82.4334,61.8251
220.4662,326.8175,81.1969,60.8977
225.9180,326.5130,82.0089,61.5067
231.6001,326.3593,82.4189,61.8142
231.1880,326.0502,83.2431,62.4323
237.4907,326.3623,82.4107,61.8080
243.2005,320.2919,82.8227,62.1171
243.8217,320.7578,81.5804,61.1853
243.8217,320.7578,81.5804,61.1853
249.2993,314.5664,82.3962,61.7971
249.7112,314.8754,81.5722,61.1792
249.5073,314.7225,81.9801,61.4851
254.8360,308.3178,83.2098,62.4073
254.4200,308.0057,84.0419,63.0314
254.8402,308.3209,83.2015,62.4011
260.7831,302.3779,83.2015,62.4011
260.3671,302.0659,84.0335,63.0251
260.3671,302.0659,84.0335,63.0251
266.0094,295.6884,84.8738,63.6554
266.0094,295.6884,84.8738,63.6554
266.2216,295.8475,84.4495,63.3371
266.0104,295.6892,84.8717,63.6538
266.4348,296.0074,84.0230,63.0172
265.8046,295.5348,85.2833,63.9625
271.5308,289.0624,86.1362,64.6021
271.9615,289.3854,85.2748,63.9561
271.5351,289.0656,86.1275,64.5957
270.8892,288.5812,87.4195,65.5646
271.5448,289.0729,86.1082,64.5811
271.9753,289.3958,85.2471,63.9353
271.7622,289.2360,85.6733,64.2550
272.4048,289.7179,84.3882,63.2912
278.6133,289.8761,83.9663,62.9747
278.8232,290.0336,83.5465,62.6598
279.0321,290.1902,83.1287,62.3465
284.4355,289.7226,84.3756,63.2817
283.8027,289.2480,85.6413,64.2310
283.3745,288.9268,86.4977,64.8733
289.9236,289.2512,85.6327,64.2245
290.5658,289.7329,84.3482,63.2612
296.2292,289.4166,85.1917,63.8938
302.6794,289.7361,84.3398,63.2548
308.3422,283.3353,85.1832,63.8874
307.9163,283.0158,86.0350,64.5263
314.4304,283.3385,85.1747,63.8810
320.8793,283.6579,84.3229,63.2422
327.2638,278.0113,83.4797,62.6098
326.8464,277.6982,84.3145,63.2359
332.8689,277.6982,84.3145,63.2359
338.3493,277.2239,85.5792,64.1844
345.0122,271.6842,84.2955,63.2216
351.2140,271.8423,83.8740,62.9055
351.4237,271.9995,83.4547,62.5910
357.3847,271.9995,83.4547,62.5910
363.3458,266.0385,83.4547,62.5910
369.6645,266.3514,82.6201,61.9651
369.2514,266.0416,83.4463,62.5847
374.8542,259.7086,84.2808,63.2106
375.4863,260.1827,83.0166,62.2624
381.2382,260.0270,83.4317,62.5737
381.2382,260.0270,83.4317,62.5737
387.1976,254.0676,83.4317,62.5737
387.8233,254.5369,82.1802,61.6351
393.6933,254.5369,82.1802,61.6351
393.0770,254.0747,83.4129,62.5597
399.0350,248.1166,83.4129,62.5597
399.0350,248.1166,83.4129,62.5597
399.0350,248.1166,83.4129,62.5597
399.0350,248.1166,83.4129,62.5597
404.4569,241.6000,84.6641,63.4981
405.0919,242.0762,83.3941,62.5456
404.6749,241.7635,84.2281,63.1711
405.0960,242.0793,83.3858,62.5393
405.0960,242.0793,83.3858,62.5393
405.5130,242.3920,82.5519,61.9139
405.3066,236.3112,82.9647,62.2235
405.0992,236.1557,83.3795,62.5346
405.0992,236.1557,83.3795,62.5346
405.0992,236.1557,83.3795,62.5346
405.7245,236.6247,82.1288,61.5966
405.5192,236.4707,82.5395,61.9046
399.8593,236.6254,82.1268,61.5951
400.2700,236.9334,81.3055,60.9791
400.2700,236.9334,81.3055,60.9791
400.2700,236.9334,81.3055,60.9791
394.4624,236.9334,81.3055,60.9791
394.2592,236.7810,81.7120,61.2840
393.6463,230.3972,82.9377,62.2033
393.0243,229.9307,84.1818,63.1363
387.7329,230.4042,82.9190,62.1893
388.1475,230.7151,82.0899,61.5674
387.5318,230.2534,83.3212,62.4909
381.8184,230.4096,82.9046,62.1784
382.4401,230.8760,81.6610,61.2458
376.3739,230.7228,82.0693,61.5520
375.7584,230.2612,83.3004,62.4753
375.7584,230.2612,83.3004,62.4753
370.2843,230.5736,82.4674,61.8505
369.8720,230.2643,83.2920,62.4690
363.9226,230.2643,83.2920,62.4690
363.5061,229.9520,84.1250,63.0937
357.9779,230.2675,83.2837,62.4628
358.3943,230.5798,82.4509,61.8382
353.2117,231.0435,81.2141,60.9106
352.8056,230.7390,82.0263,61.5197
347.4153,231.0466,81.2060,60.9045
341.6149,236.8470,81.2060,60.9045
335.8145,236.8470,81.2060,60.9045
336.0175,236.9993,80.8000,60.6000
330.2461,236.9993,80.8000,60.6000
325.1672,237.4538,79.5880,59.6910
319.4824,237.4538,79.5880,59.6910
318.8854,237.0061,80.7818,60.5863
313.8077,237.4605,79.5701,59.6775
308.1241,237.4605,79.5701,59.6775
301.9859,237.1621,80.3658,60.2743
301.9859,237.1621,80.3658,60.2743
296.0159,237.0114,80.7676,60.5757
290.2468,237.0114,80.7676,60.5757
289.6410,230.7015,81.9791,61.4843
283.7853,230.7015,81.9791,61.4843
278.6324,231.1626,80.7494,60.5621
273.0953,231.3140,80.3457,60.2593
273.0953,231.3140,80.3457,60.2593
267.8154,231.6153,79.5422,59.6567
262.8156,232.0627,78.3491,58.7618
263.2074,232.3565,77.5656,58.1742
257.8886,232.5020,77.1778,57.8833
252.5964,232.6467,76.7919,57.5939
247.3307,232.7907,76.4079,57.3059
241.6546,227.1624,76.7899,57.5925
235.7309,226.8744,77.5578,58.1684
230.6342,227.1653,76.7823,57.5867
224.7110,226.8773,77.5501,58.1626
218.7285,220.9919,78.3256,58.7442
207.2874,220.8450,78.7172,59.0379
196.8012,221.2878,77.5365,58.1523
191.2628,215.7495,77.5365,58.1523
185.0599,215.3133,78.6995,59.0246
180.1131,215.7560,77.5190,58.1393
169.2881,215.9013,77.1314,57.8486
163.3380,215.6121,77.9027,58.4271
157.9961,210.2215,77.5132,58.1349
152.2380,210.0762,77.9008,58.4256
146.8962,210.2222,77.5113,58.1335
140.9167,204.3397,78.2864,58.7148
130.4879,204.7800,77.1121,57.8341
124.3189,204.3463,78.2688,58.7016
113.6408,199.1051,77.4861,58.1146
107.8847,198.9598,77.8735,58.4051
96.7599,198.9598,77.8735,58.4051
91.4200,193.5712,77.4842,58.1131
85.2213,193.1354,78.6464,58.9848
85.6145,193.4303,77.8600,58.3950
79.3857,192.9923,79.0279,59.2709
74.1925,193.2887,78.2376,58.6782
69.2747,193.7288,77.0640,57.7980
69.2747,193.7288,77.0640,57.7980
64.4306,194.1623,75.9081,56.9310
64.2409,194.0199,76.2876,57.2157
59.0097,194.1630,75.9062,56.9296
58.8200,194.0206,76.2857,57.2143
59.2014,188.9122,75.5228,56.6421
64.1104,188.4874,76.6557,57.4918
64.1104,188.4874,76.6557,57.4918
64.1104,188.4874,76.6557,57.4918
63.9187,182.8409,77.0389,57.7792
69.9168,183.2742,75.8834,56.9125
75.1744,183.1320,76.2628,57.1971
80.6217,177.6846,76.2628,57.1971
91.5164,172.2373,76.2628,57.1971
97.2906,172.5233,75.5002,56.6251
102.6835,167.1304,75.5002,56.6251
108.5617,167.5551,74.3677,55.7757
119.5841,162.7411,73.2521,54.9391
135.4902,157.8358,72.5196,54.3897
145.8502,152.6559,72.5196,54.3897
156.4691,147.7996,71.7944,53.8458
161.9050,148.0689,71.0765,53.3074
172.1857,143.1506,70.7211,53.0408
177.5403,143.4158,70.0139,52.5104
182.0912,143.0220,71.0641,53.2981
187.4718,143.2885,70.3534,52.7651
187.1200,143.0247,71.0570,53.2927
187.1200,143.0247,71.0570,53.2927
187.6529,143.4244,69.9911,52.4933
192.5023,143.2931,70.3411,52.7558
192.5023,143.2931,70.3411,52.7558
192.1506,143.0293,71.0445,53.2834
197.2252,143.0293,71.0445,53.2834
197.4028,143.1626,70.6893,53.0170
202.1491,142.8975,71.3962,53.5471
201.9706,142.7636,71.7531,53.8149
202.5087,148.2156,70.6768,53.0076
207.4056,148.0830,71.0302,53.2727
206.8729,147.6835,72.0957,54.0718
212.3316,147.9539,71.3747,53.5310
212.6885,148.2215,70.6610,52.9957
217.5843,153.1615,71.0143,53.2607
217.7618,153.2946,70.6592,52.9944
222.9603,153.4271,70.3059,52.7294
222.4330,153.0316,71.3605,53.5204
227.2243,157.9122,72.0741,54.0556
232.5269,158.0473,71.7137,53.7853
231.9891,157.6439,72.7895,54.5921
236.8764,157.3710,73.5173,55.1380
242.2852,162.7338,73.1498,54.8623
247.6669,162.8710,72.7840,54.5880
247.6669,162.8710,72.7840,54.5880
252.3979,162.4615,73.8758,55.4068
252.2132,167.6263,74.2451,55.6839
257.3573,167.4870,74.6164,55.9623
256.7977,172.4770,75.7356,56.8017
262.2074,172.4770,75.7356,56.8017
262.5860,178.1166,74.9783,56.2337
267.4596,177.6949,76.1029,57.0772
267.0791,182.8998,76.8640,57.6480
272.7341,183.0439,76.4796,57.3597
272.3517,188.2745,77.2444,57.9333
277.3726,187.8400,78.4031,58.8023
277.1766,193.3213,78.7951,59.0963
283.1425,199.1887,78.0072,58.5054
283.3375,199.3349,77.6171,58.2129
289.2142,205.1147,76.8410,57.6307
294.2089,204.6824,77.9936,58.4952
293.6240,209.8982,79.1635,59.3726
298.7696,215.1923,80.3509,60.2632
298.5687,215.0416,80.7527,60.5645
304.8559,221.1774,79.5414,59.6561
310.0261,220.7300,80.7345,60.5509
309.6224,226.2516,81.5419,61.1564
315.4468,232.0761,81.5419,61.1564
320.7470,231.6174,82.7650,62.0737
320.9539,237.6548,82.3512,61.7634
327.3656,243.9120,81.1159,60.8369
332.8119,249.4598,81.9271,61.4453
338.3127,249.1525,82.7463,62.0597
343.6913,254.6862,83.9875,62.9906
349.8703,260.8128,83.5676,62.6757
355.3022,260.3427,84.8211,63.6158
361.3609,266.4014,84.8211,63.6158
360.9368,272.2025,85.6693,64.2520
366.5053,271.7206,86.9544,65.2158
373.0890,278.1956,86.0848,64.5636
379.2379,284.3445,86.0848,64.5636
385.2023,284.1831,86.5152,64.8864
391.3820,290.3628,86.5152,64.8864
403.5868,290.2006,86.9478,65.2109
409.6111,296.2792,87.3826,65.5369
415.8527,296.2792,87.3826,65.5369
422.2815,302.6534,86.9456,65.2092
434.3918,302.3274,87.8151,65.8613
440.6643,308.5999,87.8151,65.8613
446.3723,308.1059,89.1323,66.8492
458.7872,307.7717,90.0236,67.5177
465.7961,314.6119,88.6733,66.5050
477.9887,314.1131,90.0034,67.5025
484.2247,313.9443,90.4534,67.8401
490.1042,319.9934,91.8102,68.8577
496.6620,319.9934,91.8102,68.8577
509.4499,319.6491,92.7283,69.5462
516.0733,319.6491,92.7283,69.5462
529.6514,319.9968,91.8010,68.8508
536.7988,320.5132,90.4240,67.8180
542.6763,320.0046,91.7804,68.8353
556.1156,320.3488,90.8626,68.1469
562.2164,320.0080,91.7712,68.8284
569.1647,320.3522,90.8535,68.1401
575.4596,320.1818,91.3077,68.4808
582.1772,320.3530,90.8512,68.1384
595.6427,314.4720,89.4884,67.1163
602.6100,314.9754,88.1461,66.1096
608.9061,308.6792,88.1461,66.1096
615.0134,308.5140,88.5868,66.4401
621.7207,302.5818,87.7010,65.7757
634.7192,296.9048,86.3855,64.7891
641.4449,291.3128,85.0897,63.8173
648.0698,291.7914,83.8133,62.8600
654.0565,285.8048,83.8133,62.8600
654.4755,280.1923,82.9752,62.2314
666.3292,268.3387,82.9752,62.2314
666.1217,262.2267,83.3901,62.5426
672.6142,256.8286,82.1392,61.6044
678.4813,250.9616,82.1392,61.6044
679.0974,245.6445,80.9071,60.6804
685.2232,234.5053,80.0981,60.0736
691.4594,229.3204,78.8966,59.1724
691.8539,218.4581,78.1076,58.5807
692.4397,213.4020,76.9360,57.7020
692.8243,202.8095,76.1667,57.1250
693.0148,192.1258,75.7858,56.8394
693.0148,186.7125,75.7858,56.8394
693.2042,176.0822,75.4069,56.5552
693.7698,165.8956,74.2758,55.7068
689.1010,161.0875,73.1617,54.8712
689.2839,150.8253,72.7958,54.5969
684.2922,140.6144,72.4319,54.3239
684.4733,130.4545,72.0697,54.0523
679.9432,120.7187,70.9887,53.2415
679.7657,115.4896,71.3436,53.5077
685.3203,105.8518,70.2735,52.7051
685.8474,96.3587,69.2193,51.9145
691.2366,87.0079,68.1811,51.1358
701.3420,82.5944,67.1583,50.3688
706.4269,73.3481,66.4868,49.8651
716.2811,64.3664,65.4895,49.1171
721.3799,55.5195,64.5071,48.3803
726.2641,51.1998,63.8620,47.8965
735.7294,47.0659,62.9041,47.1781
740.6269,38.5682,61.9606,46.4704
745.1854,34.2808,61.6507,46.2381
749.9854,30.2900,60.7260,45.5445
754.4531,30.4039,60.4224,45.3168
759.0279,26.3577,59.8181,44.8636
759.3270,26.5820,59.2200,44.4150
763.9377,31.0817,58.3317,43.7487
764.0835,35.3368,58.0400,43.5300
764.5188,39.7468,57.1694,42.8770
764.6617,47.9802,56.8835,42.6627
764.9462,56.2385,56.3147,42.2360
760.9236,68.3059,56.3147,42.2360
757.2230,76.4816,55.7516,41.8137
753.7186,84.6403,54.9153,41.1865
745.8735,92.4853,54.9153,41.1865
737.8520,100.2666,55.1899,41.3924
729.7903,112.0486,55.4658,41.5994
721.3318,119.7792,56.2978,42.2234
713.8322,124.0568,55.4533,41.5900
705.5538,131.8500,56.0079,42.0059
693.5521,139.8511,56.0079,42.0059
682.1505,148.0473,55.1678,41.3758
670.9199,152.2390,54.3402,40.7552
663.6810,160.1911,53.5251,40.1438
652.4025,167.8997,53.2575,39.9431
645.3078,171.9464,52.4586,39.3440
630.7318,183.2718,51.9341,38.9505
620.1595,190.8718,51.1550,38.3663
613.3449,194.7587,50.3877,37.7908
602.5475,201.9569,50.3877,37.7908
591.2103,205.3266,51.1435,38.3577
580.6163,209.1349,50.6321,37.9741
569.7665,212.7515,50.6321,37.9741
563.0217,213.0363,49.8726,37.4045
556.3779,213.3169,49.1245,36.8434
549.8338,210.1369,48.3877,36.2907
543.3879,210.4091,47.6618,35.7464
537.0386,210.6772,46.9469,35.2102
534.0877,210.9413,46.2427,34.6820
531.1810,211.2014,45.5491,34.1618
525.1132,211.4576,44.8658,33.6494
522.2931,211.7100,44.1929,33.1446
522.4036,211.7928,43.9719,32.9789
519.6396,212.0402,43.3123,32.4842
516.9171,212.2838,42.6626,31.9970
517.2371,212.5238,42.0227,31.5170
514.3555,212.6026,41.8126,31.3594
511.6078,212.7594,41.3944,31.0458
511.9183,212.9922,40.7735,30.5801
509.3554,213.2216,40.1619,30.1214
509.4558,213.2969,39.9611,29.9708
506.6014,213.2969,39.9611,29.9708
506.6014,213.2969,39.9611,29.9708
509.4558,213.2969,39.9611,29.9708
509.7555,213.5217,39.3617,29.5213
509.7555,213.5217,39.3617,29.5213
509.4603,213.3002,39.9521,29.9641
509.2606,213.1504,40.3516,30.2637
511.9699,212.9991,40.7552,30.5664
511.9699,212.9991,40.7552,30.5664
511.9699,212.9991,40.7552,30.5664
511.9699,215.9102,40.7552,30.5664
512.2755,216.1395,40.1438,30.1079
512.3759,216.2147,39.9431,29.9573
515.2290,219.0678,39.9431,29.9573
515.3289,219.1427,39.7434,29.8076
515.6269,222.1625,39.1473,29.3604
515.8226,222.3093,38.7558,29.0668
515.6288,224.9599,39.1433,29.3575
518.6765,227.9341,38.5562,28.9171
518.5801,227.8618,38.7490,29.0617
518.8707,230.8060,38.1677,28.6258
518.7753,233.4744,38.3586,28.7689
518.5835,236.0978,38.7422,29.0566
518.8740,239.0415,38.1610,28.6208
518.5878,238.8269,38.7334,29.0501
518.8784,241.7699,38.1524,28.6143
521.6852,244.5530,37.9617,28.4713
521.7802,247.3222,37.7719,28.3289
521.4969,247.1097,38.3384,28.7538
521.5927,247.1816,38.1468,28.6101
521.4974,249.8485,38.3375,28.7531
521.6890,249.9922,37.9541,28.4656
521.4993,249.8499,38.3337,28.7502
521.6909,252.7044,37.9503,28.4627
521.5012,252.5621,38.3298,28.7474
521.7886,252.7777,37.7549,28.3162
521.6943,252.7069,37.9436,28.4577
521.6943,255.4171,37.9436,28.4577
521.5994,255.3460,38.1334,28.6000
521.5994,258.0698,38.1334,28.6000
521.3134,257.8553,38.7054,29.0290
521.1199,257.7102,39.0924,29.3193
518.1042,260.3838,39.4833,29.6125
518.2029,260.4579,39.2859,29.4644
518.1047,263.2043,39.4824,29.6118
518.1047,263.2043,39.4824,29.6118
518.1047,266.0245,39.4824,29.6118
518.1047,266.0245,39.4824,29.6118
515.0589,268.7248,39.8772,29.9079
514.8595,268.5753,40.2760,30.2070
514.5574,271.2687,40.8801,30.6601
514.5574,271.2687,40.8801,30.6601
514.4553,274.1267,41.0845,30.8134
511.7554,277.1860,40.6736,30.5052
511.5520,277.0335,41.0804,30.8103
511.3466,279.8431,41.4912,31.1184
511.1392,279.6875,41.9061,31.4296
511.1392,282.6808,41.9061,31.4296
508.3853,285.8013,41.4870,31.1153
508.3853,285.8013,41.4870,31.1153
508.3853,288.7647,41.4870,31.1153
508.1779,288.6091,41.9019,31.4264
507.9684,291.4749,42.3209,31.7407
504.7036,294.3693,42.7441,32.0581
504.5968,294.2892,42.9579,32.2184
504.2746,297.1620,43.6022,32.7017
503.9476,300.0779,44.2563,33.1922
504.0582,300.1609,44.0350,33.0262
500.5354,303.1057,44.6955,33.5216
500.7589,306.4339,44.2485,33.1864
500.5377,306.2680,44.6910,33.5183
500.3142,309.3246,45.1379,33.8535
500.3142,309.3246,45.1379,33.8535
496.7032,312.3431,45.8150,34.3613
496.7032,315.6157,45.8150,34.3613
496.4741,315.4438,46.2732,34.7049
496.4741,318.7491,46.2732,34.7049
492.9044,321.9138,46.7359,35.0519
492.5539,321.6509,47.4369,35.5777
492.9097,325.2553,46.7254,35.0440
492.9097,328.5928,46.7254,35.0440
492.6761,328.4176,47.1926,35.3945
492.3221,331.5736,47.9005,35.9254
488.6270,331.3940,48.3795,36.2846
488.3851,334.7028,48.8633,36.6475
488.3851,338.1930,48.8633,36.6475
488.0186,337.9182,49.5963,37.1972
487.6466,341.2349,50.3402,37.7552
484.4824,345.0599,49.5851,37.1888
484.2344,344.8739,50.0810,37.5607
484.2344,348.4511,50.0810,37.5607
483.9840,348.2633,50.5818,37.9363
483.7311,351.7228,51.0876,38.3157
479.6441,351.4354,51.8539,38.8904
479.5145,355.0605,52.1132,39.0849
479.7751,355.2560,51.5920,38.6940
479.3881,358.7062,52.3659,39.2744
479.7809,359.0008,51.5804,38.6853
479.7809,362.6851,51.5804,38.6853
475.8018,362.4916,52.0962,39.0722
475.5413,366.0547,52.6172,39.4629
475.1467,365.7587,53.4065,40.0548
475.0132,369.4924,53.6735,40.2551
474.7448,369.2911,54.2102,40.6577
475.0159,369.4944,53.6681,40.2511
474.7475,373.1649,54.2048,40.6536
475.0185,373.3682,53.6628,40.2471
475.4210,373.6700,52.8578,39.6434
475.0246,377.2049,53.6507,40.2380
474.6222,376.9031,54.4554,40.8416
470.2657,376.5968,55.2723,41.4542
470.2657,380.5448,55.2723,41.4542
470.2657,380.5448,55.2723,41.4542
470.2657,380.5448,55.2723,41.4542
470.2657,380.5448,55.2723,41.4542
470.2657,384.4928,55.2723,41.4542
470.2657,384.4928,55.2723,41.4542
469.9894,384.2856,55.8250,41.8687
469.7103,384.0762,56.3832,42.2874
469.4283,383.8648,56.9471,42.7103
469.0013,383.5445,57.8013,43.3510
468.8568,383.4361,58.0903,43.5677
468.4211,383.1093,58.9616,44.2212
468.8633,383.4410,58.0772,43.5579
468.4277,383.1143,58.9484,44.2113
473.0173,379.2984,58.0642,43.5481
472.8721,379.1896,58.3545,43.7659
472.8721,379.1896,58.3545,43.7659
472.4344,378.8613,59.2298,44.4223
472.4344,378.8613,59.2298,44.4223
472.5825,378.9724,58.9336,44.2002
472.8772,379.1934,58.3443,43.7582
472.8772,379.1934,58.3443,43.7582
473.0230,379.3028,58.0526,43.5394
477.4185,375.4153,57.4721,43.1040
477.4185,375.4153,57.4721,43.1040
477.1311,375.1998,58.0468,43.5351
476.8409,374.9821,58.6273,43.9704
476.5477,374.7623,59.2135,44.4101
480.5235,370.2684,59.8057,44.8542
480.2245,370.0441,60.4037,45.3028
480.6775,370.3839,59.4977,44.6232
480.2313,365.7356,60.3901,45.2926
484.1566,365.3959,61.2960,45.9720
484.4631,365.6258,60.6830,45.5123
484.4631,361.2913,60.6830,45.5123
489.0577,361.5189,60.0762,45.0571
489.3580,361.7441,59.4754,44.6066
489.5067,361.8557,59.1780,44.3835
489.8026,362.0776,58.5863,43.9397
494.1129,362.1874,58.2933,43.7200
494.1129,358.0236,58.2933,43.7200
498.0269,357.8050,58.8763,44.1572
497.7325,357.5842,59.4650,44.5988
497.5838,357.4727,59.7624,44.8218
502.2368,357.8089,58.8659,44.1494
501.9424,357.5882,59.4546,44.5909
502.2397,353.6068,58.8600,44.1450
506.4440,353.6068,58.8600,44.1450
506.8854,353.9379,57.9771,43.4828
506.4506,353.6118,58.8468,44.1351
511.0323,349.8025,57.9641,43.4731
510.8874,349.6938,58.2539,43.6904
510.8874,349.6938,58.2539,43.6904
510.4504,349.3661,59.1277,44.3458
515.0540,345.5387,58.2408,43.6806
515.4908,345.8663,57.3672,43.0254
515.6342,345.9738,57.0804,42.8103
519.3444,345.6528,57.9366,43.4524
519.7789,341.9024,57.0675,42.8006
524.2220,342.2234,56.2115,42.1586
524.3625,342.3288,55.9304,41.9478
528.2377,338.2090,56.2101,42.1576
527.8162,337.8928,57.0532,42.7899
532.2582,338.2137,56.1974,42.1481
531.8367,333.8233,57.0404,42.7803
536.1555,334.0372,56.4700,42.3525
536.4378,334.2489,55.9053,41.9290
540.7905,330.6301,55.0667,41.3000
540.7905,330.6301,55.0667,41.3000
544.8418,326.8196,54.7914,41.0935
549.1077,327.1278,53.9695,40.4771
549.3776,327.3302,53.4298,40.0724
553.1940,323.5138,53.4298,40.0724
553.5947,323.8144,52.6284,39.4713
557.4666,323.9130,52.3652,39.2739
557.4666,320.1727,52.3652,39.2739
561.5436,320.4672,51.5798,38.6848
561.4147,320.3705,51.8377,38.8782
565.1174,316.6678,51.8377,38.8782
568.8201,316.6678,51.8377,38.8782
572.6339,313.0808,51.5785,38.6838
576.5391,313.2742,51.0627,38.2970
580.5146,309.9688,50.2967,37.7226
584.4306,310.2518,49.5423,37.1567
584.4306,306.7130,49.5423,37.1567
588.2878,306.9917,48.7992,36.5994
588.1658,303.3971,49.0432,36.7824
591.7740,303.4891,48.7979,36.5985
595.4687,300.2214,48.3100,36.2325
595.7103,300.4025,47.8269,35.8701
599.3314,297.1998,47.3486,35.5114
599.6865,297.4662,46.6384,34.9788
603.3177,294.4472,45.9388,34.4541
603.6622,294.7056,45.2497,33.9373
606.7974,291.3724,45.4760,34.1070
607.0248,291.5430,45.0212,33.7659
610.3370,288.4277,44.7961,33.5971
610.5610,285.4279,44.3481,33.2611
614.0139,285.6774,43.6829,32.7622
613.6862,282.2647,44.3381,33.2536
617.1382,279.3946,43.6731,32.7548
617.4658,279.6402,43.0180,32.2635
620.6307,276.6635,42.8029,32.1022
620.8447,276.8241,42.3749,31.7811
623.6899,273.6081,42.7986,32.0990
623.7969,270.6466,42.5846,31.9385
626.7474,267.5098,42.7975,32.0982
627.0684,267.7505,42.1556,31.6167
627.3845,265.0217,41.5232,31.1424
630.5284,262.2411,41.1080,30.8310
630.8367,259.5801,40.4914,30.3685
633.8157,259.6560,40.2889,30.2167
634.0172,256.9581,39.8860,29.9145
637.0371,254.2872,39.4872,29.6154
637.2346,251.6429,39.0923,29.3192
640.1944,249.0251,38.7014,29.0260
640.0009,248.8800,39.0884,29.3163
640.2941,246.3497,38.5021,28.8766
643.1267,243.6855,38.3096,28.7322
643.4141,241.2057,37.7349,28.3012
643.5084,238.5946,37.5462,28.1597
646.0294,235.7451,37.9217,28.4413
646.0294,235.7451,37.9217,28.4413
646.3138,233.2903,37.3529,28.0147
646.5939,230.8724,36.7926,27.5944
649.4585,228.4907,36.2407,27.1805
649.2773,225.7403,36.6031,27.4523
649.5518,223.3709,36.0541,27.0405
649.8222,221.0370,35.5132,26.6349
652.5110,218.6589,35.1581,26.3686
652.5110,216.1476,35.1581,26.3686
652.5989,213.7148,34.9823,26.2367
652.8613,213.9116,34.4576,25.8432
652.8613,211.4503,34.4576,25.8432
653.1198,209.2198,33.9407,25.4555
653.3743,207.0228,33.4316,25.0737
653.3743,204.6348,33.4316,25.0737
655.5474,202.0229,33.9331,25.4498
655.8019,199.8264,33.4241,25.0681
653.6054,197.5882,33.0899,24.8174
656.1817,195.4462,32.5935,24.4451
656.4261,193.3363,32.1046,24.0785
654.2247,193.3965,31.9441,23.9581
654.2247,191.1148,31.9441,23.9581
653.9851,188.6192,32.4232,24.3174
654.2283,186.5204,31.9369,23.9527
654.4678,184.4530,31.4578,23.5934
654.5464,182.2762,31.3006,23.4754
654.6247,180.1104,31.1440,23.3580
654.8583,178.0943,30.6769,23.0077
654.6282,177.9218,31.1370,23.3528
654.6282,175.6977,31.1370,23.3528
654.6282,173.4736,31.1370,23.3528
654.5504,171.1801,31.2927,23.4695
654.6286,171.2387,31.1363,23.3522
654.8621,169.2232,30.6692,23.0019
654.8621,169.2232,30.6692,23.0019
654.8621,167.0326,30.6692,23.0019
655.0922,167.2051,30.2092,22.6569
655.3187,167.3750,29.7560,22.3170
655.4675,165.3824,29.4585,22.0939
655.4675,165.3824,29.4585,22.0939
655.6148,165.4929,29.1639,21.8729
655.6877,165.5476,29.0181,21.7636
657.7604,163.4748,29.0181,21.7636
657.7604,163.4748,29.0181,21.7636
657.7604,163.4748,29.0181,21.7636
657.9055,163.5837,28.7279,21.5459
657.9055,163.5837,28.7279,21.5459
658.1210,163.7453,28.2970,21.2227
658.3332,163.9044,27.8725,20.9044
658.3332,161.9135,27.8725,20.9044
658.5422,162.0703,27.4544,20.5908
660.4445,162.0188,27.5917,20.6938
660.4445,162.0188,27.5917,20.6938
660.5134,162.0706,27.4537,20.5903
660.5134,162.0706,27.4537,20.5903
660.5134,162.0706,27.4537,20.5903
660.7193,162.2250,27.0419,20.2815
660.7193,162.2250,27.0419,20.2815
662.8247,162.3771,26.6363,19.9772
662.8247,160.4745,26.6363,19.9772
663.0245,160.6243,26.2368,19.6776
663.2213,160.7719,25.8432,19.3824
663.2213,160.7719,25.8432,19.3824
663.2213,160.7719,25.8432,19.3824
665.0672,160.7719,25.8432,19.3824
665.0026,160.7235,25.9724,19.4793
665.0676,160.7722,25.8426,19.3819
665.0676,160.7722,25.8426,19.3819
665.0029,160.7237,25.9718,19.4788
665.0679,160.7724,25.8419,19.3814
666.9137,158.9266,25.8419,19.3814
666.9137,158.9266,25.8419,19.3814
666.9137,158.9266,25.8419,19.3814
666.9137,158.9266,25.8419,19.3814
667.1075,159.0719,25.4543,19.0907
667.2985,159.2151,25.0725,18.8044
669.1968,159.3091,24.8218,18.6163
669.2589,159.3557,24.6976,18.5232
669.2589,159.3557,24.6976,18.5232
669.2589,159.3557,24.6976,18.5232
669.2589,159.3557,24.6976,18.5232
669.2589,159.3557,24.6976,18.5232
671.0229,159.3557,24.6976,18.5232
671.0229,159.3557,24.6976,18.5232
671.0229,159.3557,24.6976,18.5232
671.0229,159.3557,24.6976,18.5232
671.0229,159.3557,24.6976,18.5232
672.7870,159.3557,24.6976,18.5232
672.9723,161.2322,24.3272,18.2454
673.0331,161.2779,24.2055,18.1542
672.9726,161.2325,24.3266,18.2449
673.0334,161.2781,24.2049,18.1537
673.0334,161.2781,24.2049,18.1537
674.7623,163.0070,24.2049,18.1537
674.7018,162.9616,24.3260,18.2445
674.7626,163.0072,24.2043,18.1533
674.7626,163.0072,24.2043,18.1533
674.7626,164.7361,24.2043,18.1533
674.7021,164.6907,24.3254,18.2440
676.4918,164.7363,24.2037,18.1528
676.6733,164.8725,23.8407,17.8805
676.6733,164.8725,23.8407,17.8805
676.8521,165.0066,23.4831,17.6123
677.0283,163.4865,23.1308,17.3481
678.5317,163.3564,23.4778,17.6083
678.7078,161.8366,23.1256,17.3442
678.7656,161.8800,23.0100,17.2575
678.9382,160.3905,22.6648,16.9986
679.1082,160.5180,22.3249,16.7436
680.7507,158.9732,22.2132,16.6599
680.7507,158.9732,22.2132,16.6599
680.9173,157.5353,21.8800,16.4100
682.6208,156.1189,21.5518,16.1639
682.6747,156.1593,21.4441,16.0831
682.6747,154.6276,21.4441,16.0831
