1
1031.8954,408.3700,163.3500,73.2600
1033.1205,408.9195,160.8997,72.1611
1026.1925,409.2802,159.2908,71.4395
1026.1925,409.2802,159.2908,71.4395
1017.5861,408.9231,160.8837,72.1539
1010.6588,409.2838,159.2748,71.4323
1010.6588,409.2838,159.2748,71.4323
1002.4901,409.1053,160.0712,71.7895
1002.0899,408.9258,160.8716,72.1485
993.3982,408.5650,162.4803,72.8699
985.9564,408.7472,161.6679,72.5056
985.5522,408.5659,162.4762,72.8681
978.5563,408.9303,160.8514,72.1394
971.6303,409.2910,159.2429,71.4180
971.2322,409.1124,160.0391,71.7751
963.9023,409.2919,159.2390,71.4163
955.2988,408.9348,160.8313,72.1304
955.2988,408.9348,160.8313,72.1304
947.4914,408.9348,160.8313,72.1304
939.6840,408.9348,160.8313,72.1304
939.6840,408.9348,160.8313,72.1304
930.5533,408.3938,163.2438,73.2124
923.9721,408.9429,160.7952,72.1142
923.9721,408.9429,160.7952,72.1142
916.6075,409.1232,159.9912,71.7536
916.6075,409.1232,159.9912,71.7536
908.4022,408.9438,160.7911,72.1124
899.2737,408.4030,163.2030,73.1941
899.2737,408.4030,163.2030,73.1941
891.3513,408.4030,163.2030,73.1941
884.3240,408.7689,161.5710,72.4621
883.5162,408.4066,163.1867,73.1868
875.5945,408.4066,163.1867,73.1868
874.7786,408.0407,164.8185,73.9186
865.8735,407.6711,166.4667,74.6578
857.7927,407.6711,166.4667,74.6578
857.7927,407.6711,166.4667,74.6578
848.7986,407.2978,168.1314,75.4044
848.7986,407.2978,168.1314,75.4044
840.6368,407.2978,168.1314,75.4044
833.3974,407.6748,166.4501,74.6503
834.2297,408.0481,164.7856,73.9038
826.2303,408.0481,164.7856,73.9038
819.1350,408.4176,163.1377,73.1648
818.3193,408.0518,164.7691,73.8964
808.9651,407.4976,167.2406,75.0049
802.2227,408.0601,164.7320,73.8798
794.2260,408.0601,164.7320,73.8798
792.9905,407.5060,167.2030,74.9880
786.2496,408.0684,164.6950,73.8632
776.8995,407.5144,167.1654,74.9711
778.1533,408.0767,164.6579,73.8466
770.1602,408.0767,164.6579,73.8466
762.1671,408.0767,164.6579,73.8466
754.1740,408.0767,164.6579,73.8466
754.5856,408.2613,163.8346,73.4773
746.6325,408.2613,163.8346,73.4773
738.2300,408.0776,164.6538,73.8447
730.2371,408.0776,164.6538,73.8447
729.0022,407.5238,167.1236,74.9524
722.2645,408.0859,164.6167,73.8281
713.3704,407.7168,166.2629,74.5664
712.1235,407.1576,168.7569,75.6849
702.5428,406.5899,171.2882,76.8202
694.6976,406.7820,170.4318,76.4361
693.8455,406.3998,172.1361,77.2004
686.4336,406.7858,170.4147,76.4284
678.1611,406.7858,170.4147,76.4284
677.7350,406.5947,171.2668,76.8106
670.3606,406.9788,169.5541,76.0425
663.0599,407.3590,167.8586,75.2820
661.8009,406.7944,170.3765,76.4113
653.9975,406.9854,169.5246,76.0292
645.7682,406.9854,169.5246,76.0292
644.9205,406.6053,171.2198,76.7895
635.2001,406.0293,173.7881,77.9413
625.8105,405.6396,175.5260,78.7208
627.1269,406.2300,172.8931,77.5399
618.7340,406.2300,172.8931,77.5399
610.8154,406.4239,172.0287,77.1522
609.5251,405.8452,174.6091,78.3095
601.5279,406.0410,173.7360,77.9180
594.0471,406.4306,171.9987,77.1388
594.0471,406.4306,171.9987,77.1388
584.7542,406.0449,173.7187,77.9102
575.3683,405.6554,175.4559,78.6893
574.4910,405.2619,177.2104,79.4762
565.8885,405.2619,177.2104,79.4762
557.2861,405.2619,177.2104,79.4762
549.6558,405.6593,175.4383,78.6814
550.5330,406.0527,173.6839,77.8946
543.5308,406.6369,171.0787,76.7262
534.2875,406.2533,172.7895,77.4935
534.2875,406.2533,172.7895,77.4935
525.8997,406.2533,172.7895,77.4935
517.9858,406.4470,171.9255,77.1060
509.6399,406.4470,171.9255,77.1060
508.7803,406.0615,173.6448,77.8770
500.8272,414.6434,172.7765,77.4877
492.4400,414.6434,172.7765,77.4877
483.1050,414.2560,174.5043,78.2625
482.6687,414.0603,175.3768,78.6538
472.7123,413.4704,178.0075,79.8337
462.6064,412.8716,180.6776,81.0312
452.8446,412.4665,182.4844,81.8415
453.3008,412.6711,181.5719,81.4323
444.4866,412.6711,181.5719,81.4323
435.1745,412.4675,182.4798,81.8394
425.8157,412.2629,183.3922,82.2486
426.7327,412.6741,181.5583,81.4261
416.4253,412.0634,184.2816,82.6475
407.9850,412.2701,183.3602,82.2343
408.4434,421.3321,182.4435,81.8231
398.0858,420.7184,185.1801,83.0505
390.6201,421.3413,182.4024,81.8047
380.2648,420.7278,185.1384,83.0318
379.3391,420.3127,186.9898,83.8621
371.8005,420.9416,184.1850,82.6042
361.8492,420.5286,186.0268,83.4302
351.2881,429.0688,188.8172,84.6817
350.8160,428.8570,189.7613,85.1051
340.0429,428.2188,192.6077,86.3816
339.0799,427.7868,194.5338,87.2455
329.1030,427.5687,195.5065,87.6817
320.6848,437.4028,193.5514,86.8049
319.2332,436.7518,196.4547,88.1069
308.0801,436.0910,199.4015,89.4286
308.5786,436.3146,198.4045,88.9814
299.4915,446.1201,197.4125,88.5365
300.9720,446.7842,194.4513,87.2085
299.5137,446.1301,197.3681,88.5166
291.5567,456.2312,194.4075,87.1888
292.0427,456.4492,193.4355,86.7529
282.1221,456.2323,194.4027,87.1867
280.6641,455.5784,197.3187,88.4945
272.1678,465.5037,195.3455,87.6095
271.6795,465.2847,196.3223,88.0476
260.5339,464.6243,199.2671,89.3683
260.5339,464.6243,199.2671,89.3683
252.5004,474.8226,196.2781,88.0277
252.0097,474.6026,197.2595,88.4679
241.8929,474.3814,198.2458,88.9102
240.9017,483.6567,200.2282,89.7993
231.1819,483.6567,200.2282,89.7993
229.6802,482.9832,203.2316,91.1463
218.6998,492.4917,205.2640,92.0578
217.1603,491.8013,208.3429,93.4386
205.3323,491.1005,211.4681,94.8402
205.8609,491.3376,210.4107,94.3660
196.2239,501.7365,209.3587,93.8942
196.7473,501.9713,208.3119,93.4247
186.0637,501.7377,209.3534,93.8918
186.5871,512.0844,208.3067,93.4224
174.7612,511.3838,211.4313,94.8237
173.1754,510.6726,214.6027,96.2461
160.9921,509.9507,217.8218,97.6898
159.9029,520.1419,220.0000,98.6667
161.5529,520.8819,216.7000,97.1867
150.4392,520.6389,217.7835,97.6726
150.4392,520.6389,217.7835,97.6726
149.3503,520.1506,219.9613,98.6493
139.2758,520.3972,218.8615,98.1561
139.8230,520.6426,217.7672,97.6653
140.3674,520.8867,216.6784,97.1770
138.7423,520.1579,219.9286,98.6346
139.8419,531.2205,217.7293,97.6483
139.2976,530.9764,218.8179,98.1365
137.6565,530.2404,222.1002,99.6086
137.6565,530.2404,222.1002,99.6086
137.6565,530.2404,222.1002,99.6086
137.6565,530.2404,222.1002,99.6086
137.6565,530.2404,222.1002,99.6086
136.5460,529.7423,224.3212,100.6047
147.4353,529.7423,224.3212,100.6047
158.8311,529.9938,223.1996,100.1016
170.1698,530.2441,222.0836,99.6011
170.1698,530.2441,222.0836,99.6011
191.7314,530.2441,222.0836,99.6011
202.5121,530.2441,222.0836,99.6011
224.9684,530.7421,219.8627,98.6051
247.2002,520.6689,217.6641,97.6191
258.2577,520.9129,216.5758,97.1310
270.2377,521.6414,213.3272,95.6740
281.5565,522.1198,211.1939,94.7173
290.8552,511.2915,213.3058,95.6644
302.6543,512.0090,210.1062,94.2295
312.8536,501.8097,210.1062,94.2295
323.0530,501.8097,210.1062,94.2295
324.6288,502.5164,206.9547,92.8160
336.0766,493.3169,203.8503,91.4238
335.0573,492.8597,205.8888,92.3380
345.9814,483.4268,203.8299,91.4146
347.0006,483.8839,201.7916,90.5005
347.5051,484.1101,200.7827,90.0480
347.5051,484.1101,200.7827,90.0480
345.9992,483.4348,203.7944,91.3987
336.1063,483.4348,203.7944,91.3987
334.5778,482.7493,206.8513,92.7697
326.2385,483.4450,203.7486,91.3782
326.2385,483.4450,203.7486,91.3782
314.6713,482.7597,206.8048,92.7488
313.1203,482.0641,209.9069,94.1401
301.7792,481.5934,212.0060,95.0815
303.3692,482.3065,208.8259,93.6552
293.2321,472.1693,208.8259,93.6552
294.7982,472.8717,205.6935,92.2504
293.2555,472.1798,208.7789,93.6342
293.2555,472.1798,208.7789,93.6342
293.2555,472.1798,208.7789,93.6342
294.2994,472.6480,206.6911,92.6978
294.8162,462.8964,205.6576,92.2343
295.3303,463.1270,204.6293,91.7732
294.3072,462.6681,206.6756,92.6909
295.8572,453.4810,203.5755,91.3005
296.8751,453.9375,201.5397,90.3875
298.3867,454.6154,198.5166,89.0317
298.3867,444.9787,198.5166,89.0317
306.6790,444.3109,201.4944,90.3672
306.6790,444.3109,201.4944,90.3672
306.1753,444.0850,202.5019,90.8190
317.3768,435.0834,199.4643,89.4567
318.8728,435.7543,196.4724,88.1149
318.8728,435.7543,196.4724,88.1149
318.8728,435.7543,196.4724,88.1149
329.7408,436.4152,193.5253,86.7932
328.2893,435.7643,196.4282,88.0951
339.1549,436.4250,193.4818,86.7736
338.1874,435.9911,195.4166,87.6414
348.9970,436.6484,192.4853,86.3267
350.4407,428.0921,189.5980,85.0318
351.8626,428.7298,186.7541,83.7564
362.1931,429.3580,183.9528,82.5000
360.8134,428.7392,186.7121,83.7375
369.4556,428.5299,187.6456,84.1562
369.9247,428.7403,186.7074,83.7354
370.3915,419.9315,185.7738,83.3167
378.1516,419.3066,188.5604,84.5665
379.5658,419.9408,185.7320,83.2980
378.1729,419.3161,188.5180,84.5475
388.6008,419.9502,185.6902,83.2793
389.0650,420.1584,184.7618,82.8629
390.4508,411.9454,181.9904,81.6199
390.9057,412.1494,181.0804,81.2118
400.1048,412.3525,180.1750,80.8058
400.5552,412.5545,179.2741,80.4017
400.5552,412.5545,179.2741,80.4017
409.2579,403.8519,179.2741,80.4017
410.1542,404.2539,177.4814,79.5977
410.1542,404.2539,177.4814,79.5977
417.9686,403.8559,179.2562,80.3937
417.9686,395.1541,179.2562,80.3937
427.8842,395.7571,176.5674,79.1878
437.6512,396.3510,173.9189,78.0000
436.3468,395.7660,176.5276,79.1700
446.1115,396.3597,173.8797,77.9824
445.6768,387.6818,174.7491,78.3723
454.9487,388.0737,173.0016,77.5886
454.5162,387.8797,173.8667,77.9766
463.3488,388.0747,172.9973,77.5867
471.3562,387.8807,173.8623,77.9746
471.3562,387.8807,173.8623,77.9746
479.7961,387.8807,173.8623,77.9746
480.2307,388.0756,172.9930,77.5847
489.8000,388.6575,170.3981,76.4210
498.4564,380.6182,169.5461,76.0389
498.4564,380.6182,169.5461,76.0389
506.6867,380.6182,169.5461,76.0389
507.1106,372.6190,168.6984,75.6587
515.6807,372.8082,167.8549,75.2804
524.2078,372.9964,167.0156,74.9040
533.4464,365.5722,164.5104,73.7804
532.6238,365.2033,166.1555,74.5182
540.6896,365.2033,166.1555,74.5182
548.3804,365.0170,166.9863,74.8908
547.5455,364.6426,168.6561,75.6397
556.4941,365.0208,166.9696,74.8833
556.9115,365.2080,166.1347,74.5089
556.9115,357.1432,166.1347,74.5089
557.3268,357.3295,165.3040,74.1364
564.6050,356.9588,166.9571,74.8777
564.6050,356.9588,166.9571,74.8777
565.4398,357.3332,165.2875,74.1289
572.7172,356.9625,166.9404,74.8702
572.7172,356.9625,166.9404,74.8702
571.8826,356.5882,168.6098,75.6189
581.2093,357.1553,166.0806,74.4846
581.2093,357.1553,166.0806,74.4846
579.9637,356.5967,168.5718,75.6019
589.2883,357.1637,166.0433,74.4679
588.0430,356.6052,168.5339,75.5849
597.3655,357.1721,166.0059,74.4511
596.1205,356.6137,168.4960,75.5679
595.2780,347.9746,170.1810,76.3236
604.3076,348.3563,168.4791,75.5603
604.7287,348.5452,167.6367,75.1825
614.0016,349.1090,165.1222,74.0548
615.2401,349.6644,162.6454,72.9440
614.8334,349.4821,163.4586,73.3087
616.0594,350.0319,161.0067,72.2091
616.0594,350.0319,161.0067,72.2091
614.8518,349.4903,163.4218,73.2922
616.0775,350.0400,160.9705,72.1928
615.6750,349.8595,161.7753,72.5538
616.8884,350.4037,159.3487,71.4655
608.2789,350.0464,160.9422,72.1801
609.4860,350.5877,158.5281,71.0974
610.6749,351.1209,156.1501,70.0310
611.8461,351.6462,153.8079,68.9805
612.9996,352.1635,151.5008,67.9458
612.2421,351.8238,153.0158,68.6253
604.3945,344.1871,153.7809,68.9684
603.6256,343.8423,155.3187,69.6581
603.6256,343.8423,155.3187,69.6581
603.6256,343.8423,155.3187,69.6581
596.0859,343.8423,155.3187,69.6581
596.4741,344.0164,154.5421,69.3098
596.0878,343.8432,155.3148,69.6563
596.4761,344.0173,154.5382,69.3080
596.4761,344.0173,154.5382,69.3080
588.5504,343.8440,155.3109,69.6546
588.9387,344.0182,154.5343,69.3063
589.7113,344.3647,152.9890,68.6133
588.5639,351.3882,155.2838,69.6424
588.9521,351.5623,154.5074,69.2942
589.7247,351.9087,152.9623,68.6013
590.8719,352.4232,150.6679,67.5723
583.9711,352.5922,149.9146,67.2344
582.8467,352.0879,152.1633,68.2429
583.6076,352.4291,150.6417,67.5605
584.3608,352.7669,149.1352,66.8849
585.4793,353.2686,146.8982,65.8816
577.1396,352.7745,149.1017,66.8699
576.7668,352.6073,149.8472,67.2042
577.1415,352.7753,149.0980,66.8682
576.0233,359.6201,151.3344,67.8712
576.7799,359.9595,149.8211,67.1925
576.4054,359.7915,150.5702,67.5285
567.8572,359.2850,152.8287,68.5414
567.8572,359.2850,152.8287,68.5414
568.6213,366.9724,151.3004,67.8560
568.6213,366.9724,151.3004,67.8560
568.6213,366.9724,151.3004,67.8560
568.6213,366.9724,151.3004,67.8560
569.3779,374.5829,149.7874,67.1774
569.3779,374.5829,149.7874,67.1774
569.3779,374.5829,149.7874,67.1774
562.1066,374.5829,149.7874,67.1774
562.4811,381.9857,149.0385,66.8415
563.5989,382.4871,146.8029,65.8389
563.5989,389.6134,146.8029,65.8389
563.2319,389.4488,147.5369,66.1681
563.2319,389.4488,147.5369,66.1681
564.3384,389.9451,145.3239,65.1756
565.0650,390.2710,143.8707,64.5238
565.0650,390.2710,143.8707,64.5238
565.7844,390.5936,142.4319,63.8786
566.4965,390.9130,141.0076,63.2398
566.4965,390.9130,141.0076,63.2398
567.5541,391.3873,138.8925,62.2912
560.8118,391.3873,138.8925,62.2912
560.1173,391.0758,140.2814,62.9141
559.4159,390.7613,141.6842,63.5432
558.7075,390.4435,143.1011,64.1787
559.4230,390.7644,141.6701,63.5369
559.7772,390.9233,140.9617,63.2192
560.1295,391.0813,140.2569,62.9031
559.4283,390.7668,141.6595,63.5321
560.1365,391.0845,140.2429,62.8968
561.1884,391.5562,138.1393,61.9534
561.1884,391.5562,138.1393,61.9534
561.8791,391.8660,136.7579,61.3338
561.8791,391.8660,136.7579,61.3338
561.8791,391.8660,136.7579,61.3338
561.8791,391.8660,136.7579,61.3338
561.1953,391.5593,138.1254,61.9472
555.2479,391.8690,136.7442,61.3277
554.5641,391.5624,138.1116,61.9410
555.2547,391.8721,136.7305,61.3216
555.9384,392.1787,135.3632,60.7083
555.9384,392.1787,135.3632,60.7083
556.9536,392.6340,133.3328,59.7977
556.9536,392.6340,133.3328,59.7977
555.9536,392.1855,135.3327,60.6947
555.9536,392.1855,135.3327,60.6947
556.9686,392.6407,133.3028,59.7843
555.9688,392.1924,135.3023,60.6810
555.9688,392.1924,135.3023,60.6810
555.6306,392.0406,135.9788,60.9844
555.9705,392.1931,135.2989,60.6795
555.9705,392.1931,135.2989,60.6795
555.9705,392.1931,135.2989,60.6795
555.2940,391.8897,136.6519,61.2863
562.8530,392.3494,134.6021,60.3670
562.5165,392.1985,135.2751,60.6688
562.5165,392.1985,135.2751,60.6688
561.5019,391.7434,137.3043,61.5789
562.1884,392.0513,135.9312,60.9631
561.8486,391.8989,136.6109,61.2679
561.8486,391.8989,136.6109,61.2679
560.8240,391.4394,138.6600,62.1869
560.1307,391.1285,140.0466,62.8088
559.7806,390.9714,140.7469,63.1228
559.7806,390.9714,140.7469,63.1228
559.4287,390.8136,141.4506,63.4385
566.9338,391.1308,140.0361,62.8041
566.5837,390.9738,140.7363,63.1181
567.2874,391.2894,139.3289,62.4869
568.3324,391.7581,137.2390,61.5496
568.3324,391.7581,137.2390,61.5496
568.3324,391.7581,137.2390,61.5496
567.3031,391.2964,139.2976,62.4729
573.7507,391.1403,139.9941,62.7852
574.4507,391.4542,138.5941,62.1574
575.4901,391.9204,136.5152,61.2250
575.4901,391.9204,136.5152,61.2250
582.1171,391.9204,136.5152,61.2250
582.7996,392.2265,135.1501,60.6128
582.7996,392.2265,135.1501,60.6128
582.1239,391.9234,136.5016,61.2189
589.6746,392.3826,134.4540,60.3006
589.0023,392.0811,135.7986,60.9036
587.9838,391.6243,137.8356,61.8172
587.2946,391.3152,139.2139,62.4353
586.5985,391.0030,140.6060,63.0597
594.3762,391.4760,138.4970,62.1138
593.6838,391.1654,139.8819,62.7349
592.9843,390.8517,141.2807,63.3623
600.4805,391.1685,139.8679,62.7287
601.5295,391.6390,137.7699,61.7877
601.5295,391.6390,137.7699,61.7877
609.1503,392.1024,135.7034,60.8609
608.1325,391.6460,137.7389,61.7738
607.0995,391.1826,139.8050,62.7004
607.0995,391.1826,139.8050,62.7004
612.9394,397.6009,141.9021,63.6409
614.0037,398.0782,139.7735,62.6863
614.0037,398.0782,139.7735,62.6863
619.8422,397.6080,141.8701,63.6266
619.4875,397.4489,142.5795,63.9447
618.4182,396.9694,144.7182,64.9039
626.4234,397.4561,142.5474,63.9304
626.0670,397.2963,143.2602,64.2500
624.9926,396.8144,145.4091,65.2138
632.0513,396.8144,145.4091,65.2138
631.6877,396.6514,146.1361,65.5398
631.3224,396.4875,146.8668,65.8675
639.1149,396.8169,145.3981,65.2089
638.7514,396.6539,146.1251,65.5349
645.5150,396.4900,146.8557,65.8626
644.7807,396.1607,148.3243,66.5212
643.6683,395.6618,150.5492,67.5190
651.9960,396.1682,148.2909,66.5062
651.6252,396.0019,149.0324,66.8388
659.8691,396.5032,146.7969,65.8362
660.2361,396.6678,146.0629,65.5070
660.2361,396.6678,146.0629,65.5070
667.3265,396.6678,146.0629,65.5070
667.3265,396.6678,146.0629,65.5070
666.5962,396.3403,147.5235,66.1621
673.0915,396.0095,148.9988,66.8237
671.9740,395.5083,151.2337,67.8260
679.6569,395.6779,150.4776,67.4869
678.5283,395.1717,152.7347,68.4992
677.3828,394.6580,155.0258,69.5267
685.6082,395.0056,153.4755,68.8314
685.6082,395.0056,153.4755,68.8314
692.3655,394.6614,155.0103,69.5198
692.3655,394.6614,155.0103,69.5198
692.7531,394.8352,154.2352,69.1722
701.2847,395.3540,151.9217,68.1346
700.1453,394.8430,154.2005,69.1566
700.9163,395.1888,152.6585,68.4650
700.1530,394.8465,154.1851,69.1497
708.6818,395.3651,151.8723,68.1124
707.5428,394.8542,154.1504,69.1341
707.5428,394.8542,154.1504,69.1341
715.3737,395.0271,153.3797,68.7885
715.3737,395.0271,153.3797,68.7885
714.6069,394.6832,154.9135,69.4763
722.4766,394.8568,154.1389,69.1290
723.2473,395.2025,152.5975,68.4377
722.8658,395.0314,153.3605,68.7799
722.0990,394.6875,154.8941,69.4677
721.3245,394.3401,156.4430,70.1623
722.4979,394.8664,154.0964,69.1099
723.2683,395.2119,152.5554,68.4188
722.1241,394.6988,154.8438,69.4451
713.3334,394.1779,157.1664,70.4867
712.5475,393.8255,158.7381,71.1916
713.3412,394.1815,157.1507,70.4797
714.5199,394.7101,154.7934,69.4225
714.1329,394.5365,155.5674,69.7696
706.5811,394.5365,155.5674,69.7696
705.4144,394.0132,157.9009,70.8162
705.0196,393.8362,158.6904,71.1702
703.8294,393.3024,161.0708,72.2378
697.3358,393.8442,158.6547,71.1542
696.1459,393.3105,161.0345,72.2215
697.3536,393.8522,158.6190,71.1382
688.3485,393.3187,160.9983,72.2053
688.3485,393.3187,160.9983,72.2053
688.3485,393.3187,160.9983,72.2053
679.6499,392.9576,162.6083,72.9273
680.4630,393.3223,160.9822,72.1981
671.7652,392.9613,162.5920,72.9201
672.5782,393.3259,160.9661,72.1908
671.7734,392.9649,162.5757,72.9128
663.4354,392.7827,163.3886,73.2773
664.6608,393.3322,160.9378,72.1782
665.0632,393.5127,160.1331,71.8173
657.2897,393.5127,160.1331,71.8173
657.2897,393.5127,160.1331,71.8173
650.3947,393.8718,158.5318,71.0991
649.6021,393.5163,160.1171,71.8101
642.7076,393.8753,158.5159,71.0920
634.5779,393.6976,159.3085,71.4474
633.7814,393.3404,160.9016,72.1619
625.9706,393.3404,160.9016,72.1619
625.9706,393.3404,160.9016,72.1619
618.1599,393.3404,160.9016,72.1619
618.5621,393.5208,160.0971,71.8011
611.2296,393.7003,159.2966,71.4421
610.8313,393.5217,160.0931,71.7993
610.8313,393.5217,160.0931,71.7993
601.7426,392.9832,162.4945,72.8763
602.5550,393.3475,160.8695,72.1475
610.7274,393.5279,160.0652,71.7868
611.1275,393.7074,159.2649,71.4279
610.3312,393.3503,160.8575,72.1422
609.9290,393.1699,161.6618,72.5029
609.5248,392.9886,162.4701,72.8654
610.3372,393.3530,160.8454,72.1367
609.5330,392.9923,162.4539,72.8581
609.5330,392.9923,162.4539,72.8581
