1
536.5000,354.0000,97.0000,218.0000
536.5000,354.0000,97.0000,218.0000
536.5000,358.0000,97.0000,218.0000
536.5000,362.0000,97.0000,218.0000
536.5000,362.0000,97.0000,218.0000
536.5000,366.0000,97.0000,218.0000
536.5000,370.0000,97.0000,218.0000
536.5000,370.0000,97.0000,218.0000
536.5000,374.0000,97.0000,218.0000
536.5000,378.0000,97.0000,218.0000
532.5000,378.0000,97.0000,218.0000
532.5000,382.0000,97.0000,218.0000
532.5000,382.0000,97.0000,218.0000
532.5000,386.0000,97.0000,218.0000
532.5000,390.0000,97.0000,218.0000
532.5000,390.0000,97.0000,218.0000
532.5000,394.0000,97.0000,218.0000
532.5000,398.0000,97.0000,218.0000
532.5000,398.0000,97.0000,218.0000
532.5000,402.0000,97.0000,218.0000
532.5000,406.0000,97.0000,218.0000
532.5000,406.0000,97.0000,218.0000
532.5000,410.0000,97.0000,218.0000
532.5000,414.0000,97.0000,218.0000
532.5000,414.0000,97.0000,218.0000
532.5000,418.0000,97.0000,218.0000
532.5000,422.0000,97.0000,218.0000
532.5000,422.0000,97.0000,218.0000
532.5000,426.0000,97.0000,218.0000
532.5000,430.0000,97.0000,218.0000
528.5000,430.0000,97.0000,218.0000
528.5000,434.0000,97.0000,218.0000
528.5000,434.0000,97.0000,218.0000
528.5000,438.0000,97.0000,218.0000
528.5000,438.0000,97.0000,218.0000
528.5000,442.0000,97.0000,218.0000
528.5000,442.0000,97.0000,218.0000
528.5000,446.0000,97.0000,218.0000
528.5000,446.0000,97.0000,218.0000
528.5000,450.0000,97.0000,218.0000
528.5000,450.0000,97.0000,218.0000
528.5000,450.0000,97.0000,218.0000
528.5000,450.0000,97.0000,218.0000
528.5000,450.0000,97.0000,218.0000
528.5000,454.0000,97.0000,218.0000
528.5000,454.0000,97.0000,218.0000
528.5000,454.0000,97.0000,218.0000
528.5000,454.0000,97.0000,218.0000
524.5000,454.0000,97.0000,218.0000
524.5000,454.0000,97.0000,218.0000
524.5000,454.0000,97.0000,218.0000
524.5000,458.0000,97.0000,218.0000
524.5000,458.0000,97.0000,218.0000
524.5000,458.0000,97.0000,218.0000
524.5000,458.0000,97.0000,218.0000
524.5000,458.0000,97.0000,218.0000
524.5000,458.0000,97.0000,218.0000
524.5000,458.0000,97.0000,218.0000
524.5000,458.0000,97.0000,218.0000
524.5000,458.0000,97.0000,218.0000
524.5000,458.0000,97.0000,218.0000
524.5000,458.0000,97.0000,218.0000
524.5000,458.0000,97.0000,218.0000
524.5000,458.0000,97.0000,218.0000
524.5000,458.0000,97.0000,218.0000
520.5000,462.0000,97.0000,218.0000
520.5000,462.0000,97.0000,218.0000
520.5000,462.0000,97.0000,218.0000
520.5000,462.0000,97.0000,218.0000
520.5000,462.0000,97.0000,218.0000
520.5000,462.0000,97.0000,218.0000
520.5000,462.0000,97.0000,218.0000
520.5000,462.0000,97.0000,218.0000
520.5000,462.0000,97.0000,218.0000
520.5000,462.0000,97.0000,218.0000
520.5000,462.0000,97.0000,218.0000
520.5000,462.0000,97.0000,218.0000
520.5000,462.0000,97.0000,218.0000
516.5000,466.0000,97.0000,218.0000
520.5000,466.0000,97.0000,218.0000
520.5000,466.0000,97.0000,218.0000
520.5000,466.0000,97.0000,218.0000
520.5000,466.0000,97.0000,218.0000
520.5000,466.0000,97.0000,218.0000
520.5000,466.0000,97.0000,218.0000
520.5000,466.0000,97.0000,218.0000
520.5000,462.0000,97.0000,218.0000
520.5000,462.0000,97.0000,218.0000
520.5000,458.0000,97.0000,218.0000
520.5000,454.0000,97.0000,218.0000
520.5000,454.0000,97.0000,218.0000
520.5000,450.0000,97.0000,218.0000
520.5000,446.0000,97.0000,218.0000
520.5000,442.0000,97.0000,218.0000
520.5000,442.0000,97.0000,218.0000
520.5000,438.0000,97.0000,218.0000
520.5000,434.0000,97.0000,218.0000
520.5000,434.0000,97.0000,218.0000
520.5000,430.0000,97.0000,218.0000
520.5000,426.0000,97.0000,218.0000
520.5000,422.0000,97.0000,218.0000
520.5000,422.0000,97.0000,218.0000
520.5000,422.0000,97.0000,218.0000
520.5000,418.0000,97.0000,218.0000
520.5000,418.0000,97.0000,218.0000
520.5000,418.0000,97.0000,218.0000
520.5000,418.0000,97.0000,218.0000
520.5000,418.0000,97.0000,218.0000
520.5000,418.0000,97.0000,218.0000
520.5000,418.0000,97.0000,218.0000
520.5000,418.0000,97.0000,218.0000
520.5000,418.0000,97.0000,218.0000
520.5000,418.0000,97.0000,218.0000
520.5000,418.0000,97.0000,218.0000
520.5000,418.0000,97.0000,218.0000
520.5000,418.0000,97.0000,218.0000
520.5000,418.0000,97.0000,218.0000
520.5000,418.0000,97.0000,218.0000
520.5000,418.0000,97.0000,218.0000
520.5000,418.0000,97.0000,218.0000
520.5000,418.0000,97.0000,218.0000
520.5000,418.0000,97.0000,218.0000
524.5000,418.0000,97.0000,218.0000
524.5000,418.0000,97.0000,218.0000
524.5000,418.0000,97.0000,218.0000
524.5000,418.0000,97.0000,218.0000
524.5000,418.0000,97.0000,218.0000
524.5000,418.0000,97.0000,218.0000
524.5000,418.0000,97.0000,218.0000
524.5000,418.0000,97.0000,218.0000
524.5000,418.0000,97.0000,218.0000
524.5000,418.0000,97.0000,218.0000
524.5000,418.0000,97.0000,218.0000
524.5000,418.0000,97.0000,218.0000
524.5000,418.0000,97.0000,218.0000
524.5000,418.0000,97.0000,218.0000
528.5000,418.0000,97.0000,218.0000
528.5000,418.0000,97.0000,218.0000
528.5000,414.0000,97.0000,218.0000
528.5000,414.0000,97.0000,218.0000
528.5000,414.0000,97.0000,218.0000
528.5000,414.0000,97.0000,218.0000
528.5000,414.0000,97.0000,218.0000
528.5000,414.0000,97.0000,218.0000
528.5000,414.0000,97.0000,218.0000
528.5000,414.0000,97.0000,218.0000
528.5000,414.0000,97.0000,218.0000
528.5000,414.0000,97.0000,218.0000
532.5000,414.0000,97.0000,218.0000
532.5000,414.0000,97.0000,218.0000
532.5000,414.0000,97.0000,218.0000
532.5000,414.0000,97.0000,218.0000
532.5000,414.0000,97.0000,218.0000
532.5000,414.0000,97.0000,218.0000
532.5000,410.0000,97.0000,218.0000
532.5000,410.0000,97.0000,218.0000
532.5000,410.0000,97.0000,218.0000
536.5000,406.0000,97.0000,218.0000
536.5000,406.0000,97.0000,218.0000
536.5000,406.0000,97.0000,218.0000
536.5000,406.0000,97.0000,218.0000
536.5000,406.0000,97.0000,218.0000
536.5000,406.0000,97.0000,218.0000
536.5000,406.0000,97.0000,218.0000
536.5000,406.0000,97.0000,218.0000
536.5000,406.0000,97.0000,218.0000
540.5000,406.0000,97.0000,218.0000
540.5000,406.0000,97.0000,218.0000
540.5000,406.0000,97.0000,218.0000
540.5000,406.0000,97.0000,218.0000
540.5000,406.0000,97.0000,218.0000
540.5000,406.0000,97.0000,218.0000
540.5000,406.0000,97.0000,218.0000
540.5000,406.0000,97.0000,218.0000
540.5000,406.0000,97.0000,218.0000
544.5000,406.0000,97.0000,218.0000
544.5000,406.0000,97.0000,218.0000
544.5000,406.0000,97.0000,218.0000
544.5000,406.0000,97.0000,218.0000
544.5000,406.0000,97.0000,218.0000
544.5000,406.0000,97.0000,218.0000
544.5000,410.0000,97.0000,218.0000
548.5000,410.0000,97.0000,218.0000
548.5000,410.0000,97.0000,218.0000
548.5000,410.0000,97.0000,218.0000
548.5000,410.0000,97.0000,218.0000
548.5000,410.0000,97.0000,218.0000
548.5000,410.0000,97.0000,218.0000
552.5000,410.0000,97.0000,218.0000
552.5000,410.0000,97.0000,218.0000
552.5000,410.0000,97.0000,218.0000
552.5000,410.0000,97.0000,218.0000
552.5000,410.0000,97.0000,218.0000
556.5000,406.0000,97.0000,218.0000
556.5000,410.0000,97.0000,218.0000
556.5000,406.0000,97.0000,218.0000
556.5000,406.0000,97.0000,218.0000
556.5000,406.0000,97.0000,218.0000
556.5000,406.0000,97.0000,218.0000
560.5000,406.0000,97.0000,218.0000
560.5000,406.0000,97.0000,218.0000
560.5000,406.0000,97.0000,218.0000
560.5000,406.0000,97.0000,218.0000
564.5000,406.0000,97.0000,218.0000
564.5000,406.0000,97.0000,218.0000
564.5000,406.0000,97.0000,218.0000
564.5000,406.0000,97.0000,218.0000
564.5000,406.0000,97.0000,218.0000
564.5000,406.0000,97.0000,218.0000
564.5000,406.0000,97.0000,218.0000
568.5000,406.0000,97.0000,218.0000
568.5000,406.0000,97.0000,218.0000
568.5000,406.0000,97.0000,218.0000
568.5000,406.0000,97.0000,218.0000
568.5000,402.0000,97.0000,218.0000
568.5000,402.0000,97.0000,218.0000
572.5000,402.0000,97.0000,218.0000
572.5000,402.0000,97.0000,218.0000
572.5000,402.0000,97.0000,218.0000
572.5000,402.0000,97.0000,218.0000
572.5000,402.0000,97.0000,218.0000
572.5000,402.0000,97.0000,218.0000
572.5000,402.0000,97.0000,218.0000
576.5000,402.0000,97.0000,218.0000
576.5000,402.0000,97.0000,218.0000
576.5000,402.0000,97.0000,218.0000
576.5000,402.0000,97.0000,218.0000
576.5000,402.0000,97.0000,218.0000
576.5000,398.0000,97.0000,218.0000
580.5000,398.0000,97.0000,218.0000
580.5000,398.0000,97.0000,218.0000
580.5000,398.0000,97.0000,218.0000
580.5000,398.0000,97.0000,218.0000
580.5000,398.0000,97.0000,218.0000
580.5000,398.0000,97.0000,218.0000
584.5000,398.0000,97.0000,218.0000
584.5000,398.0000,97.0000,218.0000
584.5000,398.0000,97.0000,218.0000
584.5000,398.0000,97.0000,218.0000
584.5000,398.0000,97.0000,218.0000
584.5000,398.0000,97.0000,218.0000
588.5000,398.0000,97.0000,218.0000
588.5000,394.0000,97.0000,218.0000
588.5000,394.0000,97.0000,218.0000
588.5000,394.0000,97.0000,218.0000
588.5000,394.0000,97.0000,218.0000
588.5000,394.0000,97.0000,218.0000
592.5000,394.0000,97.0000,218.0000
592.5000,394.0000,97.0000,218.0000
592.5000,394.0000,97.0000,218.0000
592.5000,394.0000,97.0000,218.0000
592.5000,394.0000,97.0000,218.0000
596.5000,394.0000,97.0000,218.0000
596.5000,394.0000,97.0000,218.0000
596.5000,394.0000,97.0000,218.0000
596.5000,394.0000,97.0000,218.0000
600.5000,394.0000,97.0000,218.0000
600.5000,394.0000,97.0000,218.0000
600.5000,394.0000,97.0000,218.0000
600.5000,390.0000,97.0000,218.0000
600.5000,390.0000,97.0000,218.0000
600.5000,390.0000,97.0000,218.0000
604.5000,390.0000,97.0000,218.0000
604.5000,390.0000,97.0000,218.0000
604.5000,390.0000,97.0000,218.0000
604.5000,390.0000,97.0000,218.0000
604.5000,390.0000,97.0000,218.0000
608.5000,390.0000,97.0000,218.0000
608.5000,390.0000,97.0000,218.0000
608.5000,386.0000,97.0000,218.0000
608.5000,386.0000,97.0000,218.0000
608.5000,386.0000,97.0000,218.0000
612.5000,386.0000,97.0000,218.0000
612.5000,386.0000,97.0000,218.0000
612.5000,386.0000,97.0000,218.0000
612.5000,386.0000,97.0000,218.0000
612.5000,386.0000,97.0000,218.0000
616.5000,386.0000,97.0000,218.0000
616.5000,386.0000,97.0000,218.0000
616.5000,386.0000,97.0000,218.0000
616.5000,386.0000,97.0000,218.0000
616.5000,386.0000,97.0000,218.0000
620.5000,386.0000,97.0000,218.0000
620.5000,386.0000,97.0000,218.0000
620.5000,386.0000,97.0000,218.0000
620.5000,386.0000,97.0000,218.0000
624.5000,386.0000,97.0000,218.0000
624.5000,386.0000,97.0000,218.0000
624.5000,386.0000,97.0000,218.0000
624.5000,386.0000,97.0000,218.0000
628.5000,386.0000,97.0000,218.0000
628.5000,386.0000,97.0000,218.0000
628.5000,386.0000,97.0000,218.0000
628.5000,386.0000,97.0000,218.0000
628.5000,386.0000,97.0000,218.0000
632.5000,386.0000,97.0000,218.0000
632.5000,386.0000,97.0000,218.0000
632.5000,390.0000,97.0000,218.0000
632.5000,390.0000,97.0000,218.0000
632.5000,390.0000,97.0000,218.0000
636.5000,390.0000,97.0000,218.0000
636.5000,390.0000,97.0000,218.0000
636.5000,390.0000,97.0000,218.0000
640.5000,394.0000,97.0000,218.0000
640.5000,394.0000,97.0000,218.0000
640.5000,394.0000,97.0000,218.0000
640.5000,394.0000,97.0000,218.0000
640.5000,398.0000,97.0000,218.0000
644.5000,398.0000,97.0000,218.0000
644.5000,398.0000,97.0000,218.0000
644.5000,398.0000,97.0000,218.0000
644.5000,402.0000,97.0000,218.0000
648.5000,402.0000,97.0000,218.0000
648.5000,402.0000,97.0000,218.0000
648.5000,402.0000,97.0000,218.0000
648.5000,402.0000,97.0000,218.0000
652.5000,402.0000,97.0000,218.0000
652.5000,406.0000,97.0000,218.0000
652.5000,406.0000,97.0000,218.0000
652.5000,406.0000,97.0000,218.0000
656.5000,406.0000,97.0000,218.0000
656.5000,406.0000,97.0000,218.0000
656.5000,406.0000,97.0000,218.0000
656.5000,406.0000,97.0000,218.0000
660.5000,406.0000,97.0000,218.0000
660.5000,406.0000,97.0000,218.0000
660.5000,406.0000,97.0000,218.0000
660.5000,406.0000,97.0000,218.0000
664.5000,406.0000,97.0000,218.0000
664.5000,406.0000,97.0000,218.0000
664.5000,406.0000,97.0000,218.0000
664.5000,406.0000,97.0000,218.0000
668.5000,406.0000,97.0000,218.0000
668.5000,406.0000,97.0000,218.0000
668.5000,402.0000,97.0000,218.0000
668.5000,402.0000,97.0000,218.0000
668.5000,402.0000,97.0000,218.0000
672.5000,402.0000,97.0000,218.0000
672.5000,402.0000,97.0000,218.0000
672.5000,402.0000,97.0000,218.0000
672.5000,402.0000,97.0000,218.0000
676.5000,402.0000,97.0000,218.0000
676.5000,398.0000,97.0000,218.0000
676.5000,398.0000,97.0000,218.0000
676.5000,398.0000,97.0000,218.0000
676.5000,398.0000,97.0000,218.0000
680.5000,398.0000,97.0000,218.0000
680.5000,398.0000,97.0000,218.0000
680.5000,398.0000,97.0000,218.0000
680.5000,394.0000,97.0000,218.0000
680.5000,394.0000,97.0000,218.0000
684.5000,394.0000,97.0000,218.0000
684.5000,394.0000,97.0000,218.0000
684.5000,394.0000,97.0000,218.0000
684.5000,394.0000,97.0000,218.0000
684.5000,394.0000,97.0000,218.0000
684.5000,394.0000,97.0000,218.0000
688.5000,394.0000,97.0000,218.0000
688.5000,390.0000,97.0000,218.0000
688.5000,390.0000,97.0000,218.0000
688.5000,390.0000,97.0000,218.0000
688.5000,390.0000,97.0000,218.0000
688.5000,390.0000,97.0000,218.0000
688.5000,386.0000,97.0000,218.0000
688.5000,386.0000,97.0000,218.0000
692.5000,386.0000,97.0000,218.0000
692.5000,386.0000,97.0000,218.0000
692.5000,386.0000,97.0000,218.0000
692.5000,386.0000,97.0000,218.0000
692.5000,382.0000,97.0000,218.0000
692.5000,382.0000,97.0000,218.0000
692.5000,382.0000,97.0000,218.0000
692.5000,382.0000,97.0000,218.0000
696.5000,378.0000,97.0000,218.0000
696.5000,378.0000,97.0000,218.0000
696.5000,378.0000,97.0000,218.0000
696.5000,378.0000,97.0000,218.0000
696.5000,378.0000,97.0000,218.0000
696.5000,374.0000,97.0000,218.0000
696.5000,374.0000,97.0000,218.0000
696.5000,374.0000,97.0000,218.0000
696.5000,370.0000,97.0000,218.0000
696.5000,370.0000,97.0000,218.0000
696.5000,370.0000,97.0000,218.0000
696.5000,370.0000,97.0000,218.0000
696.5000,366.0000,97.0000,218.0000
700.5000,366.0000,97.0000,218.0000
700.5000,366.0000,97.0000,218.0000
700.5000,362.0000,97.0000,218.0000
700.5000,362.0000,97.0000,218.0000
700.5000,362.0000,97.0000,218.0000
700.5000,362.0000,97.0000,218.0000
700.5000,358.0000,97.0000,218.0000
700.5000,358.0000,97.0000,218.0000
700.5000,358.0000,97.0000,218.0000
700.5000,354.0000,97.0000,218.0000
700.5000,354.0000,97.0000,218.0000
700.5000,354.0000,97.0000,218.0000
700.5000,350.0000,97.0000,218.0000
700.5000,350.0000,97.0000,218.0000
700.5000,346.0000,97.0000,218.0000
700.5000,346.0000,97.0000,218.0000
700.5000,346.0000,97.0000,218.0000
700.5000,342.0000,97.0000,218.0000
700.5000,342.0000,97.0000,218.0000
700.5000,338.0000,97.0000,218.0000
700.5000,338.0000,97.0000,218.0000
700.5000,338.0000,97.0000,218.0000
700.5000,334.0000,97.0000,218.0000
700.5000,334.0000,97.0000,218.0000
700.5000,330.0000,97.0000,218.0000
700.5000,330.0000,97.0000,218.0000
700.5000,326.0000,97.0000,218.0000
700.5000,326.0000,97.0000,218.0000
700.5000,322.0000,97.0000,218.0000
700.5000,322.0000,97.0000,218.0000
700.5000,318.0000,97.0000,218.0000
700.5000,318.0000,97.0000,218.0000
704.5000,314.0000,97.0000,218.0000
704.5000,314.0000,97.0000,218.0000
704.5000,310.0000,97.0000,218.0000
704.5000,310.0000,97.0000,218.0000
704.5000,306.0000,97.0000,218.0000
700.5000,306.0000,97.0000,218.0000
700.5000,302.0000,97.0000,218.0000
700.5000,302.0000,97.0000,218.0000
700.5000,298.0000,97.0000,218.0000
700.5000,298.0000,97.0000,218.0000
700.5000,294.0000,97.0000,218.0000
700.5000,294.0000,97.0000,218.0000
700.5000,290.0000,97.0000,218.0000
700.5000,290.0000,97.0000,218.0000
700.5000,286.0000,97.0000,218.0000
700.5000,286.0000,97.0000,218.0000
700.5000,282.0000,97.0000,218.0000
700.5000,282.0000,97.0000,218.0000
700.5000,278.0000,97.0000,218.0000
700.5000,278.0000,97.0000,218.0000
700.5000,274.0000,97.0000,218.0000
700.5000,270.0000,97.0000,218.0000
700.5000,270.0000,97.0000,218.0000
700.5000,266.0000,97.0000,218.0000
700.5000,266.0000,97.0000,218.0000
700.5000,262.0000,97.0000,218.0000
700.5000,262.0000,97.0000,218.0000
700.5000,258.0000,97.0000,218.0000
700.5000,258.0000,97.0000,218.0000
696.5000,258.0000,97.0000,218.0000
696.5000,254.0000,97.0000,218.0000
696.5000,254.0000,97.0000,218.0000
696.5000,254.0000,97.0000,218.0000
696.5000,254.0000,97.0000,218.0000
696.5000,250.0000,97.0000,218.0000
696.5000,250.0000,97.0000,218.0000
696.5000,250.0000,97.0000,218.0000
696.5000,250.0000,97.0000,218.0000
696.5000,250.0000,97.0000,218.0000
696.5000,250.0000,97.0000,218.0000
696.5000,250.0000,97.0000,218.0000
696.5000,250.0000,97.0000,218.0000
696.5000,250.0000,97.0000,218.0000
692.5000,246.0000,97.0000,218.0000
692.5000,250.0000,97.0000,218.0000
692.5000,250.0000,97.0000,218.0000
692.5000,250.0000,97.0000,218.0000
692.5000,250.0000,97.0000,218.0000
692.5000,250.0000,97.0000,218.0000
692.5000,254.0000,97.0000,218.0000
692.5000,254.0000,97.0000,218.0000
688.5000,254.0000,97.0000,218.0000
688.5000,254.0000,97.0000,218.0000
688.5000,258.0000,97.0000,218.0000
688.5000,258.0000,97.0000,218.0000
688.5000,258.0000,97.0000,218.0000
688.5000,258.0000,97.0000,218.0000
688.5000,262.0000,97.0000,218.0000
688.5000,262.0000,97.0000,218.0000
688.5000,262.0000,97.0000,218.0000
688.5000,262.0000,97.0000,218.0000
684.5000,266.0000,97.0000,218.0000
684.5000,266.0000,97.0000,218.0000
684.5000,266.0000,97.0000,218.0000
684.5000,266.0000,97.0000,218.0000
684.5000,266.0000,97.0000,218.0000
684.5000,266.0000,97.0000,218.0000
684.5000,266.0000,97.0000,218.0000
684.5000,266.0000,97.0000,218.0000
684.5000,266.0000,97.0000,218.0000
680.5000,266.0000,97.0000,218.0000
680.5000,266.0000,97.0000,218.0000
680.5000,266.0000,97.0000,218.0000
680.5000,266.0000,97.0000,218.0000
680.5000,270.0000,97.0000,218.0000
680.5000,266.0000,97.0000,218.0000
680.5000,270.0000,97.0000,218.0000
680.5000,270.0000,97.0000,218.0000
680.5000,270.0000,97.0000,218.0000
680.5000,270.0000,97.0000,218.0000
676.5000,270.0000,97.0000,218.0000
676.5000,270.0000,97.0000,218.0000
676.5000,270.0000,97.0000,218.0000
676.5000,270.0000,97.0000,218.0000
676.5000,270.0000,97.0000,218.0000
676.5000,270.0000,97.0000,218.0000
676.5000,270.0000,97.0000,218.0000
676.5000,274.0000,97.0000,218.0000
672.5000,274.0000,97.0000,218.0000
672.5000,274.0000,97.0000,218.0000
672.5000,274.0000,97.0000,218.0000
672.5000,274.0000,97.0000,218.0000
672.5000,278.0000,97.0000,218.0000
672.5000,278.0000,97.0000,218.0000
672.5000,282.0000,97.0000,218.0000
672.5000,282.0000,97.0000,218.0000
672.5000,286.0000,97.0000,218.0000
668.5000,286.0000,97.0000,218.0000
668.5000,286.0000,97.0000,218.0000
668.5000,290.0000,97.0000,218.0000
668.5000,290.0000,97.0000,218.0000
668.5000,294.0000,97.0000,218.0000
668.5000,294.0000,97.0000,218.0000
668.5000,298.0000,97.0000,218.0000
668.5000,298.0000,97.0000,218.0000
664.5000,302.0000,97.0000,218.0000
664.5000,302.0000,97.0000,218.0000
664.5000,306.0000,97.0000,218.0000
664.5000,306.0000,97.0000,218.0000
664.5000,310.0000,97.0000,218.0000
664.5000,310.0000,97.0000,218.0000
664.5000,314.0000,97.0000,218.0000
664.5000,314.0000,97.0000,218.0000
664.5000,318.0000,97.0000,218.0000
660.5000,318.0000,97.0000,218.0000
660.5000,322.0000,97.0000,218.0000
660.5000,322.0000,97.0000,218.0000
660.5000,326.0000,97.0000,218.0000
660.5000,326.0000,97.0000,218.0000
660.5000,326.0000,97.0000,218.0000
660.5000,330.0000,97.0000,218.0000
660.5000,330.0000,97.0000,218.0000
656.5000,334.0000,97.0000,218.0000
656.5000,334.0000,97.0000,218.0000
656.5000,338.0000,97.0000,218.0000
656.5000,338.0000,97.0000,218.0000
656.5000,342.0000,97.0000,218.0000
656.5000,342.0000,97.0000,218.0000
656.5000,342.0000,97.0000,218.0000
656.5000,346.0000,97.0000,218.0000
656.5000,346.0000,97.0000,218.0000
656.5000,350.0000,97.0000,218.0000
656.5000,350.0000,97.0000,218.0000
652.5000,350.0000,97.0000,218.0000
652.5000,354.0000,97.0000,218.0000
652.5000,358.0000,97.0000,218.0000
652.5000,358.0000,97.0000,218.0000
652.5000,362.0000,97.0000,218.0000
652.5000,362.0000,97.0000,218.0000
652.5000,366.0000,97.0000,218.0000
652.5000,366.0000,97.0000,218.0000
652.5000,370.0000,97.0000,218.0000
652.5000,374.0000,97.0000,218.0000
652.5000,374.0000,97.0000,218.0000
652.5000,378.0000,97.0000,218.0000
648.5000,378.0000,97.0000,218.0000
648.5000,382.0000,97.0000,218.0000
648.5000,382.0000,97.0000,218.0000
648.5000,386.0000,97.0000,218.0000
648.5000,386.0000,97.0000,218.0000
648.5000,390.0000,97.0000,218.0000
648.5000,390.0000,97.0000,218.0000
648.5000,394.0000,97.0000,218.0000
648.5000,394.0000,97.0000,218.0000
648.5000,394.0000,97.0000,218.0000
644.5000,398.0000,97.0000,218.0000
644.5000,398.0000,97.0000,218.0000
644.5000,402.0000,97.0000,218.0000
644.5000,402.0000,97.0000,218.0000
644.5000,406.0000,97.0000,218.0000
644.5000,406.0000,97.0000,218.0000
644.5000,410.0000,97.0000,218.0000
644.5000,410.0000,97.0000,218.0000
644.5000,414.0000,97.0000,218.0000
644.5000,414.0000,97.0000,218.0000
644.5000,418.0000,97.0000,218.0000
644.5000,418.0000,97.0000,218.0000
644.5000,422.0000,97.0000,218.0000
640.5000,422.0000,97.0000,218.0000
640.5000,426.0000,97.0000,218.0000
640.5000,426.0000,97.0000,218.0000
640.5000,426.0000,97.0000,218.0000
640.5000,430.0000,97.0000,218.0000
640.5000,434.0000,97.0000,218.0000
640.5000,434.0000,97.0000,218.0000
640.5000,434.0000,97.0000,218.0000
640.5000,438.0000,97.0000,218.0000
640.5000,442.0000,97.0000,218.0000
640.5000,442.0000,97.0000,218.0000
640.5000,442.0000,97.0000,218.0000
636.5000,446.0000,97.0000,218.0000
636.5000,450.0000,97.0000,218.0000
636.5000,450.0000,97.0000,218.0000
636.5000,454.0000,97.0000,218.0000
636.5000,454.0000,97.0000,218.0000
636.5000,458.0000,97.0000,218.0000
636.5000,462.0000,97.0000,218.0000
636.5000,462.0000,97.0000,218.0000
636.5000,466.0000,97.0000,218.0000
636.5000,470.0000,97.0000,218.0000
636.5000,470.0000,97.0000,218.0000
636.5000,474.0000,97.0000,218.0000
636.5000,474.0000,97.0000,218.0000
636.5000,478.0000,97.0000,218.0000
636.5000,482.0000,97.0000,218.0000
636.5000,486.0000,97.0000,218.0000
636.5000,486.0000,97.0000,218.0000
636.5000,490.0000,97.0000,218.0000
636.5000,490.0000,97.0000,218.0000
632.5000,494.0000,97.0000,218.0000
632.5000,498.0000,97.0000,218.0000
632.5000,498.0000,97.0000,218.0000
632.5000,498.0000,97.0000,218.0000
632.5000,502.0000,97.0000,218.0000
632.5000,506.0000,97.0000,218.0000
632.5000,510.0000,97.0000,218.0000
632.5000,510.0000,97.0000,218.0000
632.5000,510.0000,97.0000,218.0000
632.5000,514.0000,97.0000,218.0000
632.5000,514.0000,97.0000,218.0000
632.5000,514.0000,97.0000,218.0000
632.5000,514.0000,97.0000,218.0000
632.5000,514.0000,97.0000,218.0000
632.5000,518.0000,97.0000,218.0000
632.5000,514.0000,97.0000,218.0000
632.5000,514.0000,97.0000,218.0000
632.5000,514.0000,97.0000,218.0000
632.5000,514.0000,97.0000,218.0000
632.5000,514.0000,97.0000,218.0000
632.5000,514.0000,97.0000,218.0000
632.5000,514.0000,97.0000,218.0000
628.5000,514.0000,97.0000,218.0000
628.5000,514.0000,97.0000,218.0000
628.5000,514.0000,97.0000,218.0000
628.5000,510.0000,97.0000,218.0000
628.5000,510.0000,97.0000,218.0000
628.5000,510.0000,97.0000,218.0000
628.5000,506.0000,97.0000,218.0000
628.5000,506.0000,97.0000,218.0000
628.5000,506.0000,97.0000,218.0000
628.5000,502.0000,97.0000,218.0000
628.5000,502.0000,97.0000,218.0000
628.5000,502.0000,97.0000,218.0000
628.5000,502.0000,97.0000,218.0000
628.5000,498.0000,97.0000,218.0000
624.5000,498.0000,97.0000,218.0000
624.5000,498.0000,97.0000,218.0000
624.5000,494.0000,97.0000,218.0000
624.5000,494.0000,97.0000,218.0000
624.5000,494.0000,97.0000,218.0000
624.5000,494.0000,97.0000,218.0000
624.5000,490.0000,97.0000,218.0000
624.5000,490.0000,97.0000,218.0000
624.5000,490.0000,97.0000,218.0000
624.5000,490.0000,97.0000,218.0000
624.5000,486.0000,97.0000,218.0000
624.5000,486.0000,97.0000,218.0000
624.5000,486.0000,97.0000,218.0000
624.5000,486.0000,97.0000,218.0000
624.5000,486.0000,97.0000,218.0000
624.5000,482.0000,97.0000,218.0000
624.5000,482.0000,97.0000,218.0000
624.5000,482.0000,97.0000,218.0000
624.5000,482.0000,97.0000,218.0000
624.5000,478.0000,97.0000,218.0000
624.5000,478.0000,97.0000,218.0000
624.5000,478.0000,97.0000,218.0000
624.5000,478.0000,97.0000,218.0000
620.5000,474.0000,97.0000,218.0000
620.5000,474.0000,97.0000,218.0000
620.5000,474.0000,97.0000,218.0000
620.5000,470.0000,97.0000,218.0000
620.5000,470.0000,97.0000,218.0000
620.5000,470.0000,97.0000,218.0000
620.5000,470.0000,97.0000,218.0000
620.5000,466.0000,97.0000,218.0000
620.5000,466.0000,97.0000,218.0000
620.5000,466.0000,97.0000,218.0000
620.5000,466.0000,97.0000,218.0000
620.5000,466.0000,97.0000,218.0000
620.5000,462.0000,97.0000,218.0000
620.5000,462.0000,97.0000,218.0000
620.5000,462.0000,97.0000,218.0000
620.5000,462.0000,97.0000,218.0000
620.5000,458.0000,97.0000,218.0000
620.5000,458.0000,97.0000,218.0000
620.5000,458.0000,97.0000,218.0000
620.5000,458.0000,97.0000,218.0000
620.5000,454.0000,97.0000,218.0000
620.5000,454.0000,97.0000,218.0000
620.5000,454.0000,97.0000,218.0000
616.5000,454.0000,97.0000,218.0000
616.5000,454.0000,97.0000,218.0000
616.5000,450.0000,97.0000,218.0000
616.5000,450.0000,97.0000,218.0000
616.5000,450.0000,97.0000,218.0000
616.5000,450.0000,97.0000,218.0000
616.5000,450.0000,97.0000,218.0000
616.5000,446.0000,97.0000,218.0000
616.5000,446.0000,97.0000,218.0000
616.5000,446.0000,97.0000,218.0000
616.5000,446.0000,97.0000,218.0000
616.5000,442.0000,97.0000,218.0000
616.5000,446.0000,97.0000,218.0000
616.5000,442.0000,97.0000,218.0000
616.5000,442.0000,97.0000,218.0000
616.5000,442.0000,97.0000,218.0000
616.5000,442.0000,97.0000,218.0000
616.5000,438.0000,97.0000,218.0000
616.5000,438.0000,97.0000,218.0000
616.5000,438.0000,97.0000,218.0000
612.5000,438.0000,97.0000,218.0000
612.5000,438.0000,97.0000,218.0000
612.5000,434.0000,97.0000,218.0000
612.5000,434.0000,97.0000,218.0000
612.5000,434.0000,97.0000,218.0000
612.5000,434.0000,97.0000,218.0000
612.5000,434.0000,97.0000,218.0000
612.5000,430.0000,97.0000,218.0000
612.5000,430.0000,97.0000,218.0000
612.5000,430.0000,97.0000,218.0000
612.5000,430.0000,97.0000,218.0000
612.5000,430.0000,97.0000,218.0000
612.5000,430.0000,97.0000,218.0000
612.5000,426.0000,97.0000,218.0000
612.5000,426.0000,97.0000,218.0000
612.5000,426.0000,97.0000,218.0000
612.5000,426.0000,97.0000,218.0000
612.5000,426.0000,97.0000,218.0000
608.5000,426.0000,97.0000,218.0000
608.5000,426.0000,97.0000,218.0000
608.5000,426.0000,97.0000,218.0000
608.5000,426.0000,97.0000,218.0000
608.5000,426.0000,97.0000,218.0000
608.5000,426.0000,97.0000,218.0000
608.5000,422.0000,97.0000,218.0000
608.5000,422.0000,97.0000,218.0000
608.5000,422.0000,97.0000,218.0000
608.5000,422.0000,97.0000,218.0000
608.5000,422.0000,97.0000,218.0000
608.5000,422.0000,97.0000,218.0000
608.5000,422.0000,97.0000,218.0000
608.5000,422.0000,97.0000,218.0000
608.5000,422.0000,97.0000,218.0000
608.5000,422.0000,97.0000,218.0000
608.5000,422.0000,97.0000,218.0000
608.5000,422.0000,97.0000,218.0000
604.5000,418.0000,97.0000,218.0000
604.5000,418.0000,97.0000,218.0000
604.5000,422.0000,97.0000,218.0000
604.5000,418.0000,97.0000,218.0000
604.5000,418.0000,97.0000,218.0000
604.5000,418.0000,97.0000,218.0000
604.5000,418.0000,97.0000,218.0000
604.5000,418.0000,97.0000,218.0000
604.5000,418.0000,97.0000,218.0000
604.5000,418.0000,97.0000,218.0000
604.5000,418.0000,97.0000,218.0000
604.5000,418.0000,97.0000,218.0000
604.5000,418.0000,97.0000,218.0000
604.5000,418.0000,97.0000,218.0000
604.5000,418.0000,97.0000,218.0000
604.5000,418.0000,97.0000,218.0000
604.5000,418.0000,97.0000,218.0000
604.5000,418.0000,97.0000,218.0000
604.5000,418.0000,97.0000,218.0000
604.5000,418.0000,97.0000,218.0000
604.5000,418.0000,97.0000,218.0000
604.5000,418.0000,97.0000,218.0000
604.5000,418.0000,97.0000,218.0000
604.5000,418.0000,97.0000,218.0000
604.5000,418.0000,97.0000,218.0000
604.5000,418.0000,97.0000,218.0000
604.5000,418.0000,97.0000,218.0000
604.5000,418.0000,97.0000,218.0000
604.5000,418.0000,97.0000,218.0000
604.5000,418.0000,97.0000,218.0000
604.5000,418.0000,97.0000,218.0000
604.5000,418.0000,97.0000,218.0000
604.5000,418.0000,97.0000,218.0000
604.5000,418.0000,97.0000,218.0000
604.5000,418.0000,97.0000,218.0000
604.5000,418.0000,97.0000,218.0000
604.5000,418.0000,97.0000,218.0000
604.5000,418.0000,97.0000,218.0000
604.5000,418.0000,97.0000,218.0000
604.5000,418.0000,97.0000,218.0000
604.5000,418.0000,97.0000,218.0000
604.5000,418.0000,97.0000,218.0000
604.5000,418.0000,97.0000,218.0000
604.5000,418.0000,97.0000,218.0000
604.5000,418.0000,97.0000,218.0000
604.5000,418.0000,97.0000,218.0000
604.5000,418.0000,97.0000,218.0000
604.5000,418.0000,97.0000,218.0000
604.5000,418.0000,97.0000,218.0000
604.5000,418.0000,97.0000,218.0000
604.5000,418.0000,97.0000,218.0000
604.5000,418.0000,97.0000,218.0000
604.5000,418.0000,97.0000,218.0000
604.5000,418.0000,97.0000,218.0000
604.5000,418.0000,97.0000,218.0000
604.5000,418.0000,97.0000,218.0000
604.5000,418.0000,97.0000,218.0000
604.5000,418.0000,97.0000,218.0000
604.5000,418.0000,97.0000,218.0000
604.5000,418.0000,97.0000,218.0000
604.5000,418.0000,97.0000,218.0000
604.5000,418.0000,97.0000,218.0000
604.5000,418.0000,97.0000,218.0000
604.5000,418.0000,97.0000,218.0000
604.5000,418.0000,97.0000,218.0000
604.5000,418.0000,97.0000,218.0000
604.5000,418.0000,97.0000,218.0000
604.5000,418.0000,97.0000,218.0000
604.5000,418.0000,97.0000,218.0000
604.5000,418.0000,97.0000,218.0000
604.5000,418.0000,97.0000,218.0000
604.5000,418.0000,97.0000,218.0000
604.5000,418.0000,97.0000,218.0000
604.5000,418.0000,97.0000,218.0000
604.5000,418.0000,97.0000,218.0000
604.5000,418.0000,97.0000,218.0000
604.5000,418.0000,97.0000,218.0000
604.5000,418.0000,97.0000,218.0000
604.5000,418.0000,97.0000,218.0000
604.5000,418.0000,97.0000,218.0000
604.5000,422.0000,97.0000,218.0000
604.5000,422.0000,97.0000,218.0000
604.5000,422.0000,97.0000,218.0000
604.5000,422.0000,97.0000,218.0000
604.5000,422.0000,97.0000,218.0000
604.5000,422.0000,97.0000,218.0000
604.5000,422.0000,97.0000,218.0000
604.5000,422.0000,97.0000,218.0000
604.5000,422.0000,97.0000,218.0000
604.5000,422.0000,97.0000,218.0000
604.5000,422.0000,97.0000,218.0000
604.5000,422.0000,97.0000,218.0000
604.5000,422.0000,97.0000,218.0000
604.5000,422.0000,97.0000,218.0000
604.5000,422.0000,97.0000,218.0000
604.5000,422.0000,97.0000,218.0000
604.5000,422.0000,97.0000,218.0000
604.5000,422.0000,97.0000,218.0000
604.5000,422.0000,97.0000,218.0000
604.5000,422.0000,97.0000,218.0000
604.5000,422.0000,97.0000,218.0000
604.5000,422.0000,97.0000,218.0000
604.5000,422.0000,97.0000,218.0000
604.5000,422.0000,97.0000,218.0000
604.5000,422.0000,97.0000,218.0000
604.5000,422.0000,97.0000,218.0000
604.5000,422.0000,97.0000,218.0000
604.5000,422.0000,97.0000,218.0000
604.5000,422.0000,97.0000,218.0000
604.5000,422.0000,97.0000,218.0000
604.5000,422.0000,97.0000,218.0000
604.5000,422.0000,97.0000,218.0000
604.5000,422.0000,97.0000,218.0000
604.5000,422.0000,97.0000,218.0000
604.5000,422.0000,97.0000,218.0000
604.5000,422.0000,97.0000,218.0000
604.5000,422.0000,97.0000,218.0000
604.5000,422.0000,97.0000,218.0000
604.5000,422.0000,97.0000,218.0000
604.5000,422.0000,97.0000,218.0000
604.5000,422.0000,97.0000,218.0000
604.5000,422.0000,97.0000,218.0000
604.5000,422.0000,97.0000,218.0000
604.5000,422.0000,97.0000,218.0000
604.5000,422.0000,97.0000,218.0000
604.5000,422.0000,97.0000,218.0000
604.5000,422.0000,97.0000,218.0000
604.5000,422.0000,97.0000,218.0000
604.5000,422.0000,97.0000,218.0000
604.5000,422.0000,97.0000,218.0000
604.5000,422.0000,97.0000,218.0000
604.5000,422.0000,97.0000,218.0000
604.5000,422.0000,97.0000,218.0000
604.5000,422.0000,97.0000,218.0000
604.5000,422.0000,97.0000,218.0000
604.5000,422.0000,97.0000,218.0000
604.5000,422.0000,97.0000,218.0000
604.5000,418.0000,97.0000,218.0000
604.5000,418.0000,97.0000,218.0000
604.5000,422.0000,97.0000,218.0000
604.5000,418.0000,97.0000,218.0000
604.5000,418.0000,97.0000,218.0000
604.5000,418.0000,97.0000,218.0000
604.5000,418.0000,97.0000,218.0000
604.5000,418.0000,97.0000,218.0000
604.5000,418.0000,97.0000,218.0000
604.5000,418.0000,97.0000,218.0000
604.5000,418.0000,97.0000,218.0000
604.5000,418.0000,97.0000,218.0000
604.5000,418.0000,97.0000,218.0000
604.5000,418.0000,97.0000,218.0000
604.5000,418.0000,97.0000,218.0000
604.5000,418.0000,97.0000,218.0000
604.5000,418.0000,97.0000,218.0000
604.5000,418.0000,97.0000,218.0000
604.5000,418.0000,97.0000,218.0000
604.5000,418.0000,97.0000,218.0000
604.5000,418.0000,97.0000,218.0000
604.5000,418.0000,97.0000,218.0000
604.5000,418.0000,97.0000,218.0000
604.5000,418.0000,97.0000,218.0000
604.5000,418.0000,97.0000,218.0000
604.5000,418.0000,97.0000,218.0000
604.5000,418.0000,97.0000,218.0000
604.5000,422.0000,97.0000,218.0000
604.5000,422.0000,97.0000,218.0000
604.5000,422.0000,97.0000,218.0000
604.5000,422.0000,97.0000,218.0000
604.5000,422.0000,97.0000,218.0000
604.5000,422.0000,97.0000,218.0000
604.5000,422.0000,97.0000,218.0000
604.5000,422.0000,97.0000,218.0000
604.5000,422.0000,97.0000,218.0000
604.5000,422.0000,97.0000,218.0000
604.5000,422.0000,97.0000,218.0000
604.5000,422.0000,97.0000,218.0000
604.5000,422.0000,97.0000,218.0000
604.5000,422.0000,97.0000,218.0000
604.5000,422.0000,97.0000,218.0000
604.5000,422.0000,97.0000,218.0000
604.5000,422.0000,97.0000,218.0000
604.5000,422.0000,97.0000,218.0000
604.5000,422.0000,97.0000,218.0000
604.5000,422.0000,97.0000,218.0000
604.5000,422.0000,97.0000,218.0000
604.5000,422.0000,97.0000,218.0000
604.5000,418.0000,97.0000,218.0000
604.5000,418.0000,97.0000,218.0000
604.5000,418.0000,97.0000,218.0000
604.5000,418.0000,97.0000,218.0000
600.5000,418.0000,97.0000,218.0000
600.5000,418.0000,97.0000,218.0000
600.5000,418.0000,97.0000,218.0000
600.5000,418.0000,97.0000,218.0000
600.5000,418.0000,97.0000,218.0000
600.5000,418.0000,97.0000,218.0000
600.5000,418.0000,97.0000,218.0000
600.5000,418.0000,97.0000,218.0000
600.5000,418.0000,97.0000,218.0000
600.5000,414.0000,97.0000,218.0000
600.5000,414.0000,97.0000,218.0000
600.5000,414.0000,97.0000,218.0000
600.5000,414.0000,97.0000,218.0000
600.5000,414.0000,97.0000,218.0000
600.5000,414.0000,97.0000,218.0000
600.5000,414.0000,97.0000,218.0000
600.5000,414.0000,97.0000,218.0000
600.5000,414.0000,97.0000,218.0000
600.5000,414.0000,97.0000,218.0000
600.5000,414.0000,97.0000,218.0000
600.5000,414.0000,97.0000,218.0000
596.5000,414.0000,97.0000,218.0000
596.5000,414.0000,97.0000,218.0000
596.5000,414.0000,97.0000,218.0000
596.5000,414.0000,97.0000,218.0000
596.5000,414.0000,97.0000,218.0000
596.5000,414.0000,97.0000,218.0000
596.5000,414.0000,97.0000,218.0000
596.5000,414.0000,97.0000,218.0000
596.5000,414.0000,97.0000,218.0000
596.5000,414.0000,97.0000,218.0000
596.5000,414.0000,97.0000,218.0000
596.5000,414.0000,97.0000,218.0000
596.5000,414.0000,97.0000,218.0000
596.5000,414.0000,97.0000,218.0000
596.5000,414.0000,97.0000,218.0000
596.5000,414.0000,97.0000,218.0000
596.5000,414.0000,97.0000,218.0000
596.5000,414.0000,97.0000,218.0000
596.5000,410.0000,97.0000,218.0000
596.5000,410.0000,97.0000,218.0000
596.5000,410.0000,97.0000,218.0000
596.5000,410.0000,97.0000,218.0000
596.5000,410.0000,97.0000,218.0000
596.5000,410.0000,97.0000,218.0000
596.5000,410.0000,97.0000,218.0000
596.5000,410.0000,97.0000,218.0000
596.5000,410.0000,97.0000,218.0000
596.5000,410.0000,97.0000,218.0000
592.5000,410.0000,97.0000,218.0000
592.5000,410.0000,97.0000,218.0000
592.5000,410.0000,97.0000,218.0000
592.5000,410.0000,97.0000,218.0000
592.5000,410.0000,97.0000,218.0000
592.5000,410.0000,97.0000,218.0000
592.5000,410.0000,97.0000,218.0000
592.5000,410.0000,97.0000,218.0000
592.5000,410.0000,97.0000,218.0000
592.5000,410.0000,97.0000,218.0000
592.5000,410.0000,97.0000,218.0000
592.5000,410.0000,97.0000,218.0000
592.5000,410.0000,97.0000,218.0000
592.5000,410.0000,97.0000,218.0000
592.5000,410.0000,97.0000,218.0000
592.5000,410.0000,97.0000,218.0000
592.5000,410.0000,97.0000,218.0000
592.5000,410.0000,97.0000,218.0000
592.5000,410.0000,97.0000,218.0000
592.5000,410.0000,97.0000,218.0000
592.5000,410.0000,97.0000,218.0000
592.5000,410.0000,97.0000,218.0000
592.5000,410.0000,97.0000,218.0000
592.5000,410.0000,97.0000,218.0000
592.5000,410.0000,97.0000,218.0000
592.5000,410.0000,97.0000,218.0000
592.5000,410.0000,97.0000,218.0000
592.5000,410.0000,97.0000,218.0000
592.5000,410.0000,97.0000,218.0000
592.5000,410.0000,97.0000,218.0000
592.5000,410.0000,97.0000,218.0000
592.5000,410.0000,97.0000,218.0000
592.5000,410.0000,97.0000,218.0000
592.5000,410.0000,97.0000,218.0000
592.5000,410.0000,97.0000,218.0000
588.5000,406.0000,97.0000,218.0000
588.5000,406.0000,97.0000,218.0000
588.5000,406.0000,97.0000,218.0000
588.5000,406.0000,97.0000,218.0000
588.5000,406.0000,97.0000,218.0000
588.5000,406.0000,97.0000,218.0000
588.5000,406.0000,97.0000,218.0000
588.5000,406.0000,97.0000,218.0000
588.5000,406.0000,97.0000,218.0000
588.5000,406.0000,97.0000,218.0000
588.5000,406.0000,97.0000,218.0000
588.5000,406.0000,97.0000,218.0000
588.5000,406.0000,97.0000,218.0000
588.5000,406.0000,97.0000,218.0000
588.5000,406.0000,97.0000,218.0000
588.5000,406.0000,97.0000,218.0000
588.5000,406.0000,97.0000,218.0000
588.5000,402.0000,97.0000,218.0000
588.5000,402.0000,97.0000,218.0000
588.5000,402.0000,97.0000,218.0000
588.5000,402.0000,97.0000,218.0000
588.5000,402.0000,97.0000,218.0000
588.5000,402.0000,97.0000,218.0000
588.5000,398.0000,97.0000,218.0000
588.5000,398.0000,97.0000,218.0000
588.5000,398.0000,97.0000,218.0000
588.5000,398.0000,97.0000,218.0000
584.5000,394.0000,97.0000,218.0000
584.5000,394.0000,97.0000,218.0000
584.5000,394.0000,97.0000,218.0000
584.5000,394.0000,97.0000,218.0000
584.5000,394.0000,97.0000,218.0000
584.5000,394.0000,97.0000,218.0000
584.5000,394.0000,97.0000,218.0000
584.5000,394.0000,97.0000,218.0000
584.5000,394.0000,97.0000,218.0000
584.5000,394.0000,97.0000,218.0000
584.5000,394.0000,97.0000,218.0000
584.5000,394.0000,97.0000,218.0000
584.5000,394.0000,97.0000,218.0000
584.5000,394.0000,97.0000,218.0000
584.5000,394.0000,97.0000,218.0000
584.5000,394.0000,97.0000,218.0000
584.5000,394.0000,97.0000,218.0000
584.5000,394.0000,97.0000,218.0000
584.5000,394.0000,97.0000,218.0000
584.5000,394.0000,97.0000,218.0000
584.5000,394.0000,97.0000,218.0000
584.5000,390.0000,97.0000,218.0000
584.5000,390.0000,97.0000,218.0000
584.5000,390.0000,97.0000,218.0000
584.5000,390.0000,97.0000,218.0000
584.5000,390.0000,97.0000,218.0000
584.5000,390.0000,97.0000,218.0000
584.5000,390.0000,97.0000,218.0000
584.5000,390.0000,97.0000,218.0000
584.5000,390.0000,97.0000,218.0000
584.5000,390.0000,97.0000,218.0000
584.5000,386.0000,97.0000,218.0000
584.5000,386.0000,97.0000,218.0000
584.5000,386.0000,97.0000,218.0000
584.5000,386.0000,97.0000,218.0000
584.5000,386.0000,97.0000,218.0000
584.5000,386.0000,97.0000,218.0000
580.5000,386.0000,97.0000,218.0000
580.5000,386.0000,97.0000,218.0000
580.5000,386.0000,97.0000,218.0000
580.5000,386.0000,97.0000,218.0000
580.5000,386.0000,97.0000,218.0000
580.5000,382.0000,97.0000,218.0000
580.5000,382.0000,97.0000,218.0000
580.5000,386.0000,97.0000,218.0000
580.5000,382.0000,97.0000,218.0000
580.5000,382.0000,97.0000,218.0000
580.5000,382.0000,97.0000,218.0000
580.5000,382.0000,97.0000,218.0000
580.5000,382.0000,97.0000,218.0000
580.5000,382.0000,97.0000,218.0000
580.5000,382.0000,97.0000,218.0000
580.5000,382.0000,97.0000,218.0000
580.5000,382.0000,97.0000,218.0000
580.5000,382.0000,97.0000,218.0000
580.5000,382.0000,97.0000,218.0000
580.5000,382.0000,97.0000,218.0000
580.5000,382.0000,97.0000,218.0000
580.5000,382.0000,97.0000,218.0000
580.5000,382.0000,97.0000,218.0000
580.5000,382.0000,97.0000,218.0000
580.5000,382.0000,97.0000,218.0000
580.5000,382.0000,97.0000,218.0000
580.5000,382.0000,97.0000,218.0000
580.5000,382.0000,97.0000,218.0000
580.5000,382.0000,97.0000,218.0000
580.5000,382.0000,97.0000,218.0000
580.5000,382.0000,97.0000,218.0000
580.5000,382.0000,97.0000,218.0000
580.5000,382.0000,97.0000,218.0000
580.5000,382.0000,97.0000,218.0000
580.5000,382.0000,97.0000,218.0000
580.5000,382.0000,97.0000,218.0000
576.5000,378.0000,97.0000,218.0000
576.5000,378.0000,97.0000,218.0000
576.5000,378.0000,97.0000,218.0000
576.5000,378.0000,97.0000,218.0000
576.5000,378.0000,97.0000,218.0000
576.5000,378.0000,97.0000,218.0000
576.5000,378.0000,97.0000,218.0000
576.5000,378.0000,97.0000,218.0000
576.5000,378.0000,97.0000,218.0000
576.5000,378.0000,97.0000,218.0000
576.5000,378.0000,97.0000,218.0000
576.5000,378.0000,97.0000,218.0000
576.5000,378.0000,97.0000,218.0000
576.5000,378.0000,97.0000,218.0000
576.5000,378.0000,97.0000,218.0000
576.5000,378.0000,97.0000,218.0000
576.5000,378.0000,97.0000,218.0000
