1
526.9910,311.9515,15.0180,81.0971
526.9722,311.8496,15.0557,81.3007
526.9414,311.6837,15.1172,81.6326
526.9377,311.6635,15.1246,81.6730
526.9336,311.6416,15.1328,81.7169
525.9323,311.6345,15.1354,81.7310
525.9238,311.5886,15.1524,81.8229
524.9238,311.5886,15.1524,81.8228
524.9053,311.4887,15.1894,82.0225
524.8868,312.3887,15.2264,82.2226
524.8729,312.3135,15.2543,82.3730
525.8491,313.1850,15.3019,82.6300
525.8470,313.1736,15.3061,82.6527
525.8572,313.2290,15.2855,82.5419
525.8671,313.2826,15.2657,82.4348
525.8953,313.4345,15.2094,82.1310
525.9364,313.6567,15.1272,81.6866
524.9682,313.8283,15.0636,81.3433
524.9703,312.8397,15.0594,81.3206
524.0094,313.0509,14.9811,80.8982
523.0494,313.2669,14.9011,80.4662
522.0800,313.4317,14.8401,80.1365
521.0849,313.4586,14.8302,80.0828
520.0894,313.4825,14.8213,80.0349
520.0938,313.5067,14.8124,79.9867
519.0885,313.4778,14.8230,80.0444
517.0850,313.4591,14.8300,80.0818
516.1064,313.5749,14.7871,79.8502
516.1157,313.6249,14.7685,79.7501
515.1627,313.8783,14.6747,79.2434
514.1980,315.0692,14.6040,78.8616
513.1956,315.0565,14.6087,78.8870
512.1893,315.0221,14.6214,78.9557
511.1720,314.9286,14.6561,79.1428
511.1365,314.7373,14.7269,79.5254
510.1206,314.6511,14.7589,79.6978
509.0842,314.4547,14.8316,80.0905
509.0808,314.4362,14.8384,80.1275
508.0719,314.3885,14.8561,80.2230
508.0533,314.2876,14.8935,80.4248
507.0288,314.1558,14.9423,80.6884
506.0057,314.0309,14.9886,80.9383
504.9972,313.9848,15.0056,81.0305
504.0137,314.0740,14.9726,80.8520
503.0324,314.1750,14.9352,80.6500
503.0476,315.2569,14.9049,80.4862
503.0395,315.2132,14.9210,80.5736
503.0490,315.2648,14.9019,80.4703
503.0553,315.2988,14.8893,80.4023
504.0753,315.4063,14.8495,80.1873
504.0678,315.3664,14.8643,80.2673
504.0641,315.3463,14.8717,80.3073
504.0726,315.3918,14.8549,80.2163
504.0820,315.4427,14.8360,80.1146
504.0996,315.5381,14.8007,79.9238
504.1147,315.6195,14.7706,79.7610
503.1310,315.7072,14.7381,79.5856
502.1302,314.7032,14.7396,79.5936
502.1358,314.7331,14.7285,79.5338
502.1414,314.7636,14.7172,79.4728
502.1577,314.8516,14.6846,79.2969
501.1876,315.0128,14.6249,78.9745
501.1920,315.0371,14.6159,78.9258
500.2193,316.1843,14.5614,78.6314
500.1986,316.0727,14.6027,78.8547
500.1964,316.0603,14.6073,78.8794
500.2125,316.1477,14.5749,78.7046
500.2403,316.2975,14.5195,78.4050
500.2676,316.4450,14.4648,78.1101
499.2696,316.4559,14.4608,78.0882
499.2597,316.4024,14.4806,78.1953
499.2425,316.3092,14.5151,78.3816
498.2035,316.0990,14.5930,78.8020
498.1597,314.8626,14.6805,79.2748
498.1681,314.9077,14.6638,79.1845
498.1763,314.9518,14.6475,79.0963
497.1780,313.9611,14.6440,79.0778
496.2301,314.2427,14.5398,78.5147
496.2285,314.2339,14.5430,78.5321
496.2485,314.3419,14.5030,78.3161
496.2689,314.4519,14.4623,78.0962
497.3017,315.6292,14.3966,77.7416
497.2975,315.6064,14.4050,77.7871
497.2910,315.5711,14.4181,77.8578
498.2803,315.5136,14.4394,77.9727
499.2616,314.4125,14.4769,78.1750
500.2671,314.4424,14.4658,78.1152
500.2677,314.4458,14.4645,78.1084
500.2417,314.3051,14.5167,78.3899
501.1895,314.0233,14.6210,78.9535
501.1747,313.9437,14.6505,79.1126
501.1353,312.7305,14.7295,79.5391
501.1362,312.7356,14.7276,79.5289
502.1293,312.6982,14.7414,79.6036
502.1534,312.8282,14.6932,79.3435
502.1765,312.9532,14.6470,79.0937
502.1745,312.9422,14.6510,79.1156
502.1683,312.9089,14.6634,79.1821
502.1614,312.8716,14.6772,79.2569
502.1588,312.8572,14.6825,79.2856
503.1457,312.7870,14.7085,79.4261
503.1499,312.8093,14.7002,79.3813
503.1578,312.8520,14.6844,79.2960
504.1480,312.7994,14.7039,79.4011
504.1535,311.8291,14.6929,79.3417
504.1690,311.9125,14.6620,79.1750
504.1652,311.8918,14.6697,79.2163
504.1365,310.7374,14.7269,79.5253
504.1518,310.8197,14.6964,79.3605
504.1629,310.8799,14.6741,79.2403
504.1539,309.8309,14.6922,79.3381
504.1833,309.9897,14.6334,79.0205
504.2043,310.1030,14.5915,78.7940
505.2153,310.1624,14.5695,78.6751
505.2203,310.1894,14.5595,78.6212
506.2461,310.3289,14.5078,78.3421
507.2534,310.3687,14.4931,78.2627
507.2638,310.4244,14.4724,78.1511
508.2738,310.4783,14.4525,78.0434
509.2697,309.4564,14.4606,78.0873
510.2772,309.4967,14.4457,78.0067
512.2704,308.4603,14.4591,78.0794
513.2733,308.4754,14.4536,78.0492
514.2778,308.5002,14.4444,77.9995
515.2534,308.3680,14.4933,78.2640
516.2428,308.3111,14.5144,78.3778
517.2194,307.1845,14.5613,78.6309
518.2171,307.1723,14.5658,78.6555
519.2180,306.1769,14.5641,78.6461
520.2447,306.3212,14.5107,78.3577
521.2635,306.4228,14.4731,78.1545
521.2764,306.4926,14.4472,78.0149
522.2835,306.5308,14.4330,77.9384
523.2776,306.4988,14.4449,78.0023
523.2824,306.5250,14.4352,77.9500
524.2851,306.5394,14.4299,77.9212
525.2720,306.4691,14.4559,78.0618
526.2629,305.4197,14.4742,78.1605
527.2572,305.3888,14.4856,78.2225
527.2352,305.2698,14.5297,78.4603
528.1970,304.0640,14.6059,78.8720
529.2001,304.0806,14.5998,78.8387
529.1858,304.0033,14.6284,78.9935
530.1782,302.9624,14.6436,79.0753
530.1880,303.0150,14.6241,78.9700
531.2017,303.0894,14.5965,78.8212
532.1981,303.0699,14.6037,78.8602
532.2042,303.1028,14.5915,78.7943
533.2170,303.1718,14.5660,78.6565
534.2276,303.2289,14.5448,78.5421
535.2324,303.2551,14.5352,78.4898
536.2377,303.2838,14.5245,78.4325
538.2448,303.3221,14.5103,78.3558
539.2494,303.3468,14.5012,78.3063
540.2576,303.3910,14.4848,78.2181
541.2731,302.4745,14.4539,78.0511
542.2946,302.5907,14.4109,77.8187
542.3008,302.6241,14.3985,77.7519
543.2770,302.4957,14.4460,78.0087
544.2723,302.4705,14.4554,78.0590
544.2785,301.5040,14.4430,77.9920
545.2864,301.5467,14.4272,77.9066
546.3059,301.6520,14.3881,77.6960
547.3273,301.7677,14.3453,77.4645
547.3550,301.9171,14.2899,77.1657
548.3708,302.0024,14.2584,76.9952
548.4066,303.1956,14.1868,76.6087
549.4092,303.2095,14.1817,76.5810
550.4170,303.2518,14.1660,76.4964
550.4246,303.2929,14.1508,76.4141
551.4425,303.3894,14.1150,76.2211
552.4407,303.3801,14.1185,76.2399
552.4298,303.3211,14.1403,76.3578
553.4211,303.2741,14.1577,76.4517
554.4105,303.2168,14.1790,76.5664
554.4011,303.1658,14.1978,76.6684
555.3801,303.0524,14.2399,76.8952
556.3732,303.0155,14.2535,76.9690
556.3646,302.9691,14.2707,77.0619
557.3419,302.8463,14.3162,77.3074
557.3395,302.8334,14.3210,77.3332
558.3193,303.7242,14.3614,77.5516
559.3034,303.6384,14.3932,77.7232
560.3007,304.6240,14.3985,77.7521
561.2819,304.5222,14.4362,77.9555
562.2676,304.4451,14.4648,78.1099
563.2546,305.3752,14.4907,78.2497
564.2332,305.2589,14.5337,78.4822
565.2114,305.1412,14.5773,78.7176
567.2083,305.1247,14.5834,78.7506
568.2225,305.2014,14.5550,78.5972
569.2234,306.2063,14.5532,78.5874
570.1996,306.0782,14.6007,78.8436
571.1760,305.9502,14.6481,79.0995
572.1722,305.9297,14.6556,79.1405
573.1893,307.0220,14.6215,78.9561
574.2015,307.0884,14.5969,78.8231
574.2148,307.1601,14.5703,78.6798
575.2220,307.1988,14.5560,78.6023
576.2319,308.2521,14.5363,78.4959
576.2155,308.1637,14.5690,78.6727
577.2283,309.2332,14.5433,78.5337
578.2206,309.1914,14.5587,78.6172
579.2230,310.2042,14.5540,78.5917
579.2129,310.1497,14.5742,78.7006
580.2165,310.1689,14.5671,78.6622
581.2183,311.1791,14.5633,78.6419
582.2056,311.1104,14.5888,78.7793
583.2082,311.1241,14.5837,78.7518
584.2106,311.1373,14.5788,78.7253
585.2065,311.1150,14.5870,78.7700
586.2036,311.0991,14.5929,78.8019
586.2233,311.2057,14.5535,78.5887
587.2222,311.1998,14.5556,78.6005
588.2307,312.2454,14.5388,78.5093
589.2206,312.1915,14.5587,78.6171
590.2170,312.1718,14.5660,78.6564
591.1992,312.0754,14.6017,78.8492
592.1942,313.0484,14.6117,78.9032
593.1802,312.9734,14.6395,79.0532
594.1693,312.9142,14.6614,79.1717
596.1639,313.8850,14.6722,79.2299
597.1630,313.8803,14.6740,79.2394
598.1421,313.7672,14.7158,79.4655
600.1221,314.6592,14.7559,79.6816
601.1118,314.6035,14.7765,79.7929
603.0943,314.5093,14.8114,79.9815
604.0898,314.4852,14.8203,80.0296
605.0880,314.4750,14.8241,80.0499
606.0928,314.5010,14.8145,79.9980
607.0912,314.4923,14.8177,80.0154
608.0844,315.4554,14.8314,80.0893
609.0656,315.3539,14.8689,80.2923
610.0636,315.3434,14.8728,80.3132
611.0577,315.3117,14.8846,80.3766
611.0757,315.4086,14.8487,80.1828
611.1143,316.6168,14.7715,79.7663
610.1115,316.6019,14.7771,79.7963
609.1142,316.6168,14.7716,79.7664
608.1376,317.7428,14.7249,79.5143
607.1370,317.7397,14.7260,79.5205
604.1310,317.7074,14.7380,79.5852
602.1232,317.6650,14.7537,79.6700
600.1119,317.6045,14.7761,79.7910
597.0952,317.5138,14.8097,79.9724
595.0770,317.4161,14.8459,80.1679
591.0897,317.4846,14.8205,80.0307
589.1003,317.5414,14.7995,79.9171
587.0961,318.5188,14.8079,79.9625
585.0831,318.4484,14.8339,80.1031
583.0969,318.5234,14.8062,79.9532
581.1091,318.5891,14.7818,79.8217
579.1112,319.6004,14.7776,79.7992
578.1120,319.6049,14.7760,79.7902
577.1157,320.6249,14.7686,79.7502
577.1102,320.5948,14.7797,79.8104
577.1236,321.6674,14.7528,79.6652
577.1069,321.5774,14.7862,79.8453
577.0991,321.5349,14.8019,79.9302
578.0839,321.4531,14.8322,80.0938
579.0865,321.4671,14.8270,80.0658
580.0842,321.4547,14.8316,80.0907
582.0800,322.4316,14.8401,80.1367
583.0590,322.3183,14.8821,80.3634
584.0530,322.2861,14.8940,80.4279
585.0414,322.2239,14.9171,80.5522
586.0182,322.0986,14.9635,80.8029
587.0098,322.0529,14.9804,80.8943
587.9977,321.9874,15.0047,81.0251
589.9952,321.9744,15.0095,81.0512
590.0151,322.0813,14.9699,80.8373
592.0227,322.1227,14.9546,80.7546
593.0497,323.2685,14.9006,80.4630
594.0570,323.3079,14.8860,80.3842
595.0648,323.3500,14.8704,80.2999
596.0640,323.3455,14.8720,80.3091
597.0562,323.3034,14.8876,80.3932
599.0583,324.3151,14.8833,80.3698
599.0261,324.1411,14.9477,80.7178
600.9829,323.9076,15.0342,81.1847
601.9540,323.7516,15.0920,81.4969
602.9252,323.5961,15.1496,81.8078
603.8984,322.4517,15.2031,82.0967
603.8998,322.4592,15.2003,82.0816
605.8976,322.4472,15.2047,82.1056
605.9136,322.5338,15.1727,81.9324
607.9182,322.5581,15.1637,81.8837
608.9384,323.6672,15.1233,81.6656
609.9317,323.6312,15.1366,81.7376
610.9251,323.5956,15.1498,81.8089
611.9269,324.6054,15.1461,81.7892
613.9074,324.5002,15.1851,81.9997
614.9016,325.4688,15.1967,82.0623
615.8724,325.3107,15.2553,82.3787
617.8486,325.1826,15.3027,82.6348
618.8428,325.1512,15.3144,82.6977
620.8281,325.0718,15.3438,82.8563
621.8303,325.0838,15.3393,82.8323
622.8289,325.0757,15.3423,82.8485
623.8255,325.0576,15.3491,82.8849
624.8108,324.9782,15.3785,83.0436
625.7968,324.9028,15.4064,83.1944
626.7783,324.8026,15.4435,83.3947
627.7882,324.8563,15.4236,83.2875
628.7987,324.9129,15.4026,83.1741
629.8090,324.9684,15.3821,83.0632
630.8369,326.1194,15.3261,82.7612
631.8530,326.2061,15.2940,82.5878
632.8646,326.2685,15.2709,82.4629
633.8890,327.4008,15.2219,82.1983
634.9070,327.4982,15.1859,82.0037
635.9134,327.5324,15.1732,81.9352
637.9260,327.6003,15.1480,81.7994
638.9227,327.5828,15.1545,81.8344
639.9166,327.5493,15.1669,81.9013
640.9039,327.4810,15.1922,82.0379
641.9084,326.5055,15.1832,81.9890
642.9260,326.6007,15.1479,81.7986
643.9425,326.6894,15.1150,81.6211
644.9512,326.7364,15.0976,81.5273
645.9529,326.7457,15.0942,81.5087
646.9681,326.8276,15.0638,81.3447
647.9666,326.8193,15.0669,81.3614
648.9553,326.7588,15.0894,81.4825
649.9678,326.8264,15.0643,81.3471
650.9539,326.7508,15.0923,81.4985
652.9428,327.6911,15.1144,81.6179
654.9468,327.7128,15.1064,81.5744
655.9608,327.7884,15.0784,81.4233
657.9745,327.8622,15.0510,81.2756
658.9685,327.8300,15.0629,81.3399
659.9624,327.7970,15.0752,81.4061
660.9443,327.6992,15.1114,81.6015
661.9456,327.7065,15.1087,81.5871
662.9459,327.7079,15.1082,81.5841
663.9485,327.7218,15.1030,81.5563
664.9571,327.7684,15.0858,81.4632
665.9702,327.8390,15.0596,81.3220
666.9653,327.8129,15.0693,81.3742
667.9582,327.7741,15.0837,81.4519
668.9806,327.8953,15.0388,81.2095
669.9795,327.8893,15.0410,81.2214
670.9867,327.9281,15.0266,81.1438
671.9873,327.9314,15.0254,81.1373
672.9924,327.9592,15.0151,81.0816
674.0112,328.0606,14.9776,80.8789
675.0096,328.0521,14.9807,80.8959
675.9891,327.9413,15.0217,81.1173
676.9664,327.8182,15.0673,81.3635
677.9302,327.6232,15.1395,81.7535
678.8793,326.3485,15.2413,82.3030
679.8828,326.3673,15.2343,82.2654
680.8566,326.2254,15.2869,82.5492
681.8425,326.1495,15.3150,82.7010
683.8279,325.0709,15.3441,82.8581
684.8459,325.1678,15.3082,82.6644
685.8608,325.2484,15.2784,82.5033
686.8679,326.2866,15.2642,82.4268
687.8618,326.2538,15.2764,82.4925
689.8465,326.1710,15.3070,82.6581
690.8492,326.1860,15.3015,82.6279
693.8392,326.1316,15.3216,82.7368
694.8454,326.1650,15.3093,82.6700
695.8470,325.1736,15.3061,82.6528
696.8640,325.2654,15.2721,82.4692
697.8870,325.3899,15.2260,82.2202
698.8729,324.3134,15.2543,82.3733
699.8902,324.4072,15.2196,82.1857
700.8935,324.4249,15.2130,82.1502
701.8917,323.4148,15.2167,82.1703
702.9109,323.5189,15.1782,81.9622
704.9072,323.4988,15.1856,82.0023
705.9056,323.4904,15.1887,82.0192
706.9077,323.5013,15.1847,81.9973
707.9051,323.4876,15.1898,82.0248
708.9177,323.5555,15.1646,81.8891
710.9021,323.4713,15.1958,82.0573
711.9214,322.5754,15.1572,81.8491
712.9509,322.7348,15.0982,81.5304
713.9683,322.8286,15.0635,81.3428
714.9536,321.7492,15.0929,81.5017
716.9440,321.6974,15.1121,81.6053
717.9087,320.5070,15.1826,81.9860
718.8918,319.4160,15.2163,82.1681
719.8924,319.4190,15.2152,82.1621
720.8936,318.4256,15.2127,82.1487
721.9041,318.4819,15.1919,82.0362
723.9012,317.4668,15.1975,82.0665
724.9255,317.5977,15.1490,81.8045
725.9532,317.7477,15.0934,81.5046
726.9723,317.8502,15.0555,81.2996
727.9619,317.7939,15.0763,81.4122
729.9308,317.6267,15.1383,81.7466
731.8918,316.4161,15.2163,82.1678
732.9254,316.5970,15.1493,81.8061
734.9132,316.5312,15.1736,81.9375
735.8979,315.4488,15.2041,82.1024
737.9177,314.5557,15.1646,81.8887
738.9333,314.6400,15.1333,81.7200
739.9174,313.5541,15.1651,81.8917
740.9066,312.4956,15.1868,82.0087
741.9218,311.5773,15.1565,81.8453
742.9352,311.6502,15.1296,81.6996
743.9365,310.6573,15.1269,81.6855
744.9567,309.7659,15.0867,81.4682
746.0008,310.0044,14.9984,80.9912
748.0039,309.0211,14.9922,80.9578
749.0552,309.2981,14.8896,80.4038
750.0789,309.4258,14.8423,80.1483
750.0737,308.3983,14.8525,80.2034
752.0966,308.5215,14.8068,79.9569
753.1068,307.5763,14.7865,79.8473
754.1205,306.6505,14.7591,79.6989
755.1383,306.7469,14.7234,79.5062
756.1467,305.7921,14.7066,79.4158
757.1426,304.7703,14.7147,79.4594
758.1296,303.6996,14.7409,79.6008
759.1246,302.6730,14.7507,79.6540
761.1240,302.6697,14.7520,79.6606
762.0986,301.5322,14.8029,79.9356
763.0941,300.5080,14.8118,79.9840
765.1027,300.5545,14.7946,79.8910
766.1202,300.6491,14.7596,79.7019
767.1028,299.5549,14.7945,79.8901
768.1111,299.5997,14.7779,79.8006
770.0987,299.5329,14.8026,79.9343
772.0812,298.4385,14.8376,80.1229
774.0888,297.4796,14.8224,80.0407
776.1133,297.6117,14.7734,79.7765
777.1251,296.6757,14.7497,79.6486
779.1141,295.6165,14.7717,79.7671
780.0930,294.5024,14.8139,79.9953
782.0691,293.3732,14.8618,80.2536
783.0653,292.3525,14.8694,80.2949
784.0594,291.3211,14.8811,80.3578
785.0489,291.2640,14.9022,80.4721
788.0303,290.1639,14.9393,80.6722
789.0235,290.1268,14.9531,80.7465
790.0163,289.0881,14.9674,80.8237
792.0205,289.1107,14.9590,80.7787
793.0163,288.0879,14.9674,80.8242
796.0042,287.0224,14.9917,80.9551
798.0041,287.0221,14.9918,80.9559
799.0129,286.0699,14.9741,80.8602
802.0222,286.1200,14.9555,80.7599
803.0503,285.2715,14.8995,80.4571
806.0529,284.2854,14.8943,80.4292
807.0566,284.3058,14.8868,80.3885
810.0305,282.1648,14.9389,80.6703
812.0302,281.1631,14.9396,80.6739
814.0477,280.2577,14.9045,80.4846
816.0345,278.1864,14.9310,80.6271
818.0050,277.0271,14.9900,80.9458
820.0074,276.0399,14.9852,80.9203
822.0241,277.1303,14.9517,80.7394
823.0517,277.2791,14.8966,80.4419
826.0410,278.2216,14.9179,80.5567
827.0576,278.3109,14.8849,80.3783
828.0552,277.2979,14.8897,80.4043
829.0585,277.3159,14.8830,80.3682
830.9940,274.9677,15.0120,81.0646
832.9808,272.8963,15.0384,81.2074
834.9696,270.8360,15.0607,81.3280
835.9738,269.8585,15.0524,81.2830
837.9568,268.7669,15.0863,81.4661
838.9595,267.7815,15.0809,81.4371
841.9520,267.7409,15.0959,81.5181
842.9878,267.9342,15.0244,81.1316
844.0288,268.1554,14.9424,80.6892
845.0861,269.4649,14.8278,80.0701
846.1234,269.6664,14.7532,79.6671
848.1160,268.6262,14.7681,79.7477
850.0995,267.5374,14.8009,79.9251
851.0670,265.3621,14.8659,80.2759
853.0580,263.3135,14.8839,80.3729
854.0520,262.2808,14.8960,80.4385
856.0387,260.2090,14.9226,80.5820
857.0602,260.3249,14.8797,80.3502
858.0748,260.4041,14.8503,80.1917
860.0945,260.5101,14.8111,79.9797
861.1390,261.7507,14.7220,79.4986
862.1808,261.9764,14.6384,79.0472
863.2133,262.1516,14.5735,78.6969
864.2459,262.3280,14.5081,78.3440
865.2542,261.3724,14.4917,78.2551
866.2797,259.5104,14.4406,77.9792
867.2993,257.6165,14.4013,77.7671
868.3137,256.6939,14.3726,77.6123
869.3335,254.8009,14.3330,77.3981
870.3577,254.9315,14.2846,77.1370
870.3673,253.9836,14.2654,77.0329
871.3837,255.0717,14.2327,76.8567
2
0
0
0
0
0
2
0
0
0
0
0
2
0
0
0
0
0
2
0
0
0
0
0
2
0
0
0
0
0
2
0
0
0
0
0
2
0
0
0
0
0
2
0
0
0
0
0
2
0
0
0
0
0
2
0
0
0
0
0
2
0
0
0
0
0
2
0
0
0
0
0
2
0
0
0
0
0
2
0
0
0
0
0
2
0
0
0
0
0
2
0
0
0
0
0
2
0
0
0
0
0
2
0
0
0
0
0
2
0
0
0
0
0
2
0
0
0
0
0
2
0
0
0
0
0
2
0
0
0
0
0
2
0
0
0
0
0
2
0
0
0
0
0
2
0
0
0
0
0
2
0
0
0
0
0
2
0
0
0
0
0
2
0
0
0
0
0
2
0
0
0
0
0
2
0
0
0
0
0
2
0
0
0
0
0
2
0
0
0
0
0
2
0
0
0
0
0
2
0
0
0
0
0
2
0
0
0
0
0
2
0
0
0
0
0
2
0
0
0
0
0
2
0
0
0
0
0
2
0
0
0
0
0
2
0
0
0
0
0
2
0
0
0
0
0
2
0
0
0
0
0
2
0
0
0
0
0
2
0
0
0
0
0
2
0
0
0
0
0
2
0
0
0
0
0
2
0
0
0
0
0
2
0
0
0
0
0
2
0
0
0
0
0
2
0
0
0
0
0
2
0
0
0
0
0
2
0
0
0
0
0
2
0
0
0
0
0
2
0
0
0
0
0
2
0
0
0
0
0
2
0
0
0
0
0
2
0
0
0
0
0
2
0
0
0
0
0
2
0
0
0
0
0
2
0
0
0
0
0
2
0
0
0
0
0
2
0
0
0
0
0
2
0
0
0
0
0
2
0
0
0
0
0
2
0
0
0
0
0
2
0
0
0
0
0
2
0
0
0
0
0
2
0
0
0
0
0
2
0
0
0
0
0
2
0
0
0
0
0
2
0
0
0
0
0
2
0
0
0
0
0
2
0
0
0
0
0
2
0
0
0
0
0
2
0
0
0
0
0
2
0
0
0
0
0
2
0
0
0
0
0
2
0
0
0
0
0
2
0
0
0
0
0
2
0
0
0
0
0
2
0
0
0
0
0
2
0
0
0
0
0
2
0
0
0
0
0
2
0
0
0
0
0
2
0
0
0
0
0
2
0
0
0
0
0
2
0
0
0
0
0
2
0
0
0
0
0
2
0
0
0
0
0
2
0
0
0
0
0
2
0
0
0
0
0
2
0
0
0
0
0
2
0
0
0
0
0
2
0
0
0
0
0
2
0
0
0
0
0
2
0
0
0
0
0
2
0
0
0
0
0
2
0
0
0
0
0
2
0
0
0
0
0
2
0
0
0
0
0
2
0
0
0
0
0
2
0
0
0
0
0
2
0
0
0
0
0
2
0
0
0
0
0
2
0
0
0
0
0
2
0
0
0
0
0
2
0
0
0
0
0
2
0
0
0
0
0
2
0
0
0
0
0
2
0
0
0
0
0
2
0
0
0
0
0
