1
537.0000,350.0000,97.0000,218.0000
537.0000,358.0165,97.0000,218.0000
537.0000,358.0165,97.0000,218.0000
536.7575,357.4715,97.4850,219.0900
536.0264,364.0058,98.9473,222.3763
536.0264,364.0058,98.9473,222.3763
536.0264,364.0058,98.9473,222.3763
536.0264,372.1833,98.9473,222.3763
535.7790,371.6273,99.4420,223.4882
536.5248,373.3035,97.9504,220.1359
537.0146,382.4183,96.9709,217.9346
537.0146,382.4183,96.9709,217.9346
537.0146,382.4183,96.9709,217.9346
537.2570,390.9372,96.4860,216.8449
537.7394,392.0214,95.5212,214.6764
538.2170,393.0948,94.5659,212.5297
538.9263,402.3869,93.1475,209.3417
538.2277,400.8168,94.5447,212.4818
538.2277,400.8168,94.5447,212.4818
529.8632,407.6462,95.4901,214.6067
529.1470,406.0366,96.9225,217.8258
529.1470,406.0366,96.9225,217.8258
529.1470,414.0468,96.9225,217.8258
529.1470,414.0468,96.9225,217.8258
529.3893,414.5913,96.4379,216.7366
528.6660,412.9658,97.8844,219.9877
529.1555,422.0745,96.9056,217.7878
529.1555,422.0745,96.9056,217.7878
529.1555,422.0745,96.9056,217.7878
529.1555,430.0832,96.9056,217.7878
529.1555,430.0832,96.9056,217.7878
529.1555,430.0832,96.9056,217.7878
529.1555,438.0919,96.9056,217.7878
529.1555,438.0919,96.9056,217.7878
529.1555,438.0919,96.9056,217.7878
529.1555,438.0919,96.9056,217.7878
529.1555,446.1006,96.9056,217.7878
529.1555,446.1006,96.9056,217.7878
529.1555,446.1006,96.9056,217.7878
529.1555,446.1006,96.9056,217.7878
528.4286,452.5961,98.3592,221.0546
528.1828,452.0434,98.8510,222.1599
528.1828,452.0434,98.8510,222.1599
528.1828,452.0434,98.8510,222.1599
528.1828,452.0434,98.8510,222.1599
528.1828,452.0434,98.8510,222.1599
528.1828,452.0434,98.8510,222.1599
528.1828,452.0434,98.8510,222.1599
528.1828,452.0434,98.8510,222.1599
527.9357,451.4880,99.3452,223.2707
527.9357,451.4880,99.3452,223.2707
527.9357,451.4880,99.3452,223.2707
528.6807,453.1626,97.8550,219.9216
529.1700,454.2622,96.8765,217.7224
521.1637,454.2622,96.8765,217.7224
521.1637,454.2622,96.8765,217.7224
520.9215,461.7642,97.3609,218.8110
520.1913,460.1231,98.8213,222.0932
519.4501,458.4575,100.3036,225.4246
519.4501,458.4575,100.3036,225.4246
518.6979,456.7668,101.8082,228.8060
519.4614,458.4828,100.2810,225.3739
518.7093,456.7925,101.7852,228.7545
518.7093,456.7925,101.7852,228.7545
518.7093,456.7925,101.7852,228.7545
518.7093,456.7925,101.7852,228.7545
519.4727,458.5081,100.2585,225.3232
519.4727,458.5081,100.2585,225.3232
519.4727,458.5081,100.2585,225.3232
519.4727,458.5081,100.2585,225.3232
520.2246,460.1981,98.7546,221.9433
520.2246,460.1981,98.7546,221.9433
519.7308,459.0884,99.7421,224.1628
520.2296,460.2092,98.7447,221.9211
519.4890,458.5448,100.2259,225.2499
519.4890,458.5448,100.2259,225.2499
519.4890,458.5448,100.2259,225.2499
519.4890,458.5448,100.2259,225.2499
519.4890,458.5448,100.2259,225.2499
519.9901,459.6710,99.2236,222.9974
519.7421,459.1135,99.7197,224.1124
519.4927,458.5533,100.2183,225.2330
519.9938,459.6794,99.2162,222.9807
519.4977,458.5645,100.2083,225.2105
518.9967,457.4384,101.2104,227.4626
519.7558,459.1444,99.6923,224.0506
519.7558,459.1444,99.6923,224.0506
519.0081,457.4641,101.1876,227.4114
518.7551,456.8955,101.6936,228.5484
518.7551,448.4911,101.6936,228.5484
518.7551,448.4911,101.6936,228.5484
519.5178,450.2052,100.1682,225.1202
518.7666,440.1143,101.6707,228.4970
519.5291,441.8280,100.1456,225.0696
519.7795,434.1555,99.6449,223.9442
519.5304,433.5957,100.1431,225.0639
519.5304,433.5957,100.1431,225.0639
519.5304,425.3194,100.1431,225.0639
519.5304,425.3194,100.1431,225.0639
519.5304,425.3194,100.1431,225.0639
519.7807,417.6472,99.6424,223.9386
519.0334,415.9676,101.1371,227.2977
519.5391,417.1041,100.1257,225.0247
519.0385,415.9790,101.1269,227.2750
519.5441,417.1154,100.1157,225.0022
519.0435,415.9903,101.1168,227.2522
518.7907,415.4222,101.6224,228.3885
519.5529,417.1351,100.0981,224.9627
518.8022,415.4479,101.5995,228.3371
518.8022,415.4479,101.5995,228.3371
519.5641,417.1604,100.0756,224.9121
520.0645,418.2850,99.0748,222.6629
520.0645,418.2850,99.0748,222.6629
520.8076,419.9550,97.5887,219.3230
520.3196,418.8583,98.5646,221.5162
520.0732,418.3046,99.0574,222.6238
520.0732,418.3046,99.0574,222.6238
519.5779,417.1914,100.0480,224.8501
520.0782,418.3157,99.0475,222.6015
519.5829,417.2027,100.0379,224.8276
519.5829,417.2027,100.0379,224.8276
519.5829,417.2027,100.0379,224.8276
519.8331,417.7647,99.5378,223.7034
519.8331,417.7647,99.5378,223.7034
519.8331,417.7647,99.5378,223.7034
519.8331,417.7647,99.5378,223.7034
519.3354,416.6462,100.5331,225.9405
519.3354,416.6462,100.5331,225.9405
519.5867,417.2111,100.0305,224.8108
519.8368,417.7731,99.5303,223.6867
520.0856,418.3323,99.0327,222.5683
520.0856,418.3323,99.0327,222.5683
520.8284,420.0016,97.5472,219.2298
520.0967,418.3574,99.0104,222.5182
527.8662,417.2448,100.0005,224.7434
527.1162,415.5592,101.5005,228.1145
527.1162,407.1707,101.5005,228.1145
526.6087,406.0302,102.5155,230.3957
526.6087,406.0302,102.5155,230.3957
527.3776,407.7581,100.9778,226.9397
527.3776,407.7581,100.9778,226.9397
527.6300,408.3255,100.4729,225.8050
527.3788,407.7610,100.9753,226.9341
527.3788,407.7610,100.9753,226.9341
526.6215,406.0590,102.4899,230.3381
526.8777,406.6348,101.9774,229.1864
527.6426,408.3537,100.4478,225.7486
527.6426,408.3537,100.4478,225.7486
526.8892,406.6606,101.9545,229.1348
527.6539,408.3791,100.4252,225.6978
527.6539,408.3791,100.4252,225.6978
527.4028,407.8148,100.9273,226.8263
526.6458,406.1136,102.4412,230.2287
527.1580,407.2648,101.4168,227.9264
526.6509,406.1252,102.4310,230.2057
526.6509,406.1252,102.4310,230.2057
526.9070,406.7007,101.9188,229.0546
535.9681,400.1219,100.3900,225.6188
535.9681,400.1219,100.3900,225.6188
535.9681,400.1219,100.3900,225.6188
535.9681,400.1219,100.3900,225.6188
536.2191,400.6859,99.8881,224.4907
535.9694,400.1247,100.3875,225.6132
535.9694,400.1247,100.3875,225.6132
535.2165,398.4326,101.8933,228.9974
534.9617,397.8601,102.4028,230.1423
534.9617,397.8601,102.4028,230.1423
535.2178,398.4355,101.8908,228.9916
535.2178,398.4355,101.8908,228.9916
535.2178,398.4355,101.8908,228.9916
535.2178,398.4355,101.8908,228.9916
535.9819,400.1529,100.3624,225.5568
535.2292,398.4612,101.8679,228.9401
535.2292,398.4612,101.8679,228.9401
535.2292,398.4612,101.8679,228.9401
543.6480,398.4612,101.8679,228.9401
543.6480,398.4612,101.8679,228.9401
543.6480,398.4612,101.8679,228.9401
544.4120,400.1783,100.3398,225.5060
543.6595,398.4870,101.8449,228.8886
543.6595,398.4870,101.8449,228.8886
543.6595,398.4870,101.8449,228.8886
543.6595,398.4870,101.8449,228.8886
543.6595,406.9039,101.8449,228.8886
543.6595,406.9039,101.8449,228.8886
543.4049,406.3317,102.3542,230.0331
543.6608,406.9068,101.8424,228.8829
543.6608,406.9068,101.8424,228.8829
552.7151,400.3329,100.3147,225.4496
551.9627,398.6421,101.8195,228.8314
551.9627,398.6421,101.8195,228.8314
551.9627,398.6421,101.8195,228.8314
551.9627,398.6421,101.8195,228.8314
551.9627,398.6421,101.8195,228.8314
552.7264,400.3583,100.2922,225.3989
552.7264,400.3583,100.2922,225.3989
552.7264,400.3583,100.2922,225.3989
551.9742,398.6678,101.7966,228.7799
551.9742,398.6678,101.7966,228.7799
551.9742,398.6678,101.7966,228.7799
560.3871,398.6678,101.7966,228.7799
560.3871,398.6678,101.7966,228.7799
561.1506,400.3837,100.2696,225.3482
560.3986,398.6935,101.7737,228.7284
560.3986,398.6935,101.7737,228.7284
560.3986,398.6935,101.7737,228.7284
560.3986,398.6935,101.7737,228.7284
561.1619,400.4090,100.2470,225.2975
560.4100,398.7193,101.7508,228.6770
560.4100,398.7193,101.7508,228.6770
560.4100,398.7193,101.7508,228.6770
560.6644,399.2910,101.2420,227.5336
569.0315,399.2910,101.2420,227.5336
569.0315,399.2910,101.2420,227.5336
569.5377,400.4286,100.2296,225.2582
569.5377,400.4286,100.2296,225.2582
569.0366,399.3023,101.2319,227.5108
568.7834,398.7336,101.7380,228.6484
569.0378,399.3052,101.2293,227.5051
569.0378,399.3052,101.2293,227.5051
569.5439,400.4427,100.2171,225.2301
569.0428,399.3166,101.2192,227.4824
569.0428,399.3166,101.2192,227.4824
569.0428,399.3166,101.2192,227.4824
569.0428,399.3166,101.2192,227.4824
577.8306,392.1724,100.2070,225.2076
577.8306,392.1724,100.2070,225.2076
578.0811,392.7354,99.7060,224.0815
578.8289,394.4160,98.2104,220.7203
578.0923,392.7606,99.6836,224.0311
577.3447,391.0804,101.1788,227.3916
577.0917,390.5119,101.6847,228.5285
577.3459,391.0833,101.1763,227.3859
577.0930,390.5148,101.6822,228.5228
577.3472,391.0861,101.1738,227.3802
577.3472,391.0861,101.1738,227.3802
577.3472,391.0861,101.1738,227.3802
577.0942,390.5176,101.6796,228.5171
585.7097,391.0889,101.1712,227.3745
585.4568,390.5205,101.6771,228.5114
586.2194,392.2343,100.1519,225.0837
585.4682,390.5462,101.6542,228.4600
585.4682,390.5462,101.6542,228.4600
585.7224,391.1173,101.1459,227.3177
585.7224,391.1173,101.1459,227.3177
584.9637,389.4125,102.6631,230.7274
584.9637,389.4125,102.6631,230.7274
585.2204,389.9893,102.1498,229.5738
585.4758,390.5632,101.6391,228.4259
593.8757,390.5632,101.6391,228.4259
593.8757,390.5632,101.6391,228.4259
593.3675,389.4211,102.6554,230.7102
594.1375,391.1514,101.1156,227.2495
593.3791,389.4471,102.6324,230.6583
593.1225,388.8704,103.1455,231.8116
593.3804,389.4499,102.6298,230.6525
592.8672,388.2967,103.6561,232.9590
592.6080,387.7143,104.1744,234.1238
592.8685,379.7332,103.6535,232.9532
592.6094,379.1508,104.1718,234.1180
601.8707,380.9067,102.6092,230.6062
602.1273,381.4832,102.0961,229.4532
602.3825,382.0568,101.5857,228.3059
603.1444,383.7691,100.0619,224.8813
603.1444,383.7691,100.0619,224.8813
602.8942,383.2069,100.5622,226.0057
603.1456,383.7719,100.0594,224.8757
603.1456,383.7719,100.0594,224.8757
603.1456,383.7719,100.0594,224.8757
603.1456,383.7719,100.0594,224.8757
611.4150,383.7719,100.0594,224.8757
611.4150,383.7719,100.0594,224.8757
610.9147,382.6476,101.0600,227.1245
611.4200,383.7832,100.0494,224.8532
611.4200,383.7832,100.0494,224.8532
610.9198,382.6589,101.0499,227.1017
610.9198,382.6589,101.0499,227.1017
610.6672,382.0912,101.5551,228.2373
611.4288,383.8029,100.0318,224.8137
610.9286,382.6789,101.0321,227.0618
618.8568,381.5435,102.0424,229.3324
618.8568,381.5435,102.0424,229.3324
619.6221,383.2635,100.5118,225.8925
619.8734,383.8283,100.0092,224.7630
619.8734,383.8283,100.0092,224.7630
619.8734,383.8283,100.0092,224.7630
619.8734,383.8283,100.0092,224.7630
619.8734,383.8283,100.0092,224.7630
619.8734,383.8283,100.0092,224.7630
627.7212,382.7045,101.0093,227.0106
627.7212,382.7045,101.0093,227.0106
628.2263,383.8395,99.9992,224.7405
628.2263,383.8395,99.9992,224.7405
628.2263,383.8395,99.9992,224.7405
628.2263,383.8395,99.9992,224.7405
628.2263,383.8395,99.9992,224.7405
628.2263,383.8395,99.9992,224.7405
628.2263,383.8395,99.9992,224.7405
627.9763,383.2776,100.4992,225.8642
636.4917,383.8423,99.9967,224.7349
636.7416,384.4042,99.4967,223.6112
636.9904,384.9632,98.9993,222.4932
636.4954,383.8507,99.9893,224.7181
636.7454,384.4125,99.4893,223.5945
636.2479,391.5990,100.4842,225.8305
635.4943,389.9053,101.9915,229.2179
636.0043,391.0514,100.9715,226.9257
636.5091,392.1860,99.9618,224.6565
644.5618,391.6244,100.4616,225.7798
644.3107,391.0599,100.9639,226.9087
644.0583,390.4926,101.4688,228.0432
643.8046,389.9225,101.9761,229.1834
643.5496,389.3496,102.4860,230.3293
643.8058,398.3530,101.9736,229.1777
643.5509,397.7800,102.4834,230.3236
643.5509,397.7800,102.4834,230.3236
652.0206,397.7800,102.4834,230.3236
652.7892,399.5074,100.9462,226.8687
652.7892,399.5074,100.9462,226.8687
652.0322,397.8059,102.4604,230.2718
652.0322,397.8059,102.4604,230.2718
652.5445,398.9573,101.4358,227.9690
652.0373,397.8174,102.4501,230.2487
652.0373,397.8174,102.4501,230.2487
660.5043,397.8174,102.4501,230.2487
660.5043,397.8174,102.4501,230.2487
661.0165,398.9687,101.4256,227.9462
661.0165,398.9687,101.4256,227.9462
661.0165,398.9687,101.4256,227.9462
660.7629,398.3988,101.9328,229.0860
660.7629,398.3988,101.9328,229.0860
661.0178,398.9716,101.4231,227.9406
660.2571,397.2620,102.9444,231.3596
669.4094,398.9972,101.4003,227.8893
668.9023,397.8578,102.4143,230.1682
669.1584,398.4332,101.9022,229.0173
668.9036,397.8606,102.4117,230.1624
668.9036,397.8606,102.4117,230.1624
669.6718,391.2500,100.8755,226.7100
669.6718,391.2500,100.8755,226.7100
669.4196,390.6833,101.3799,227.8435
668.9127,389.5440,102.3937,230.1219
677.8022,390.6946,101.3698,227.8207
677.2954,389.5555,102.3835,230.0989
676.7835,388.4050,103.4073,232.3999
676.7835,388.4050,103.4073,232.3999
676.7835,388.4050,103.4073,232.3999
677.0421,388.9861,102.8903,231.2379
676.7848,388.4080,103.4047,232.3941
677.0433,388.9889,102.8877,231.2321
677.8149,390.7232,101.3444,227.7637
678.0684,391.2926,100.8377,226.6248
678.0684,391.2926,100.8377,226.6248
687.0333,384.7836,99.3251,223.2255
686.2883,383.1094,100.8150,226.5739
686.2883,383.1094,100.8150,226.5739
686.2883,383.1094,100.8150,226.5739
687.0445,384.8087,99.3027,223.1752
686.2997,383.1349,100.7923,226.5229
686.2997,383.1349,100.7923,226.5229
687.0557,384.8338,99.2804,223.1250
686.3110,383.1604,100.7696,226.4719
686.5630,383.7265,100.2658,225.3396
687.0643,384.8532,99.2631,223.0862
686.3198,383.1801,100.7521,226.4324
686.3198,374.8535,100.7521,226.4324
687.0754,376.5517,99.2408,223.0359
687.0754,376.5517,99.2408,223.0359
686.3312,374.8790,100.7294,226.3815
694.2355,373.7470,101.7367,228.6453
694.2355,373.7470,101.7367,228.6453
694.7442,374.8903,100.7193,226.3589
695.4996,376.5880,99.2085,222.9635
695.4996,376.5880,99.2085,222.9635
695.4996,376.5880,99.2085,222.9635
695.4996,376.5880,99.2085,222.9635
695.4996,368.3889,99.2085,222.9635
695.4996,368.3889,99.2085,222.9635
694.7555,366.7167,100.6966,226.3079
695.5107,368.4140,99.1862,222.9133
695.5107,368.4140,99.1862,222.9133
695.5107,368.4140,99.1862,222.9133
695.5107,368.4140,99.1862,222.9133
695.5107,360.2168,99.1862,222.9133
695.5107,360.2168,99.1862,222.9133
695.5107,360.2168,99.1862,222.9133
695.5107,360.2168,99.1862,222.9133
695.5107,360.2168,99.1862,222.9133
695.5107,360.2168,99.1862,222.9133
695.5107,360.2168,99.1862,222.9133
695.5107,352.0196,99.1862,222.9133
695.7587,352.5769,98.6903,221.7987
695.5120,352.0224,99.1837,222.9077
696.2559,353.6942,97.6960,219.5641
703.7183,352.0475,99.1614,222.8576
703.7183,352.0475,99.1614,222.8576
702.9746,350.3760,100.6488,226.2004
703.7294,343.8792,99.1391,222.8074
703.7294,343.8792,99.1391,222.8074
703.7294,343.8792,99.1391,222.8074
703.7294,343.8792,99.1391,222.8074
703.7294,343.8792,99.1391,222.8074
703.7294,335.6859,99.1391,222.8074
703.7294,335.6859,99.1391,222.8074
703.9773,336.2429,98.6434,221.6934
704.7171,337.9056,97.1637,218.3680
705.4459,339.5434,95.7063,215.0925
705.4459,331.6338,95.7063,215.0925
706.1636,333.2469,94.2707,211.8661
706.1636,333.2469,94.2707,211.8661
706.1636,333.2469,94.2707,211.8661
705.9280,324.8874,94.7420,212.9254
706.1648,325.4197,94.2683,211.8608
705.9291,324.8900,94.7397,212.9201
705.9291,324.8900,94.7397,212.9201
705.6923,316.4889,95.2134,213.9847
706.1684,317.5588,94.2612,211.8448
705.4614,315.9699,95.6752,215.0225
706.1790,317.5826,94.2400,211.7972
705.9434,309.2257,94.7112,212.8562
706.1802,309.7579,94.2377,211.7919
706.8870,311.3463,92.8241,208.6150
706.1907,309.7817,94.2165,211.7442
706.8974,303.7001,92.8032,208.5681
706.2014,302.1358,94.1953,211.6966
706.2014,302.1358,94.1953,211.6966
706.9078,296.0556,92.7823,208.5211
707.6037,297.6195,91.3906,205.3933
707.6037,297.6195,91.3906,205.3933
707.8322,298.1330,90.9337,204.3664
707.8322,290.6178,90.9337,204.3664
707.8322,290.6178,90.9337,204.3664
707.8322,290.6178,90.9337,204.3664
708.5142,284.7481,89.5697,201.3009
708.0663,283.7416,90.4653,203.3139
707.8401,283.2333,90.9177,204.3304
707.8401,283.2333,90.9177,204.3304
708.2947,276.8163,90.0085,202.2871
708.5198,277.3220,89.5585,201.2757
708.5198,277.3220,89.5585,201.2757
708.7437,270.4607,89.1107,200.2693
709.1892,271.4620,88.2196,198.2666
709.8508,272.9490,86.8963,195.2926
710.2853,266.8158,86.0273,193.3397
710.0703,266.3324,86.4574,194.3064
709.4218,264.8751,87.7543,197.2210
710.0800,266.3543,86.4380,194.2627
710.7283,267.8112,85.1414,191.3488
702.9477,259.2341,86.4185,194.2190
702.9477,259.2341,86.4185,194.2190
702.9477,259.2341,86.4185,194.2190
703.3798,260.2052,85.5544,192.2768
703.5937,260.6859,85.1266,191.3154
704.0193,261.6425,84.2753,189.4023
704.0193,261.6425,84.2753,189.4023
703.8086,261.1689,84.6967,190.3493
703.1734,259.7413,85.9671,193.2045
703.1734,252.6366,85.9671,193.2045
703.6032,253.6026,85.1075,191.2725
703.1777,252.6463,85.9585,193.1852
703.3926,253.1292,85.5288,192.2193
704.0341,254.5709,84.2458,189.3360
704.2447,255.0442,83.8246,188.3893
704.6638,255.9862,82.9863,186.5054
705.0787,263.7085,82.1565,184.6403
704.4625,262.3237,83.3888,187.4099
704.4625,262.3237,83.3888,187.4099
703.8372,260.9181,84.6397,190.2211
697.5818,262.3448,83.3701,187.3678
697.9987,263.2816,82.5364,185.4941
698.6177,264.6728,81.2983,182.7117
698.8210,271.8149,80.8918,181.7981
698.8210,271.8149,80.8918,181.7981
698.8210,271.8149,80.8918,181.7981
698.8210,271.8149,80.8918,181.7981
698.8210,271.8149,80.8918,181.7981
699.4277,273.1783,79.6785,179.0712
699.6268,273.6260,79.2801,178.1758
700.0233,281.0034,78.4873,176.3940
699.6308,280.1215,79.2721,178.1580
699.6308,280.1215,79.2721,178.1580
700.0272,281.0123,78.4794,176.3764
700.2234,281.4532,78.0870,175.4945
700.6138,282.3307,77.3061,173.7396
694.2249,282.3307,77.3061,173.7396
694.0316,281.8964,77.6927,174.6083
694.6143,283.2059,76.5273,171.9892
694.6143,283.2059,76.5273,171.9892
694.9969,284.0659,75.7620,170.2693
695.3757,284.9172,75.0044,168.5666
695.0007,284.0744,75.7544,170.2522
694.6219,283.2231,76.5120,171.9548
695.0045,284.0829,75.7469,170.2352
694.6258,283.2317,76.5043,171.9376
695.0083,284.0914,75.7393,170.2182
695.3870,291.1393,74.9819,168.5160
695.9493,292.4032,73.8572,165.9883
695.9493,292.4032,73.8572,165.9883
696.1340,292.8182,73.4879,165.1583
696.1340,292.8182,73.4879,165.1583
690.0606,292.8182,73.4879,165.1583
690.0606,292.8182,73.4879,165.1583
690.6118,294.0569,72.3856,162.6810
690.9737,294.8703,71.6617,161.0541
691.3320,295.6755,70.9451,159.4436
690.9773,294.8783,71.6545,161.0380
690.9773,294.8783,71.6545,161.0380
690.9773,294.8783,71.6545,161.0380
691.5147,301.9191,70.5797,158.6225
692.0441,303.1088,69.5210,156.2431
692.3917,303.8900,68.8258,154.6807
692.0475,303.1166,69.5141,156.2275
691.7000,308.1379,70.2092,157.7898
692.0510,308.9268,69.5071,156.2119
685.9016,308.1458,70.2022,157.7740
685.9016,313.9476,70.2022,157.7740
685.9016,313.9476,70.2022,157.7740
685.9016,313.9476,70.2022,157.7740
686.2526,314.7365,69.5002,156.1963
686.6002,321.2039,68.8052,154.6343
686.7722,321.5904,68.4611,153.8611
686.7722,321.5904,68.4611,153.8611
687.2856,328.3175,67.4342,151.5532
687.4542,328.6964,67.0971,150.7954
687.4542,334.2416,67.0971,150.7954
687.4542,334.2416,67.0971,150.7954
681.9090,334.2416,67.0971,150.7954
682.4122,340.8346,66.0906,148.5335
682.9079,341.9486,65.0992,146.3055
682.5824,341.2170,65.7502,147.7686
682.5824,346.6509,65.7502,147.7686
682.7468,347.0204,65.4215,147.0297
682.5832,346.6528,65.7486,147.7649
682.7476,352.4288,65.4198,147.0260
683.0747,353.1639,64.7656,145.5558
683.3985,359.1907,64.1180,144.1002
683.5588,359.5510,63.7974,143.3797
683.5588,359.5510,63.7974,143.3797
683.5588,364.8235,63.7974,143.3797
678.8439,365.8988,62.8404,141.2290
679.3152,366.9580,61.8978,139.1106
679.6246,372.7180,61.2789,137.7195
679.6246,372.7180,61.2789,137.7195
679.4715,372.3737,61.5852,138.4081
679.6254,377.7839,61.2773,137.7160
680.0850,378.8168,60.3582,135.6503
679.6323,377.7994,61.2635,137.6851
679.6323,377.7994,61.2635,137.6851
679.6323,382.8625,61.2635,137.6851
679.6323,382.8625,61.2635,137.6851
679.6323,382.8625,61.2635,137.6851
680.0918,388.8823,60.3446,135.6198
675.4562,389.5604,59.7411,134.2636
675.9043,395.4306,58.8450,132.2496
676.3456,396.4225,57.9623,130.2659
675.9109,395.4455,58.8318,132.2199
675.9109,400.3076,58.8318,132.2199
676.3522,401.2993,57.9493,130.2366
676.6419,406.6918,57.3698,128.9342
676.6419,406.6918,57.3698,128.9342
676.6419,411.4331,57.3698,128.9342
676.4985,411.1107,57.6567,129.5789
676.6426,416.1759,57.3684,128.9310
676.6426,416.1759,57.3684,128.9310
676.6426,420.9171,57.3684,128.9310
676.6426,420.9171,57.3684,128.9310
676.6426,420.9171,57.3684,128.9310
676.6426,425.6582,57.3684,128.9310
671.9014,425.6582,57.3684,128.9310
672.3317,431.2953,56.5078,126.9970
672.7555,432.2478,55.6602,125.0921
673.1730,433.1860,54.8253,123.2157
673.5842,438.5732,54.0029,121.3674
673.3141,437.9663,54.5430,122.5811
673.7232,438.8857,53.7248,120.7424
673.4546,442.7664,54.2621,121.9498
673.8616,443.6810,53.4482,120.1206
673.8616,448.0982,53.4482,120.1206
673.7279,447.7979,53.7154,120.7212
673.8622,448.0997,53.4468,120.1176
673.8622,452.5168,53.4468,120.1176
669.9122,453.4177,52.6451,118.3158
670.3071,458.5907,51.8554,116.5411
670.0478,458.0080,52.3740,117.7065
670.3096,462.8816,51.8503,116.5294
670.0504,462.2990,52.3688,117.6947
670.0504,462.2990,52.3688,117.6947
670.0504,466.6270,52.3688,117.6947
670.3123,467.2155,51.8451,116.5178
670.3123,471.5002,51.8451,116.5178
670.3123,471.5002,51.8451,116.5178
670.3123,475.7849,51.8451,116.5178
670.3123,475.7849,51.8451,116.5178
670.3123,480.0696,51.8451,116.5178
670.3123,480.0696,51.8451,116.5178
670.7011,485.1639,51.0674,114.7700
670.9564,485.7378,50.5567,113.6223
667.0728,490.4424,50.0511,112.4861
667.0728,490.4424,50.0511,112.4861
667.0728,494.5788,50.0511,112.4861
667.0728,494.5788,50.0511,112.4861
667.0728,498.7153,50.0511,112.4861
667.0728,498.7153,50.0511,112.4861
667.0728,502.8517,50.0511,112.4861
667.0728,506.9882,50.0511,112.4861
667.0728,506.9882,50.0511,112.4861
667.0728,511.1246,50.0511,112.4861
667.0728,511.1246,50.0511,112.4861
667.0728,515.2611,50.0511,112.4861
667.0728,515.2611,50.0511,112.4861
667.0728,519.3976,50.0511,112.4861
667.0728,523.5340,50.0511,112.4861
667.0728,523.5340,50.0511,112.4861
662.9363,527.6705,50.0511,112.4861
662.6860,527.1080,50.5517,113.6109
662.9388,531.8121,50.0461,112.4748
662.6885,531.2498,50.5466,113.5996
662.9413,535.9534,50.0411,112.4636
663.3166,540.8705,49.2905,110.7766
663.4398,541.1474,49.0441,110.2227
663.5624,545.4559,48.7988,109.6716
663.5624,549.4889,48.7988,109.6716
663.6844,549.7631,48.5549,109.1233
663.6844,553.7759,48.5549,109.1233
663.4417,553.2303,49.0404,110.2145
663.6869,557.7937,48.5500,109.1124
663.4441,557.2482,49.0355,110.2035
663.6893,561.8112,48.5451,109.1015
663.6893,561.8112,48.5451,109.1015
663.5679,561.5385,48.7879,109.6470
663.5679,561.5385,48.7879,109.6470
663.6899,561.8126,48.5439,109.0987
663.6899,561.8126,48.5439,109.0987
659.6780,561.8126,48.5439,109.0987
659.6780,561.8126,48.5439,109.0987
659.6780,561.8126,48.5439,109.0987
659.6780,561.8126,48.5439,109.0987
659.6780,561.8126,48.5439,109.0987
659.6780,557.8007,48.5439,109.0987
659.6780,557.8007,48.5439,109.0987
660.0421,558.6189,47.8158,107.4622
660.4007,559.4249,47.0985,105.8503
660.5184,559.6895,46.8630,105.3211
660.2841,555.2512,47.3317,106.3743
660.5208,555.7830,46.8584,105.3105
660.5208,551.9105,46.8584,105.3105
660.5208,551.9105,46.8584,105.3105
660.5208,551.9105,46.8584,105.3105
660.5208,548.0378,46.8584,105.3105
656.6482,548.0378,46.8584,105.3105
656.9996,548.8277,46.1555,103.7309
657.3458,545.8484,45.4631,102.1749
657.4595,546.1038,45.2358,101.6640
657.4595,542.3653,45.2358,101.6640
657.4595,542.3653,45.2358,101.6640
657.4595,542.3653,45.2358,101.6640
657.4595,538.6268,45.2358,101.6640
657.4595,538.6268,45.2358,101.6640
657.4595,538.6268,45.2358,101.6640
657.4595,534.8883,45.2358,101.6640
657.4595,534.8883,45.2358,101.6640
657.4595,534.8883,45.2358,101.6640
657.4595,531.1498,45.2358,101.6640
657.4595,531.1498,45.2358,101.6640
657.4595,531.1498,45.2358,101.6640
657.4595,527.4113,45.2358,101.6640
657.4595,527.4113,45.2358,101.6640
657.4595,527.4113,45.2358,101.6640
653.7209,523.6729,45.2358,101.6640
654.0602,524.4353,44.5573,100.1391
654.3944,525.1863,43.8889,98.6370
654.7236,525.9261,43.2306,97.1574
655.0478,523.1356,42.5821,95.7001
655.1542,523.3749,42.3692,95.2216
655.2602,523.6129,42.1574,94.7455
655.2602,523.6129,42.1574,94.7455
655.1548,519.8746,42.3682,95.2192
655.2607,520.1126,42.1563,94.7431
655.2607,520.1126,42.1563,94.7431
655.2607,516.6286,42.1563,94.7431
655.2607,516.6286,42.1563,94.7431
655.2607,516.6286,42.1563,94.7431
655.2607,513.1446,42.1563,94.7431
655.2607,513.1446,42.1563,94.7431
655.2607,513.1446,42.1563,94.7431
655.2607,509.6606,42.1563,94.7431
655.2607,509.6606,42.1563,94.7431
655.2607,509.6606,42.1563,94.7431
655.2607,509.6606,42.1563,94.7431
655.2607,506.1766,42.1563,94.7431
652.1451,506.8872,41.5240,93.3219
652.2490,507.1205,41.3164,92.8553
652.2490,507.1205,41.3164,92.8553
652.1457,503.4567,41.5229,93.3196
652.2495,503.6900,41.3153,92.8530
652.2495,500.2755,41.3153,92.8530
652.2495,500.2755,41.3153,92.8530
652.2495,500.2755,41.3153,92.8530
652.2495,500.2755,41.3153,92.8530
652.2495,496.8611,41.3153,92.8530
652.2495,496.8611,41.3153,92.8530
652.2495,496.8611,41.3153,92.8530
652.5593,497.5574,40.6956,91.4602
652.8646,494.9306,40.0852,90.0883
653.0650,495.3810,39.6843,89.1874
653.0650,495.3810,39.6843,89.1874
649.7853,495.3810,39.6843,89.1874
650.0829,492.8194,39.0891,87.8496
650.1807,493.0390,38.8936,87.4104
650.0834,492.8205,39.0881,87.8474
650.0834,492.8205,39.0881,87.8474
650.0834,489.5901,39.0881,87.8474
650.1812,489.8097,38.8926,87.4082
650.1812,489.8097,38.8926,87.4082
650.1812,489.8097,38.8926,87.4082
650.1812,486.5955,38.8926,87.4082
650.1812,486.5955,38.8926,87.4082
650.0839,486.3769,39.0871,87.8452
650.1816,486.5965,38.8917,87.4060
650.4733,484.0861,38.3083,86.0949
646.9725,483.4404,38.8829,87.3863
647.2642,484.0958,38.2997,86.0755
647.5514,484.7414,37.7252,84.7844
647.7401,482.0787,37.3479,83.9366
647.7401,482.0787,37.3479,83.9366
647.7401,482.0787,37.3479,83.9366
647.5533,481.6590,37.7214,84.7759
647.7419,478.9966,37.3442,83.9282
647.7419,478.9966,37.3442,83.9282
647.7419,478.9966,37.3442,83.9282
647.7419,478.9966,37.3442,83.9282
648.0220,479.6260,36.7840,82.6693
644.6605,475.9204,37.3358,83.9093
644.9405,476.5497,36.7757,82.6507
645.1244,476.9630,36.4080,81.8241
645.1244,476.9630,36.4080,81.8241
645.1244,476.9630,36.4080,81.8241
645.1244,476.9630,36.4080,81.8241
645.1244,476.9630,36.4080,81.8241
645.1244,473.9541,36.4080,81.8241
645.0334,473.7495,36.5900,82.2333
645.0334,473.7495,36.5900,82.2333
645.0334,473.7495,36.5900,82.2333
645.1248,473.9551,36.4071,81.8221
645.1248,473.9551,36.4071,81.8221
645.1248,473.9551,36.4071,81.8221
642.0099,473.7505,36.5891,82.2312
642.1014,473.9561,36.4062,81.8201
642.1924,471.1669,36.2241,81.4109
642.4641,471.7775,35.6808,80.1898
642.4641,471.7775,35.6808,80.1898
642.4641,471.7775,35.6808,80.1898
642.4641,471.7775,35.6808,80.1898
642.4641,471.7775,35.6808,80.1898
642.4641,471.7775,35.6808,80.1898
642.3749,471.5770,35.8592,80.5907
642.4645,471.7785,35.6799,80.1878
642.4645,471.7785,35.6799,80.1878
642.4645,471.7785,35.6799,80.1878
642.4645,471.7785,35.6799,80.1878
642.4645,471.7785,35.6799,80.1878
642.4645,471.7785,35.6799,80.1878
639.5158,468.8298,35.6799,80.1878
639.7834,469.4312,35.1447,78.9850
639.7834,469.4312,35.1447,78.9850
639.7834,469.4312,35.1447,78.9850
639.5198,468.8388,35.6719,80.1697
639.7874,469.4401,35.1368,78.9672
639.5238,468.8478,35.6638,80.1517
639.4347,468.6474,35.8421,80.5525
639.4347,468.6474,35.8421,80.5525
639.7035,469.2516,35.3045,79.3442
639.7917,469.4499,35.1280,78.9474
639.7917,469.4499,35.1280,78.9474
639.7917,469.4499,35.1280,78.9474
639.7917,469.4499,35.1280,78.9474
639.7917,469.4499,35.1280,78.9474
639.7917,469.4499,35.1280,78.9474
639.7917,469.4499,35.1280,78.9474
639.7917,469.4499,35.1280,78.9474
639.8796,469.6473,34.9524,78.5527
639.7922,466.5479,35.1271,78.9455
639.8800,466.7452,34.9515,78.5508
639.8800,466.7452,34.9515,78.5508
639.8800,466.7452,34.9515,78.5508
639.8800,466.7452,34.9515,78.5508
639.8800,466.7452,34.9515,78.5508
639.8800,466.7452,34.9515,78.5508
639.8800,466.7452,34.9515,78.5508
639.8800,466.7452,34.9515,78.5508
639.8800,466.7452,34.9515,78.5508
639.8800,466.7452,34.9515,78.5508
639.8800,466.7452,34.9515,78.5508
639.8800,466.7452,34.9515,78.5508
639.8800,466.7452,34.9515,78.5508
639.8800,466.7452,34.9515,78.5508
639.8800,466.7452,34.9515,78.5508
639.8800,466.7452,34.9515,78.5508
639.8800,466.7452,34.9515,78.5508
639.8800,466.7452,34.9515,78.5508
639.8800,466.7452,34.9515,78.5508
639.8800,466.7452,34.9515,78.5508
639.8800,466.7452,34.9515,78.5508
639.8800,466.7452,34.9515,78.5508
639.8800,466.7452,34.9515,78.5508
639.8800,466.7452,34.9515,78.5508
639.8800,466.7452,34.9515,78.5508
639.8800,466.7452,34.9515,78.5508
639.8800,466.7452,34.9515,78.5508
639.8800,466.7452,34.9515,78.5508
639.8800,466.7452,34.9515,78.5508
639.8800,466.7452,34.9515,78.5508
639.8800,466.7452,34.9515,78.5508
639.8800,466.7452,34.9515,78.5508
639.8800,466.7452,34.9515,78.5508
639.8800,466.7452,34.9515,78.5508
639.8800,466.7452,34.9515,78.5508
639.8800,466.7452,34.9515,78.5508
639.8800,466.7452,34.9515,78.5508
639.8800,466.7452,34.9515,78.5508
639.8800,466.7452,34.9515,78.5508
639.8800,466.7452,34.9515,78.5508
639.8800,466.7452,34.9515,78.5508
639.8800,466.7452,34.9515,78.5508
639.8800,466.7452,34.9515,78.5508
639.8800,466.7452,34.9515,78.5508
636.9915,466.7452,34.9515,78.5508
636.9915,466.7452,34.9515,78.5508
636.9915,466.7452,34.9515,78.5508
636.9915,466.7452,34.9515,78.5508
636.9915,466.7452,34.9515,78.5508
636.7293,466.1561,35.4758,79.7290
636.6406,465.9568,35.6531,80.1277
636.6406,465.9568,35.6531,80.1277
636.6406,465.9568,35.6531,80.1277
636.6406,465.9568,35.6531,80.1277
636.6406,465.9568,35.6531,80.1277
636.6406,465.9568,35.6531,80.1277
636.3732,465.3558,36.1879,81.3296
636.6447,465.9658,35.6451,80.1096
636.7338,466.1660,35.4669,79.7091
636.7338,466.1660,35.4669,79.7091
636.6451,465.9668,35.6442,80.1076
636.6451,465.9668,35.6442,80.1076
636.6451,465.9668,35.6442,80.1076
636.6451,465.9668,35.6442,80.1076
636.3777,465.3660,36.1789,81.3092
636.3777,465.3660,36.1789,81.3092
636.6491,465.9758,35.6362,80.0896
636.6491,465.9758,35.6362,80.0896
636.6491,465.9758,35.6362,80.0896
636.6491,465.9758,35.6362,80.0896
636.6491,465.9758,35.6362,80.0896
636.7382,466.1760,35.4580,79.6892
637.0041,466.7737,34.9261,78.4938
637.0041,466.7737,34.9261,78.4938
637.0041,466.7737,34.9261,78.4938
637.0041,466.7737,34.9261,78.4938
637.0041,466.7737,34.9261,78.4938
637.0041,466.7737,34.9261,78.4938
637.0041,466.7737,34.9261,78.4938
637.0041,466.7737,34.9261,78.4938
637.0041,466.7737,34.9261,78.4938
637.0041,466.7737,34.9261,78.4938
637.0041,466.7737,34.9261,78.4938
637.0041,466.7737,34.9261,78.4938
637.0041,466.7737,34.9261,78.4938
637.0041,463.8872,34.9261,78.4938
636.9168,463.6910,35.1008,78.8863
636.9168,463.6910,35.1008,78.8863
636.9168,463.6910,35.1008,78.8863
636.9168,463.6910,35.1008,78.8863
636.9168,463.6910,35.1008,78.8863
636.9168,463.6910,35.1008,78.8863
637.1801,464.2826,34.5743,77.7030
636.9208,463.6999,35.0929,78.8685
637.1840,464.2914,34.5665,77.6855
636.9247,463.7087,35.0850,78.8508
636.9247,463.7087,35.0850,78.8508
637.1878,464.3001,34.5587,77.6680
637.2742,464.4943,34.3859,77.2797
637.2742,464.4943,34.3859,77.2797
637.2742,464.4943,34.3859,77.2797
637.2742,464.4943,34.3859,77.2797
637.2742,461.6525,34.3859,77.2797
637.0164,461.0729,34.9017,78.4389
637.0164,461.0729,34.9017,78.4389
637.0164,461.0729,34.9017,78.4389
637.0164,461.0729,34.9017,78.4389
637.2781,461.6612,34.3782,77.2623
637.4500,462.0475,34.0344,76.4897
637.4500,462.0475,34.0344,76.4897
637.4500,462.0475,34.0344,76.4897
637.4500,459.2347,34.0344,76.4897
637.4500,459.2347,34.0344,76.4897
637.2798,458.8523,34.3747,77.2546
637.0220,458.2729,34.8904,78.4134
636.9348,458.0768,35.0648,78.8055
636.9348,458.0768,35.0648,78.8055
637.0225,458.2738,34.8895,78.4114
636.9352,458.0778,35.0639,78.8035
636.9352,458.0778,35.0639,78.8035
637.0229,458.2748,34.8886,78.4095
637.0229,458.2748,34.8886,78.4095
636.9357,458.0788,35.0631,78.8015
637.1986,458.6698,34.5371,77.6195
637.2850,458.8639,34.3644,77.2314
637.4568,459.2500,34.0208,76.4591
637.4568,459.2500,34.0208,76.4591
637.4568,459.2500,34.0208,76.4591
637.6269,459.6323,33.6806,75.6945
637.4585,459.2538,34.0174,76.4514
637.4585,459.2538,34.0174,76.4514
637.2884,458.8716,34.3576,77.2160
637.4602,459.2577,34.0140,76.4438
637.4602,459.2577,34.0140,76.4438
637.4602,459.2577,34.0140,76.4438
637.4602,459.2577,34.0140,76.4438
637.4602,459.2577,34.0140,76.4438
637.7153,459.8310,33.5038,75.2971
637.4641,459.2663,34.0063,76.4266
637.4641,459.2663,34.0063,76.4266
634.3564,455.8405,34.5164,77.5730
634.1838,455.4526,34.8616,78.3487
634.4453,456.0402,34.3387,77.1735
634.5311,456.2332,34.1670,76.7876
634.3603,455.8492,34.5086,77.5555
634.3603,455.8492,34.5086,77.5555
634.5328,456.2370,34.1636,76.7799
634.3620,455.8531,34.5052,77.5477
634.3620,455.8531,34.5052,77.5477
634.3620,455.8531,34.5052,77.5477
634.5345,456.2408,34.1601,76.7723
634.3637,455.8570,34.5017,77.5400
634.3637,455.8570,34.5017,77.5400
634.3637,455.8570,34.5017,77.5400
634.3637,455.8570,34.5017,77.5400
634.1912,455.4693,34.8468,78.3154
634.1912,455.4693,34.8468,78.3154
634.1912,455.4693,34.8468,78.3154
634.0170,455.0777,35.1952,79.0985
634.0170,455.0777,35.1952,79.0985
634.0170,455.0777,35.1952,79.0985
631.4159,455.6709,34.6673,77.9121
631.5026,455.8657,34.4940,77.5225
631.7612,456.4471,33.9766,76.3597
631.5064,455.8744,34.4862,77.5051
631.7651,456.4557,33.9689,76.3425
631.8500,456.6466,33.7991,75.9608
631.8500,456.6466,33.7991,75.9608
631.8500,456.6466,33.7991,75.9608
631.8500,456.6466,33.7991,75.9608
631.6810,453.4455,34.1371,76.7204
631.6810,453.4455,34.1371,76.7204
631.6810,453.4455,34.1371,76.7204
631.6810,453.4455,34.1371,76.7204
629.1581,454.0209,33.6250,75.5696
628.9059,453.4542,34.1294,76.7031
628.9059,453.4542,34.1294,76.7031
628.9059,453.4542,34.1294,76.7031
628.9059,453.4542,34.1294,76.7031
628.9059,453.4542,34.1294,76.7031
628.9059,453.4542,34.1294,76.7031
628.9059,453.4542,34.1294,76.7031
628.9059,453.4542,34.1294,76.7031
628.9059,453.4542,34.1294,76.7031
628.9059,453.4542,34.1294,76.7031
629.1619,454.0294,33.6174,75.5526
626.0898,450.6428,34.1217,76.6859
626.2604,451.0262,33.7805,75.9190
626.2604,451.0262,33.7805,75.9190
626.5137,451.5956,33.2738,74.7802
626.5137,451.5956,33.2738,74.7802
626.5137,451.5956,33.2738,74.7802
626.5137,451.5956,33.2738,74.7802
626.5137,451.5956,33.2738,74.7802
626.5137,451.5956,33.2738,74.7802
626.5137,451.5956,33.2738,74.7802
623.7639,451.5956,33.2738,74.7802
623.7639,451.5956,33.2738,74.7802
623.9302,451.9695,32.9410,74.0324
623.7655,451.5994,33.2704,74.7727
623.5160,448.2477,33.7695,75.8943
623.6848,448.6272,33.4318,75.1354
623.6848,448.6272,33.4318,75.1354
623.7684,448.8150,33.2646,74.7597
623.6852,448.6281,33.4310,75.1335
623.7688,448.8159,33.2638,74.7578
624.0183,449.3766,32.7649,73.6365
624.1821,449.7448,32.4372,72.9001
624.1821,449.7448,32.4372,72.9001
624.1010,449.5626,32.5994,73.2646
621.6918,450.1121,32.1104,72.1656
621.4509,446.8773,32.5921,73.2481
621.4509,446.8773,32.5921,73.2481
621.4509,446.8773,32.5921,73.2481
621.5324,447.0604,32.4291,72.8819
621.5324,447.0604,32.4291,72.8819
621.5324,447.0604,32.4291,72.8819
621.4514,446.8782,32.5912,73.2463
621.4514,446.8782,32.5912,73.2463
618.4730,443.5949,33.0801,74.3450
618.3076,443.2232,33.4109,75.0884
618.3912,443.4109,33.2439,74.7130
618.3912,443.4109,33.2439,74.7130
618.4742,443.5977,33.0776,74.3394
618.3915,443.4119,33.2430,74.7111
618.3915,443.4119,33.2430,74.7111
618.3915,443.4119,33.2430,74.7111
618.6409,443.9722,32.7444,73.5905
618.8046,441.6611,32.4169,72.8546
619.0477,444.8464,31.9307,71.7617
618.8083,441.6297,32.4096,72.8382
618.8083,441.6297,32.4096,72.8382
618.7272,441.4476,32.5717,73.2024
618.8087,441.6306,32.4088,72.8363
616.4135,442.1768,31.9227,71.7438
616.5731,442.5356,31.6035,71.0264
616.8101,443.0683,31.1294,69.9610
616.7323,440.3078,31.2851,70.3108
616.5759,439.9563,31.5979,71.0139
616.4969,439.7787,31.7559,71.3689
616.4969,439.7787,31.7559,71.3689
616.4969,439.7787,31.7559,71.3689
616.4969,439.7787,31.7559,71.3689
616.7350,440.3140,31.2796,70.2984
616.9697,440.8412,30.8104,69.2439
616.9697,438.2949,30.8104,69.2439
616.9697,438.2949,30.8104,69.2439
616.9697,438.2949,30.8104,69.2439
616.9697,438.2949,30.8104,69.2439
617.2007,438.8143,30.3482,68.2053
617.2766,438.9848,30.1965,67.8643
617.3521,439.1544,30.0455,67.5249
617.5775,439.6609,29.5948,66.5121
617.6514,439.8271,29.4468,66.1795
617.6514,437.3935,29.4468,66.1795
617.6514,437.3935,29.4468,66.1795
617.7250,437.5590,29.2996,65.8486
617.7250,437.5590,29.2996,65.8486
615.2182,437.3943,29.4461,66.1778
615.2182,437.3943,29.4461,66.1778
615.0710,434.6056,29.7406,66.8396
615.0710,434.6056,29.7406,66.8396
614.9223,434.2714,30.0380,67.5080
614.9223,434.2714,30.0380,67.5080
614.9223,434.2714,30.0380,67.5080
615.0725,434.6089,29.7376,66.8329
614.9238,434.2747,30.0350,67.5013
614.6985,431.2490,30.4855,68.5138
614.4699,430.7352,30.9428,69.5415
614.3152,430.3875,31.2522,70.2369
614.4714,430.7386,30.9397,69.5345
614.4714,430.7386,30.9397,69.5345
614.4714,428.1816,30.9397,69.5345
614.4714,428.1816,30.9397,69.5345
614.4714,428.1816,30.9397,69.5345
614.4714,428.1816,30.9397,69.5345
611.9144,425.6247,30.9397,69.5345
612.1465,426.1461,30.4756,68.4915
611.9179,425.6325,30.9327,69.5189
611.9179,425.6325,30.9327,69.5189
611.9179,425.6325,30.9327,69.5189
612.1499,426.1539,30.4687,68.4761
612.3022,426.4962,30.1640,67.7914
612.3022,426.4962,30.1640,67.7914
612.3777,424.1853,30.0132,67.4524
612.3026,424.0167,30.1633,67.7896
612.4534,424.3556,29.8617,67.1118
612.3788,424.1878,30.0110,67.4473
612.3788,424.1878,30.0110,67.4473
612.3788,424.1878,30.0110,67.4473
612.3788,424.1878,30.0110,67.4473
609.8986,424.1878,30.0110,67.4473
609.8986,421.7076,30.0110,67.4473
609.8235,421.5390,30.1610,67.7846
609.8989,421.7084,30.0102,67.4456
609.8989,421.7084,30.0102,67.4456
609.8989,421.7084,30.0102,67.4456
609.8989,421.7084,30.0102,67.4456
609.8239,419.0472,30.1603,67.7829
609.8239,419.0472,30.1603,67.7829
609.8239,419.0472,30.1603,67.7829
609.8239,419.0472,30.1603,67.7829
609.8239,419.0472,30.1603,67.7829
609.8239,416.5547,30.1603,67.7829
609.8239,416.5547,30.1603,67.7829
609.8993,416.7241,30.0095,67.4439
609.8993,416.7241,30.0095,67.4439
609.8993,416.7241,30.0095,67.4439
609.8993,416.7241,30.0095,67.4439
609.8993,416.7241,30.0095,67.4439
607.4192,414.2440,30.0095,67.4439
607.4192,414.2440,30.0095,67.4439
607.4942,414.4126,29.8594,67.1067
607.4196,414.2448,30.0087,67.4423
607.4196,414.2448,30.0087,67.4423
607.4196,414.2448,30.0087,67.4423
607.4196,414.2448,30.0087,67.4423
607.4196,414.2448,30.0087,67.4423
607.4196,414.2448,30.0087,67.4423
607.4196,411.7648,30.0087,67.4423
607.3445,411.5962,30.1588,67.7795
607.5707,412.1045,29.7064,66.7628
607.7935,412.6052,29.2608,65.7613
607.7935,412.6052,29.2608,65.7613
607.7204,412.4408,29.4071,66.0901
607.7204,412.4408,29.4071,66.0901
607.9409,412.9365,28.9660,65.0988
607.7237,410.0185,29.4005,66.0753
607.7237,410.0185,29.4005,66.0753
607.7237,410.0185,29.4005,66.0753
607.7237,410.0185,29.4005,66.0753
607.9442,410.5140,28.9595,65.0841
605.7196,410.8394,28.6699,64.4333
605.9346,408.9888,28.2398,63.4668
605.7228,408.5128,28.6634,64.4188
605.7944,408.6739,28.5201,64.0967
605.7944,408.6739,28.5201,64.0967
606.0084,409.1546,28.0923,63.1353
606.0786,409.3124,27.9518,62.8196
606.0786,409.3124,27.9518,62.8196
606.2183,409.6266,27.6723,62.1914
606.2183,409.6266,27.6723,62.1914
606.0800,409.3156,27.9490,62.8133
606.0800,409.3156,27.9490,62.8133
606.0800,407.0057,27.9490,62.8133
606.2197,407.3198,27.6695,62.1852
606.2197,407.3198,27.6695,62.1852
606.2197,407.3198,27.6695,62.1852
606.2197,407.3198,27.6695,62.1852
606.2197,407.3198,27.6695,62.1852
606.2197,407.3198,27.6695,62.1852
603.9330,407.3198,27.6695,62.1852
603.9330,407.3198,27.6695,62.1852
603.9330,407.3198,27.6695,62.1852
603.9330,407.3198,27.6695,62.1852
603.9330,407.3198,27.6695,62.1852
603.9330,407.3198,27.6695,62.1852
603.9330,407.3198,27.6695,62.1852
603.9330,407.3198,27.6695,62.1852
603.9330,407.3198,27.6695,62.1852
603.9330,405.0331,27.6695,62.1852
603.9330,405.0331,27.6695,62.1852
603.9330,405.0331,27.6695,62.1852
601.6462,405.0331,27.6695,62.1852
