1
534.5000,356.0000,97.0000,218.0000
534.0000,358.0000,97.0000,218.0000
533.5000,360.0000,97.0000,218.0000
533.0000,363.0000,97.0000,218.0000
533.5000,365.0000,97.0000,218.0000
533.0000,367.0000,97.0000,218.0000
532.5000,370.0000,97.0000,218.0000
533.0000,372.0000,97.0000,218.0000
532.5000,375.0000,97.0000,218.0000
532.0000,378.0000,97.0000,218.0000
532.5000,380.0000,97.0000,218.0000
532.0000,383.0000,97.0000,218.0000
531.5000,385.0000,97.0000,218.0000
531.0000,389.0000,97.0000,218.0000
531.5000,391.0000,97.0000,218.0000
531.0000,394.0000,97.0000,218.0000
530.5000,396.0000,97.0000,218.0000
530.0000,399.0000,97.0000,218.0000
530.5000,402.0000,97.0000,218.0000
530.0000,405.0000,97.0000,218.0000
529.5000,407.0000,97.0000,218.0000
529.0000,410.0000,97.0000,218.0000
529.5000,412.0000,97.0000,218.0000
529.0000,415.0000,97.0000,218.0000
528.5000,418.0000,97.0000,218.0000
529.0000,420.0000,97.0000,218.0000
528.5000,423.0000,97.0000,218.0000
528.0000,425.0000,97.0000,218.0000
527.5000,428.0000,97.0000,218.0000
528.0000,430.0000,97.0000,218.0000
527.5000,433.0000,97.0000,218.0000
527.0000,435.0000,97.0000,218.0000
526.5000,437.0000,97.0000,218.0000
527.0000,440.0000,97.0000,218.0000
526.5000,442.0000,97.0000,218.0000
526.0000,444.0000,97.0000,218.0000
526.5000,446.0000,97.0000,218.0000
526.0000,448.0000,97.0000,218.0000
525.5000,450.0000,97.0000,218.0000
525.0000,452.0000,97.0000,218.0000
525.5000,453.0000,97.0000,218.0000
525.0000,454.0000,97.0000,218.0000
524.5000,455.0000,97.0000,218.0000
524.0000,456.0000,97.0000,218.0000
524.5000,456.0000,97.0000,218.0000
524.0000,457.0000,97.0000,218.0000
523.5000,457.0000,97.0000,218.0000
523.0000,458.0000,97.0000,218.0000
522.5000,458.0000,97.0000,218.0000
523.0000,459.0000,97.0000,218.0000
522.5000,459.0000,97.0000,218.0000
522.0000,459.0000,97.0000,218.0000
521.5000,460.0000,97.0000,218.0000
521.0000,460.0000,97.0000,218.0000
520.5000,461.0000,97.0000,218.0000
520.0000,461.0000,97.0000,218.0000
520.5000,461.0000,97.0000,218.0000
520.0000,462.0000,97.0000,218.0000
519.5000,462.0000,97.0000,218.0000
519.0000,462.0000,97.0000,218.0000
519.5000,463.0000,97.0000,218.0000
519.0000,463.0000,97.0000,218.0000
518.5000,463.0000,97.0000,218.0000
518.0000,464.0000,97.0000,218.0000
518.5000,464.0000,97.0000,218.0000
518.0000,464.0000,97.0000,218.0000
517.5000,464.0000,97.0000,218.0000
518.0000,465.0000,97.0000,218.0000
517.5000,465.0000,97.0000,218.0000
517.0000,465.0000,97.0000,218.0000
516.5000,465.0000,97.0000,218.0000
516.0000,466.0000,97.0000,218.0000
516.5000,466.0000,97.0000,218.0000
516.0000,466.0000,97.0000,218.0000
515.5000,467.0000,97.0000,218.0000
515.0000,467.0000,97.0000,218.0000
515.5000,467.0000,97.0000,218.0000
515.0000,468.0000,97.0000,218.0000
514.5000,468.0000,97.0000,218.0000
514.0000,468.0000,97.0000,218.0000
514.5000,469.0000,97.0000,218.0000
514.0000,469.0000,97.0000,218.0000
513.5000,469.0000,97.0000,218.0000
514.0000,469.0000,97.0000,218.0000
513.5000,469.0000,97.0000,218.0000
514.0000,469.0000,97.0000,218.0000
513.5000,468.0000,97.0000,218.0000
513.0000,466.0000,97.0000,218.0000
513.5000,463.0000,97.0000,218.0000
513.0000,460.0000,97.0000,218.0000
513.5000,457.0000,97.0000,218.0000
513.0000,454.0000,97.0000,218.0000
513.5000,451.0000,97.0000,218.0000
513.0000,447.0000,97.0000,218.0000
513.5000,444.0000,97.0000,218.0000
513.0000,441.0000,97.0000,218.0000
513.5000,438.0000,97.0000,218.0000
514.0000,435.0000,97.0000,218.0000
513.5000,432.0000,97.0000,218.0000
514.0000,430.0000,97.0000,218.0000
513.5000,428.0000,97.0000,218.0000
514.0000,426.0000,97.0000,218.0000
513.5000,425.0000,97.0000,218.0000
514.0000,423.0000,97.0000,218.0000
514.5000,422.0000,97.0000,218.0000
514.0000,422.0000,97.0000,218.0000
514.5000,421.0000,97.0000,218.0000
514.0000,421.0000,97.0000,218.0000
514.5000,421.0000,97.0000,218.0000
515.0000,421.0000,97.0000,218.0000
514.5000,421.0000,97.0000,218.0000
515.0000,421.0000,97.0000,218.0000
515.5000,421.0000,97.0000,218.0000
515.0000,421.0000,97.0000,218.0000
515.5000,421.0000,97.0000,218.0000
516.0000,421.0000,97.0000,218.0000
515.5000,421.0000,97.0000,218.0000
516.0000,421.0000,97.0000,218.0000
516.5000,420.0000,97.0000,218.0000
516.0000,420.0000,97.0000,218.0000
516.5000,420.0000,97.0000,218.0000
517.0000,420.0000,97.0000,218.0000
516.5000,420.0000,97.0000,218.0000
517.0000,420.0000,97.0000,218.0000
517.5000,420.0000,97.0000,218.0000
518.0000,420.0000,97.0000,218.0000
518.5000,420.0000,97.0000,218.0000
518.0000,420.0000,97.0000,218.0000
518.5000,420.0000,97.0000,218.0000
519.0000,420.0000,97.0000,218.0000
519.5000,420.0000,97.0000,218.0000
520.0000,420.0000,97.0000,218.0000
520.5000,419.0000,97.0000,218.0000
521.0000,419.0000,97.0000,218.0000
520.5000,419.0000,97.0000,218.0000
521.0000,419.0000,97.0000,218.0000
521.5000,419.0000,97.0000,218.0000
522.0000,419.0000,97.0000,218.0000
522.5000,419.0000,97.0000,218.0000
522.0000,419.0000,97.0000,218.0000
522.5000,419.0000,97.0000,218.0000
523.0000,419.0000,97.0000,218.0000
523.5000,419.0000,97.0000,218.0000
524.0000,418.0000,97.0000,218.0000
524.5000,418.0000,97.0000,218.0000
524.0000,418.0000,97.0000,218.0000
524.5000,418.0000,97.0000,218.0000
525.0000,418.0000,97.0000,218.0000
525.5000,418.0000,97.0000,218.0000
526.0000,417.0000,97.0000,218.0000
526.5000,417.0000,97.0000,218.0000
527.0000,417.0000,97.0000,218.0000
527.5000,416.0000,97.0000,218.0000
528.0000,415.0000,97.0000,218.0000
528.5000,413.0000,97.0000,218.0000
529.0000,412.0000,97.0000,218.0000
529.5000,411.0000,97.0000,218.0000
530.0000,411.0000,97.0000,218.0000
530.5000,410.0000,97.0000,218.0000
531.0000,410.0000,97.0000,218.0000
531.5000,410.0000,97.0000,218.0000
532.0000,410.0000,97.0000,218.0000
532.5000,410.0000,97.0000,218.0000
533.0000,410.0000,97.0000,218.0000
533.5000,410.0000,97.0000,218.0000
534.0000,410.0000,97.0000,218.0000
534.5000,409.0000,97.0000,218.0000
534.0000,409.0000,97.0000,218.0000
534.5000,409.0000,97.0000,218.0000
535.0000,409.0000,97.0000,218.0000
535.5000,409.0000,97.0000,218.0000
536.0000,409.0000,97.0000,218.0000
536.5000,409.0000,97.0000,218.0000
537.0000,409.0000,97.0000,218.0000
537.5000,409.0000,97.0000,218.0000
538.0000,409.0000,97.0000,218.0000
538.5000,409.0000,97.0000,218.0000
539.0000,410.0000,97.0000,218.0000
539.5000,410.0000,97.0000,218.0000
540.0000,411.0000,97.0000,218.0000
540.5000,411.0000,97.0000,218.0000
541.0000,411.0000,97.0000,218.0000
542.5000,411.0000,97.0000,218.0000
543.0000,412.0000,97.0000,218.0000
543.5000,412.0000,97.0000,218.0000
544.0000,412.0000,97.0000,218.0000
545.5000,412.0000,97.0000,218.0000
546.0000,412.0000,97.0000,218.0000
546.5000,412.0000,97.0000,218.0000
547.0000,411.0000,97.0000,218.0000
547.5000,411.0000,97.0000,218.0000
549.0000,411.0000,97.0000,218.0000
549.5000,411.0000,97.0000,218.0000
550.0000,411.0000,97.0000,218.0000
550.5000,411.0000,97.0000,218.0000
552.0000,410.0000,97.0000,218.0000
552.5000,410.0000,97.0000,218.0000
553.0000,410.0000,97.0000,218.0000
553.5000,410.0000,97.0000,218.0000
554.0000,410.0000,97.0000,218.0000
555.5000,410.0000,97.0000,218.0000
556.0000,410.0000,97.0000,218.0000
556.5000,409.0000,97.0000,218.0000
558.0000,409.0000,97.0000,218.0000
558.5000,409.0000,97.0000,218.0000
559.0000,409.0000,97.0000,218.0000
559.5000,409.0000,97.0000,218.0000
560.0000,408.0000,97.0000,218.0000
561.5000,408.0000,97.0000,218.0000
562.0000,408.0000,97.0000,218.0000
562.5000,407.0000,97.0000,218.0000
563.0000,407.0000,97.0000,218.0000
563.5000,407.0000,97.0000,218.0000
564.0000,406.0000,97.0000,218.0000
564.5000,406.0000,97.0000,218.0000
565.0000,406.0000,97.0000,218.0000
566.5000,406.0000,97.0000,218.0000
567.0000,405.0000,97.0000,218.0000
567.5000,405.0000,97.0000,218.0000
568.0000,405.0000,97.0000,218.0000
568.5000,404.0000,97.0000,218.0000
569.0000,404.0000,97.0000,218.0000
569.5000,404.0000,97.0000,218.0000
571.0000,403.0000,97.0000,218.0000
571.5000,403.0000,97.0000,218.0000
572.0000,403.0000,97.0000,218.0000
572.5000,402.0000,97.0000,218.0000
573.0000,402.0000,97.0000,218.0000
573.5000,402.0000,97.0000,218.0000
574.0000,402.0000,97.0000,218.0000
574.5000,401.0000,97.0000,218.0000
575.0000,401.0000,97.0000,218.0000
575.5000,401.0000,97.0000,218.0000
577.0000,401.0000,97.0000,218.0000
577.5000,400.0000,97.0000,218.0000
578.0000,400.0000,97.0000,218.0000
578.5000,400.0000,97.0000,218.0000
579.0000,400.0000,97.0000,218.0000
579.5000,400.0000,97.0000,218.0000
580.0000,399.0000,97.0000,218.0000
581.5000,399.0000,97.0000,218.0000
582.0000,399.0000,97.0000,218.0000
582.5000,398.0000,97.0000,218.0000
583.0000,398.0000,97.0000,218.0000
583.5000,398.0000,97.0000,218.0000
585.0000,398.0000,97.0000,218.0000
585.5000,397.0000,97.0000,218.0000
586.0000,397.0000,97.0000,218.0000
587.5000,397.0000,97.0000,218.0000
588.0000,397.0000,97.0000,218.0000
588.5000,396.0000,97.0000,218.0000
590.0000,396.0000,97.0000,218.0000
590.5000,396.0000,97.0000,218.0000
591.0000,395.0000,97.0000,218.0000
592.5000,395.0000,97.0000,218.0000
593.0000,395.0000,97.0000,218.0000
593.5000,394.0000,97.0000,218.0000
594.0000,394.0000,97.0000,218.0000
595.5000,394.0000,97.0000,218.0000
596.0000,393.0000,97.0000,218.0000
596.5000,393.0000,97.0000,218.0000
598.0000,392.0000,97.0000,218.0000
598.5000,392.0000,97.0000,218.0000
599.0000,392.0000,97.0000,218.0000
600.5000,391.0000,97.0000,218.0000
601.0000,391.0000,97.0000,218.0000
601.5000,391.0000,97.0000,218.0000
603.0000,390.0000,97.0000,218.0000
603.5000,390.0000,97.0000,218.0000
605.0000,389.0000,97.0000,218.0000
605.5000,389.0000,97.0000,218.0000
606.0000,389.0000,97.0000,218.0000
607.5000,388.0000,97.0000,218.0000
608.0000,388.0000,97.0000,218.0000
609.5000,388.0000,97.0000,218.0000
610.0000,387.0000,97.0000,218.0000
610.5000,387.0000,97.0000,218.0000
611.0000,387.0000,97.0000,218.0000
612.5000,387.0000,97.0000,218.0000
613.0000,387.0000,97.0000,218.0000
614.5000,387.0000,97.0000,218.0000
615.0000,387.0000,97.0000,218.0000
615.5000,387.0000,97.0000,218.0000
617.0000,387.0000,97.0000,218.0000
617.5000,387.0000,97.0000,218.0000
619.0000,387.0000,97.0000,218.0000
619.5000,387.0000,97.0000,218.0000
620.0000,387.0000,97.0000,218.0000
621.5000,387.0000,97.0000,218.0000
622.0000,387.0000,97.0000,218.0000
623.5000,388.0000,97.0000,218.0000
624.0000,388.0000,97.0000,218.0000
624.5000,388.0000,97.0000,218.0000
626.0000,388.0000,97.0000,218.0000
626.5000,389.0000,97.0000,218.0000
627.0000,389.0000,97.0000,218.0000
628.5000,390.0000,97.0000,218.0000
629.0000,390.0000,97.0000,218.0000
630.5000,391.0000,97.0000,218.0000
631.0000,392.0000,97.0000,218.0000
632.5000,392.0000,97.0000,218.0000
633.0000,393.0000,97.0000,218.0000
633.5000,394.0000,97.0000,218.0000
635.0000,395.0000,97.0000,218.0000
636.5000,395.0000,97.0000,218.0000
637.0000,396.0000,97.0000,218.0000
638.5000,397.0000,97.0000,218.0000
639.0000,398.0000,97.0000,218.0000
640.5000,399.0000,97.0000,218.0000
641.0000,400.0000,97.0000,218.0000
642.5000,401.0000,97.0000,218.0000
643.0000,402.0000,97.0000,218.0000
644.5000,403.0000,97.0000,218.0000
646.0000,404.0000,97.0000,218.0000
646.5000,404.0000,97.0000,218.0000
648.0000,405.0000,97.0000,218.0000
648.5000,405.0000,97.0000,218.0000
650.0000,406.0000,97.0000,218.0000
650.5000,407.0000,97.0000,218.0000
652.0000,407.0000,97.0000,218.0000
652.5000,408.0000,97.0000,218.0000
654.0000,408.0000,97.0000,218.0000
654.5000,409.0000,97.0000,218.0000
656.0000,409.0000,97.0000,218.0000
656.5000,409.0000,97.0000,218.0000
658.0000,409.0000,97.0000,218.0000
658.5000,409.0000,97.0000,218.0000
660.0000,409.0000,97.0000,218.0000
661.5000,408.0000,97.0000,218.0000
662.0000,408.0000,97.0000,218.0000
663.5000,408.0000,97.0000,218.0000
664.0000,407.0000,97.0000,218.0000
665.5000,407.0000,97.0000,218.0000
666.0000,406.0000,97.0000,218.0000
667.5000,406.0000,97.0000,218.0000
668.0000,405.0000,97.0000,218.0000
669.5000,405.0000,97.0000,218.0000
670.0000,404.0000,97.0000,218.0000
671.5000,404.0000,97.0000,218.0000
672.0000,403.0000,97.0000,218.0000
672.5000,403.0000,97.0000,218.0000
674.0000,402.0000,97.0000,218.0000
674.5000,401.0000,97.0000,218.0000
676.0000,401.0000,97.0000,218.0000
676.5000,400.0000,97.0000,218.0000
678.0000,400.0000,97.0000,218.0000
678.5000,399.0000,97.0000,218.0000
679.0000,399.0000,97.0000,218.0000
680.5000,398.0000,97.0000,218.0000
681.0000,397.0000,97.0000,218.0000
681.5000,397.0000,97.0000,218.0000
682.0000,396.0000,97.0000,218.0000
682.5000,396.0000,97.0000,218.0000
684.0000,395.0000,97.0000,218.0000
684.5000,395.0000,97.0000,218.0000
685.0000,394.0000,97.0000,218.0000
685.5000,394.0000,97.0000,218.0000
686.0000,393.0000,97.0000,218.0000
686.5000,392.0000,97.0000,218.0000
687.0000,392.0000,97.0000,218.0000
687.5000,391.0000,97.0000,218.0000
688.0000,390.0000,97.0000,218.0000
688.5000,390.0000,97.0000,218.0000
689.0000,389.0000,97.0000,218.0000
689.5000,388.0000,97.0000,218.0000
690.0000,387.0000,97.0000,218.0000
690.5000,387.0000,97.0000,218.0000
691.0000,386.0000,97.0000,218.0000
691.5000,385.0000,97.0000,218.0000
692.0000,384.0000,97.0000,218.0000
692.5000,383.0000,97.0000,218.0000
693.0000,383.0000,97.0000,218.0000
693.5000,382.0000,97.0000,218.0000
694.0000,381.0000,97.0000,218.0000
694.5000,380.0000,97.0000,218.0000
695.0000,379.0000,97.0000,218.0000
695.5000,378.0000,97.0000,218.0000
695.0000,377.0000,97.0000,218.0000
695.5000,376.0000,97.0000,218.0000
696.0000,375.0000,97.0000,218.0000
696.5000,374.0000,97.0000,218.0000
697.0000,373.0000,97.0000,218.0000
697.5000,372.0000,97.0000,218.0000
698.0000,370.0000,97.0000,218.0000
698.5000,369.0000,97.0000,218.0000
699.0000,368.0000,97.0000,218.0000
699.5000,367.0000,97.0000,218.0000
700.0000,366.0000,97.0000,218.0000
700.5000,364.0000,97.0000,218.0000
700.0000,363.0000,97.0000,218.0000
700.5000,362.0000,97.0000,218.0000
701.0000,361.0000,97.0000,218.0000
701.5000,359.0000,97.0000,218.0000
702.0000,358.0000,97.0000,218.0000
701.5000,356.0000,97.0000,218.0000
702.0000,355.0000,97.0000,218.0000
702.5000,354.0000,97.0000,218.0000
702.0000,352.0000,97.0000,218.0000
702.5000,350.0000,97.0000,218.0000
703.0000,349.0000,97.0000,218.0000
702.5000,347.0000,97.0000,218.0000
703.0000,346.0000,97.0000,218.0000
703.5000,344.0000,97.0000,218.0000
703.0000,342.0000,97.0000,218.0000
703.5000,341.0000,97.0000,218.0000
703.0000,339.0000,97.0000,218.0000
703.5000,337.0000,97.0000,218.0000
704.0000,336.0000,97.0000,218.0000
704.5000,334.0000,97.0000,218.0000
704.0000,332.0000,97.0000,218.0000
704.5000,330.0000,97.0000,218.0000
705.0000,328.0000,97.0000,218.0000
704.5000,326.0000,97.0000,218.0000
705.0000,324.0000,97.0000,218.0000
705.5000,322.0000,97.0000,218.0000
705.0000,320.0000,97.0000,218.0000
705.5000,318.0000,97.0000,218.0000
705.0000,316.0000,97.0000,218.0000
705.5000,313.0000,97.0000,218.0000
705.0000,311.0000,97.0000,218.0000
705.5000,309.0000,97.0000,218.0000
705.0000,307.0000,97.0000,218.0000
705.5000,305.0000,97.0000,218.0000
705.0000,302.0000,97.0000,218.0000
705.5000,300.0000,97.0000,218.0000
705.0000,298.0000,97.0000,218.0000
704.5000,296.0000,97.0000,218.0000
705.0000,294.0000,97.0000,218.0000
704.5000,292.0000,97.0000,218.0000
705.0000,290.0000,97.0000,218.0000
704.5000,288.0000,97.0000,218.0000
705.0000,286.0000,97.0000,218.0000
704.5000,284.0000,97.0000,218.0000
705.0000,281.0000,97.0000,218.0000
704.5000,279.0000,97.0000,218.0000
704.0000,277.0000,97.0000,218.0000
704.5000,274.0000,97.0000,218.0000
704.0000,272.0000,97.0000,218.0000
703.5000,269.0000,97.0000,218.0000
703.0000,267.0000,97.0000,218.0000
703.5000,264.0000,97.0000,218.0000
703.0000,262.0000,97.0000,218.0000
702.5000,260.0000,97.0000,218.0000
702.0000,257.0000,97.0000,218.0000
702.5000,255.0000,97.0000,218.0000
702.0000,253.0000,97.0000,218.0000
701.5000,252.0000,97.0000,218.0000
701.0000,250.0000,97.0000,218.0000
701.5000,249.0000,97.0000,218.0000
701.0000,247.0000,97.0000,218.0000
700.5000,246.0000,97.0000,218.0000
701.0000,245.0000,97.0000,218.0000
700.5000,245.0000,97.0000,218.0000
700.0000,244.0000,97.0000,218.0000
699.5000,243.0000,97.0000,218.0000
699.0000,242.0000,97.0000,218.0000
699.5000,242.0000,97.0000,218.0000
699.0000,241.0000,97.0000,218.0000
698.5000,241.0000,97.0000,218.0000
698.0000,241.0000,97.0000,218.0000
697.5000,241.0000,97.0000,218.0000
697.0000,241.0000,97.0000,218.0000
696.5000,241.0000,97.0000,218.0000
696.0000,241.0000,97.0000,218.0000
695.5000,242.0000,97.0000,218.0000
695.0000,243.0000,97.0000,218.0000
694.5000,244.0000,97.0000,218.0000
694.0000,245.0000,97.0000,218.0000
693.5000,246.0000,97.0000,218.0000
693.0000,247.0000,97.0000,218.0000
692.5000,248.0000,97.0000,218.0000
692.0000,249.0000,97.0000,218.0000
691.5000,250.0000,97.0000,218.0000
691.0000,251.0000,97.0000,218.0000
690.5000,252.0000,97.0000,218.0000
690.0000,253.0000,97.0000,218.0000
689.5000,254.0000,97.0000,218.0000
689.0000,255.0000,97.0000,218.0000
688.5000,256.0000,97.0000,218.0000
688.0000,257.0000,97.0000,218.0000
687.5000,257.0000,97.0000,218.0000
687.0000,258.0000,97.0000,218.0000
686.5000,258.0000,97.0000,218.0000
686.0000,259.0000,97.0000,218.0000
685.5000,259.0000,97.0000,218.0000
685.0000,259.0000,97.0000,218.0000
684.5000,260.0000,97.0000,218.0000
684.0000,260.0000,97.0000,218.0000
683.5000,260.0000,97.0000,218.0000
683.0000,260.0000,97.0000,218.0000
682.5000,260.0000,97.0000,218.0000
682.0000,261.0000,97.0000,218.0000
682.5000,261.0000,97.0000,218.0000
682.0000,261.0000,97.0000,218.0000
681.5000,262.0000,97.0000,218.0000
681.0000,262.0000,97.0000,218.0000
680.5000,262.0000,97.0000,218.0000
680.0000,262.0000,97.0000,218.0000
679.5000,263.0000,97.0000,218.0000
679.0000,263.0000,97.0000,218.0000
678.5000,263.0000,97.0000,218.0000
678.0000,263.0000,97.0000,218.0000
677.5000,263.0000,97.0000,218.0000
677.0000,264.0000,97.0000,218.0000
676.5000,264.0000,97.0000,218.0000
676.0000,265.0000,97.0000,218.0000
675.5000,266.0000,97.0000,218.0000
675.0000,267.0000,97.0000,218.0000
674.5000,268.0000,97.0000,218.0000
674.0000,269.0000,97.0000,218.0000
673.5000,270.0000,97.0000,218.0000
673.0000,271.0000,97.0000,218.0000
672.5000,273.0000,97.0000,218.0000
672.0000,275.0000,97.0000,218.0000
671.5000,277.0000,97.0000,218.0000
672.0000,278.0000,97.0000,218.0000
671.5000,280.0000,97.0000,218.0000
671.0000,281.0000,97.0000,218.0000
670.5000,284.0000,97.0000,218.0000
670.0000,285.0000,97.0000,218.0000
669.5000,287.0000,97.0000,218.0000
669.0000,289.0000,97.0000,218.0000
668.5000,291.0000,97.0000,218.0000
668.0000,293.0000,97.0000,218.0000
667.5000,295.0000,97.0000,218.0000
667.0000,297.0000,97.0000,218.0000
666.5000,299.0000,97.0000,218.0000
666.0000,301.0000,97.0000,218.0000
665.5000,303.0000,97.0000,218.0000
665.0000,305.0000,97.0000,218.0000
664.5000,307.0000,97.0000,218.0000
664.0000,309.0000,97.0000,218.0000
663.5000,311.0000,97.0000,218.0000
663.0000,313.0000,97.0000,218.0000
662.5000,315.0000,97.0000,218.0000
662.0000,317.0000,97.0000,218.0000
661.5000,319.0000,97.0000,218.0000
661.0000,321.0000,97.0000,218.0000
660.5000,323.0000,97.0000,218.0000
661.0000,325.0000,97.0000,218.0000
660.5000,326.0000,97.0000,218.0000
660.0000,328.0000,97.0000,218.0000
659.5000,329.0000,97.0000,218.0000
659.0000,331.0000,97.0000,218.0000
658.5000,332.0000,97.0000,218.0000
659.0000,334.0000,97.0000,218.0000
658.5000,335.0000,97.0000,218.0000
658.0000,337.0000,97.0000,218.0000
657.5000,339.0000,97.0000,218.0000
657.0000,340.0000,97.0000,218.0000
656.5000,342.0000,97.0000,218.0000
656.0000,343.0000,97.0000,218.0000
655.5000,345.0000,97.0000,218.0000
656.0000,348.0000,97.0000,218.0000
655.5000,350.0000,97.0000,218.0000
655.0000,352.0000,97.0000,218.0000
654.5000,354.0000,97.0000,218.0000
654.0000,356.0000,97.0000,218.0000
654.5000,359.0000,97.0000,218.0000
654.0000,361.0000,97.0000,218.0000
653.5000,363.0000,97.0000,218.0000
653.0000,365.0000,97.0000,218.0000
653.5000,367.0000,97.0000,218.0000
653.0000,370.0000,97.0000,218.0000
652.5000,372.0000,97.0000,218.0000
652.0000,374.0000,97.0000,218.0000
651.5000,376.0000,97.0000,218.0000
651.0000,378.0000,97.0000,218.0000
650.5000,380.0000,97.0000,218.0000
650.0000,382.0000,97.0000,218.0000
650.5000,384.0000,97.0000,218.0000
650.0000,385.0000,97.0000,218.0000
649.5000,387.0000,97.0000,218.0000
649.0000,389.0000,97.0000,218.0000
648.5000,391.0000,97.0000,218.0000
648.0000,392.0000,97.0000,218.0000
648.5000,394.0000,97.0000,218.0000
648.0000,396.0000,97.0000,218.0000
647.5000,398.0000,97.0000,218.0000
647.0000,400.0000,97.0000,218.0000
646.5000,402.0000,97.0000,218.0000
647.0000,403.0000,97.0000,218.0000
646.5000,405.0000,97.0000,218.0000
646.0000,407.0000,97.0000,218.0000
645.5000,409.0000,97.0000,218.0000
645.0000,411.0000,97.0000,218.0000
645.5000,413.0000,97.0000,218.0000
645.0000,415.0000,97.0000,218.0000
644.5000,417.0000,97.0000,218.0000
644.0000,419.0000,97.0000,218.0000
644.5000,421.0000,97.0000,218.0000
644.0000,423.0000,97.0000,218.0000
643.5000,425.0000,97.0000,218.0000
643.0000,427.0000,97.0000,218.0000
643.5000,429.0000,97.0000,218.0000
643.0000,431.0000,97.0000,218.0000
642.5000,433.0000,97.0000,218.0000
642.0000,435.0000,97.0000,218.0000
641.5000,438.0000,97.0000,218.0000
642.0000,440.0000,97.0000,218.0000
641.5000,442.0000,97.0000,218.0000
641.0000,444.0000,97.0000,218.0000
640.5000,446.0000,97.0000,218.0000
641.0000,449.0000,97.0000,218.0000
640.5000,452.0000,97.0000,218.0000
640.0000,454.0000,97.0000,218.0000
640.5000,456.0000,97.0000,218.0000
640.0000,458.0000,97.0000,218.0000
639.5000,461.0000,97.0000,218.0000
639.0000,464.0000,97.0000,218.0000
639.5000,466.0000,97.0000,218.0000
639.0000,468.0000,97.0000,218.0000
638.5000,471.0000,97.0000,218.0000
639.0000,474.0000,97.0000,218.0000
638.5000,476.0000,97.0000,218.0000
638.0000,478.0000,97.0000,218.0000
638.5000,481.0000,97.0000,218.0000
638.0000,483.0000,97.0000,218.0000
637.5000,486.0000,97.0000,218.0000
637.0000,488.0000,97.0000,218.0000
637.5000,491.0000,97.0000,218.0000
637.0000,493.0000,97.0000,218.0000
636.5000,495.0000,97.0000,218.0000
637.0000,498.0000,97.0000,218.0000
636.5000,500.0000,97.0000,218.0000
636.0000,502.0000,97.0000,218.0000
636.5000,504.0000,97.0000,218.0000
636.0000,506.0000,97.0000,218.0000
635.5000,507.0000,97.0000,218.0000
636.0000,507.0000,97.0000,218.0000
635.5000,507.0000,97.0000,218.0000
635.0000,507.0000,97.0000,218.0000
635.5000,507.0000,97.0000,218.0000
635.0000,507.0000,97.0000,218.0000
634.5000,506.0000,97.0000,218.0000
635.0000,506.0000,97.0000,218.0000
634.5000,506.0000,97.0000,218.0000
634.0000,506.0000,97.0000,218.0000
633.5000,505.0000,97.0000,218.0000
634.0000,505.0000,97.0000,218.0000
633.5000,504.0000,97.0000,218.0000
633.0000,503.0000,97.0000,218.0000
633.5000,502.0000,97.0000,218.0000
633.0000,500.0000,97.0000,218.0000
632.5000,499.0000,97.0000,218.0000
632.0000,497.0000,97.0000,218.0000
632.5000,496.0000,97.0000,218.0000
632.0000,495.0000,97.0000,218.0000
631.5000,493.0000,97.0000,218.0000
632.0000,492.0000,97.0000,218.0000
631.5000,491.0000,97.0000,218.0000
631.0000,489.0000,97.0000,218.0000
631.5000,488.0000,97.0000,218.0000
631.0000,486.0000,97.0000,218.0000
630.5000,485.0000,97.0000,218.0000
631.0000,484.0000,97.0000,218.0000
630.5000,483.0000,97.0000,218.0000
630.0000,481.0000,97.0000,218.0000
630.5000,480.0000,97.0000,218.0000
630.0000,479.0000,97.0000,218.0000
629.5000,477.0000,97.0000,218.0000
630.0000,476.0000,97.0000,218.0000
629.5000,475.0000,97.0000,218.0000
629.0000,473.0000,97.0000,218.0000
628.5000,472.0000,97.0000,218.0000
629.0000,471.0000,97.0000,218.0000
628.5000,470.0000,97.0000,218.0000
628.0000,469.0000,97.0000,218.0000
628.5000,467.0000,97.0000,218.0000
628.0000,466.0000,97.0000,218.0000
627.5000,465.0000,97.0000,218.0000
628.0000,464.0000,97.0000,218.0000
627.5000,463.0000,97.0000,218.0000
627.0000,462.0000,97.0000,218.0000
627.5000,461.0000,97.0000,218.0000
627.0000,460.0000,97.0000,218.0000
626.5000,459.0000,97.0000,218.0000
627.0000,458.0000,97.0000,218.0000
626.5000,457.0000,97.0000,218.0000
626.0000,456.0000,97.0000,218.0000
626.5000,455.0000,97.0000,218.0000
626.0000,454.0000,97.0000,218.0000
625.5000,453.0000,97.0000,218.0000
626.0000,452.0000,97.0000,218.0000
625.5000,451.0000,97.0000,218.0000
626.0000,450.0000,97.0000,218.0000
625.5000,449.0000,97.0000,218.0000
625.0000,448.0000,97.0000,218.0000
625.5000,447.0000,97.0000,218.0000
625.0000,446.0000,97.0000,218.0000
624.5000,445.0000,97.0000,218.0000
625.0000,444.0000,97.0000,218.0000
624.5000,443.0000,97.0000,218.0000
624.0000,441.0000,97.0000,218.0000
624.5000,440.0000,97.0000,218.0000
624.0000,439.0000,97.0000,218.0000
623.5000,438.0000,97.0000,218.0000
624.0000,437.0000,97.0000,218.0000
623.5000,436.0000,97.0000,218.0000
623.0000,435.0000,97.0000,218.0000
622.5000,434.0000,97.0000,218.0000
623.0000,433.0000,97.0000,218.0000
622.5000,432.0000,97.0000,218.0000
622.0000,431.0000,97.0000,218.0000
622.5000,430.0000,97.0000,218.0000
622.0000,429.0000,97.0000,218.0000
621.5000,429.0000,97.0000,218.0000
622.0000,428.0000,97.0000,218.0000
621.5000,427.0000,97.0000,218.0000
621.0000,426.0000,97.0000,218.0000
620.5000,425.0000,97.0000,218.0000
621.0000,424.0000,97.0000,218.0000
620.5000,424.0000,97.0000,218.0000
620.0000,423.0000,97.0000,218.0000
620.5000,422.0000,97.0000,218.0000
620.0000,421.0000,97.0000,218.0000
619.5000,420.0000,97.0000,218.0000
619.0000,420.0000,97.0000,218.0000
619.5000,419.0000,97.0000,218.0000
619.0000,418.0000,97.0000,218.0000
618.5000,417.0000,97.0000,218.0000
618.0000,416.0000,97.0000,218.0000
618.5000,416.0000,97.0000,218.0000
618.0000,415.0000,97.0000,218.0000
617.5000,414.0000,97.0000,218.0000
617.0000,413.0000,97.0000,218.0000
617.5000,413.0000,97.0000,218.0000
617.0000,412.0000,97.0000,218.0000
616.5000,411.0000,97.0000,218.0000
616.0000,410.0000,97.0000,218.0000
616.5000,410.0000,97.0000,218.0000
616.0000,409.0000,97.0000,218.0000
615.5000,409.0000,97.0000,218.0000
615.0000,408.0000,97.0000,218.0000
615.5000,408.0000,97.0000,218.0000
615.0000,407.0000,97.0000,218.0000
614.5000,407.0000,97.0000,218.0000
614.0000,406.0000,97.0000,218.0000
614.5000,406.0000,97.0000,218.0000
614.0000,405.0000,97.0000,218.0000
613.5000,405.0000,97.0000,218.0000
613.0000,405.0000,97.0000,218.0000
613.5000,404.0000,97.0000,218.0000
613.0000,404.0000,97.0000,218.0000
612.5000,404.0000,97.0000,218.0000
613.0000,403.0000,97.0000,218.0000
612.5000,403.0000,97.0000,218.0000
612.0000,403.0000,97.0000,218.0000
611.5000,402.0000,97.0000,218.0000
612.0000,402.0000,97.0000,218.0000
611.5000,402.0000,97.0000,218.0000
611.0000,401.0000,97.0000,218.0000
611.5000,401.0000,97.0000,218.0000
611.0000,401.0000,97.0000,218.0000
610.5000,401.0000,97.0000,218.0000
611.0000,400.0000,97.0000,218.0000
610.5000,400.0000,97.0000,218.0000
610.0000,400.0000,97.0000,218.0000
609.5000,400.0000,97.0000,218.0000
610.0000,400.0000,97.0000,218.0000
609.5000,400.0000,97.0000,218.0000
609.0000,399.0000,97.0000,218.0000
609.5000,399.0000,97.0000,218.0000
609.0000,399.0000,97.0000,218.0000
608.5000,399.0000,97.0000,218.0000
609.0000,399.0000,97.0000,218.0000
608.5000,398.0000,97.0000,218.0000
609.0000,398.0000,97.0000,218.0000
608.5000,398.0000,97.0000,218.0000
609.0000,398.0000,97.0000,218.0000
608.5000,398.0000,97.0000,218.0000
609.0000,398.0000,97.0000,218.0000
608.5000,398.0000,97.0000,218.0000
608.0000,398.0000,97.0000,218.0000
608.5000,398.0000,97.0000,218.0000
608.0000,397.0000,97.0000,218.0000
608.5000,397.0000,97.0000,218.0000
608.0000,397.0000,97.0000,218.0000
608.5000,397.0000,97.0000,218.0000
608.0000,397.0000,97.0000,218.0000
608.5000,397.0000,97.0000,218.0000
608.0000,396.0000,97.0000,218.0000
608.5000,396.0000,97.0000,218.0000
608.0000,396.0000,97.0000,218.0000
608.5000,396.0000,97.0000,218.0000
608.0000,396.0000,97.0000,218.0000
608.5000,396.0000,97.0000,218.0000
608.0000,396.0000,97.0000,218.0000
607.5000,395.0000,97.0000,218.0000
608.0000,395.0000,97.0000,218.0000
607.5000,395.0000,97.0000,218.0000
608.0000,395.0000,97.0000,218.0000
607.5000,395.0000,97.0000,218.0000
608.0000,395.0000,97.0000,218.0000
607.5000,395.0000,97.0000,218.0000
608.0000,395.0000,97.0000,218.0000
607.5000,395.0000,97.0000,218.0000
607.0000,395.0000,97.0000,218.0000
607.5000,395.0000,97.0000,218.0000
607.0000,395.0000,97.0000,218.0000
607.5000,395.0000,97.0000,218.0000
607.0000,395.0000,97.0000,218.0000
607.5000,395.0000,97.0000,218.0000
607.0000,395.0000,97.0000,218.0000
607.5000,395.0000,97.0000,218.0000
607.0000,395.0000,97.0000,218.0000
607.5000,395.0000,97.0000,218.0000
607.0000,395.0000,97.0000,218.0000
606.5000,395.0000,97.0000,218.0000
607.0000,395.0000,97.0000,218.0000
606.5000,395.0000,97.0000,218.0000
607.0000,395.0000,97.0000,218.0000
606.5000,395.0000,97.0000,218.0000
607.0000,395.0000,97.0000,218.0000
606.5000,395.0000,97.0000,218.0000
607.0000,395.0000,97.0000,218.0000
606.5000,395.0000,97.0000,218.0000
606.0000,395.0000,97.0000,218.0000
606.5000,395.0000,97.0000,218.0000
606.0000,395.0000,97.0000,218.0000
606.5000,395.0000,97.0000,218.0000
606.0000,395.0000,97.0000,218.0000
606.5000,395.0000,97.0000,218.0000
606.0000,395.0000,97.0000,218.0000
606.5000,395.0000,97.0000,218.0000
606.0000,395.0000,97.0000,218.0000
605.5000,395.0000,97.0000,218.0000
606.0000,395.0000,97.0000,218.0000
605.5000,395.0000,97.0000,218.0000
606.0000,395.0000,97.0000,218.0000
605.5000,395.0000,97.0000,218.0000
606.0000,395.0000,97.0000,218.0000
605.5000,395.0000,97.0000,218.0000
606.0000,395.0000,97.0000,218.0000
605.5000,395.0000,97.0000,218.0000
606.0000,395.0000,97.0000,218.0000
605.5000,395.0000,97.0000,218.0000
606.0000,395.0000,97.0000,218.0000
605.5000,395.0000,97.0000,218.0000
606.0000,395.0000,97.0000,218.0000
605.5000,395.0000,97.0000,218.0000
606.0000,395.0000,97.0000,218.0000
605.5000,396.0000,97.0000,218.0000
606.0000,396.0000,97.0000,218.0000
605.5000,396.0000,97.0000,218.0000
606.0000,396.0000,97.0000,218.0000
605.5000,396.0000,97.0000,218.0000
606.0000,396.0000,97.0000,218.0000
605.5000,396.0000,97.0000,218.0000
606.0000,396.0000,97.0000,218.0000
605.5000,395.0000,97.0000,218.0000
606.0000,395.0000,97.0000,218.0000
605.5000,395.0000,97.0000,218.0000
606.0000,395.0000,97.0000,218.0000
605.5000,395.0000,97.0000,218.0000
606.0000,395.0000,97.0000,218.0000
605.5000,395.0000,97.0000,218.0000
606.0000,395.0000,97.0000,218.0000
605.5000,395.0000,97.0000,218.0000
606.0000,395.0000,97.0000,218.0000
605.5000,394.0000,97.0000,218.0000
606.0000,394.0000,97.0000,218.0000
605.5000,394.0000,97.0000,218.0000
606.0000,394.0000,97.0000,218.0000
605.5000,394.0000,97.0000,218.0000
606.0000,394.0000,97.0000,218.0000
605.5000,393.0000,97.0000,218.0000
606.0000,393.0000,97.0000,218.0000
605.5000,393.0000,97.0000,218.0000
606.0000,393.0000,97.0000,218.0000
605.5000,393.0000,97.0000,218.0000
606.0000,393.0000,97.0000,218.0000
605.5000,392.0000,97.0000,218.0000
606.0000,392.0000,97.0000,218.0000
605.5000,392.0000,97.0000,218.0000
606.0000,392.0000,97.0000,218.0000
605.5000,392.0000,97.0000,218.0000
606.0000,392.0000,97.0000,218.0000
605.5000,391.0000,97.0000,218.0000
606.0000,391.0000,97.0000,218.0000
606.5000,391.0000,97.0000,218.0000
606.0000,391.0000,97.0000,218.0000
606.5000,391.0000,97.0000,218.0000
606.0000,390.0000,97.0000,218.0000
606.5000,390.0000,97.0000,218.0000
606.0000,390.0000,97.0000,218.0000
606.5000,389.0000,97.0000,218.0000
606.0000,389.0000,97.0000,218.0000
606.5000,389.0000,97.0000,218.0000
606.0000,388.0000,97.0000,218.0000
606.5000,388.0000,97.0000,218.0000
606.0000,388.0000,97.0000,218.0000
605.5000,387.0000,97.0000,218.0000
606.0000,387.0000,97.0000,218.0000
605.5000,387.0000,97.0000,218.0000
606.0000,387.0000,97.0000,218.0000
605.5000,387.0000,97.0000,218.0000
606.0000,387.0000,97.0000,218.0000
605.5000,387.0000,97.0000,218.0000
606.0000,387.0000,97.0000,218.0000
605.5000,387.0000,97.0000,218.0000
606.0000,387.0000,97.0000,218.0000
605.5000,387.0000,97.0000,218.0000
606.0000,387.0000,97.0000,218.0000
605.5000,386.0000,97.0000,218.0000
606.0000,386.0000,97.0000,218.0000
605.5000,386.0000,97.0000,218.0000
605.0000,386.0000,97.0000,218.0000
605.5000,386.0000,97.0000,218.0000
605.0000,385.0000,97.0000,218.0000
605.5000,385.0000,97.0000,218.0000
605.0000,385.0000,97.0000,218.0000
605.5000,385.0000,97.0000,218.0000
605.0000,385.0000,97.0000,218.0000
604.5000,385.0000,97.0000,218.0000
605.0000,385.0000,97.0000,218.0000
604.5000,385.0000,97.0000,218.0000
605.0000,385.0000,97.0000,218.0000
604.5000,385.0000,97.0000,218.0000
604.0000,385.0000,97.0000,218.0000
604.5000,385.0000,97.0000,218.0000
604.0000,385.0000,97.0000,218.0000
604.5000,385.0000,97.0000,218.0000
604.0000,385.0000,97.0000,218.0000
603.5000,385.0000,97.0000,218.0000
604.0000,385.0000,97.0000,218.0000
603.5000,385.0000,97.0000,218.0000
604.0000,385.0000,97.0000,218.0000
603.5000,385.0000,97.0000,218.0000
603.0000,385.0000,97.0000,218.0000
603.5000,385.0000,97.0000,218.0000
603.0000,385.0000,97.0000,218.0000
603.5000,385.0000,97.0000,218.0000
603.0000,385.0000,97.0000,218.0000
602.5000,385.0000,97.0000,218.0000
603.0000,385.0000,97.0000,218.0000
602.5000,385.0000,97.0000,218.0000
602.0000,385.0000,97.0000,218.0000
602.5000,385.0000,97.0000,218.0000
602.0000,385.0000,97.0000,218.0000
601.5000,385.0000,97.0000,218.0000
602.0000,385.0000,97.0000,218.0000
601.5000,384.0000,97.0000,218.0000
601.0000,384.0000,97.0000,218.0000
600.5000,384.0000,97.0000,218.0000
601.0000,384.0000,97.0000,218.0000
600.5000,384.0000,97.0000,218.0000
600.0000,383.0000,97.0000,218.0000
600.5000,383.0000,97.0000,218.0000
600.0000,383.0000,97.0000,218.0000
599.5000,383.0000,97.0000,218.0000
599.0000,383.0000,97.0000,218.0000
599.5000,382.0000,97.0000,218.0000
599.0000,382.0000,97.0000,218.0000
598.5000,382.0000,97.0000,218.0000
598.0000,382.0000,97.0000,218.0000
598.5000,382.0000,97.0000,218.0000
598.0000,381.0000,97.0000,218.0000
597.5000,381.0000,97.0000,218.0000
597.0000,381.0000,97.0000,218.0000
597.5000,381.0000,97.0000,218.0000
597.0000,381.0000,97.0000,218.0000
596.5000,381.0000,97.0000,218.0000
596.0000,381.0000,97.0000,218.0000
596.5000,380.0000,97.0000,218.0000
596.0000,380.0000,97.0000,218.0000
595.5000,380.0000,97.0000,218.0000
595.0000,380.0000,97.0000,218.0000
595.5000,380.0000,97.0000,218.0000
595.0000,380.0000,97.0000,218.0000
594.5000,379.0000,97.0000,218.0000
595.0000,379.0000,97.0000,218.0000
594.5000,379.0000,97.0000,218.0000
594.0000,379.0000,97.0000,218.0000
593.5000,378.0000,97.0000,218.0000
594.0000,378.0000,97.0000,218.0000
593.5000,378.0000,97.0000,218.0000
593.0000,378.0000,97.0000,218.0000
592.5000,377.0000,97.0000,218.0000
592.0000,377.0000,97.0000,218.0000
592.5000,377.0000,97.0000,218.0000
592.0000,377.0000,97.0000,218.0000
591.5000,377.0000,97.0000,218.0000
591.0000,376.0000,97.0000,218.0000
591.5000,376.0000,97.0000,218.0000
591.0000,376.0000,97.0000,218.0000
590.5000,375.0000,97.0000,218.0000
591.0000,375.0000,97.0000,218.0000
590.5000,375.0000,97.0000,218.0000
590.0000,375.0000,97.0000,218.0000
590.5000,375.0000,97.0000,218.0000
590.0000,374.0000,97.0000,218.0000
589.5000,374.0000,97.0000,218.0000
589.0000,374.0000,97.0000,218.0000
589.5000,373.0000,97.0000,218.0000
589.0000,373.0000,97.0000,218.0000
588.5000,373.0000,97.0000,218.0000
588.0000,372.0000,97.0000,218.0000
588.5000,372.0000,97.0000,218.0000
588.0000,372.0000,97.0000,218.0000
587.5000,371.0000,97.0000,218.0000
587.0000,371.0000,97.0000,218.0000
587.5000,370.0000,97.0000,218.0000
587.0000,370.0000,97.0000,218.0000
586.5000,370.0000,97.0000,218.0000
586.0000,369.0000,97.0000,218.0000
586.5000,369.0000,97.0000,218.0000
586.0000,369.0000,97.0000,218.0000
585.5000,369.0000,97.0000,218.0000
586.0000,368.0000,97.0000,218.0000
585.5000,368.0000,97.0000,218.0000
585.0000,368.0000,97.0000,218.0000
585.5000,367.0000,97.0000,218.0000
585.0000,367.0000,97.0000,218.0000
584.5000,367.0000,97.0000,218.0000
585.0000,366.0000,97.0000,218.0000
584.5000,366.0000,97.0000,218.0000
584.0000,366.0000,97.0000,218.0000
584.5000,365.0000,97.0000,218.0000
584.0000,365.0000,97.0000,218.0000
583.5000,364.0000,97.0000,218.0000
584.0000,364.0000,97.0000,218.0000
583.5000,364.0000,97.0000,218.0000
583.0000,363.0000,97.0000,218.0000
583.5000,363.0000,97.0000,218.0000
583.0000,363.0000,97.0000,218.0000
583.5000,362.0000,97.0000,218.0000
583.0000,362.0000,97.0000,218.0000
582.5000,362.0000,97.0000,218.0000
583.0000,361.0000,97.0000,218.0000
582.5000,361.0000,97.0000,218.0000
583.0000,360.0000,97.0000,218.0000
582.5000,360.0000,97.0000,218.0000
582.0000,360.0000,97.0000,218.0000
582.5000,360.0000,97.0000,218.0000
582.0000,359.0000,97.0000,218.0000
582.5000,359.0000,97.0000,218.0000
582.0000,358.0000,97.0000,218.0000
581.5000,358.0000,97.0000,218.0000
582.0000,358.0000,97.0000,218.0000
581.5000,357.0000,97.0000,218.0000
582.0000,357.0000,97.0000,218.0000
581.5000,357.0000,97.0000,218.0000
581.0000,356.0000,97.0000,218.0000
581.5000,356.0000,97.0000,218.0000
581.0000,356.0000,97.0000,218.0000
581.5000,355.0000,97.0000,218.0000
581.0000,355.0000,97.0000,218.0000
580.5000,354.0000,97.0000,218.0000
581.0000,354.0000,97.0000,218.0000
580.5000,353.0000,97.0000,218.0000
580.0000,353.0000,97.0000,218.0000
580.5000,353.0000,97.0000,218.0000
580.0000,352.0000,97.0000,218.0000
580.5000,351.0000,97.0000,218.0000
580.0000,351.0000,97.0000,218.0000
579.5000,350.0000,97.0000,218.0000
580.0000,350.0000,97.0000,218.0000
579.5000,349.0000,97.0000,218.0000
579.0000,349.0000,97.0000,218.0000
579.5000,349.0000,97.0000,218.0000
579.0000,348.0000,97.0000,218.0000
579.5000,348.0000,97.0000,218.0000
579.0000,348.0000,97.0000,218.0000
578.5000,347.0000,97.0000,218.0000
579.0000,347.0000,97.0000,218.0000
578.5000,346.0000,97.0000,218.0000
578.0000,346.0000,97.0000,218.0000
578.5000,346.0000,97.0000,218.0000
578.0000,345.0000,97.0000,218.0000
577.5000,345.0000,97.0000,218.0000
578.0000,345.0000,97.0000,218.0000
577.5000,344.0000,97.0000,218.0000
577.0000,344.0000,97.0000,218.0000
577.5000,343.0000,97.0000,218.0000
577.0000,343.0000,97.0000,218.0000
576.5000,343.0000,97.0000,218.0000
577.0000,342.0000,97.0000,218.0000
576.5000,342.0000,97.0000,218.0000
576.0000,341.0000,97.0000,218.0000
576.5000,341.0000,97.0000,218.0000
576.0000,340.0000,97.0000,218.0000
576.5000,340.0000,97.0000,218.0000
576.0000,339.0000,97.0000,218.0000
575.5000,339.0000,97.0000,218.0000
576.0000,339.0000,97.0000,218.0000
575.5000,338.0000,97.0000,218.0000
576.0000,338.0000,97.0000,218.0000
575.5000,337.0000,97.0000,218.0000
575.0000,337.0000,97.0000,218.0000
575.5000,337.0000,97.0000,218.0000
575.0000,336.0000,97.0000,218.0000
574.5000,336.0000,97.0000,218.0000
575.0000,336.0000,97.0000,218.0000
574.5000,335.0000,97.0000,218.0000
575.0000,335.0000,97.0000,218.0000
574.5000,335.0000,97.0000,218.0000
574.0000,335.0000,97.0000,218.0000
574.5000,334.0000,97.0000,218.0000
574.0000,334.0000,97.0000,218.0000
574.5000,334.0000,97.0000,218.0000
574.0000,333.0000,97.0000,218.0000
574.5000,333.0000,97.0000,218.0000
574.0000,333.0000,97.0000,218.0000
573.5000,332.0000,97.0000,218.0000
574.0000,332.0000,97.0000,218.0000
573.5000,332.0000,97.0000,218.0000
574.0000,331.0000,97.0000,218.0000
573.5000,331.0000,97.0000,218.0000
573.0000,330.0000,97.0000,218.0000
573.5000,330.0000,97.0000,218.0000
573.0000,330.0000,97.0000,218.0000
573.5000,329.0000,97.0000,218.0000
573.0000,329.0000,97.0000,218.0000
572.5000,328.0000,97.0000,218.0000
573.0000,328.0000,97.0000,218.0000
572.5000,328.0000,97.0000,218.0000
572.0000,327.0000,97.0000,218.0000
572.5000,327.0000,97.0000,218.0000
572.0000,327.0000,97.0000,218.0000
572.5000,327.0000,97.0000,218.0000
572.0000,326.0000,97.0000,218.0000
571.5000,326.0000,97.0000,218.0000
572.0000,326.0000,97.0000,218.0000
571.5000,326.0000,97.0000,218.0000
571.0000,325.0000,97.0000,218.0000
571.5000,325.0000,97.0000,218.0000
571.0000,325.0000,97.0000,218.0000
571.5000,325.0000,97.0000,218.0000
571.0000,325.0000,97.0000,218.0000
570.5000,324.0000,97.0000,218.0000
571.0000,324.0000,97.0000,218.0000
570.5000,324.0000,97.0000,218.0000
570.0000,324.0000,97.0000,218.0000
569.5000,324.0000,97.0000,218.0000
570.0000,324.0000,97.0000,218.0000
569.5000,324.0000,97.0000,218.0000
569.0000,324.0000,97.0000,218.0000
569.5000,324.0000,97.0000,218.0000
569.0000,323.0000,97.0000,218.0000
568.5000,323.0000,97.0000,218.0000
569.0000,323.0000,97.0000,218.0000
568.5000,323.0000,97.0000,218.0000
568.0000,323.0000,97.0000,218.0000
568.5000,323.0000,97.0000,218.0000
568.0000,323.0000,97.0000,218.0000
