1
657.0000,258.0000,10.0000,9.0000
657.0000,258.0000,10.0000,9.0000
657.0000,259.0000,10.0000,9.0000
657.0000,259.0000,10.0000,9.0000
657.0000,258.0000,10.0000,9.0000
657.0000,259.0000,10.0000,9.0000
657.0000,260.0000,10.0000,9.0000
657.0000,260.0000,10.0000,9.0000
657.0000,259.0000,10.0000,9.0000
656.0000,260.0000,10.0000,9.0000
656.0000,260.0000,10.0000,9.0000
656.0000,259.0000,10.0000,9.0000
658.0000,259.0000,10.0000,9.0000
656.0000,259.0000,10.0000,9.0000
657.0000,258.0000,10.0000,9.0000
657.0000,259.0000,10.0000,9.0000
657.0000,259.0000,10.0000,9.0000
656.0000,259.0000,10.0000,9.0000
656.0000,261.0000,10.0000,9.0000
656.0000,261.0000,10.0000,9.0000
657.0000,260.0000,10.0000,9.0000
656.0000,260.0000,10.0000,9.0000
656.0000,261.0000,10.0000,9.0000
657.0000,260.0000,10.0000,9.0000
656.0000,261.0000,10.0000,9.0000
656.0000,262.0000,10.0000,9.0000
657.0000,262.0000,10.0000,9.0000
657.0000,262.0000,10.0000,9.0000
656.0000,261.0000,10.0000,9.0000
655.0000,261.0000,10.0000,9.0000
656.0000,261.0000,10.0000,9.0000
656.0000,261.0000,10.0000,9.0000
656.0000,262.0000,10.0000,9.0000
655.0000,262.0000,10.0000,9.0000
656.0000,263.0000,10.0000,9.0000
656.0000,263.0000,10.0000,9.0000
656.0000,263.0000,10.0000,9.0000
656.0000,263.0000,10.0000,9.0000
657.0000,263.0000,10.0000,9.0000
657.0000,262.0000,10.0000,9.0000
657.0000,264.0000,10.0000,9.0000
655.0000,262.0000,10.0000,9.0000
657.0000,263.0000,10.0000,9.0000
656.0000,264.0000,10.0000,9.0000
657.0000,264.0000,10.0000,9.0000
657.0000,264.0000,10.0000,9.0000
657.0000,263.0000,10.0000,9.0000
658.0000,264.0000,10.0000,9.0000
658.0000,266.0000,10.0000,9.0000
659.0000,265.0000,10.0000,9.0000
659.0000,264.0000,10.0000,9.0000
659.0000,264.0000,10.0000,9.0000
659.0000,265.0000,10.0000,9.0000
659.0000,265.0000,10.0000,9.0000
660.0000,264.0000,10.0000,9.0000
659.0000,264.0000,10.0000,9.0000
659.0000,264.0000,10.0000,9.0000
660.0000,265.0000,10.0000,9.0000
660.0000,265.0000,10.0000,9.0000
660.0000,265.0000,10.0000,9.0000
659.0000,265.0000,10.0000,9.0000
660.0000,265.0000,10.0000,9.0000
659.0000,269.0000,10.0000,9.0000
659.0000,269.0000,10.0000,9.0000
660.0000,269.0000,10.0000,9.0000
661.0000,267.0000,10.0000,9.0000
659.0000,269.0000,10.0000,9.0000
660.0000,269.0000,10.0000,9.0000
660.0000,269.0000,10.0000,9.0000
660.0000,269.0000,10.0000,9.0000
659.0000,269.0000,10.0000,9.0000
658.0000,268.0000,10.0000,9.0000
658.0000,267.0000,10.0000,9.0000
659.0000,269.0000,10.0000,9.0000
659.0000,269.0000,10.0000,9.0000
658.0000,267.0000,10.0000,9.0000
658.0000,269.0000,10.0000,9.0000
657.0000,268.0000,10.0000,9.0000
657.0000,268.0000,10.0000,9.0000
656.0000,267.0000,10.0000,9.0000
657.0000,267.0000,10.0000,9.0000
657.0000,267.0000,10.0000,9.0000
657.0000,267.0000,10.0000,9.0000
654.0000,267.0000,10.0000,9.0000
654.0000,266.0000,10.0000,9.0000
653.0000,265.0000,10.0000,9.0000
651.0000,265.0000,10.0000,9.0000
651.0000,265.0000,10.0000,9.0000
650.0000,265.0000,10.0000,9.0000
648.0000,264.0000,10.0000,9.0000
648.0000,265.0000,10.0000,9.0000
647.0000,264.0000,10.0000,9.0000
647.0000,264.0000,10.0000,9.0000
645.0000,263.0000,10.0000,9.0000
644.0000,263.0000,10.0000,9.0000
643.0000,263.0000,10.0000,9.0000
642.0000,262.0000,10.0000,9.0000
640.0000,262.0000,10.0000,9.0000
641.0000,261.0000,10.0000,9.0000
637.0000,261.0000,10.0000,9.0000
637.0000,261.0000,10.0000,9.0000
636.0000,261.0000,10.0000,9.0000
633.0000,260.0000,10.0000,9.0000
632.0000,260.0000,10.0000,9.0000
631.0000,261.0000,10.0000,9.0000
631.0000,260.0000,10.0000,9.0000
630.0000,260.0000,10.0000,9.0000
628.0000,259.0000,10.0000,9.0000
626.0000,258.0000,10.0000,9.0000
625.0000,257.0000,10.0000,9.0000
625.0000,258.0000,10.0000,9.0000
625.0000,260.0000,10.0000,9.0000
624.0000,257.0000,10.0000,9.0000
622.0000,257.0000,10.0000,9.0000
621.0000,257.0000,10.0000,9.0000
621.0000,257.0000,10.0000,9.0000
619.0000,258.0000,10.0000,9.0000
619.0000,257.0000,10.0000,9.0000
619.0000,258.0000,10.0000,9.0000
616.0000,257.0000,10.0000,9.0000
616.0000,257.0000,10.0000,9.0000
616.0000,256.0000,10.0000,9.0000
615.0000,256.0000,10.0000,9.0000
615.0000,256.0000,10.0000,9.0000
614.0000,256.0000,10.0000,9.0000
615.0000,256.0000,10.0000,9.0000
613.0000,255.0000,10.0000,9.0000
613.0000,254.0000,10.0000,9.0000
613.0000,256.0000,10.0000,9.0000
614.0000,256.0000,10.0000,9.0000
613.0000,256.0000,10.0000,9.0000
614.0000,256.0000,10.0000,9.0000
613.0000,255.0000,10.0000,9.0000
613.0000,255.0000,10.0000,9.0000
612.0000,256.0000,10.0000,9.0000
612.0000,256.0000,10.0000,9.0000
612.0000,256.0000,10.0000,9.0000
611.0000,256.0000,10.0000,9.0000
611.0000,257.0000,10.0000,9.0000
611.0000,257.0000,10.0000,9.0000
610.0000,257.0000,10.0000,9.0000
611.0000,257.0000,10.0000,9.0000
610.0000,257.0000,10.0000,9.0000
609.0000,257.0000,10.0000,9.0000
610.0000,257.0000,10.0000,9.0000
609.0000,256.0000,10.0000,9.0000
610.0000,257.0000,10.0000,9.0000
609.0000,257.0000,10.0000,9.0000
609.0000,257.0000,10.0000,9.0000
609.0000,257.0000,10.0000,9.0000
609.0000,257.0000,10.0000,9.0000
609.0000,256.0000,10.0000,9.0000
609.0000,257.0000,10.0000,9.0000
609.0000,257.0000,10.0000,9.0000
608.0000,257.0000,10.0000,9.0000
608.0000,257.0000,10.0000,9.0000
608.0000,257.0000,10.0000,9.0000
608.0000,257.0000,10.0000,9.0000
608.0000,257.0000,10.0000,9.0000
609.0000,258.0000,10.0000,9.0000
608.0000,258.0000,10.0000,9.0000
609.0000,258.0000,10.0000,9.0000
609.0000,258.0000,10.0000,9.0000
609.0000,258.0000,10.0000,9.0000
608.0000,257.0000,10.0000,9.0000
608.0000,258.0000,10.0000,9.0000
608.0000,257.0000,10.0000,9.0000
608.0000,258.0000,10.0000,9.0000
608.0000,259.0000,10.0000,9.0000
607.0000,259.0000,10.0000,9.0000
608.0000,259.0000,10.0000,9.0000
608.0000,260.0000,10.0000,9.0000
608.0000,260.0000,10.0000,9.0000
608.0000,260.0000,10.0000,9.0000
608.0000,261.0000,10.0000,9.0000
608.0000,261.0000,10.0000,9.0000
608.0000,261.0000,10.0000,9.0000
608.0000,261.0000,10.0000,9.0000
609.0000,261.0000,10.0000,9.0000
609.0000,261.0000,10.0000,9.0000
609.0000,261.0000,10.0000,9.0000
609.0000,261.0000,10.0000,9.0000
609.0000,261.0000,10.0000,9.0000
608.0000,261.0000,10.0000,9.0000
608.0000,261.0000,10.0000,9.0000
609.0000,261.0000,10.0000,9.0000
607.0000,260.0000,10.0000,9.0000
606.0000,261.0000,10.0000,9.0000
606.0000,260.0000,10.0000,9.0000
606.0000,260.0000,10.0000,9.0000
606.0000,260.0000,10.0000,9.0000
605.0000,259.0000,10.0000,9.0000
605.0000,258.0000,10.0000,9.0000
604.0000,258.0000,10.0000,9.0000
605.0000,257.0000,10.0000,9.0000
603.0000,257.0000,10.0000,9.0000
603.0000,256.0000,10.0000,9.0000
603.0000,256.0000,10.0000,9.0000
603.0000,254.0000,10.0000,9.0000
602.0000,254.0000,10.0000,9.0000
601.0000,253.0000,10.0000,9.0000
602.0000,253.0000,10.0000,9.0000
602.0000,252.0000,10.0000,9.0000
600.0000,251.0000,10.0000,9.0000
602.0000,251.0000,10.0000,9.0000
600.0000,251.0000,10.0000,9.0000
601.0000,250.0000,10.0000,9.0000
601.0000,250.0000,10.0000,9.0000
602.0000,250.0000,10.0000,9.0000
601.0000,249.0000,10.0000,9.0000
601.0000,249.0000,10.0000,9.0000
601.0000,249.0000,10.0000,9.0000
601.0000,250.0000,10.0000,9.0000
601.0000,249.0000,10.0000,9.0000
603.0000,249.0000,10.0000,9.0000
602.0000,247.0000,10.0000,9.0000
602.0000,247.0000,10.0000,9.0000
604.0000,248.0000,10.0000,9.0000
604.0000,248.0000,10.0000,9.0000
602.0000,246.0000,10.0000,9.0000
602.0000,247.0000,10.0000,9.0000
602.0000,247.0000,10.0000,9.0000
603.0000,247.0000,10.0000,9.0000
605.0000,249.0000,10.0000,9.0000
603.0000,247.0000,10.0000,9.0000
603.0000,247.0000,10.0000,9.0000
606.0000,248.0000,10.0000,9.0000
606.0000,248.0000,10.0000,9.0000
605.0000,248.0000,10.0000,9.0000
606.0000,248.0000,10.0000,9.0000
606.0000,248.0000,10.0000,9.0000
607.0000,249.0000,10.0000,9.0000
605.0000,249.0000,10.0000,9.0000
606.0000,248.0000,10.0000,9.0000
606.0000,248.0000,10.0000,9.0000
607.0000,250.0000,10.0000,9.0000
608.0000,250.0000,10.0000,9.0000
607.0000,251.0000,10.0000,9.0000
607.0000,251.0000,10.0000,9.0000
608.0000,251.0000,10.0000,9.0000
607.0000,250.0000,10.0000,9.0000
606.0000,249.0000,10.0000,9.0000
608.0000,252.0000,10.0000,9.0000
607.0000,251.0000,10.0000,9.0000
607.0000,251.0000,10.0000,9.0000
607.0000,251.0000,10.0000,9.0000
608.0000,252.0000,10.0000,9.0000
608.0000,252.0000,10.0000,9.0000
610.0000,255.0000,10.0000,9.0000
610.0000,254.0000,10.0000,9.0000
608.0000,253.0000,10.0000,9.0000
610.0000,254.0000,10.0000,9.0000
609.0000,254.0000,10.0000,9.0000
609.0000,254.0000,10.0000,9.0000
610.0000,255.0000,10.0000,9.0000
610.0000,254.0000,10.0000,9.0000
610.0000,253.0000,10.0000,9.0000
610.0000,253.0000,10.0000,9.0000
610.0000,254.0000,10.0000,9.0000
610.0000,253.0000,10.0000,9.0000
611.0000,253.0000,10.0000,9.0000
612.0000,253.0000,10.0000,9.0000
612.0000,254.0000,10.0000,9.0000
612.0000,254.0000,10.0000,9.0000
612.0000,253.0000,10.0000,9.0000
612.0000,253.0000,10.0000,9.0000
614.0000,254.0000,10.0000,9.0000
613.0000,253.0000,10.0000,9.0000
614.0000,254.0000,10.0000,9.0000
614.0000,254.0000,10.0000,9.0000
614.0000,253.0000,10.0000,9.0000
615.0000,254.0000,10.0000,9.0000
616.0000,254.0000,10.0000,9.0000
616.0000,254.0000,10.0000,9.0000
615.0000,252.0000,10.0000,9.0000
615.0000,251.0000,10.0000,9.0000
615.0000,252.0000,10.0000,9.0000
616.0000,251.0000,10.0000,9.0000
616.0000,251.0000,10.0000,9.0000
616.0000,251.0000,10.0000,9.0000
615.0000,250.0000,10.0000,9.0000
617.0000,253.0000,10.0000,9.0000
617.0000,254.0000,10.0000,9.0000
616.0000,252.0000,10.0000,9.0000
616.0000,251.0000,10.0000,9.0000
616.0000,252.0000,10.0000,9.0000
617.0000,252.0000,10.0000,9.0000
616.0000,250.0000,10.0000,9.0000
616.0000,250.0000,10.0000,9.0000
617.0000,250.0000,10.0000,9.0000
617.0000,248.0000,10.0000,9.0000
617.0000,251.0000,10.0000,9.0000
616.0000,248.0000,10.0000,9.0000
616.0000,248.0000,10.0000,9.0000
615.0000,249.0000,10.0000,9.0000
615.0000,248.0000,10.0000,9.0000
615.0000,248.0000,10.0000,9.0000
615.0000,248.0000,10.0000,9.0000
614.0000,248.0000,10.0000,9.0000
613.0000,248.0000,10.0000,9.0000
614.0000,248.0000,10.0000,9.0000
614.0000,250.0000,10.0000,9.0000
613.0000,249.0000,10.0000,9.0000
612.0000,248.0000,10.0000,9.0000
612.0000,248.0000,10.0000,9.0000
612.0000,247.0000,10.0000,9.0000
611.0000,248.0000,10.0000,9.0000
611.0000,248.0000,10.0000,9.0000
610.0000,247.0000,10.0000,9.0000
609.0000,247.0000,10.0000,9.0000
608.0000,247.0000,10.0000,9.0000
608.0000,247.0000,10.0000,9.0000
608.0000,249.0000,10.0000,9.0000
607.0000,249.0000,10.0000,9.0000
606.0000,249.0000,10.0000,9.0000
606.0000,248.0000,10.0000,9.0000
605.0000,248.0000,10.0000,9.0000
605.0000,249.0000,10.0000,9.0000
605.0000,250.0000,10.0000,9.0000
606.0000,251.0000,10.0000,9.0000
605.0000,252.0000,10.0000,9.0000
604.0000,251.0000,10.0000,9.0000
603.0000,249.0000,10.0000,9.0000
603.0000,251.0000,10.0000,9.0000
602.0000,249.0000,10.0000,9.0000
601.0000,251.0000,10.0000,9.0000
601.0000,252.0000,10.0000,9.0000
601.0000,253.0000,10.0000,9.0000
600.0000,251.0000,10.0000,9.0000
602.0000,254.0000,10.0000,9.0000
599.0000,254.0000,10.0000,9.0000
599.0000,255.0000,10.0000,9.0000
599.0000,256.0000,10.0000,9.0000
598.0000,255.0000,10.0000,9.0000
597.0000,254.0000,10.0000,9.0000
598.0000,256.0000,10.0000,9.0000
596.0000,258.0000,10.0000,9.0000
598.0000,256.0000,10.0000,9.0000
596.0000,259.0000,10.0000,9.0000
594.0000,259.0000,10.0000,9.0000
594.0000,258.0000,10.0000,9.0000
594.0000,257.0000,10.0000,9.0000
595.0000,260.0000,10.0000,9.0000
593.0000,262.0000,10.0000,9.0000
592.0000,258.0000,10.0000,9.0000
591.0000,256.0000,10.0000,9.0000
591.0000,257.0000,10.0000,9.0000
591.0000,257.0000,10.0000,9.0000
590.0000,258.0000,10.0000,9.0000
591.0000,264.0000,10.0000,9.0000
590.0000,267.0000,10.0000,9.0000
589.0000,267.0000,10.0000,9.0000
590.0000,268.0000,10.0000,9.0000
589.0000,270.0000,10.0000,9.0000
588.0000,270.0000,10.0000,9.0000
588.0000,272.0000,10.0000,9.0000
586.0000,274.0000,10.0000,9.0000
585.0000,272.0000,10.0000,9.0000
585.0000,274.0000,10.0000,9.0000
584.0000,276.0000,10.0000,9.0000
585.0000,279.0000,10.0000,9.0000
584.0000,280.0000,10.0000,9.0000
584.0000,280.0000,10.0000,9.0000
584.0000,281.0000,10.0000,9.0000
583.0000,285.0000,10.0000,9.0000
581.0000,282.0000,10.0000,9.0000
581.0000,281.0000,10.0000,9.0000
581.0000,283.0000,10.0000,9.0000
581.0000,284.0000,10.0000,9.0000
580.0000,286.0000,10.0000,9.0000
579.0000,286.0000,10.0000,9.0000
580.0000,288.0000,10.0000,9.0000
579.0000,289.0000,10.0000,9.0000
579.0000,290.0000,10.0000,9.0000
579.0000,289.0000,10.0000,9.0000
578.0000,290.0000,10.0000,9.0000
578.0000,290.0000,10.0000,9.0000
578.0000,291.0000,10.0000,9.0000
579.0000,291.0000,10.0000,9.0000
579.0000,292.0000,10.0000,9.0000
582.0000,296.0000,10.0000,9.0000
582.0000,296.0000,10.0000,9.0000
582.0000,296.0000,10.0000,9.0000
583.0000,298.0000,10.0000,9.0000
583.0000,296.0000,10.0000,9.0000
585.0000,296.0000,10.0000,9.0000
583.0000,294.0000,10.0000,9.0000
584.0000,294.0000,10.0000,9.0000
585.0000,294.0000,10.0000,9.0000
585.0000,293.0000,10.0000,9.0000
586.0000,293.0000,10.0000,9.0000
586.0000,290.0000,10.0000,9.0000
588.0000,291.0000,10.0000,9.0000
588.0000,289.0000,10.0000,9.0000
589.0000,289.0000,10.0000,9.0000
590.0000,285.0000,10.0000,9.0000
590.0000,284.0000,10.0000,9.0000
589.0000,283.0000,10.0000,9.0000
593.0000,284.0000,10.0000,9.0000
591.0000,280.0000,10.0000,9.0000
594.0000,282.0000,10.0000,9.0000
594.0000,281.0000,10.0000,9.0000
595.0000,280.0000,10.0000,9.0000
594.0000,275.0000,10.0000,9.0000
596.0000,279.0000,10.0000,9.0000
594.0000,275.0000,10.0000,9.0000
597.0000,278.0000,10.0000,9.0000
595.0000,273.0000,10.0000,9.0000
597.0000,277.0000,10.0000,9.0000
595.0000,271.0000,10.0000,9.0000
595.0000,270.0000,10.0000,9.0000
595.0000,267.0000,10.0000,9.0000
595.0000,269.0000,10.0000,9.0000
595.0000,269.0000,10.0000,9.0000
594.0000,267.0000,10.0000,9.0000
596.0000,269.0000,10.0000,9.0000
596.0000,266.0000,10.0000,9.0000
595.0000,267.0000,10.0000,9.0000
595.0000,266.0000,10.0000,9.0000
595.0000,265.0000,10.0000,9.0000
596.0000,266.0000,10.0000,9.0000
596.0000,264.0000,10.0000,9.0000
595.0000,265.0000,10.0000,9.0000
595.0000,265.0000,10.0000,9.0000
595.0000,265.0000,10.0000,9.0000
595.0000,265.0000,10.0000,9.0000
595.0000,265.0000,10.0000,9.0000
595.0000,264.0000,10.0000,9.0000
595.0000,265.0000,10.0000,9.0000
595.0000,265.0000,10.0000,9.0000
595.0000,266.0000,10.0000,9.0000
594.0000,266.0000,10.0000,9.0000
594.0000,268.0000,10.0000,9.0000
593.0000,266.0000,10.0000,9.0000
594.0000,268.0000,10.0000,9.0000
594.0000,269.0000,10.0000,9.0000
594.0000,270.0000,10.0000,9.0000
594.0000,271.0000,10.0000,9.0000
594.0000,270.0000,10.0000,9.0000
594.0000,272.0000,10.0000,9.0000
593.0000,272.0000,10.0000,9.0000
593.0000,273.0000,10.0000,9.0000
593.0000,272.0000,10.0000,9.0000
593.0000,274.0000,10.0000,9.0000
593.0000,275.0000,10.0000,9.0000
593.0000,276.0000,10.0000,9.0000
593.0000,278.0000,10.0000,9.0000
592.0000,276.0000,10.0000,9.0000
592.0000,276.0000,10.0000,9.0000
592.0000,277.0000,10.0000,9.0000
592.0000,277.0000,10.0000,9.0000
592.0000,279.0000,10.0000,9.0000
592.0000,279.0000,10.0000,9.0000
592.0000,279.0000,10.0000,9.0000
592.0000,280.0000,10.0000,9.0000
592.0000,280.0000,10.0000,9.0000
592.0000,278.0000,10.0000,9.0000
592.0000,278.0000,10.0000,9.0000
593.0000,279.0000,10.0000,9.0000
593.0000,278.0000,10.0000,9.0000
593.0000,278.0000,10.0000,9.0000
594.0000,278.0000,10.0000,9.0000
594.0000,278.0000,10.0000,9.0000
593.0000,278.0000,10.0000,9.0000
594.0000,278.0000,10.0000,9.0000
594.0000,277.0000,10.0000,9.0000
595.0000,278.0000,10.0000,9.0000
595.0000,278.0000,10.0000,9.0000
