1
672.0000,392.0000,22.0000,65.0000
669.0000,387.0000,22.0000,65.0000
668.0000,388.0000,22.0000,65.0000
667.0000,389.0000,22.0000,65.0000
666.0000,390.0000,22.0000,65.0000
665.0000,391.0000,22.0000,65.0000
664.0000,386.0000,22.0000,65.0000
663.0000,387.0000,22.0000,65.0000
660.0000,388.0000,22.0000,65.0000
659.0000,383.0000,22.0000,65.0000
658.0000,384.0000,22.0000,65.0000
657.0000,385.0000,22.0000,65.0000
656.0000,386.0000,22.0000,65.0000
653.0000,381.0000,22.0000,65.0000
652.0000,382.0000,22.0000,65.0000
651.0000,383.0000,22.0000,65.0000
650.0000,384.0000,22.0000,65.0000
647.0000,379.0000,22.0000,65.0000
646.0000,380.0000,22.0000,65.0000
643.0000,381.0000,22.0000,65.0000
640.0000,376.0000,22.0000,65.0000
639.0000,377.0000,22.0000,65.0000
636.0000,378.0000,22.0000,65.0000
635.0000,379.0000,22.0000,65.0000
630.0000,374.0000,22.0000,65.0000
629.0000,375.0000,22.0000,65.0000
628.0000,376.0000,22.0000,65.0000
625.0000,377.0000,22.0000,65.0000
622.0000,372.0000,22.0000,65.0000
619.0000,373.0000,22.0000,65.0000
618.0000,374.0000,22.0000,65.0000
615.0000,369.0000,22.0000,65.0000
616.0000,370.0000,22.0000,65.0000
613.0000,365.0000,22.0000,65.0000
614.0000,366.0000,22.0000,65.0000
615.0000,367.0000,22.0000,65.0000
616.0000,368.0000,22.0000,65.0000
617.0000,363.0000,22.0000,65.0000
618.0000,364.0000,22.0000,65.0000
621.0000,365.0000,22.0000,65.0000
622.0000,366.0000,22.0000,65.0000
623.0000,361.0000,22.0000,65.0000
626.0000,356.0000,22.0000,65.0000
627.0000,357.0000,22.0000,65.0000
630.0000,352.0000,22.0000,65.0000
633.0000,353.0000,22.0000,65.0000
634.0000,354.0000,22.0000,65.0000
637.0000,355.0000,22.0000,65.0000
640.0000,350.0000,22.0000,65.0000
643.0000,351.0000,22.0000,65.0000
646.0000,352.0000,22.0000,65.0000
647.0000,347.0000,22.0000,65.0000
650.0000,348.0000,22.0000,65.0000
651.0000,349.0000,22.0000,65.0000
654.0000,344.0000,22.0000,65.0000
657.0000,345.0000,22.0000,65.0000
658.0000,346.0000,22.0000,65.0000
659.0000,341.0000,22.0000,65.0000
662.0000,348.0000,22.0000,65.0000
665.0000,343.0000,22.0000,65.0000
666.0000,344.0000,22.0000,65.0000
667.0000,339.0000,22.0000,65.0000
670.0000,340.0000,22.0000,65.0000
671.0000,341.0000,22.0000,65.0000
674.0000,336.0000,22.0000,65.0000
675.0000,337.0000,22.0000,65.0000
676.0000,332.0000,22.0000,65.0000
679.0000,333.0000,22.0000,65.0000
680.0000,328.0000,22.0000,65.0000
683.0000,329.0000,22.0000,65.0000
684.0000,330.0000,22.0000,65.0000
687.0000,331.0000,22.0000,65.0000
688.0000,332.0000,22.0000,65.0000
689.0000,327.0000,22.0000,65.0000
692.0000,328.0000,22.0000,65.0000
693.0000,329.0000,22.0000,65.0000
696.0000,330.0000,22.0000,65.0000
697.0000,325.0000,22.0000,65.0000
698.0000,326.0000,22.0000,65.0000
701.0000,327.0000,22.0000,65.0000
702.0000,322.0000,22.0000,65.0000
703.0000,317.0000,22.0000,65.0000
704.0000,318.0000,22.0000,65.0000
705.0000,319.0000,22.0000,65.0000
708.0000,320.0000,22.0000,65.0000
709.0000,315.0000,22.0000,65.0000
708.0000,316.0000,22.0000,65.0000
711.0000,311.0000,22.0000,65.0000
710.0000,312.0000,22.0000,65.0000
711.0000,307.0000,22.0000,65.0000
712.0000,308.0000,22.0000,65.0000
711.0000,309.0000,22.0000,65.0000
712.0000,310.0000,22.0000,65.0000
713.0000,305.0000,22.0000,65.0000
712.0000,306.0000,22.0000,65.0000
713.0000,301.0000,22.0000,65.0000
714.0000,302.0000,22.0000,65.0000
715.0000,297.0000,22.0000,65.0000
716.0000,298.0000,22.0000,65.0000
715.0000,299.0000,22.0000,65.0000
716.0000,300.0000,22.0000,65.0000
717.0000,295.0000,22.0000,65.0000
718.0000,296.0000,22.0000,65.0000
719.0000,291.0000,22.0000,65.0000
720.0000,292.0000,22.0000,65.0000
719.0000,293.0000,22.0000,65.0000
718.0000,288.0000,22.0000,65.0000
719.0000,283.0000,22.0000,65.0000
720.0000,284.0000,22.0000,65.0000
719.0000,279.0000,22.0000,65.0000
720.0000,280.0000,22.0000,65.0000
721.0000,275.0000,22.0000,65.0000
722.0000,276.0000,22.0000,65.0000
721.0000,277.0000,22.0000,65.0000
722.0000,278.0000,22.0000,65.0000
725.0000,279.0000,22.0000,65.0000
724.0000,280.0000,22.0000,65.0000
725.0000,281.0000,22.0000,65.0000
726.0000,276.0000,22.0000,65.0000
727.0000,277.0000,22.0000,65.0000
728.0000,278.0000,22.0000,65.0000
725.0000,273.0000,22.0000,65.0000
726.0000,274.0000,22.0000,65.0000
727.0000,275.0000,22.0000,65.0000
728.0000,270.0000,22.0000,65.0000
729.0000,271.0000,22.0000,65.0000
728.0000,266.0000,22.0000,65.0000
729.0000,267.0000,22.0000,65.0000
730.0000,268.0000,22.0000,65.0000
729.0000,269.0000,22.0000,65.0000
730.0000,264.0000,22.0000,65.0000
731.0000,265.0000,22.0000,65.0000
732.0000,266.0000,22.0000,65.0000
731.0000,267.0000,22.0000,65.0000
732.0000,268.0000,22.0000,65.0000
733.0000,269.0000,22.0000,65.0000
732.0000,270.0000,22.0000,65.0000
733.0000,271.0000,22.0000,65.0000
734.0000,278.0000,22.0000,65.0000
735.0000,279.0000,22.0000,65.0000
736.0000,280.0000,22.0000,65.0000
739.0000,281.0000,22.0000,65.0000
744.0000,294.0000,22.0000,65.0000
745.0000,295.0000,22.0000,65.0000
748.0000,296.0000,22.0000,65.0000
751.0000,297.0000,22.0000,65.0000
752.0000,298.0000,22.0000,65.0000
2
0
0
0
0
0
2
0
0
0
0
0
2
0
0
0
0
0
2
0
0
0
0
0
2
0
0
0
0
0
2
0
0
0
0
0
2
0
0
0
0
0
2
0
0
0
0
0
2
0
0
0
0
0
2
0
0
0
0
0
2
0
0
0
0
0
2
0
0
0
0
0
2
0
0
0
0
0
2
0
0
0
0
0
2
0
0
0
0
0
2
0
0
0
0
0
2
0
0
0
0
0
2
0
0
0
0
0
2
0
0
0
0
0
2
0
0
0
0
0
2
0
0
0
0
0
2
0
0
0
0
0
2
0
0
0
0
0
2
0
0
0
0
0
2
0
0
0
0
0
2
0
0
0
0
0
2
0
0
0
0
0
2
0
0
0
0
0
2
0
0
0
0
0
2
0
0
0
0
0
2
0
0
0
0
0
2
0
0
0
0
0
2
0
0
0
0
0
2
0
0
0
0
0
2
0
0
0
0
0
2
0
0
0
0
0
2
0
0
0
0
0
2
0
0
0
0
0
2
0
0
0
0
0
2
0
0
0
0
0
2
0
0
0
0
0
2
0
0
0
0
0
2
0
0
0
0
0
2
0
0
0
0
0
2
0
0
0
0
0
2
0
0
0
0
0
2
0
0
0
0
0
2
0
0
0
0
0
2
0
0
0
0
0
2
0
0
0
0
0
2
0
0
0
0
0
2
0
0
0
0
0
2
0
0
0
0
0
2
0
0
0
0
0
2
0
0
0
0
0
2
0
0
0
0
0
2
0
0
0
0
0
2
0
0
0
0
0
2
0
0
0
0
0
2
0
0
0
0
0
2
0
0
0
0
0
2
0
0
0
0
0
2
0
0
0
0
0
2
0
0
0
0
0
2
0
0
0
0
0
2
0
0
0
0
0
2
0
0
0
0
0
2
0
0
0
0
0
2
0
0
0
0
0
2
0
0
0
0
0
2
0
0
0
0
0
2
0
0
0
0
0
2
0
0
0
0
0
2
0
0
0
0
0
2
0
0
0
0
0
2
0
0
0
0
0
2
0
0
0
0
0
2
0
0
0
0
0
2
0
0
0
0
0
2
0
0
0
0
0
2
0
0
0
0
0
2
0
0
0
0
0
2
0
0
0
0
0
2
0
0
0
0
0
2
0
0
0
0
0
2
0
0
0
0
0
2
0
0
0
0
0
2
0
0
0
0
0
2
0
0
0
0
0
2
0
0
0
0
0
2
0
0
0
0
0
2
0
0
0
0
0
2
0
0
0
0
0
2
0
0
0
0
0
2
0
0
0
0
0
2
0
0
0
0
0
2
0
0
0
0
0
2
0
0
0
0
0
2
0
0
0
0
0
2
0
0
0
0
0
2
0
0
0
0
0
2
0
0
0
0
0
2
0
0
0
0
0
2
0
0
0
0
0
2
0
0
0
0
0
2
0
0
0
0
0
2
0
0
0
0
0
2
0
0
0
0
0
2
0
0
0
0
0
2
0
0
0
0
0
2
0
0
0
0
0
2
0
0
0
0
0
2
0
0
0
0
0
2
0
0
0
0
0
2
0
0
0
0
0
2
0
0
0
0
0
2
0
0
