1
698.0000,360.0000,202.0000,210.0000
698.0000,360.0000,202.0000,210.0000
698.0000,360.0000,202.0000,210.0000
698.0000,360.0000,202.0000,210.0000
698.0000,356.0000,202.0000,210.0000
698.0000,356.0000,202.0000,210.0000
698.0000,356.0000,202.0000,210.0000
698.0000,356.0000,202.0000,210.0000
698.0000,352.0000,202.0000,210.0000
698.0000,352.0000,202.0000,210.0000
698.0000,352.0000,202.0000,210.0000
698.0000,348.0000,202.0000,210.0000
698.0000,348.0000,202.0000,210.0000
698.0000,348.0000,202.0000,210.0000
698.0000,348.0000,202.0000,210.0000
698.0000,344.0000,202.0000,210.0000
698.0000,344.0000,202.0000,210.0000
698.0000,344.0000,202.0000,210.0000
698.0000,340.0000,202.0000,210.0000
698.0000,340.0000,202.0000,210.0000
698.0000,340.0000,202.0000,210.0000
698.0000,340.0000,202.0000,210.0000
698.0000,336.0000,202.0000,210.0000
698.0000,336.0000,202.0000,210.0000
698.0000,336.0000,202.0000,210.0000
698.0000,336.0000,202.0000,210.0000
694.0000,332.0000,202.0000,210.0000
694.0000,332.0000,202.0000,210.0000
694.0000,332.0000,202.0000,210.0000
694.0000,332.0000,202.0000,210.0000
694.0000,332.0000,202.0000,210.0000
694.0000,332.0000,202.0000,210.0000
694.0000,328.0000,202.0000,210.0000
694.0000,328.0000,202.0000,210.0000
694.0000,328.0000,202.0000,210.0000
694.0000,328.0000,202.0000,210.0000
694.0000,328.0000,202.0000,210.0000
694.0000,328.0000,202.0000,210.0000
694.0000,324.0000,202.0000,210.0000
694.0000,324.0000,202.0000,210.0000
694.0000,324.0000,202.0000,210.0000
694.0000,324.0000,202.0000,210.0000
694.0000,324.0000,202.0000,210.0000
694.0000,324.0000,202.0000,210.0000
694.0000,324.0000,202.0000,210.0000
690.0000,324.0000,202.0000,210.0000
690.0000,320.0000,202.0000,210.0000
690.0000,320.0000,202.0000,210.0000
690.0000,320.0000,202.0000,210.0000
690.0000,320.0000,202.0000,210.0000
690.0000,320.0000,202.0000,210.0000
690.0000,320.0000,202.0000,210.0000
690.0000,320.0000,202.0000,210.0000
686.0000,320.0000,202.0000,210.0000
686.0000,320.0000,202.0000,210.0000
686.0000,320.0000,202.0000,210.0000
686.0000,320.0000,202.0000,210.0000
686.0000,320.0000,202.0000,210.0000
686.0000,320.0000,202.0000,210.0000
686.0000,320.0000,202.0000,210.0000
682.0000,320.0000,202.0000,210.0000
682.0000,320.0000,202.0000,210.0000
682.0000,320.0000,202.0000,210.0000
682.0000,320.0000,202.0000,210.0000
682.0000,320.0000,202.0000,210.0000
682.0000,320.0000,202.0000,210.0000
682.0000,320.0000,202.0000,210.0000
682.0000,320.0000,202.0000,210.0000
678.0000,320.0000,202.0000,210.0000
678.0000,320.0000,202.0000,210.0000
678.0000,320.0000,202.0000,210.0000
678.0000,320.0000,202.0000,210.0000
678.0000,320.0000,202.0000,210.0000
674.0000,320.0000,202.0000,210.0000
674.0000,320.0000,202.0000,210.0000
674.0000,320.0000,202.0000,210.0000
674.0000,320.0000,202.0000,210.0000
674.0000,320.0000,202.0000,210.0000
674.0000,320.0000,202.0000,210.0000
670.0000,320.0000,202.0000,210.0000
670.0000,320.0000,202.0000,210.0000
670.0000,320.0000,202.0000,210.0000
670.0000,320.0000,202.0000,210.0000
670.0000,320.0000,202.0000,210.0000
666.0000,320.0000,202.0000,210.0000
666.0000,320.0000,202.0000,210.0000
666.0000,320.0000,202.0000,210.0000
666.0000,320.0000,202.0000,210.0000
666.0000,320.0000,202.0000,210.0000
666.0000,320.0000,202.0000,210.0000
662.0000,320.0000,202.0000,210.0000
662.0000,320.0000,202.0000,210.0000
662.0000,320.0000,202.0000,210.0000
662.0000,320.0000,202.0000,210.0000
662.0000,320.0000,202.0000,210.0000
662.0000,320.0000,202.0000,210.0000
658.0000,320.0000,202.0000,210.0000
658.0000,320.0000,202.0000,210.0000
658.0000,320.0000,202.0000,210.0000
658.0000,320.0000,202.0000,210.0000
654.0000,320.0000,202.0000,210.0000
654.0000,320.0000,202.0000,210.0000
654.0000,320.0000,202.0000,210.0000
654.0000,320.0000,202.0000,210.0000
654.0000,320.0000,202.0000,210.0000
654.0000,320.0000,202.0000,210.0000
654.0000,320.0000,202.0000,210.0000
654.0000,320.0000,202.0000,210.0000
654.0000,320.0000,202.0000,210.0000
654.0000,320.0000,202.0000,210.0000
654.0000,320.0000,202.0000,210.0000
654.0000,320.0000,202.0000,210.0000
654.0000,320.0000,202.0000,210.0000
654.0000,320.0000,202.0000,210.0000
654.0000,320.0000,202.0000,210.0000
654.0000,320.0000,202.0000,210.0000
654.0000,320.0000,202.0000,210.0000
654.0000,320.0000,202.0000,210.0000
650.0000,320.0000,202.0000,210.0000
650.0000,320.0000,202.0000,210.0000
650.0000,320.0000,202.0000,210.0000
650.0000,320.0000,202.0000,210.0000
646.0000,320.0000,202.0000,210.0000
646.0000,320.0000,202.0000,210.0000
646.0000,320.0000,202.0000,210.0000
646.0000,320.0000,202.0000,210.0000
642.0000,320.0000,202.0000,210.0000
642.0000,320.0000,202.0000,210.0000
642.0000,320.0000,202.0000,210.0000
638.0000,320.0000,202.0000,210.0000
638.0000,320.0000,202.0000,210.0000
638.0000,320.0000,202.0000,210.0000
638.0000,320.0000,202.0000,210.0000
638.0000,320.0000,202.0000,210.0000
638.0000,320.0000,202.0000,210.0000
634.0000,320.0000,202.0000,210.0000
634.0000,320.0000,202.0000,210.0000
634.0000,324.0000,202.0000,210.0000
634.0000,324.0000,202.0000,210.0000
634.0000,324.0000,202.0000,210.0000
634.0000,324.0000,202.0000,210.0000
634.0000,324.0000,202.0000,210.0000
634.0000,324.0000,202.0000,210.0000
634.0000,324.0000,202.0000,210.0000
634.0000,324.0000,202.0000,210.0000
638.0000,324.0000,202.0000,210.0000
638.0000,324.0000,202.0000,210.0000
638.0000,324.0000,202.0000,210.0000
638.0000,324.0000,202.0000,210.0000
642.0000,324.0000,202.0000,210.0000
642.0000,324.0000,202.0000,210.0000
642.0000,324.0000,202.0000,210.0000
646.0000,324.0000,202.0000,210.0000
646.0000,324.0000,202.0000,210.0000
646.0000,324.0000,202.0000,210.0000
650.0000,324.0000,202.0000,210.0000
650.0000,324.0000,202.0000,210.0000
654.0000,324.0000,202.0000,210.0000
654.0000,324.0000,202.0000,210.0000
658.0000,324.0000,202.0000,210.0000
658.0000,324.0000,202.0000,210.0000
662.0000,324.0000,202.0000,210.0000
662.0000,324.0000,202.0000,210.0000
666.0000,324.0000,202.0000,210.0000
670.0000,324.0000,202.0000,210.0000
670.0000,324.0000,202.0000,210.0000
674.0000,324.0000,202.0000,210.0000
678.0000,324.0000,202.0000,210.0000
682.0000,324.0000,202.0000,210.0000
682.0000,324.0000,202.0000,210.0000
686.0000,324.0000,202.0000,210.0000
690.0000,324.0000,202.0000,210.0000
690.0000,324.0000,202.0000,210.0000
694.0000,324.0000,202.0000,210.0000
698.0000,324.0000,202.0000,210.0000
698.0000,324.0000,202.0000,210.0000
702.0000,324.0000,202.0000,210.0000
706.0000,324.0000,202.0000,210.0000
706.0000,324.0000,202.0000,210.0000
710.0000,324.0000,202.0000,210.0000
714.0000,324.0000,202.0000,210.0000
714.0000,324.0000,202.0000,210.0000
718.0000,324.0000,202.0000,210.0000
722.0000,324.0000,202.0000,210.0000
722.0000,324.0000,202.0000,210.0000
726.0000,324.0000,202.0000,210.0000
726.0000,324.0000,202.0000,210.0000
730.0000,324.0000,202.0000,210.0000
734.0000,324.0000,202.0000,210.0000
734.0000,324.0000,202.0000,210.0000
738.0000,324.0000,202.0000,210.0000
738.0000,324.0000,202.0000,210.0000
742.0000,324.0000,202.0000,210.0000
742.0000,324.0000,202.0000,210.0000
746.0000,324.0000,202.0000,210.0000
750.0000,324.0000,202.0000,210.0000
750.0000,324.0000,202.0000,210.0000
754.0000,324.0000,202.0000,210.0000
754.0000,324.0000,202.0000,210.0000
758.0000,324.0000,202.0000,210.0000
758.0000,324.0000,202.0000,210.0000
762.0000,328.0000,202.0000,210.0000
762.0000,328.0000,202.0000,210.0000
766.0000,328.0000,202.0000,210.0000
766.0000,328.0000,202.0000,210.0000
766.0000,328.0000,202.0000,210.0000
766.0000,328.0000,202.0000,210.0000
762.0000,328.0000,202.0000,210.0000
758.0000,328.0000,202.0000,210.0000
758.0000,328.0000,202.0000,210.0000
754.0000,328.0000,202.0000,210.0000
750.0000,328.0000,202.0000,210.0000
742.0000,328.0000,202.0000,210.0000
738.0000,328.0000,202.0000,210.0000
730.0000,328.0000,202.0000,210.0000
726.0000,328.0000,202.0000,210.0000
718.0000,328.0000,202.0000,210.0000
710.0000,328.0000,202.0000,210.0000
702.0000,328.0000,202.0000,210.0000
694.0000,328.0000,202.0000,210.0000
686.0000,328.0000,202.0000,210.0000
678.0000,328.0000,202.0000,210.0000
670.0000,328.0000,202.0000,210.0000
662.0000,328.0000,202.0000,210.0000
650.0000,328.0000,202.0000,210.0000
642.0000,328.0000,202.0000,210.0000
634.0000,328.0000,202.0000,210.0000
626.0000,328.0000,202.0000,210.0000
614.0000,332.0000,202.0000,210.0000
606.0000,332.0000,202.0000,210.0000
598.0000,332.0000,202.0000,210.0000
590.0000,332.0000,202.0000,210.0000
582.0000,332.0000,202.0000,210.0000
574.0000,332.0000,202.0000,210.0000
566.0000,336.0000,202.0000,210.0000
562.0000,336.0000,202.0000,210.0000
554.0000,336.0000,202.0000,210.0000
550.0000,340.0000,202.0000,210.0000
542.0000,340.0000,202.0000,210.0000
534.0000,340.0000,202.0000,210.0000
530.0000,344.0000,202.0000,210.0000
530.0000,344.0000,202.0000,210.0000
526.0000,344.0000,202.0000,210.0000
522.0000,348.0000,202.0000,210.0000
522.0000,348.0000,202.0000,210.0000
522.0000,348.0000,202.0000,210.0000
526.0000,352.0000,202.0000,210.0000
526.0000,352.0000,202.0000,210.0000
530.0000,356.0000,202.0000,210.0000
534.0000,356.0000,202.0000,210.0000
538.0000,360.0000,202.0000,210.0000
538.0000,360.0000,202.0000,210.0000
542.0000,364.0000,202.0000,210.0000
546.0000,364.0000,202.0000,210.0000
546.0000,364.0000,202.0000,210.0000
550.0000,364.0000,202.0000,210.0000
550.0000,368.0000,202.0000,210.0000
554.0000,368.0000,202.0000,210.0000
558.0000,368.0000,202.0000,210.0000
558.0000,368.0000,202.0000,210.0000
562.0000,372.0000,202.0000,210.0000
562.0000,372.0000,202.0000,210.0000
566.0000,372.0000,202.0000,210.0000
566.0000,372.0000,202.0000,210.0000
570.0000,372.0000,202.0000,210.0000
570.0000,372.0000,202.0000,210.0000
574.0000,372.0000,202.0000,210.0000
574.0000,372.0000,202.0000,210.0000
578.0000,372.0000,202.0000,210.0000
578.0000,372.0000,202.0000,210.0000
578.0000,372.0000,202.0000,210.0000
582.0000,372.0000,202.0000,210.0000
582.0000,372.0000,202.0000,210.0000
582.0000,372.0000,202.0000,210.0000
586.0000,372.0000,202.0000,210.0000
586.0000,372.0000,202.0000,210.0000
590.0000,372.0000,202.0000,210.0000
590.0000,372.0000,202.0000,210.0000
590.0000,372.0000,202.0000,210.0000
590.0000,372.0000,202.0000,210.0000
594.0000,372.0000,202.0000,210.0000
594.0000,372.0000,202.0000,210.0000
594.0000,368.0000,202.0000,210.0000
594.0000,368.0000,202.0000,210.0000
598.0000,368.0000,202.0000,210.0000
598.0000,368.0000,202.0000,210.0000
598.0000,368.0000,202.0000,210.0000
602.0000,368.0000,202.0000,210.0000
602.0000,368.0000,202.0000,210.0000
602.0000,364.0000,202.0000,210.0000
606.0000,364.0000,202.0000,210.0000
606.0000,364.0000,202.0000,210.0000
606.0000,364.0000,202.0000,210.0000
606.0000,364.0000,202.0000,210.0000
610.0000,360.0000,202.0000,210.0000
610.0000,360.0000,202.0000,210.0000
610.0000,360.0000,202.0000,210.0000
614.0000,360.0000,202.0000,210.0000
614.0000,360.0000,202.0000,210.0000
614.0000,356.0000,202.0000,210.0000
614.0000,356.0000,202.0000,210.0000
614.0000,356.0000,202.0000,210.0000
618.0000,356.0000,202.0000,210.0000
618.0000,356.0000,202.0000,210.0000
618.0000,352.0000,202.0000,210.0000
618.0000,352.0000,202.0000,210.0000
622.0000,352.0000,202.0000,210.0000
622.0000,352.0000,202.0000,210.0000
622.0000,348.0000,202.0000,210.0000
622.0000,348.0000,202.0000,210.0000
626.0000,348.0000,202.0000,210.0000
626.0000,348.0000,202.0000,210.0000
626.0000,348.0000,202.0000,210.0000
630.0000,344.0000,202.0000,210.0000
630.0000,344.0000,202.0000,210.0000
630.0000,344.0000,202.0000,210.0000
630.0000,340.0000,202.0000,210.0000
630.0000,340.0000,202.0000,210.0000
630.0000,340.0000,202.0000,210.0000
630.0000,336.0000,202.0000,210.0000
630.0000,336.0000,202.0000,210.0000
634.0000,336.0000,202.0000,210.0000
634.0000,336.0000,202.0000,210.0000
634.0000,332.0000,202.0000,210.0000
634.0000,332.0000,202.0000,210.0000
638.0000,332.0000,202.0000,210.0000
638.0000,332.0000,202.0000,210.0000
638.0000,328.0000,202.0000,210.0000
638.0000,328.0000,202.0000,210.0000
638.0000,328.0000,202.0000,210.0000
638.0000,324.0000,202.0000,210.0000
642.0000,324.0000,202.0000,210.0000
642.0000,324.0000,202.0000,210.0000
642.0000,324.0000,202.0000,210.0000
642.0000,320.0000,202.0000,210.0000
642.0000,320.0000,202.0000,210.0000
642.0000,320.0000,202.0000,210.0000
642.0000,320.0000,202.0000,210.0000
642.0000,316.0000,202.0000,210.0000
646.0000,316.0000,202.0000,210.0000
646.0000,316.0000,202.0000,210.0000
646.0000,316.0000,202.0000,210.0000
646.0000,316.0000,202.0000,210.0000
646.0000,312.0000,202.0000,210.0000
646.0000,312.0000,202.0000,210.0000
646.0000,312.0000,202.0000,210.0000
646.0000,312.0000,202.0000,210.0000
646.0000,308.0000,202.0000,210.0000
646.0000,308.0000,202.0000,210.0000
646.0000,308.0000,202.0000,210.0000
646.0000,308.0000,202.0000,210.0000
646.0000,304.0000,202.0000,210.0000
646.0000,304.0000,202.0000,210.0000
646.0000,304.0000,202.0000,210.0000
642.0000,304.0000,202.0000,210.0000
642.0000,304.0000,202.0000,210.0000
642.0000,300.0000,202.0000,210.0000
642.0000,300.0000,202.0000,210.0000
642.0000,300.0000,202.0000,210.0000
642.0000,300.0000,202.0000,210.0000
642.0000,296.0000,202.0000,210.0000
642.0000,296.0000,202.0000,210.0000
638.0000,296.0000,202.0000,210.0000
638.0000,296.0000,202.0000,210.0000
638.0000,296.0000,202.0000,210.0000
638.0000,292.0000,202.0000,210.0000
634.0000,292.0000,202.0000,210.0000
634.0000,292.0000,202.0000,210.0000
634.0000,292.0000,202.0000,210.0000
634.0000,288.0000,202.0000,210.0000
634.0000,288.0000,202.0000,210.0000
630.0000,288.0000,202.0000,210.0000
630.0000,288.0000,202.0000,210.0000
630.0000,288.0000,202.0000,210.0000
630.0000,284.0000,202.0000,210.0000
626.0000,284.0000,202.0000,210.0000
626.0000,284.0000,202.0000,210.0000
626.0000,284.0000,202.0000,210.0000
622.0000,284.0000,202.0000,210.0000
622.0000,280.0000,202.0000,210.0000
622.0000,280.0000,202.0000,210.0000
618.0000,280.0000,202.0000,210.0000
618.0000,280.0000,202.0000,210.0000
618.0000,280.0000,202.0000,210.0000
614.0000,280.0000,202.0000,210.0000
614.0000,280.0000,202.0000,210.0000
610.0000,276.0000,202.0000,210.0000
610.0000,276.0000,202.0000,210.0000
606.0000,276.0000,202.0000,210.0000
606.0000,276.0000,202.0000,210.0000
606.0000,276.0000,202.0000,210.0000
602.0000,276.0000,202.0000,210.0000
602.0000,276.0000,202.0000,210.0000
598.0000,272.0000,202.0000,210.0000
594.0000,272.0000,202.0000,210.0000
594.0000,272.0000,202.0000,210.0000
594.0000,272.0000,202.0000,210.0000
590.0000,272.0000,202.0000,210.0000
590.0000,272.0000,202.0000,210.0000
586.0000,272.0000,202.0000,210.0000
586.0000,272.0000,202.0000,210.0000
582.0000,272.0000,202.0000,210.0000
582.0000,272.0000,202.0000,210.0000
578.0000,272.0000,202.0000,210.0000
578.0000,272.0000,202.0000,210.0000
574.0000,272.0000,202.0000,210.0000
570.0000,272.0000,202.0000,210.0000
570.0000,272.0000,202.0000,210.0000
566.0000,272.0000,202.0000,210.0000
566.0000,272.0000,202.0000,210.0000
562.0000,272.0000,202.0000,210.0000
562.0000,272.0000,202.0000,210.0000
558.0000,272.0000,202.0000,210.0000
554.0000,272.0000,202.0000,210.0000
554.0000,272.0000,202.0000,210.0000
550.0000,272.0000,202.0000,210.0000
550.0000,272.0000,202.0000,210.0000
546.0000,272.0000,202.0000,210.0000
546.0000,272.0000,202.0000,210.0000
542.0000,272.0000,202.0000,210.0000
542.0000,276.0000,202.0000,210.0000
538.0000,276.0000,202.0000,210.0000
538.0000,276.0000,202.0000,210.0000
534.0000,276.0000,202.0000,210.0000
534.0000,276.0000,202.0000,210.0000
530.0000,276.0000,202.0000,210.0000
530.0000,280.0000,202.0000,210.0000
530.0000,280.0000,202.0000,210.0000
526.0000,280.0000,202.0000,210.0000
526.0000,284.0000,202.0000,210.0000
522.0000,284.0000,202.0000,210.0000
522.0000,284.0000,202.0000,210.0000
518.0000,288.0000,202.0000,210.0000
518.0000,288.0000,202.0000,210.0000
514.0000,292.0000,202.0000,210.0000
514.0000,292.0000,202.0000,210.0000
514.0000,292.0000,202.0000,210.0000
510.0000,296.0000,202.0000,210.0000
510.0000,300.0000,202.0000,210.0000
506.0000,300.0000,202.0000,210.0000
506.0000,304.0000,202.0000,210.0000
502.0000,304.0000,202.0000,210.0000
502.0000,308.0000,202.0000,210.0000
502.0000,312.0000,202.0000,210.0000
498.0000,312.0000,202.0000,210.0000
498.0000,312.0000,202.0000,210.0000
498.0000,316.0000,202.0000,210.0000
494.0000,320.0000,202.0000,210.0000
494.0000,320.0000,202.0000,210.0000
494.0000,324.0000,202.0000,210.0000
494.0000,324.0000,202.0000,210.0000
494.0000,328.0000,202.0000,210.0000
490.0000,332.0000,202.0000,210.0000
490.0000,332.0000,202.0000,210.0000
490.0000,336.0000,202.0000,210.0000
490.0000,336.0000,202.0000,210.0000
490.0000,340.0000,202.0000,210.0000
490.0000,344.0000,202.0000,210.0000
490.0000,348.0000,202.0000,210.0000
490.0000,348.0000,202.0000,210.0000
490.0000,352.0000,202.0000,210.0000
490.0000,352.0000,202.0000,210.0000
490.0000,356.0000,202.0000,210.0000
490.0000,360.0000,202.0000,210.0000
494.0000,364.0000,202.0000,210.0000
494.0000,364.0000,202.0000,210.0000
494.0000,368.0000,202.0000,210.0000
494.0000,372.0000,202.0000,210.0000
498.0000,376.0000,202.0000,210.0000
498.0000,376.0000,202.0000,210.0000
498.0000,380.0000,202.0000,210.0000
498.0000,384.0000,202.0000,210.0000
498.0000,384.0000,202.0000,210.0000
498.0000,388.0000,202.0000,210.0000
502.0000,392.0000,202.0000,210.0000
502.0000,396.0000,202.0000,210.0000
502.0000,396.0000,202.0000,210.0000
502.0000,400.0000,202.0000,210.0000
502.0000,404.0000,202.0000,210.0000
506.0000,408.0000,202.0000,210.0000
506.0000,408.0000,202.0000,210.0000
506.0000,412.0000,202.0000,210.0000
506.0000,412.0000,202.0000,210.0000
510.0000,412.0000,202.0000,210.0000
510.0000,412.0000,202.0000,210.0000
510.0000,412.0000,202.0000,210.0000
510.0000,412.0000,202.0000,210.0000
514.0000,412.0000,202.0000,210.0000
514.0000,412.0000,202.0000,210.0000
514.0000,412.0000,202.0000,210.0000
514.0000,412.0000,202.0000,210.0000
518.0000,412.0000,202.0000,210.0000
518.0000,412.0000,202.0000,210.0000
518.0000,412.0000,202.0000,210.0000
518.0000,416.0000,202.0000,210.0000
522.0000,416.0000,202.0000,210.0000
522.0000,416.0000,202.0000,210.0000
522.0000,416.0000,202.0000,210.0000
522.0000,416.0000,202.0000,210.0000
526.0000,416.0000,202.0000,210.0000
526.0000,416.0000,202.0000,210.0000
526.0000,416.0000,202.0000,210.0000
530.0000,416.0000,202.0000,210.0000
530.0000,416.0000,202.0000,210.0000
534.0000,416.0000,202.0000,210.0000
538.0000,416.0000,202.0000,210.0000
538.0000,416.0000,202.0000,210.0000
542.0000,420.0000,202.0000,210.0000
542.0000,420.0000,202.0000,210.0000
546.0000,420.0000,202.0000,210.0000
550.0000,420.0000,202.0000,210.0000
550.0000,420.0000,202.0000,210.0000
554.0000,420.0000,202.0000,210.0000
562.0000,424.0000,202.0000,210.0000
566.0000,424.0000,202.0000,210.0000
566.0000,424.0000,202.0000,210.0000
570.0000,424.0000,202.0000,210.0000
574.0000,428.0000,202.0000,210.0000
578.0000,428.0000,202.0000,210.0000
582.0000,428.0000,202.0000,210.0000
586.0000,428.0000,202.0000,210.0000
590.0000,428.0000,202.0000,210.0000
590.0000,432.0000,202.0000,210.0000
594.0000,432.0000,202.0000,210.0000
598.0000,432.0000,202.0000,210.0000
602.0000,432.0000,202.0000,210.0000
602.0000,436.0000,202.0000,210.0000
606.0000,436.0000,202.0000,210.0000
610.0000,436.0000,202.0000,210.0000
614.0000,436.0000,202.0000,210.0000
618.0000,440.0000,202.0000,210.0000
618.0000,440.0000,202.0000,210.0000
622.0000,440.0000,202.0000,210.0000
622.0000,444.0000,202.0000,210.0000
626.0000,444.0000,202.0000,210.0000
626.0000,444.0000,202.0000,210.0000
630.0000,448.0000,202.0000,210.0000
630.0000,448.0000,202.0000,210.0000
634.0000,448.0000,202.0000,210.0000
634.0000,448.0000,202.0000,210.0000
638.0000,448.0000,202.0000,210.0000
638.0000,452.0000,202.0000,210.0000
642.0000,452.0000,202.0000,210.0000
642.0000,452.0000,202.0000,210.0000
646.0000,452.0000,202.0000,210.0000
646.0000,452.0000,202.0000,210.0000
650.0000,452.0000,202.0000,210.0000
650.0000,452.0000,202.0000,210.0000
654.0000,448.0000,202.0000,210.0000
654.0000,448.0000,202.0000,210.0000
654.0000,448.0000,202.0000,210.0000
658.0000,448.0000,202.0000,210.0000
658.0000,448.0000,202.0000,210.0000
662.0000,448.0000,202.0000,210.0000
662.0000,444.0000,202.0000,210.0000
666.0000,444.0000,202.0000,210.0000
666.0000,444.0000,202.0000,210.0000
666.0000,444.0000,202.0000,210.0000
670.0000,440.0000,202.0000,210.0000
670.0000,440.0000,202.0000,210.0000
670.0000,436.0000,202.0000,210.0000
674.0000,436.0000,202.0000,210.0000
674.0000,436.0000,202.0000,210.0000
674.0000,432.0000,202.0000,210.0000
678.0000,428.0000,202.0000,210.0000
678.0000,428.0000,202.0000,210.0000
678.0000,424.0000,202.0000,210.0000
682.0000,424.0000,202.0000,210.0000
682.0000,420.0000,202.0000,210.0000
682.0000,420.0000,202.0000,210.0000
682.0000,416.0000,202.0000,210.0000
682.0000,416.0000,202.0000,210.0000
686.0000,412.0000,202.0000,210.0000
686.0000,408.0000,202.0000,210.0000
686.0000,408.0000,202.0000,210.0000
686.0000,404.0000,202.0000,210.0000
686.0000,404.0000,202.0000,210.0000
686.0000,400.0000,202.0000,210.0000
686.0000,400.0000,202.0000,210.0000
690.0000,396.0000,202.0000,210.0000
690.0000,396.0000,202.0000,210.0000
690.0000,396.0000,202.0000,210.0000
690.0000,392.0000,202.0000,210.0000
690.0000,392.0000,202.0000,210.0000
690.0000,392.0000,202.0000,210.0000
690.0000,388.0000,202.0000,210.0000
690.0000,388.0000,202.0000,210.0000
690.0000,388.0000,202.0000,210.0000
694.0000,388.0000,202.0000,210.0000
694.0000,388.0000,202.0000,210.0000
694.0000,388.0000,202.0000,210.0000
694.0000,388.0000,202.0000,210.0000
694.0000,388.0000,202.0000,210.0000
694.0000,392.0000,202.0000,210.0000
694.0000,392.0000,202.0000,210.0000
694.0000,392.0000,202.0000,210.0000
694.0000,396.0000,202.0000,210.0000
694.0000,396.0000,202.0000,210.0000
694.0000,400.0000,202.0000,210.0000
694.0000,404.0000,202.0000,210.0000
694.0000,404.0000,202.0000,210.0000
690.0000,408.0000,202.0000,210.0000
690.0000,412.0000,202.0000,210.0000
690.0000,416.0000,202.0000,210.0000
686.0000,420.0000,202.0000,210.0000
686.0000,420.0000,202.0000,210.0000
686.0000,424.0000,202.0000,210.0000
686.0000,428.0000,202.0000,210.0000
682.0000,436.0000,202.0000,210.0000
682.0000,440.0000,202.0000,210.0000
678.0000,444.0000,202.0000,210.0000
678.0000,448.0000,202.0000,210.0000
678.0000,452.0000,202.0000,210.0000
678.0000,456.0000,202.0000,210.0000
678.0000,460.0000,202.0000,210.0000
674.0000,464.0000,202.0000,210.0000
674.0000,468.0000,202.0000,210.0000
674.0000,468.0000,202.0000,210.0000
674.0000,472.0000,202.0000,210.0000
670.0000,472.0000,202.0000,210.0000
670.0000,476.0000,202.0000,210.0000
670.0000,476.0000,202.0000,210.0000
670.0000,476.0000,202.0000,210.0000
670.0000,480.0000,202.0000,210.0000
666.0000,480.0000,202.0000,210.0000
666.0000,480.0000,202.0000,210.0000
666.0000,484.0000,202.0000,210.0000
666.0000,484.0000,202.0000,210.0000
666.0000,484.0000,202.0000,210.0000
666.0000,484.0000,202.0000,210.0000
662.0000,488.0000,202.0000,210.0000
662.0000,488.0000,202.0000,210.0000
662.0000,488.0000,202.0000,210.0000
658.0000,492.0000,202.0000,210.0000
658.0000,492.0000,202.0000,210.0000
658.0000,492.0000,202.0000,210.0000
658.0000,492.0000,202.0000,210.0000
658.0000,492.0000,202.0000,210.0000
654.0000,496.0000,202.0000,210.0000
654.0000,496.0000,202.0000,210.0000
654.0000,496.0000,202.0000,210.0000
654.0000,496.0000,202.0000,210.0000
654.0000,500.0000,202.0000,210.0000
654.0000,500.0000,202.0000,210.0000
650.0000,504.0000,202.0000,210.0000
650.0000,504.0000,202.0000,210.0000
650.0000,508.0000,202.0000,210.0000
650.0000,508.0000,202.0000,210.0000
646.0000,512.0000,202.0000,210.0000
646.0000,512.0000,202.0000,210.0000
646.0000,516.0000,202.0000,210.0000
646.0000,520.0000,202.0000,210.0000
642.0000,520.0000,202.0000,210.0000
642.0000,524.0000,202.0000,210.0000
642.0000,528.0000,202.0000,210.0000
642.0000,532.0000,202.0000,210.0000
638.0000,536.0000,202.0000,210.0000
638.0000,540.0000,202.0000,210.0000
638.0000,544.0000,202.0000,210.0000
634.0000,548.0000,202.0000,210.0000
634.0000,548.0000,202.0000,210.0000
634.0000,552.0000,202.0000,210.0000
634.0000,556.0000,202.0000,210.0000
630.0000,560.0000,202.0000,210.0000
630.0000,564.0000,202.0000,210.0000
626.0000,568.0000,202.0000,210.0000
626.0000,572.0000,202.0000,210.0000
626.0000,576.0000,202.0000,210.0000
622.0000,580.0000,202.0000,210.0000
622.0000,588.0000,202.0000,210.0000
622.0000,592.0000,202.0000,210.0000
622.0000,600.0000,202.0000,210.0000
618.0000,608.0000,202.0000,210.0000
618.0000,612.0000,202.0000,210.0000
614.0000,616.0000,202.0000,210.0000
614.0000,620.0000,202.0000,210.0000
614.0000,624.0000,202.0000,210.0000
610.0000,628.0000,202.0000,210.0000
610.0000,632.0000,202.0000,210.0000
610.0000,632.0000,202.0000,210.0000
606.0000,636.0000,202.0000,210.0000
606.0000,640.0000,202.0000,210.0000
606.0000,640.0000,202.0000,210.0000
606.0000,644.0000,202.0000,210.0000
602.0000,652.0000,202.0000,210.0000
602.0000,656.0000,202.0000,210.0000
602.0000,660.0000,202.0000,210.0000
602.0000,664.0000,202.0000,210.0000
598.0000,672.0000,202.0000,210.0000
598.0000,676.0000,202.0000,210.0000
594.0000,680.0000,202.0000,210.0000
594.0000,684.0000,202.0000,210.0000
594.0000,688.0000,202.0000,210.0000
590.0000,688.0000,202.0000,210.0000
590.0000,692.0000,202.0000,210.0000
590.0000,696.0000,202.0000,210.0000
586.0000,696.0000,202.0000,210.0000
586.0000,688.0000,202.0000,210.0000
582.0000,684.0000,202.0000,210.0000
582.0000,688.0000,202.0000,210.0000
582.0000,684.0000,202.0000,210.0000
582.0000,684.0000,202.0000,210.0000
578.0000,680.0000,202.0000,210.0000
578.0000,684.0000,202.0000,210.0000
578.0000,688.0000,202.0000,210.0000
574.0000,684.0000,202.0000,210.0000
574.0000,684.0000,202.0000,210.0000
570.0000,680.0000,202.0000,210.0000
570.0000,676.0000,202.0000,210.0000
570.0000,676.0000,202.0000,210.0000
570.0000,676.0000,202.0000,210.0000
570.0000,676.0000,202.0000,210.0000
570.0000,676.0000,202.0000,210.0000
566.0000,676.0000,202.0000,210.0000
566.0000,676.0000,202.0000,210.0000
566.0000,676.0000,202.0000,210.0000
566.0000,676.0000,202.0000,210.0000
566.0000,676.0000,202.0000,210.0000
562.0000,676.0000,202.0000,210.0000
562.0000,676.0000,202.0000,210.0000
558.0000,680.0000,202.0000,210.0000
558.0000,676.0000,202.0000,210.0000
558.0000,680.0000,202.0000,210.0000
558.0000,680.0000,202.0000,210.0000
558.0000,680.0000,202.0000,210.0000
558.0000,680.0000,202.0000,210.0000
554.0000,684.0000,202.0000,210.0000
554.0000,684.0000,202.0000,210.0000
554.0000,684.0000,202.0000,210.0000
554.0000,684.0000,202.0000,210.0000
550.0000,688.0000,202.0000,210.0000
550.0000,688.0000,202.0000,210.0000
550.0000,688.0000,202.0000,210.0000
550.0000,688.0000,202.0000,210.0000
550.0000,688.0000,202.0000,210.0000
550.0000,688.0000,202.0000,210.0000
550.0000,688.0000,202.0000,210.0000
546.0000,688.0000,202.0000,210.0000
546.0000,684.0000,202.0000,210.0000
546.0000,680.0000,202.0000,210.0000
542.0000,680.0000,202.0000,210.0000
542.0000,676.0000,202.0000,210.0000
542.0000,672.0000,202.0000,210.0000
542.0000,672.0000,202.0000,210.0000
542.0000,668.0000,202.0000,210.0000
538.0000,672.0000,202.0000,210.0000
538.0000,668.0000,202.0000,210.0000
538.0000,672.0000,202.0000,210.0000
538.0000,668.0000,202.0000,210.0000
538.0000,672.0000,202.0000,210.0000
538.0000,672.0000,202.0000,210.0000
538.0000,672.0000,202.0000,210.0000
534.0000,672.0000,202.0000,210.0000
534.0000,672.0000,202.0000,210.0000
530.0000,672.0000,202.0000,210.0000
530.0000,672.0000,202.0000,210.0000
530.0000,672.0000,202.0000,210.0000
530.0000,668.0000,202.0000,210.0000
530.0000,672.0000,202.0000,210.0000
526.0000,672.0000,202.0000,210.0000
526.0000,676.0000,202.0000,210.0000
526.0000,676.0000,202.0000,210.0000
526.0000,676.0000,202.0000,210.0000
526.0000,676.0000,202.0000,210.0000
526.0000,676.0000,202.0000,210.0000
522.0000,680.0000,202.0000,210.0000
526.0000,680.0000,202.0000,210.0000
526.0000,680.0000,202.0000,210.0000
526.0000,684.0000,202.0000,210.0000
526.0000,684.0000,202.0000,210.0000
522.0000,688.0000,202.0000,210.0000
522.0000,688.0000,202.0000,210.0000
522.0000,688.0000,202.0000,210.0000
522.0000,688.0000,202.0000,210.0000
522.0000,688.0000,202.0000,210.0000
522.0000,688.0000,202.0000,210.0000
518.0000,688.0000,202.0000,210.0000
522.0000,688.0000,202.0000,210.0000
518.0000,684.0000,202.0000,210.0000
518.0000,684.0000,202.0000,210.0000
518.0000,684.0000,202.0000,210.0000
518.0000,684.0000,202.0000,210.0000
518.0000,684.0000,202.0000,210.0000
518.0000,684.0000,202.0000,210.0000
514.0000,688.0000,202.0000,210.0000
514.0000,688.0000,202.0000,210.0000
514.0000,688.0000,202.0000,210.0000
514.0000,692.0000,202.0000,210.0000
514.0000,696.0000,202.0000,210.0000
514.0000,696.0000,202.0000,210.0000
514.0000,700.0000,202.0000,210.0000
514.0000,696.0000,202.0000,210.0000
514.0000,700.0000,202.0000,210.0000
514.0000,700.0000,202.0000,210.0000
514.0000,700.0000,202.0000,210.0000
514.0000,700.0000,202.0000,210.0000
514.0000,700.0000,202.0000,210.0000
514.0000,700.0000,202.0000,210.0000
510.0000,700.0000,202.0000,210.0000
510.0000,700.0000,202.0000,210.0000
510.0000,700.0000,202.0000,210.0000
510.0000,700.0000,202.0000,210.0000
510.0000,696.0000,202.0000,210.0000
506.0000,692.0000,202.0000,210.0000
506.0000,688.0000,202.0000,210.0000
502.0000,688.0000,202.0000,210.0000
506.0000,688.0000,202.0000,210.0000
506.0000,688.0000,202.0000,210.0000
506.0000,692.0000,202.0000,210.0000
506.0000,692.0000,202.0000,210.0000
506.0000,692.0000,202.0000,210.0000
506.0000,692.0000,202.0000,210.0000
510.0000,692.0000,202.0000,210.0000
506.0000,692.0000,202.0000,210.0000
506.0000,692.0000,202.0000,210.0000
506.0000,692.0000,202.0000,210.0000
506.0000,692.0000,202.0000,210.0000
506.0000,692.0000,202.0000,210.0000
506.0000,692.0000,202.0000,210.0000
506.0000,692.0000,202.0000,210.0000
502.0000,692.0000,202.0000,210.0000
502.0000,688.0000,202.0000,210.0000
506.0000,692.0000,202.0000,210.0000
506.0000,692.0000,202.0000,210.0000
502.0000,692.0000,202.0000,210.0000
506.0000,688.0000,202.0000,210.0000
502.0000,688.0000,202.0000,210.0000
502.0000,688.0000,202.0000,210.0000
502.0000,688.0000,202.0000,210.0000
502.0000,688.0000,202.0000,210.0000
498.0000,688.0000,202.0000,210.0000
498.0000,688.0000,202.0000,210.0000
498.0000,688.0000,202.0000,210.0000
494.0000,692.0000,202.0000,210.0000
494.0000,692.0000,202.0000,210.0000
494.0000,692.0000,202.0000,210.0000
494.0000,692.0000,202.0000,210.0000
494.0000,692.0000,202.0000,210.0000
494.0000,688.0000,202.0000,210.0000
490.0000,688.0000,202.0000,210.0000
490.0000,688.0000,202.0000,210.0000
490.0000,688.0000,202.0000,210.0000
490.0000,688.0000,202.0000,210.0000
490.0000,688.0000,202.0000,210.0000
490.0000,688.0000,202.0000,210.0000
490.0000,688.0000,202.0000,210.0000
490.0000,688.0000,202.0000,210.0000
490.0000,684.0000,202.0000,210.0000
490.0000,684.0000,202.0000,210.0000
490.0000,688.0000,202.0000,210.0000
490.0000,688.0000,202.0000,210.0000
486.0000,688.0000,202.0000,210.0000
490.0000,692.0000,202.0000,210.0000
490.0000,692.0000,202.0000,210.0000
486.0000,692.0000,202.0000,210.0000
486.0000,692.0000,202.0000,210.0000
490.0000,696.0000,202.0000,210.0000
486.0000,696.0000,202.0000,210.0000
486.0000,696.0000,202.0000,210.0000
486.0000,696.0000,202.0000,210.0000
486.0000,696.0000,202.0000,210.0000
486.0000,696.0000,202.0000,210.0000
486.0000,696.0000,202.0000,210.0000
486.0000,696.0000,202.0000,210.0000
486.0000,696.0000,202.0000,210.0000
486.0000,696.0000,202.0000,210.0000
486.0000,688.0000,202.0000,210.0000
486.0000,692.0000,202.0000,210.0000
486.0000,692.0000,202.0000,210.0000
486.0000,692.0000,202.0000,210.0000
486.0000,696.0000,202.0000,210.0000
486.0000,696.0000,202.0000,210.0000
486.0000,696.0000,202.0000,210.0000
482.0000,696.0000,202.0000,210.0000
482.0000,696.0000,202.0000,210.0000
486.0000,696.0000,202.0000,210.0000
486.0000,696.0000,202.0000,210.0000
486.0000,692.0000,202.0000,210.0000
486.0000,688.0000,202.0000,210.0000
486.0000,688.0000,202.0000,210.0000
486.0000,688.0000,202.0000,210.0000
486.0000,692.0000,202.0000,210.0000
486.0000,692.0000,202.0000,210.0000
486.0000,692.0000,202.0000,210.0000
486.0000,692.0000,202.0000,210.0000
490.0000,692.0000,202.0000,210.0000
486.0000,688.0000,202.0000,210.0000
486.0000,688.0000,202.0000,210.0000
486.0000,688.0000,202.0000,210.0000
482.0000,688.0000,202.0000,210.0000
482.0000,684.0000,202.0000,210.0000
482.0000,684.0000,202.0000,210.0000
478.0000,684.0000,202.0000,210.0000
482.0000,680.0000,202.0000,210.0000
482.0000,688.0000,202.0000,210.0000
478.0000,688.0000,202.0000,210.0000
486.0000,692.0000,202.0000,210.0000
486.0000,692.0000,202.0000,210.0000
482.0000,688.0000,202.0000,210.0000
482.0000,692.0000,202.0000,210.0000
482.0000,692.0000,202.0000,210.0000
482.0000,692.0000,202.0000,210.0000
2
0
0
0
0
0
2
0
0
0
0
0
2
0
0
0
0
0
2
0
0
0
0
0
2
0
0
0
0
0
2
0
0
0
0
0
2
0
0
0
0
0
2
0
0
0
0
0
2
0
0
0
0
0
2
0
0
0
0
0
2
0
0
0
0
0
2
0
0
0
0
0
2
0
0
0
0
0
2
0
0
0
0
0
2
0
0
0
0
0
2
0
0
0
0
0
2
0
0
0
0
0
2
0
0
0
0
0
2
0
0
0
0
0
2
0
0
0
0
0
2
0
0
0
0
0
2
0
0
0
0
0
2
0
0
0
0
0
2
0
0
0
0
0
2
0
0
0
0
0
2
0
0
0
0
0
2
0
0
0
0
0
2
0
0
0
0
0
2
0
0
0
0
0
2
0
0
0
0
0
2
0
0
0
0
0
2
0
0
0
0
0
2
0
0
0
0
0
2
0
0
0
0
0
2
0
0
0
0
0
2
0
0
0
0
0
2
0
0
0
0
0
2
0
0
0
0
0
2
0
0
0
0
0
2
0
0
0
0
0
2
0
0
0
0
0
2
0
0
0
0
0
2
0
0
0
0
0
2
0
0
0
0
0
2
0
0
0
0
0
2
0
0
0
0
0
2
0
0
0
0
0
2
0
0
0
0
0
2
0
0
0
0
0
2
0
0
0
0
0
2
0
0
0
0
0
2
0
0
0
0
0
2
0
0
0
0
0
2
0
0
0
0
0
2
0
0
0
0
0
2
0
0
0
0
0
2
0
0
0
0
0
2
0
0
0
0
0
2
0
0
0
0
0
2
0
0
0
0
0
2
0
0
0
0
0
2
0
0
0
0
0
2
0
0
0
0
0
2
0
0
0
0
0
2
0
0
0
0
0
2
0
0
0
0
0
2
0
0
0
0
0
2
0
0
0
0
0
2
0
0
0
0
0
2
0
0
0
