1
722.9425,314.8695,63.1150,143.2610
722.9493,315.8849,63.1014,143.2302
722.0536,317.1218,62.8927,142.7564
720.9249,317.8294,63.1503,143.3412
720.8134,318.5764,63.3733,143.8472
719.9108,318.7975,63.1785,143.4051
719.8200,318.5915,63.3599,143.8170
718.8913,318.7533,63.2174,143.4935
719.0038,318.0085,62.9925,142.9829
719.1268,317.2879,62.7463,142.4241
719.1510,316.3428,62.6980,142.3144
718.0410,316.0929,62.9181,142.8141
718.1132,315.2568,62.7737,142.4863
717.9852,313.9663,63.0296,143.0673
717.0331,313.0751,62.9338,142.8498
717.1826,312.4146,62.6347,142.1709
716.3317,312.7529,62.3366,141.4942
716.3087,313.7006,62.3827,141.5989
715.2490,314.5651,62.5021,141.8698
715.1966,315.4463,62.6068,142.1075
715.1761,316.3997,62.6478,142.2007
714.0709,317.1609,62.8582,142.6781
712.1414,318.3208,62.7173,142.3583
711.2340,318.5311,62.5320,141.9378
710.3240,318.7353,62.3521,141.5293
709.3677,317.8345,62.2647,141.3309
707.3787,316.8596,62.2425,141.2807
705.3588,315.8144,62.2824,141.3712
704.4009,315.9099,62.1983,141.1802
703.5245,315.1905,61.9510,140.6190
702.3824,314.8680,62.2352,141.2639
701.2283,314.5183,62.5433,141.9633
699.3761,314.8537,62.2478,141.2926
698.3691,314.8377,62.2619,141.3245
697.3817,315.8664,62.2366,141.2672
696.4337,315.9845,62.1325,141.0310
695.5853,316.3284,61.8295,140.3431
694.7186,317.6310,61.5629,139.7381
693.8646,318.9626,61.2707,139.0748
693.1236,320.5504,60.7528,137.8992
693.1611,321.6356,60.6778,137.7289
692.1314,321.5682,60.7371,137.8637
691.2338,322.8004,60.5325,137.3992
690.3653,324.0990,60.2694,136.8020
690.4117,324.2043,60.1766,136.5913
689.3420,324.0461,60.3161,136.9079
688.3789,323.1299,60.2422,136.7402
687.4755,323.3492,60.0489,136.3015
687.6514,323.7483,59.6973,135.5034
686.7904,323.0639,59.4193,134.8723
686.9398,323.4031,59.1203,134.1937
685.9617,323.4527,59.0766,134.0946
686.0693,323.6970,58.8614,133.6061
685.0425,323.6362,58.9149,133.7276
685.0270,323.6011,58.9459,133.7978
684.0792,324.7195,58.8415,133.5609
684.0153,325.5743,58.9695,133.8513
682.9358,326.3940,59.1284,134.2121
682.9476,326.4207,59.1048,134.1586
681.9344,327.3908,59.1312,134.2184
680.6572,326.7615,59.6857,135.4770
680.6727,326.7967,59.6546,135.4066
679.7138,326.8901,59.5723,135.2197
678.7189,325.9018,59.5621,135.1965
677.6478,325.7401,59.7045,135.5197
676.5224,324.4557,59.9552,136.0887
675.5440,324.5047,59.9120,135.9907
674.5542,323.5278,59.8916,135.9443
674.7082,322.8773,59.5837,135.2454
674.7620,322.9995,59.4760,135.0011
673.8193,322.1294,59.3615,134.7412
673.8430,322.1833,59.3140,134.6333
672.8731,323.2517,59.2538,134.4967
672.8670,324.2378,59.2660,134.5244
671.9589,324.4463,59.0823,134.1074
671.9144,324.3452,59.1713,134.3095
670.9882,325.5129,59.0236,133.9741
671.0120,326.5670,58.9760,133.8661
671.0993,327.7651,58.8014,133.4698
671.2982,329.2166,58.4035,132.5667
671.3984,329.4439,58.2033,132.1122
671.4216,329.4966,58.1568,132.0068
671.4795,329.6281,58.0410,131.7439
671.5886,329.8757,57.8228,131.2486
671.6495,330.0140,57.7009,130.9719
671.6357,328.9827,57.7285,131.0346
671.7614,329.2679,57.4772,130.4641
672.6886,328.1027,57.6228,130.7946
672.6463,328.0066,57.7074,130.9867
672.6638,328.0464,57.6724,130.9072
672.6772,328.0770,57.6455,130.8461
672.7575,328.2591,57.4850,130.4819
672.7609,329.2669,57.4781,130.4661
672.7501,329.2422,57.4999,130.5156
672.7601,330.2650,57.4798,130.4700
672.7239,330.1830,57.5521,130.6341
672.7357,331.2095,57.5287,130.5809
671.7514,332.2452,57.4972,130.5096
670.8655,332.5042,57.2690,129.9916
670.9171,332.6214,57.1658,129.7572
669.9732,332.7487,57.0536,129.5027
669.9134,331.6129,57.1733,129.7742
668.8793,330.5356,57.2413,129.9287
668.7911,330.3354,57.4178,130.3293
668.6738,329.0690,57.6525,130.8621
668.6801,329.0834,57.6398,130.8333
667.6801,328.0834,57.6398,130.8332
667.7629,328.2713,57.4743,130.4574
667.8486,328.4658,57.3029,130.0685
667.8211,329.4035,57.3578,130.1930
666.8806,329.5385,57.2388,129.9230
666.9216,330.6316,57.1568,129.7368
668.0967,331.0291,56.8065,128.9417
667.2665,333.4144,56.4670,128.1712
668.5275,334.0069,55.9449,126.9862
668.6862,335.3671,55.6276,126.2659
668.7739,335.5661,55.4522,125.8678
668.8286,336.6903,55.3428,125.6193
669.8216,336.6743,55.3569,125.6513
669.7474,336.5059,55.5053,125.9881
669.7617,336.5383,55.4767,125.9233
670.6943,335.3855,55.6114,126.2290
670.6923,335.3809,55.6155,126.2383
670.7302,335.4668,55.5397,126.0663
671.8552,334.7507,55.2896,125.4986
671.8080,334.6436,55.3840,125.7129
672.7497,334.5112,55.5006,125.9775
672.7944,334.6128,55.4111,125.7744
672.7678,334.5522,55.4645,125.8957
673.8949,335.8408,55.2102,125.3184
673.8583,335.7579,55.2833,125.4843
673.8923,336.8348,55.2155,125.3304
674.0255,338.1371,54.9492,124.7259
673.9846,338.0445,55.0307,124.9110
674.0039,339.0883,54.9921,124.8234
673.9913,339.0595,55.0175,124.8810
673.8800,338.8070,55.2400,125.3860
673.8350,337.7047,55.3301,125.5905
673.7102,337.4216,55.5796,126.1569
672.6353,336.2514,55.7295,126.4972
672.6338,335.2481,55.7325,126.5039
672.5823,335.1312,55.8355,126.7376
672.4968,333.9370,56.0065,127.1259
672.5231,334.9969,55.9537,127.0061
672.6517,335.2888,55.6966,126.4224
672.6339,337.2484,55.7322,126.5032
672.5742,339.1129,55.8516,126.7743
672.4874,341.9157,56.0253,127.1686
672.4794,345.8976,56.0413,127.2048
672.5168,347.9825,55.9664,127.0349
673.6820,350.3575,55.6360,126.2850
672.6884,351.3721,55.6232,126.2557
673.7485,353.5086,55.5029,125.9828
673.7580,354.5301,55.4840,125.9398
674.7957,355.6156,55.4086,125.7688
674.8044,355.6353,55.3912,125.7293
675.8403,355.7169,55.3193,125.5661
675.7554,354.5240,55.4893,125.9519
676.7098,354.4207,55.5803,126.1585
676.6932,353.3831,55.6135,126.2338
677.7054,353.4108,55.5891,126.1784
678.8159,353.6615,55.3682,125.6770
679.7508,352.5137,55.4984,125.9726
679.8192,352.6688,55.3617,125.6624
679.8358,352.7065,55.3285,125.5870
680.8600,352.7616,55.2800,125.4769
680.8953,352.8418,55.2093,125.3163
681.8626,353.7675,55.2748,125.4650
681.8546,353.7493,55.2908,125.5014
682.8703,354.7850,55.2594,125.4301
682.9023,355.8576,55.1954,125.2848
682.9359,356.9339,55.1282,125.1322
682.9487,356.9628,55.1027,125.0744
682.9853,357.0460,55.0294,124.9079
682.9210,356.9001,55.1579,125.1998
682.8389,355.7137,55.3222,125.5725
682.6954,355.3879,55.6092,126.2241
682.5689,354.1008,55.8622,126.7984
682.5353,353.0247,55.9293,126.9507
682.4711,352.8788,56.0579,127.2425
682.4117,352.7441,56.1765,127.5117
682.4880,352.9174,56.0239,127.1653
683.5616,353.0843,55.8768,126.8314
683.6888,353.3730,55.6224,126.2540
683.7375,354.4837,55.5249,126.0327
683.8451,354.7277,55.3098,125.5446
684.7887,354.5998,55.4226,125.8004
684.7239,355.4525,55.5523,126.0949
685.7117,356.4250,55.5765,126.1499
685.8337,357.7018,55.3327,125.5964
686.9232,357.9049,55.1537,125.1902
686.9387,358.9401,55.1227,125.1198
687.8576,358.7562,55.2847,125.4876
687.8237,358.6793,55.3525,125.6414
688.7876,358.5973,55.4248,125.8054
688.7429,358.4958,55.5142,126.0085
689.6868,357.3685,55.6263,126.2629
690.6156,357.2068,55.7688,126.5864
690.6081,356.1898,55.7838,126.6204
691.5998,356.1710,55.8004,126.6581
691.6465,356.2771,55.7069,126.4459
692.6626,356.3135,55.6748,126.3730
692.6119,356.1983,55.7763,126.6034
692.6270,357.2327,55.7460,126.5346
693.6926,357.3815,55.6149,126.2369
693.8019,358.6298,55.3961,125.7403
695.0025,359.0851,54.9949,124.8298
694.9792,360.0323,55.0415,124.9354
694.9413,360.9462,55.1173,125.1076
694.9851,361.0456,55.0298,124.9088
694.8528,360.7453,55.2943,125.5094
693.7450,360.5006,55.5100,125.9989
693.6675,359.3247,55.6650,126.3506
693.5566,359.0729,55.8868,126.8541
692.4964,358.9362,56.0072,127.1276
692.4080,358.7356,56.1841,127.5289
692.3724,358.6548,56.2552,127.6905
692.3365,359.5735,56.3269,127.8531
691.3759,359.6627,56.2482,127.6745
691.4713,360.8792,56.0575,127.2417
691.5580,361.0760,55.8841,126.8479
691.6190,362.2146,55.7619,126.5708
691.7081,363.4169,55.5837,126.1662
691.8210,364.6730,55.3581,125.6541
691.8962,365.8438,55.2075,125.3124
692.0735,367.2463,54.8529,124.5074
692.0922,367.2885,54.8157,124.4229
692.1288,368.3717,54.7424,124.2565
692.1699,369.4650,54.6602,124.0701
692.1470,370.4131,54.7059,124.1738
692.1960,370.5244,54.6079,123.9512
693.1730,370.4721,54.6540,124.0559
693.0389,370.1678,54.9221,124.6645
692.9336,369.9287,55.1328,125.1427
692.8669,369.7772,55.2662,125.4456
693.8691,369.7823,55.2618,125.4355
693.6885,368.3723,55.6230,126.2555
693.6254,368.2289,55.7493,126.5421
694.7662,368.5487,55.4676,125.9026
694.8353,369.7056,55.3293,125.5888
694.9695,370.0103,55.0609,124.9794
694.9826,371.0399,55.0348,124.9202
694.9332,371.9277,55.1336,125.1446
696.0414,373.1735,54.9171,124.6530
696.1186,373.3486,54.7628,124.3028
696.0367,374.1626,54.9267,124.6749
695.9774,374.0280,55.0453,124.9441
694.7579,374.5298,55.4842,125.9403
694.6193,374.2151,55.7615,126.5698
694.6467,374.2775,55.7065,126.4450
693.5712,374.1061,55.8575,126.7877
693.5352,373.0243,55.9296,126.9514
693.4366,371.8005,56.1268,127.3990
692.3862,371.6860,56.2277,127.6280
692.2617,371.4034,56.4767,128.1931
692.1945,371.2511,56.6109,128.4978
692.1531,371.1572,56.6937,128.6857
692.0980,372.0320,56.8040,128.9361
691.0893,373.0122,56.8214,128.9756
691.1310,373.1069,56.7380,128.7862
691.1668,373.1882,56.6664,128.6236
691.1484,374.1465,56.7031,128.7071
691.1245,375.0919,56.7512,128.8161
691.1913,376.2439,56.6173,128.5123
691.2972,376.4843,56.4055,128.0314
692.3992,377.7156,56.2016,127.5687
692.4960,377.9354,56.0080,127.1292
693.5206,378.9912,55.9588,127.0176
693.5436,379.0435,55.9127,126.9129
693.5623,379.0858,55.8755,126.8284
694.5767,378.1187,55.8465,126.7627
694.4987,377.9416,56.0025,127.1169
695.5196,376.9889,55.9608,127.0222
695.5095,375.9661,55.9809,127.0679
696.5323,376.0178,55.9354,126.9644
696.4176,374.7574,56.1648,127.4852
697.3966,373.7097,56.2068,127.5806
697.3461,373.5951,56.3078,127.8098
698.3582,373.6227,56.2835,127.7546
698.2358,373.3448,56.5284,128.3105
698.2222,374.3139,56.5556,128.3721
698.3261,374.5498,56.3478,127.9005
699.4301,374.7858,56.1398,127.4284
699.4688,374.8737,56.0623,127.2526
699.4224,374.7682,56.1553,127.4637
699.4175,374.7572,56.1649,127.4855
699.3243,374.5457,56.3513,127.9086
699.1956,374.2534,56.6089,128.4933
699.1605,373.1740,56.6789,128.6521
699.0123,371.8375,56.9754,129.3250
698.9141,369.6146,57.1717,129.7708
697.7817,369.3140,57.4366,130.3721
697.7297,368.1960,57.5406,130.6080
697.6948,367.1167,57.6105,130.7667
697.6960,366.1195,57.6080,130.7610
697.7360,365.2103,57.5280,130.5795
697.7541,364.2513,57.4918,130.4973
697.6976,364.1230,57.6049,130.7540
697.6472,365.0087,57.7056,130.9826
697.6464,365.0068,57.7073,130.9864
697.7022,364.1335,57.5956,130.7329
697.6418,364.9966,57.7163,131.0067
697.8961,365.5738,57.2077,129.8524
697.9481,365.6918,57.1038,129.6165
698.0319,365.8818,56.9363,129.2364
698.0844,366.0012,56.8311,128.9977
699.1544,365.1599,56.6913,128.6801
699.1945,365.2510,56.6110,128.4980
700.2410,364.3565,56.5180,128.2870
700.2348,363.3425,56.5304,128.3150
701.1839,362.2270,56.6322,128.5461
701.1501,361.1503,56.6997,128.6993
701.1003,360.0372,56.7994,128.9257
702.1710,359.1977,56.6580,128.6046
702.2171,359.3022,56.5658,128.3955
703.3803,358.6727,56.2394,127.6545
703.3386,358.5782,56.3227,127.8436
704.3400,358.5813,56.3200,127.8375
704.3287,358.5556,56.3426,127.8889
704.3535,358.6118,56.2931,127.7765
704.3990,358.7151,56.2020,127.5697
704.3900,358.6946,56.2201,127.6107
705.4619,358.8578,56.0763,127.2843
705.4904,358.9226,56.0192,127.1547
705.5278,359.0075,55.9445,126.9851
704.5330,359.0193,55.9340,126.9613
704.4964,358.9362,56.0073,127.1276
704.4494,357.8295,56.1013,127.3409
703.4185,356.7593,56.1631,127.4813
703.3894,356.6934,56.2212,127.6133
702.3360,355.5722,56.3280,127.8556
702.3160,354.5269,56.3679,127.9462
701.2750,353.4338,56.4499,128.1324
701.3611,352.6293,56.2777,127.7413
700.2911,351.4702,56.4179,128.0596
700.3734,350.6571,56.2532,127.6858
699.4780,350.8945,56.0440,127.2110
699.5771,350.1195,55.8457,126.7610
699.6750,350.3416,55.6501,126.3168
698.8225,351.6765,55.3549,125.6469
698.9607,351.9902,55.0786,125.0196
699.1111,352.3316,54.7778,124.3369
699.1329,353.3811,54.7341,124.2378
699.2278,354.5966,54.5443,123.8068
699.2641,355.6788,54.4718,123.6424
699.2595,355.6683,54.4811,123.6635
699.2659,357.6830,54.4681,123.6339
699.2886,358.7343,54.4229,123.5313
699.2670,358.6854,54.4660,123.6291
699.2619,359.6738,54.4762,123.6524
699.1980,360.5288,54.6040,123.9423
699.1833,361.4955,54.6333,124.0090
700.2319,361.6058,54.5361,123.7883
700.2703,361.6930,54.4593,123.6140
700.2867,361.7303,54.4265,123.5395
701.2545,360.6570,54.4910,123.6859
701.2556,361.6596,54.4887,123.6807
701.2265,361.5936,54.5469,123.8129
701.2274,361.5954,54.5453,123.8091
701.1382,361.3932,54.7235,124.2136
701.1186,362.3486,54.7628,124.3028
700.9515,361.9693,55.0970,125.0614
700.8257,363.6837,55.3486,125.6326
700.7385,363.4858,55.5230,126.0285
700.7428,365.4956,55.5144,126.0088
700.5886,366.1457,55.8227,126.7087
699.5308,367.0143,55.9384,126.9714
698.5976,369.1660,55.8048,126.6681
698.4835,369.9069,56.0331,127.1863
697.4802,371.8994,56.0397,127.2012
696.4603,372.8545,56.0793,127.2911
695.3882,372.6906,56.2237,127.6188
694.4083,372.7364,56.1833,127.5272
693.5375,373.0295,55.9250,126.9410
693.7390,373.4870,55.5219,126.0260
693.9802,375.0343,55.0397,124.9314
693.0799,375.2607,54.8403,124.4787
693.2428,375.6304,54.5144,123.7391
693.3563,376.8882,54.2874,123.2237
693.3787,376.9391,54.2425,123.1219
692.4036,377.9954,54.1929,123.0092
692.5361,379.2961,53.9279,122.4078
692.5850,380.4072,53.8300,122.1855
691.6740,381.6093,53.6520,121.7815
691.8151,382.9295,53.3698,121.1409
691.9143,385.1547,53.1714,120.6907
691.9537,386.2440,53.0927,120.5119
691.9772,387.2976,53.0455,120.4049
691.9888,388.3238,53.0224,120.3524
692.0394,390.4386,52.9213,120.1229
692.0921,390.5583,52.8158,119.8835
692.0793,390.5291,52.8414,119.9417
692.1885,391.7771,52.6230,119.4458
692.1749,391.7462,52.6502,119.5077
692.1047,391.5868,52.7906,119.8264
692.0322,392.4223,52.9356,120.1554
691.9295,392.1892,53.1409,120.6215
690.7705,392.8282,53.4590,121.3435
690.4813,393.1718,54.0374,122.6563
690.2526,393.6528,54.4947,123.6944
689.1937,395.5190,54.6126,123.9619
689.0474,396.1870,54.9052,124.6260
687.9156,396.8878,55.1687,125.2243
687.8399,398.7160,55.3202,125.5680
686.7475,400.5063,55.5050,125.9874
685.6030,401.1782,55.7940,126.6435
684.5177,402.9846,55.9646,127.0307
683.5574,404.0749,55.8851,126.8502
682.6381,405.2579,55.7238,126.4842
681.7656,406.5474,55.4687,125.9052
679.7693,406.5557,55.4614,125.8886
679.8157,406.6610,55.3686,125.6779
678.8551,406.7505,55.2898,125.4990
678.9399,407.9430,55.1201,125.1140
679.0367,408.1627,54.9266,124.6747
679.0587,409.2125,54.8827,124.5751
678.1414,410.4004,54.7172,124.1993
678.2062,412.5474,54.5876,123.9052
678.2372,413.6178,54.5255,123.7643
678.2480,414.6422,54.5041,123.7156
678.3046,415.7707,54.3908,123.4585
678.2869,417.7307,54.4261,123.5386
678.3121,419.7877,54.3759,123.4246
678.2784,421.7113,54.4432,123.5774
678.3088,423.7802,54.3825,123.4396
679.3502,423.8743,54.2995,123.2514
679.4429,425.0845,54.1143,122.8309
680.4036,424.9954,54.1929,123.0093
680.3858,425.9551,54.2284,123.0898
680.3631,425.9035,54.2739,123.1931
681.3058,425.7735,54.3883,123.4529
681.2658,426.6827,54.4684,123.6346
681.2008,427.5352,54.5984,123.9296
681.1665,428.4573,54.6670,124.0855
681.0505,429.1941,54.8989,124.6118
680.9981,431.0750,55.0038,124.8500
680.9374,431.9372,55.1253,125.1256
680.9653,434.0005,55.0695,124.9990
680.9741,436.0204,55.0519,124.9591
680.9022,437.8573,55.1957,125.2855
679.8294,439.6921,55.3412,125.6158
679.7196,440.4429,55.5608,126.1143
678.7009,443.4004,55.5982,126.1991
678.7344,443.4764,55.5313,126.0472
677.7673,444.5511,55.4654,125.8977
677.8586,445.7584,55.2828,125.4831
677.9685,447.0079,55.0629,124.9841
677.0883,448.2797,54.8235,124.4406
677.1886,448.5074,54.6228,123.9851
677.2870,449.7309,54.4259,123.5382
677.4183,452.0288,54.1634,122.9424
677.5518,453.3318,53.8964,122.3363
677.5554,454.3400,53.8892,122.3200
677.6307,456.5109,53.7387,121.9782
677.6374,458.5262,53.7252,121.9476
678.6190,460.4844,53.7620,122.0312
678.5583,461.3468,53.8833,122.3064
678.6403,464.5327,53.7194,121.9346
678.6855,466.6354,53.6290,121.7292
679.6953,468.6575,53.6095,121.6850
679.6619,470.5817,53.6763,121.8366
679.6770,471.6161,53.6459,121.7678
680.7672,473.8206,53.4657,121.3587
680.7076,474.6857,53.5847,121.6287
680.6330,475.5162,53.7340,121.9676
680.4901,476.1917,54.0199,122.6166
681.3525,475.8796,54.2949,123.2408
681.2530,477.6537,54.4940,123.6927
682.1109,478.3311,54.7782,124.3378
681.9598,478.9881,55.0804,125.0237
681.9017,480.8562,55.1966,125.2876
682.8043,482.6352,55.3914,125.7297
682.6594,485.3062,55.6813,126.3877
682.6575,487.3021,55.6849,126.3958
682.5565,489.0727,55.8870,126.8546
682.5117,490.9711,55.9765,127.0578
682.4935,493.9296,56.0131,127.1409
681.5248,497.0009,55.9503,126.9982
681.4343,498.7952,56.1315,127.4096
681.5047,499.9551,55.9906,127.0897
680.5995,501.1704,55.8009,126.6592
680.6279,502.2347,55.7443,126.5306
679.6716,504.3340,55.6568,126.3320
679.7911,504.6051,55.4179,125.7898
679.8047,505.6362,55.3905,125.7277
679.9186,506.8947,55.1628,125.2107
680.9048,507.8634,55.1903,125.2733
680.8516,509.7426,55.2968,125.5149
680.9423,511.9484,55.1154,125.1033
680.9454,512.9553,55.1093,125.0894
681.0276,515.1421,54.9447,124.7158
682.0029,517.0860,54.9942,124.8280
682.0690,520.2358,54.8621,124.5283
683.0681,522.2340,54.8638,124.5320
683.1319,524.3787,54.7362,124.2426
683.2318,526.6056,54.5363,123.7888
684.2509,528.6489,54.4982,123.7022
685.2951,530.7492,54.4098,123.5015
686.2382,531.6199,54.5237,123.7602
686.1558,532.4330,54.6884,124.1341
687.1058,532.3195,54.7884,124.3611
687.0892,533.2819,54.8215,124.4362
688.0664,534.2301,54.8672,124.5398
687.9808,535.0359,55.0383,124.9282
687.8784,536.8032,55.2433,125.3936
688.7781,537.5758,55.4437,125.8483
689.6802,539.3536,55.6395,126.2928
689.6420,541.2667,55.7160,126.4666
690.5589,543.0782,55.8822,126.8436
690.4852,543.9108,56.0296,127.1784
690.4631,545.8607,56.0737,127.2785
690.4620,547.8582,56.0760,127.2836
690.4886,550.9187,56.0227,127.1627
690.4567,551.8461,56.0867,127.3079
689.4370,552.8013,56.1261,127.3973
689.3609,552.6287,56.2782,127.7427
689.2546,553.3874,56.4908,128.2252
689.2026,553.2695,56.5947,128.4610
689.2842,553.4547,56.4316,128.0907
689.2938,553.4764,56.4124,128.0473
690.3458,553.5945,56.3083,127.8110
690.3630,554.6334,56.2740,127.7331
690.3459,555.5947,56.3082,127.8106
691.3073,555.5069,56.3855,127.9862
691.4001,555.7178,56.1997,127.5644
691.4037,556.7260,56.1925,127.5480
692.4606,557.8550,56.0788,127.2900
692.4176,558.7574,56.1648,127.4851
693.4808,558.9008,56.0384,127.1983
693.3297,559.5577,56.3407,127.8845
694.3826,560.6780,56.2348,127.6441
694.4207,560.7644,56.1586,127.4712
695.4342,560.7951,56.1316,127.4098
695.3770,560.6652,56.2460,127.6695
696.3798,559.6717,56.2403,127.6567
697.3979,558.7126,56.2042,127.5747
697.4576,558.8482,56.0848,127.3036
698.4770,558.8923,56.0460,127.2154
698.5131,558.9742,55.9738,127.0515
699.5742,559.1129,55.8516,126.7742
700.6660,559.3212,55.6680,126.3575
701.7655,560.5472,55.4689,125.9057
701.7455,561.5017,55.5090,125.9966
701.7020,561.4030,55.5959,126.1939
701.7107,562.4227,55.5786,126.1547
701.6260,562.2304,55.7480,126.5392
701.6000,562.1715,55.7999,126.6570
700.5535,562.0658,55.8931,126.8684
700.6459,561.2755,55.7083,126.4490
699.7469,560.5048,55.5063,125.9904
699.8258,560.6840,55.3484,125.6320
699.9532,559.9733,55.0935,125.0535
699.9982,559.0752,55.0037,124.8496
698.9643,557.9983,55.0714,125.0034
699.0350,558.1588,54.9300,124.6825
698.0792,558.2592,54.8415,124.4815
698.0557,558.2057,54.8887,124.5886
697.0706,558.2397,54.8587,124.5206
697.2092,559.5541,54.5817,123.8917
697.3082,559.7790,54.3836,123.4421
696.3518,560.8779,54.2963,123.2441
696.3275,560.8228,54.3450,123.3545
696.2677,561.6870,54.4646,123.6261
696.3106,562.7844,54.3788,123.4312
696.1748,563.4761,54.6504,124.0477
696.1239,563.3607,54.7521,124.2787
696.0997,563.3056,54.8007,124.3888
696.0820,563.2656,54.8359,124.4688
697.0596,563.2148,54.8807,124.5705
696.8503,561.7396,55.2993,125.5207
696.8041,562.6348,55.3917,125.7303
696.6783,562.3491,55.6434,126.3017
696.5024,561.9500,55.9951,127.0999
697.4340,562.7946,56.1321,127.4109
697.4359,561.7989,56.1283,127.4023
697.4064,562.7321,56.1871,127.5358
697.4752,562.8882,56.0496,127.2237
696.5234,563.9975,55.9533,127.0050
696.6812,565.3556,55.6377,126.2888
696.7125,566.4269,55.5749,126.1462
696.7979,566.6206,55.4042,125.7588
696.8799,567.8069,55.2401,125.3862
695.9028,568.8588,55.1943,125.2823
694.8976,569.8469,55.2048,125.3061
693.8389,569.7137,55.3222,125.5726
692.8690,570.7820,55.2620,125.4359
692.8832,570.8141,55.2337,125.3717
691.9276,570.9150,55.1448,125.1700
690.9786,572.0308,55.0428,124.9384
691.0534,572.2006,54.8932,124.5988
690.2136,572.5641,54.5729,123.8718
690.3451,573.8627,54.3098,123.2746
689.5328,576.2888,53.9343,122.4223
688.6652,577.5893,53.6696,121.8214
688.6969,578.6612,53.6062,121.6776
687.7103,580.6915,53.5795,121.6170
687.7944,581.8824,53.4113,121.2352
686.7321,583.7410,53.5359,121.5179
686.7407,584.7607,53.5186,121.4787
686.7620,585.8090,53.4760,121.3821
686.6370,586.5253,53.7260,121.9494
686.5986,587.4382,53.8027,122.1236
686.5217,588.2636,53.9565,122.4728
685.4446,589.0886,54.1108,122.8229
685.3699,589.9189,54.2603,123.1622
685.3301,590.8288,54.3397,123.3424
684.3240,591.8147,54.3521,123.3707
684.3096,593.7822,54.3807,123.4356
684.2565,594.6616,54.4870,123.6768
683.2485,596.6433,54.5031,123.7133
683.2860,598.7285,54.4280,123.5430
683.3087,599.7800,54.3826,123.4399
682.2178,602.5738,54.5644,123.8524
682.2784,604.7114,54.4431,123.5771
682.1461,606.4109,54.7079,124.1783
680.1705,608.4663,54.6590,124.0673
679.1833,610.4954,54.6334,124.0092
678.1878,613.5056,54.6244,123.9888
677.1953,615.5226,54.6094,123.9548
675.1243,617.3614,54.7515,124.2772
674.0668,619.2310,54.8664,124.5379
673.0201,620.1251,54.9597,124.7499
672.0101,622.1024,54.9797,124.7952
671.0153,622.1140,54.9695,124.7720
670.0326,623.1534,54.9348,124.6933
669.0017,624.0833,54.9966,124.8334
667.9642,625.9982,55.0715,125.0036
667.9711,628.0136,55.0579,124.9727
666.8309,628.6955,55.3382,125.6090
665.7264,630.4583,55.5472,126.0834
664.6769,631.3460,55.6462,126.3080
664.7051,633.4100,55.5898,126.1801
663.6824,636.3585,55.6351,126.2830
663.6582,638.3036,55.6836,126.3929
663.5641,641.0901,55.8717,126.8198
662.4946,642.9323,56.0107,127.1355
662.4496,644.8301,56.1008,127.3398
662.3643,646.6365,56.2714,127.7271
662.2831,648.4522,56.4337,128.0955
661.1829,650.2247,56.6342,128.5507
660.9702,650.7419,57.0596,129.5162
660.8893,652.5582,57.2214,129.8835
659.7587,653.2617,57.4827,130.4766
659.6886,655.1027,57.6228,130.7946
658.6133,655.9319,57.7733,131.1362
657.5805,657.8574,57.8390,131.2853
657.5311,659.7451,57.9379,131.5099
655.4232,661.5003,58.1536,131.9994
654.4806,664.6305,58.0388,131.7390
653.4612,666.5865,58.0776,131.8269
652.3688,669.3767,58.2625,132.2466
651.3056,671.2334,58.3888,132.5332
649.3249,674.2772,58.3502,132.4457
648.0637,675.6841,58.8727,133.6317
645.9308,678.3828,59.1382,134.2344
644.7633,680.0024,59.4734,134.9953
643.7923,681.0682,59.4154,134.8635
641.8528,684.2057,59.2943,134.5886
641.7319,684.9313,59.5361,135.1375
640.7715,687.0211,59.4569,134.9577
641.7662,688.0090,59.4676,134.9820
641.7171,688.8975,59.5658,135.2049
641.7325,690.9324,59.5351,135.1351
2
0
0
0
0
0
2
0
0
0
0
0
2
0
0
0
0
0
2
0
0
0
0
0
2
0
0
0
0
0
2
0
0
0
0
0
2
0
0
0
0
0
2
0
0
0
0
0
2
0
0
0
0
0
2
0
0
0
0
0
2
0
0
0
0
0
2
0
0
0
0
0
2
0
0
0
0
0
2
0
0
0
0
0
2
0
0
0
0
0
2
0
0
0
0
0
2
0
0
0
0
0
2
0
0
0
0
0
2
0
0
0
0
0
2
0
0
0
0
0
2
0
0
0
0
0
2
0
0
0
0
0
2
0
0
0
0
0
2
0
0
0
0
0
2
0
0
0
0
0
2
0
0
0
0
0
2
0
0
0
0
0
2
0
0
0
0
0
2
0
0
0
0
0
2
0
0
0
0
0
2
0
0
0
0
0
2
0
0
0
0
0
2
0
0
0
0
0
2
0
0
0
0
0
2
0
0
0
0
0
2
0
0
0
0
0
2
0
0
0
0
0
2
0
0
0
0
0
2
0
0
0
0
0
2
0
0
0
0
0
2
0
0
0
0
0
2
0
0
0
0
0
2
0
0
0
0
0
2
0
0
0
0
0
2
0
0
0
0
0
2
0
0
0
0
0
2
0
0
0
0
0
2
0
0
0
0
0
2
0
0
0
0
0
2
0
0
0
0
0
2
0
0
0
0
0
2
0
0
0
0
0
2
0
0
0
0
0
2
0
0
0
0
0
2
0
0
0
0
0
2
0
0
0
0
0
2
0
0
0
0
0
2
0
0
0
0
0
2
0
0
0
0
0
2
0
0
0
0
0
2
0
0
0
0
0
2
0
0
0
0
0
2
0
0
0
0
0
2
0
0
0
0
0
2
0
0
0
0
0
2
0
0
0
0
0
2
0
0
0
0
0
2
0
0
0
0
0
2
0
0
0
0
0
2
0
0
0
0
0
2
0
0
0
0
0
2
0
0
0
0
0
2
0
0
0
0
0
2
0
0
0
0
0
2
0
0
0
0
0
2
0
0
0
0
0
2
0
0
0
0
0
2
0
0
0
0
0
2
0
0
0
0
0
2
0
0
0
0
0
2
0
0
0
0
0
2
0
0
0
0
0
2
0
0
0
0
0
2
0
0
0
0
0
2
0
0
0
0
0
2
0
0
0
0
0
2
0
0
0
0
0
2
0
0
0
0
0
2
0
0
0
0
0
2
0
0
0
0
0
2
0
0
0
0
0
2
0
0
0
0
0
2
0
0
0
0
0
2
0
0
0
0
0
2
0
0
0
0
0
2
0
0
0
0
0
2
0
0
0
0
0
2
0
0
0
0
0
2
0
0
0
0
0
2
0
0
0
0
0
2
0
0
0
0
0
2
0
0
0
0
0
2
0
0
0
0
0
2
0
0
0
0
0
2
0
0
0
0
0
2
0
0
0
0
0
2
0
0
0
0
0
2
0
0
0
0
0
2
0
0
0
0
0
2
0
0
0
0
0
474.0347,685.4279,52.9307,120.1442
484.0799,687.5305,52.8403,119.9391
491.9704,685.2820,53.0592,120.4359
501.0768,685.5236,52.8463,119.9527
510.2219,685.8528,52.5562,119.2943
2
0
0
0
0
0
2
0
0
0
0
0
2
0
0
0
0
0
2
0
0
0
0
0
2
0
0
0
0
0
2
0
0
0
0
0
2
0
0
0
0
0
2
0
0
0
0
0
2
0
0
0
0
0
2
0
0
0
0
0
2
0
0
0
0
0
2
0
0
0
0
0
2
0
0
0
0
0
2
0
0
0
0
0
2
0
0
0
0
0
2
0
0
0
0
0
2
0
0
0
0
0
2
0
0
0
0
0
2
0
0
0
0
0
2
0
0
0
0
0
2
0
0
0
0
0
2
0
0
0
0
0
2
0
0
0
0
0
2
0
0
0
0
0
2
0
0
0
0
0
2
0
0
0
0
0
2
0
0
0
0
0
2
0
0
0
0
0
2
0
0
0
0
0
2
0
0
0
0
0
2
0
0
0
0
0
2
0
0
0
0
0
2
0
0
0
0
0
2
0
0
0
0
0
2
0
0
0
0
0
2
0
0
0
0
0
2
0
0
0
