1
521.9881,572.9677,21.0238,57.0646
520.9921,572.9786,21.0158,57.0428
520.9748,572.9316,21.0504,57.1369
520.9606,573.8930,21.0788,57.2139
519.9424,572.8436,21.1152,57.3128
519.9064,573.7460,21.1872,57.5081
519.8988,573.7253,21.2024,57.5494
518.8196,574.5103,21.3609,57.9795
518.8196,574.5103,21.3609,57.9795
518.8332,575.5472,21.3337,57.9056
517.8400,575.5657,21.3201,57.8687
517.7845,575.4150,21.4310,58.1699
516.8417,576.5704,21.3166,57.8592
516.8002,575.4577,21.3996,58.0846
515.7652,575.3627,21.4696,58.2745
514.7655,575.3635,21.4690,58.2731
514.7932,575.4385,21.4137,58.1229
514.8126,574.4915,21.3747,58.0170
513.7621,574.3542,21.4758,58.2915
513.7742,575.3872,21.4515,58.2256
512.7482,575.3165,21.5037,58.3671
512.7571,575.3408,21.4858,58.3185
511.7585,575.3445,21.4830,58.3111
510.7430,575.3026,21.5139,58.3949
510.7813,575.4064,21.4374,58.1871
509.8249,575.5248,21.3502,57.9504
509.8576,576.6135,21.2848,57.7730
508.8755,576.6620,21.2490,57.6759
508.8980,576.7231,21.2040,57.5538
508.0091,578.0248,20.9817,56.9504
508.0031,578.0082,20.9939,56.9835
508.0662,578.1798,20.8675,56.6404
507.0806,578.2188,20.8388,56.5625
507.0574,578.1558,20.8852,56.6883
506.0089,578.0242,20.9822,56.9517
505.9743,577.9304,21.0513,57.1393
505.9659,577.9075,21.0682,57.1851
504.9209,577.7854,21.1581,57.4292
504.8881,577.6962,21.2239,57.6076
503.8662,577.6369,21.2676,57.7262
502.8559,578.6089,21.2881,57.7821
502.7808,578.4049,21.4385,58.1902
501.7675,578.3690,21.4649,58.2620
501.7432,578.3030,21.5135,58.3939
500.7775,579.3962,21.4449,58.2077
499.7748,579.3887,21.4505,58.2227
499.7860,580.4191,21.4280,58.1617
498.7687,580.3723,21.4626,58.2555
498.7494,580.3197,21.5013,58.3606
497.7418,580.2991,21.5164,58.4017
496.7108,581.2148,21.5785,58.5703
495.6958,580.1742,21.6085,58.6516
495.6776,580.1250,21.6447,58.7500
494.6239,580.9791,21.7522,59.0418
493.5912,579.8904,21.8176,59.2192
493.6213,580.9720,21.7575,59.0560
492.5813,580.8635,21.8374,59.2729
491.5826,580.8671,21.8348,59.2658
491.5831,580.8683,21.8338,59.2633
490.5630,580.8138,21.8740,59.3724
490.5799,581.8598,21.8401,59.2804
489.5972,581.9067,21.8056,59.1866
488.6303,581.9966,21.7393,59.0068
488.6636,583.0869,21.6728,58.8262
487.6888,583.1552,21.6225,58.6896
487.7172,583.2323,21.5657,58.5354
486.7603,584.3494,21.4794,58.3011
486.7578,584.3425,21.4845,58.3151
486.7554,584.3361,21.4892,58.3278
485.7930,584.4380,21.4141,58.1239
485.7744,584.3878,21.4511,58.2244
484.7643,584.3602,21.4714,58.2795
484.7219,584.2451,21.5562,58.5097
483.6873,584.1511,21.6255,58.6978
483.6750,584.1178,21.6501,58.7645
482.6559,584.0662,21.6881,58.8677
482.6144,584.9534,21.7712,59.0931
481.5887,584.8834,21.8227,59.2331
481.5854,584.8746,21.8292,59.2508
480.6069,584.9332,21.7861,59.1337
479.6221,585.9742,21.7559,59.0517
479.6347,586.0084,21.7306,58.9832
478.6443,586.0345,21.7114,58.9310
478.6406,587.0244,21.7189,58.9512
477.5872,586.8794,21.8257,59.2411
477.5744,586.8448,21.8512,59.3104
476.5447,586.7643,21.9105,59.4715
475.5208,586.6995,21.9583,59.6011
475.4935,586.6251,22.0131,59.7498
474.4589,586.5312,22.0823,59.9377
473.4416,586.4843,22.1168,60.0314
472.4357,586.4682,22.1287,60.0636
472.4737,585.5715,22.0526,59.8569
471.5002,586.6432,21.9997,59.7135
470.4889,586.6127,22.0222,59.7745
470.5089,586.6670,21.9822,59.6660
469.5091,586.6674,21.9819,59.6651
469.5526,587.7857,21.8948,59.4286
468.5483,587.7741,21.9033,59.4518
467.5891,587.8846,21.8219,59.2309
466.6165,587.9590,21.7671,59.0821
466.6232,588.9773,21.7536,59.0454
465.6207,588.9703,21.7587,59.0593
465.6125,588.9482,21.7750,59.1037
464.6382,589.0180,21.7236,58.9640
464.6122,588.9475,21.7755,59.1050
463.6090,588.9387,21.7820,59.1226
463.5632,588.8145,21.8735,59.3710
463.5153,588.6844,21.9694,59.6312
462.5133,588.6790,21.9734,59.6421
461.4741,588.5725,22.0518,59.8550
461.4564,588.5245,22.0872,59.9511
460.4165,588.4162,22.1670,60.1676
460.4077,589.3924,22.1845,60.2152
459.3944,589.3563,22.2111,60.2873
458.3943,589.3558,22.2115,60.2883
458.3967,590.3625,22.2066,60.2750
457.3537,590.2458,22.2925,60.5083
457.3344,590.1934,22.3312,60.6132
456.3085,591.1232,22.3829,60.7537
455.2953,591.0871,22.4095,60.8258
454.3215,591.1583,22.3570,60.6834
453.3154,591.1419,22.3691,60.7162
453.3040,591.1107,22.3921,60.7786
452.2910,591.0757,22.4179,60.8487
451.2780,591.0403,22.4440,60.9195
450.2505,590.9655,22.4991,61.0690
449.2472,590.9567,22.5056,61.0867
449.2635,591.0008,22.4731,60.9984
448.1877,590.7950,22.6247,61.4100
447.2120,590.8613,22.5759,61.2775
446.2353,590.9243,22.5294,61.1513
445.2464,591.9545,22.5072,61.0909
444.2652,592.0056,22.4696,60.9889
443.2926,592.0800,22.4148,60.8401
443.3111,592.1300,22.3779,60.7400
442.3886,593.3405,22.2228,60.3190
442.3984,593.3672,22.2031,60.2656
441.4210,593.4283,22.1581,60.1433
441.4636,594.5439,22.0729,59.9121
440.4721,594.5672,22.0557,59.8656
440.4464,594.4975,22.1071,60.0050
440.4501,594.5074,22.0998,59.9853
439.4664,595.5516,22.0672,59.8968
439.3827,595.3245,22.2346,60.3511
439.3683,595.2855,22.2634,60.4291
438.3300,595.1813,22.3401,60.6375
438.3117,595.1318,22.3765,60.7363
438.2638,595.0017,22.4724,60.9966
438.2964,596.0901,22.4073,60.8197
438.3248,596.1672,22.3505,60.6655
437.3252,597.1683,22.3496,60.6633
437.3311,597.1844,22.3378,60.6312
437.3269,597.1729,22.3463,60.6542
437.3594,597.2612,22.2812,60.4777
437.3687,598.2865,22.2626,60.4270
437.3590,598.2602,22.2820,60.4796
437.3561,598.2524,22.2877,60.4952
437.3531,599.2442,22.2937,60.5115
436.3051,599.1138,22.3898,60.7724
436.2726,599.0257,22.4548,60.9487
436.2596,598.9902,22.4809,61.0195
436.2067,598.8469,22.5865,61.3063
435.1414,598.6695,22.7172,61.6610
435.1414,598.6694,22.7173,61.6611
435.1595,598.7188,22.6809,61.5626
435.1605,598.7214,22.6790,61.5572
435.1725,598.7539,22.6550,61.4921
435.1992,599.8265,22.6015,61.3469
435.1905,599.8027,22.6190,61.3945
434.1798,599.7737,22.6404,61.4526
434.1821,600.7800,22.6358,61.4400
434.1570,600.7118,22.6861,61.5765
434.1447,601.6785,22.7106,61.6430
434.1293,601.6368,22.7413,61.7265
434.1309,601.6411,22.7381,61.7178
434.1084,602.5800,22.7832,61.8401
434.1034,602.5663,22.7933,61.8674
434.0854,602.5176,22.8292,61.9648
434.0618,603.4535,22.8764,62.0930
434.0299,603.3669,22.9402,62.2662
434.0314,603.3709,22.9372,62.2582
434.0279,603.3613,22.9443,62.2774
434.0534,603.4306,22.8932,62.1388
434.0905,604.5312,22.8191,61.9376
434.1037,604.5671,22.7927,61.8658
434.1118,604.5892,22.7763,61.8215
434.1347,605.6513,22.7306,61.6974
434.1491,605.6905,22.7017,61.6190
434.1710,606.7498,22.6581,61.5005
434.1718,607.7521,22.6563,61.4958
435.1924,607.8080,22.6152,61.3841
435.2233,608.8917,22.5534,61.2165
435.2458,608.9529,22.5084,61.0942
434.2664,610.0089,22.4671,60.9821
434.2299,609.9096,22.5403,61.1807
434.2186,609.8791,22.5628,61.2418
434.2282,610.9051,22.5436,61.1898
434.1792,610.7720,22.6417,61.4560
434.1680,610.7418,22.6640,61.5165
434.1581,610.7147,22.6839,61.5706
434.1866,610.7921,22.6268,61.4157
434.2343,610.9216,22.5315,61.1569
434.2713,612.0222,22.4573,60.9556
434.2939,612.0836,22.4121,60.8329
434.3252,613.1685,22.3495,60.6631
434.3038,613.1102,22.3925,60.7796
434.3265,613.1718,22.3471,60.6563
434.3346,614.1938,22.3309,60.6124
434.3318,614.1864,22.3363,60.6272
434.3414,615.2125,22.3171,60.5750
434.3506,616.2374,22.2988,60.5252
434.3227,616.1617,22.3545,60.6766
434.3257,617.1698,22.3486,60.6604
435.3141,617.1382,22.3718,60.7235
435.3174,617.1473,22.3652,60.7054
435.3299,618.1812,22.3402,60.6377
436.2930,618.0810,22.4140,60.8380
436.3323,618.1877,22.3354,60.6247
436.3351,619.1953,22.3298,60.6094
437.3250,619.1678,22.3500,60.6643
437.3434,619.2179,22.3131,60.5642
437.3724,620.2964,22.2553,60.4071
437.3957,621.3598,22.2086,60.2804
437.4210,621.4283,22.1581,60.1434
438.4496,622.5059,22.1009,59.9881
438.4387,623.4765,22.1226,60.0470
438.4126,624.4055,22.1749,60.1890
438.4048,624.3843,22.1905,60.2313
438.4240,625.4366,22.1520,60.1267
439.3969,625.3630,22.2062,60.2741
438.4056,626.3867,22.1888,60.2267
438.4196,626.4246,22.1608,60.1507
439.4010,627.3742,22.1980,60.2516
439.3060,627.1163,22.3880,60.7673
440.2590,627.9888,22.4819,61.0224
440.1911,627.8045,22.6177,61.3910
440.1618,627.7250,22.6763,61.5500
440.0793,627.5011,22.8413,61.9978
441.0176,627.3334,22.9649,62.3332
441.0496,628.4203,22.9008,62.1593
441.0525,628.4283,22.8950,62.1435
441.0659,629.4645,22.8683,62.0711
441.0468,629.4128,22.9063,62.1743
442.0278,630.3613,22.9443,62.2775
442.0810,630.5054,22.8381,61.9891
442.1183,631.6068,22.7634,61.7865
442.1216,632.6159,22.7567,61.7682
442.1108,632.5865,22.7784,61.8270
443.1253,633.6259,22.7493,61.7482
443.1452,634.6799,22.7095,61.6401
444.1349,634.6519,22.7302,61.6963
444.1705,635.7486,22.6589,61.5028
445.1394,635.6641,22.7212,61.6717
446.1622,636.7259,22.6757,61.5482
447.1860,636.7907,22.6279,61.4186
447.2521,637.9700,22.4958,61.0599
448.2433,637.9460,22.5134,61.1079
448.3073,639.1198,22.3855,60.7605
448.3145,639.1395,22.3709,60.7211
449.2968,640.0914,22.4063,60.8172
449.2977,640.0937,22.4047,60.8127
450.3149,641.1406,22.3701,60.7188
450.3094,641.1255,22.3812,60.7491
450.3375,642.2017,22.3251,60.5966
451.3103,643.1279,22.3794,60.7441
451.2693,643.0165,22.4615,60.9669
452.2338,642.9202,22.5325,61.1596
452.1574,642.7130,22.6852,61.5741
453.0089,638.3099,22.9822,62.3802
453.8990,634.0116,23.2020,62.9768
453.7372,629.5724,23.5256,63.8552
454.6193,624.2524,23.7614,64.4952
455.5204,618.9840,23.9592,65.0320
456.4980,611.9232,24.0040,65.1537
457.4653,606.8345,24.0693,65.3311
458.3981,601.6520,24.2038,65.6960
458.3196,597.4390,24.3608,66.1221
459.2442,593.2343,24.5116,66.5314
460.2068,586.1329,24.5863,66.7342
461.1115,580.8741,24.7769,67.2517
461.0379,575.6743,24.9243,67.6515
461.9612,569.4661,25.0776,68.0678
462.8342,563.1213,25.3316,68.7573
463.7881,554.9964,25.4237,69.0072
464.7173,548.8041,25.5654,69.3918
464.6430,542.6025,25.7139,69.7950
465.5894,534.4571,25.8211,70.0858
465.5162,528.2582,25.9676,70.4836
466.4483,519.0740,26.1033,70.8519
467.3507,512.8090,26.2986,71.3819
468.2620,507.5684,26.4759,71.8633
469.2018,504.4049,26.5964,72.1901
470.1531,500.2728,26.6938,72.4545
471.1242,498.1942,26.7516,72.6115
471.0958,498.1172,26.8083,72.7655
472.0699,499.0468,26.8602,72.9064
472.0518,498.9977,26.8965,73.0047
474.0239,499.9219,26.9523,73.1561
475.9833,500.8118,27.0334,73.3764
475.8954,491.5732,27.2092,73.8535
475.8906,493.5603,27.2187,73.8794
475.8332,494.4044,27.3336,74.1911
2
0
0
0
0
0
2
0
0
0
0
0
2
0
0
0
0
0
2
0
0
0
0
0
2
0
0
0
0
0
2
0
0
0
0
0
2
0
0
0
0
0
2
0
0
0
0
0
2
0
0
0
0
0
2
0
0
0
0
0
2
0
0
0
0
0
2
0
0
0
0
0
2
0
0
0
0
0
2
0
0
0
0
0
2
0
0
0
0
0
2
0
0
0
0
0
2
0
0
0
0
0
2
0
0
0
0
0
2
0
0
0
0
0
2
0
0
0
0
0
2
0
0
0
0
0
2
0
0
0
0
0
2
0
0
0
0
0
2
0
0
0
0
0
2
0
0
0
0
0
2
0
0
0
0
0
2
0
0
0
0
0
2
0
0
0
0
0
2
0
0
0
0
0
2
0
0
0
0
0
2
0
0
0
0
0
2
0
0
0
0
0
2
0
0
0
0
0
2
0
0
0
0
0
2
0
0
0
0
0
2
0
0
0
0
0
2
0
0
0
0
0
2
0
0
0
0
0
2
0
0
0
0
0
2
0
0
0
0
0
2
0
0
0
0
0
2
0
0
0
0
0
2
0
0
0
0
0
2
0
0
0
0
0
2
0
0
0
0
0
2
0
0
0
0
0
2
0
0
0
0
0
2
0
0
0
0
0
2
0
0
0
0
0
2
0
0
0
0
0
2
0
0
0
0
0
2
0
0
0
0
0
2
0
0
0
0
0
2
0
0
0
0
0
2
0
0
0
0
0
2
0
0
0
0
0
2
0
0
0
0
0
2
0
0
0
0
0
2
0
0
0
0
0
2
0
0
0
0
0
2
0
0
0
0
0
2
0
0
0
0
0
2
0
0
0
0
0
2
0
0
0
0
0
2
0
0
0
0
0
2
0
0
0
0
0
2
0
0
0
0
0
2
0
0
0
0
0
2
0
0
0
0
0
2
0
0
0
0
0
2
0
0
0
0
0
2
0
0
0
0
0
2
0
0
0
0
0
2
0
0
0
0
0
2
0
0
0
0
0
2
0
0
0
0
0
2
0
0
0
0
0
2
0
0
0
0
0
2
0
0
0
0
0
2
0
0
0
0
0
2
0
0
0
0
0
2
0
0
0
0
0
2
0
0
0
0
0
2
0
0
0
0
0
2
0
0
0
0
0
2
0
0
0
0
0
2
0
0
0
0
0
2
0
0
0
0
0
2
0
0
0
0
0
2
0
0
0
0
0
2
0
0
0
0
0
2
0
0
0
0
0
2
0
0
0
0
0
2
0
0
0
0
0
2
0
0
0
0
0
2
0
0
0
0
0
2
0
0
0
0
0
2
0
0
0
0
0
2
0
0
0
0
0
2
0
0
0
0
0
2
0
0
0
0
0
2
0
0
0
0
0
2
0
0
0
0
0
2
0
0
0
0
0
2
0
0
0
0
0
2
0
0
0
0
0
2
0
0
0
0
0
2
0
0
0
0
0
2
0
0
0
0
0
2
0
0
0
0
0
2
0
0
0
0
0
2
0
0
0
0
0
2
0
0
0
0
0
2
0
0
0
0
0
2
0
0
0
0
0
2
0
0
0
0
0
2
0
0
0
0
0
2
0
0
0
0
0
2
0
0
0
0
0
2
0
0
0
0
0
2
0
0
0
0
0
2
0
0
0
0
0
2
0
0
0
0
0
2
0
0
0
0
0
2
0
0
0
0
0
2
0
0
0
0
0
2
0
0
0
0
0
2
0
0
0
0
0
2
0
0
0
0
0
2
0
0
0
0
0
2
0
0
0
0
0
2
0
0
0
0
0
2
0
0
0
0
0
2
0
0
0
0
0
2
0
0
0
0
0
2
0
0
0
0
0
2
0
0
0
0
0
2
0
0
0
0
0
2
0
0
0
0
0
2
0
0
0
0
0
2
0
0
0
0
0
2
0
0
0
0
0
2
0
0
0
0
0
2
0
0
0
0
0
2
0
0
0
0
0
2
0
0
0
0
0
2
0
0
0
0
0
2
0
0
0
0
0
2
0
0
0
0
0
2
0
0
0
0
0
2
0
0
0
0
0
2
0
0
0
0
0
2
0
0
0
0
0
2
0
0
0
0
0
2
0
0
0
0
0
2
0
0
0
0
0
2
0
0
0
0
0
2
0
0
0
0
0
2
0
0
0
0
0
2
0
0
0
0
0
2
0
0
0
0
0
2
0
0
0
0
0
2
0
0
0
0
0
2
0
0
0
0
0
2
0
0
0
0
0
2
0
0
0
0
0
2
0
0
0
0
0
2
0
0
0
0
0
2
0
0
0
0
0
2
0
0
0
0
0
2
0
0
0
0
0
2
0
0
0
0
0
2
0
0
0
0
0
2
0
0
0
0
0
2
0
0
0
0
0
2
0
0
0
0
0
2
0
0
0
0
0
2
0
0
0
0
0
2
0
0
0
0
0
2
0
0
0
0
0
2
0
0
0
0
0
2
0
0
0
0
0
2
0
0
0
0
0
2
0
0
0
0
0
2
0
0
0
0
0
2
0
0
0
0
0
2
0
0
0
0
0
2
0
0
0
0
0
2
0
0
0
0
0
2
0
0
0
0
0
2
0
0
0
0
0
2
0
0
0
0
0
2
0
0
0
0
0
2
0
0
0
0
0
2
0
0
0
0
0
2
0
0
0
0
0
2
0
0
0
0
0
2
0
0
0
0
0
2
0
0
0
0
0
2
0
0
0
0
0
2
0
0
0
0
0
2
0
0
0
0
0
2
0
0
0
0
0
2
0
0
0
0
0
2
0
0
0
0
0
2
0
0
0
0
0
2
0
0
0
0
0
2
0
0
0
0
0
2
0
0
0
0
0
2
0
0
0
0
0
2
0
0
