1
568.5000,68.5000,19.0000,33.0000
576.5000,72.5000,19.0000,33.0000
580.5000,80.5000,19.0000,33.0000
584.5000,84.5000,19.0000,33.0000
588.5000,88.5000,19.0000,33.0000
592.5000,92.5000,19.0000,33.0000
596.5000,96.5000,19.0000,33.0000
600.5000,100.5000,19.0000,33.0000
600.5000,104.5000,19.0000,33.0000
604.5000,112.5000,19.0000,33.0000
604.5000,116.5000,19.0000,33.0000
608.5000,120.5000,19.0000,33.0000
608.5000,120.5000,19.0000,33.0000
612.5000,124.5000,19.0000,33.0000
616.5000,128.5000,19.0000,33.0000
624.5000,132.5000,19.0000,33.0000
636.5000,136.5000,19.0000,33.0000
644.5000,140.5000,19.0000,33.0000
652.5000,144.5000,19.0000,33.0000
652.5000,148.5000,19.0000,33.0000
2
0
0
0
0
0
2
0
0
0
0
0
2
0
0
0
0
0
2
0
0
0
0
0
2
0
0
0
0
0
2
0
0
0
0
0
2
0
0
0
0
0
660.5000,160.5000,19.0000,33.0000
656.5000,160.5000,19.0000,33.0000
652.5000,168.5000,19.0000,33.0000
652.5000,168.5000,19.0000,33.0000
652.5000,156.5000,19.0000,33.0000
2
0
0
0
0
0
2
0
0
0
0
0
2
0
0
0
0
0
2
0
0
0
0
0
2
0
0
0
0
0
2
0
0
0
0
0
2
0
0
0
0
0
2
0
0
0
0
0
2
0
0
0
0
0
2
0
0
0
0
0
2
0
0
0
0
0
2
0
0
0
0
0
2
0
0
0
0
0
2
0
0
0
0
0
2
0
0
0
0
0
2
0
0
0
0
0
2
0
0
0
0
0
2
0
0
0
0
0
2
0
0
0
0
0
2
0
0
0
0
0
2
0
0
0
0
0
2
0
0
0
0
0
2
0
0
0
0
0
2
0
0
0
0
0
2
0
0
0
0
0
2
0
0
0
0
0
2
0
0
0
0
0
2
0
0
0
0
0
2
0
0
0
0
0
2
0
0
0
0
0
2
0
0
0
0
0
2
0
0
0
0
0
2
0
0
0
0
0
2
0
0
0
0
0
2
0
0
0
0
0
2
0
0
0
0
0
2
0
0
0
0
0
2
0
0
0
0
0
2
0
0
0
0
0
2
0
0
0
0
0
2
0
0
0
0
0
2
0
0
0
0
0
2
0
0
0
0
0
2
0
0
0
0
0
2
0
0
0
0
0
2
0
0
0
0
0
2
0
0
0
0
0
2
0
0
0
0
