1
806.0000,305.0000,10.0000,17.0000
806.0000,305.0000,10.0000,17.0000
806.0000,305.0000,10.0000,17.0000
806.0000,305.0000,10.0000,17.0000
807.0000,305.0000,10.0000,17.0000
807.0000,305.0000,10.0000,17.0000
807.0000,305.0000,10.0000,17.0000
808.0000,305.0000,10.0000,17.0000
809.0000,305.0000,10.0000,17.0000
810.0000,305.0000,10.0000,17.0000
811.0000,305.0000,10.0000,17.0000
811.0000,305.0000,10.0000,17.0000
812.0000,305.0000,10.0000,17.0000
813.0000,305.0000,10.0000,17.0000
814.0000,305.0000,10.0000,17.0000
814.0000,305.0000,10.0000,17.0000
815.0000,305.0000,10.0000,17.0000
816.0000,305.0000,10.0000,17.0000
817.0000,305.0000,10.0000,17.0000
817.0000,305.0000,10.0000,17.0000
817.0000,305.0000,10.0000,17.0000
818.0000,305.0000,10.0000,17.0000
818.0000,305.0000,10.0000,17.0000
819.0000,305.0000,10.0000,17.0000
819.0000,305.0000,10.0000,17.0000
819.0000,305.0000,10.0000,17.0000
820.0000,305.0000,10.0000,17.0000
820.0000,305.0000,10.0000,17.0000
821.0000,305.0000,10.0000,17.0000
821.0000,305.0000,10.0000,17.0000
821.0000,305.0000,10.0000,17.0000
822.0000,305.0000,10.0000,17.0000
822.0000,305.0000,10.0000,17.0000
823.0000,305.0000,10.0000,17.0000
826.0000,305.0000,10.0000,17.0000
826.0000,305.0000,10.0000,17.0000
827.0000,305.0000,10.0000,17.0000
827.0000,305.0000,10.0000,17.0000
828.0000,305.0000,10.0000,17.0000
828.0000,305.0000,10.0000,17.0000
828.0000,305.0000,10.0000,17.0000
829.0000,305.0000,10.0000,17.0000
830.0000,305.0000,10.0000,17.0000
830.0000,305.0000,10.0000,17.0000
831.0000,305.0000,10.0000,17.0000
831.0000,305.0000,10.0000,17.0000
832.0000,305.0000,10.0000,17.0000
832.0000,305.0000,10.0000,17.0000
833.0000,305.0000,10.0000,17.0000
834.0000,305.0000,10.0000,17.0000
834.0000,305.0000,10.0000,17.0000
834.0000,305.0000,10.0000,17.0000
835.0000,305.0000,10.0000,17.0000
836.0000,305.0000,10.0000,17.0000
836.0000,305.0000,10.0000,17.0000
836.0000,305.0000,10.0000,17.0000
837.0000,305.0000,10.0000,17.0000
837.0000,305.0000,10.0000,17.0000
838.0000,305.0000,10.0000,17.0000
839.0000,305.0000,10.0000,17.0000
839.0000,305.0000,10.0000,17.0000
840.0000,305.0000,10.0000,17.0000
840.0000,305.0000,10.0000,17.0000
841.0000,305.0000,10.0000,17.0000
842.0000,305.0000,10.0000,17.0000
842.0000,305.0000,10.0000,17.0000
842.0000,305.0000,10.0000,17.0000
843.0000,305.0000,10.0000,17.0000
844.0000,305.0000,10.0000,17.0000
844.0000,305.0000,10.0000,17.0000
844.0000,305.0000,10.0000,17.0000
845.0000,305.0000,10.0000,17.0000
845.0000,305.0000,10.0000,17.0000
846.0000,305.0000,10.0000,17.0000
846.0000,305.0000,10.0000,17.0000
846.0000,305.0000,10.0000,17.0000
847.0000,305.0000,10.0000,17.0000
847.0000,305.0000,10.0000,17.0000
848.0000,305.0000,10.0000,17.0000
848.0000,305.0000,10.0000,17.0000
848.0000,305.0000,10.0000,17.0000
848.0000,305.0000,10.0000,17.0000
849.0000,305.0000,10.0000,17.0000
849.0000,305.0000,10.0000,17.0000
849.0000,305.0000,10.0000,17.0000
849.0000,305.0000,10.0000,17.0000
849.0000,305.0000,10.0000,17.0000
850.0000,305.0000,10.0000,17.0000
850.0000,305.0000,10.0000,17.0000
2
0
0
0
0
0
2
0
0
0
0
0
2
0
0
0
0
0
2
0
0
0
0
0
2
0
0
0
0
0
2
0
0
0
0
0
2
0
0
0
0
0
2
0
0
0
0
0
2
0
0
0
0
0
2
0
0
0
0
0
2
0
0
0
0
0
2
0
0
0
0
0
2
0
0
0
0
0
2
0
0
0
0
0
2
0
0
0
0
0
2
0
0
0
0
0
2
0
0
0
0
0
2
0
0
0
0
0
2
0
0
0
0
0
2
0
0
0
0
0
2
0
0
0
0
0
2
0
0
0
0
0
2
0
0
0
0
0
2
0
0
0
0
0
2
0
0
0
0
0
2
0
0
0
0
0
2
0
0
0
0
0
2
0
0
0
0
0
2
0
0
0
0
0
2
0
0
0
0
0
2
0
0
0
0
0
2
0
0
0
0
0
2
0
0
0
0
0
2
0
0
0
0
0
2
0
0
0
0
0
2
0
0
0
0
0
2
0
0
0
0
0
2
0
0
0
0
0
2
0
0
0
0
0
2
0
0
0
0
0
2
0
0
0
0
0
2
0
0
0
0
0
2
0
0
0
0
0
2
0
0
0
0
0
2
0
0
0
0
0
2
0
0
0
0
0
2
0
0
0
0
0
2
0
0
0
0
0
2
0
0
0
0
0
2
0
0
0
0
0
2
0
0
0
0
0
2
0
0
0
0
0
2
0
0
0
0
0
2
0
0
0
0
0
2
0
0
0
0
0
2
0
0
0
0
0
2
0
0
0
0
0
2
