1
560.9863,150.9590,41.0273,123.0820
559.9255,149.7764,41.1491,123.4473
559.9164,149.7491,41.1672,123.5017
558.8910,149.6729,41.2180,123.6541
557.8575,149.5726,41.2849,123.8547
557.8398,149.5195,41.3204,123.9611
555.8484,149.5452,41.3032,123.9095
555.7890,148.3670,41.4220,124.2660
554.8167,148.4502,41.3666,124.0997
553.7223,148.1669,41.5554,124.6661
553.7192,148.1576,41.5616,124.6848
552.6764,148.0292,41.6472,124.9416
551.6044,147.8132,41.7912,125.3737
550.5754,146.7261,41.8493,125.5478
550.5500,146.6502,41.8999,125.6996
549.5721,146.7165,41.8557,125.5670
548.5362,146.6086,41.9276,125.7829
548.5257,146.5771,41.9486,125.8458
547.6059,147.8176,41.7883,125.3648
546.5848,147.7545,41.8303,125.4910
546.5853,147.7558,41.8295,125.4885
545.6512,147.9537,41.6976,125.0927
545.7020,148.1059,41.5961,124.7882
544.7496,149.2489,41.5008,124.5023
544.7843,149.3528,41.4314,124.2943
544.8361,149.5083,41.3278,123.9834
543.8851,149.6555,41.2297,123.6891
542.9042,149.7127,41.1915,123.5745
542.8852,149.6555,41.2296,123.6889
541.8911,150.6733,41.2178,123.6533
540.7518,150.2555,41.4963,124.4890
540.6520,149.9561,41.6959,125.0878
539.6751,150.0253,41.6498,124.9494
539.6008,149.8023,41.7984,125.3953
539.5512,150.6536,41.8976,125.6928
539.4210,150.2631,42.1579,126.4738
538.3624,150.0873,42.2751,126.8254
538.3109,149.9327,42.3782,127.1347
538.3099,149.9297,42.3802,127.1407
538.2950,150.8851,42.4099,127.2297
538.2786,150.8358,42.4428,127.3284
538.2265,150.6795,42.5470,127.6411
538.2003,151.6007,42.5995,127.7986
538.1779,151.5336,42.6443,127.9329
538.1798,151.5394,42.6404,127.9212
538.1819,152.5456,42.6363,127.9088
538.1713,152.5138,42.6575,127.9724
538.1704,152.5113,42.6592,127.9775
538.0762,152.2287,42.8476,128.5427
537.0419,152.1257,42.9162,128.7485
536.9800,151.9402,43.0399,129.1196
535.9387,151.8161,43.1226,129.3677
535.8433,151.5301,43.3133,129.9399
535.8427,151.5279,43.3147,129.9442
535.8127,151.4382,43.3745,130.1236
536.7543,151.2631,43.4913,130.4739
536.6624,150.9870,43.6753,131.0260
536.5348,150.6044,43.9304,131.7912
537.4087,150.2261,44.1826,132.5478
537.3263,149.9789,44.3474,133.0422
537.2076,149.6229,44.5848,133.7543
538.1331,149.3992,44.7339,134.2017
539.0866,149.2598,44.8268,134.4803
540.0393,148.1179,44.9214,134.7642
541.0618,148.1855,44.8763,134.6290
542.0954,148.2862,44.8092,134.4276
543.1276,148.3829,44.7447,134.2341
544.1744,148.5232,44.6512,133.9535
545.2098,148.6293,44.5805,133.7413
546.2861,148.8583,44.4278,133.2834
547.3663,149.0989,44.2674,132.8021
548.4532,149.3597,44.0935,132.2806
548.5159,149.5477,43.9682,131.9046
549.5768,149.7303,43.8464,131.5393
550.5493,149.6479,43.9014,131.7041
551.5300,149.5898,43.9401,131.8203
552.4506,149.3517,44.0989,132.2966
553.3563,148.0689,44.2874,132.8622
554.3145,147.9436,44.3709,133.1128
555.2617,147.7851,44.4766,133.4298
556.2215,146.6645,44.5570,133.6709
557.1831,146.5493,44.6338,133.9014
558.1681,145.5043,44.6638,133.9914
559.1567,144.4702,44.6865,134.0595
560.2284,144.6851,44.5433,133.6298
561.2659,143.7978,44.4681,133.4044
562.3264,143.9791,44.3473,133.0418
563.3292,142.9876,44.3416,133.0247
563.3470,143.0412,44.3059,132.9177
564.3817,143.1450,44.2367,132.7101
565.3817,142.1449,44.2368,132.7103
565.4020,142.2061,44.1960,132.5879
566.4201,142.2603,44.1598,132.4794
567.4684,141.4054,44.0631,132.1893
567.5319,141.5957,43.9362,131.8087
567.5296,141.5888,43.9408,131.8224
568.4694,140.4082,44.0612,132.1835
568.4664,139.3991,44.0672,132.2017
569.3997,139.1991,44.2006,132.6019
569.3006,137.9017,44.3988,133.1965
570.2860,136.8580,44.4280,133.2839
570.2564,136.7692,44.4872,133.4616
571.2357,135.7070,44.5287,133.5861
571.1783,134.5349,44.6434,133.9302
572.1392,133.4177,44.7215,134.1646
572.1500,133.4501,44.6999,134.0997
572.0474,132.1421,44.9053,134.7159
571.9845,130.9534,45.0311,135.0932
572.9507,130.8523,45.0985,135.2954
572.9467,129.8402,45.1065,135.3196
572.9990,129.9970,45.0020,135.0060
572.9999,128.9997,45.0002,135.0005
573.0583,128.1748,44.8835,134.6505
572.1755,128.5264,44.6491,133.9473
572.2321,128.6963,44.5358,133.6074
572.3184,128.9550,44.3633,133.0899
572.3348,128.0045,44.3304,132.9911
571.4268,128.2804,44.1464,132.4391
571.4930,128.4791,44.0139,132.0418
570.5519,128.6556,43.8963,131.6888
570.5915,128.7745,43.8170,131.4510
569.6404,127.9211,43.7193,131.1578
569.6332,127.8997,43.7335,131.2005
568.6317,126.8949,43.7367,131.2101
568.5935,126.7805,43.8130,131.4390
567.5701,126.7103,43.8598,131.5795
566.4807,125.4419,44.0387,132.1162
565.4122,125.2365,44.1757,132.5271
565.2939,123.8818,44.4122,133.2365
565.2374,123.7121,44.5253,133.5759
566.1697,122.5090,44.6607,133.9819
567.1391,122.4174,44.7217,134.1652
568.1047,121.3141,44.7906,134.3718
569.1404,120.4211,44.7193,134.1578
571.1767,120.5300,44.6466,133.9399
573.1751,120.5254,44.6497,133.9492
576.1517,119.4553,44.6965,134.0894
578.1522,119.4564,44.6957,134.0872
581.0956,119.2870,44.8087,134.4260
584.0203,118.0610,44.9594,134.8781
587.0018,118.0054,44.9964,134.9891
589.9564,117.8693,45.0871,135.2614
593.8910,117.6730,45.2180,135.6540
597.8397,117.5192,45.3205,135.9616
601.7678,117.3035,45.4644,136.3931
606.6835,116.0504,45.6331,136.8992
611.6223,115.8668,45.7555,137.2664
617.5126,115.5377,45.9749,137.9246
623.4647,114.3942,46.0705,138.2116
629.4203,114.2609,46.1594,138.4782
634.3870,114.1609,46.2261,138.6782
639.3952,114.1855,46.2096,138.6289
643.4130,114.2388,46.1741,138.5224
646.4066,113.2198,46.1868,138.5603
649.4123,113.2370,46.1754,138.5261
651.4197,113.2591,46.1606,138.4818
652.4657,113.3972,46.0686,138.2057
652.5097,112.5291,45.9806,137.9418
652.6149,112.8447,45.7702,137.3106
651.7187,113.1561,45.5626,136.6878
650.8302,112.4906,45.3396,136.0189
649.9768,112.9304,45.0464,135.1393
647.0759,113.2279,44.8481,134.5443
645.2128,113.6384,44.5744,133.7232
643.2908,113.8725,44.4183,133.2550
640.3663,114.0990,44.2673,132.8019
638.4609,114.3826,44.0783,132.2349
636.5609,114.6825,43.8783,131.6349
633.6044,114.8131,43.7912,131.3737
631.7747,116.3240,43.4507,130.3521
628.7639,116.2916,43.4723,130.4168
625.8125,116.4375,43.3750,130.1249
623.8596,116.5789,43.2807,129.8422
620.8986,116.6957,43.2029,129.6086
618.8820,116.6460,43.2360,129.7080
615.8796,116.6388,43.2408,129.7223
612.8960,116.6880,43.2080,129.6240
610.8598,116.5794,43.2804,129.8412
607.8802,116.6407,43.2395,129.7186
604.9045,116.7134,43.1911,129.5732
601.9385,116.8157,43.1229,129.3687
598.9414,116.8242,43.1172,129.3516
595.9483,116.8450,43.1034,129.3101
592.9675,116.9025,43.0650,129.1949
590.0129,117.0388,42.9742,128.9225
586.9938,116.9814,43.0124,129.0372
585.0012,117.0035,42.9977,128.9930
582.9748,116.9244,43.0504,129.1512
581.9802,116.9405,43.0397,129.1190
581.9681,116.9042,43.0639,129.1916
581.9637,116.8912,43.0725,129.2176
582.9140,117.7421,43.1720,129.5159
583.8386,117.5159,43.3227,129.9682
584.7831,117.3493,43.4338,130.3015
585.7142,117.1427,43.5715,130.7145
587.6622,116.9866,43.6756,131.0267
589.6418,116.9255,43.7163,131.1490
591.5982,116.7946,43.8036,131.4108
593.5354,116.6061,43.9292,131.7877
595.4623,116.3868,44.0755,132.2264
597.3491,116.0472,44.3019,132.9056
600.2632,115.7896,44.4736,133.4207
603.1561,114.4682,44.6879,134.0636
605.1472,114.4415,44.7057,134.1170
608.0679,114.2037,44.8642,134.5926
610.9860,112.9578,45.0281,135.0844
613.9662,112.8986,45.0676,135.2029
616.9731,112.9194,45.0537,135.1612
619.9598,112.8793,45.0805,135.2415
622.9395,112.8183,45.1211,135.3634
626.9095,112.7286,45.1809,135.5427
629.9386,112.8158,45.1228,135.3684
632.9668,112.9003,45.0665,135.1994
636.0005,113.0015,44.9990,134.9971
640.0323,113.0970,44.9353,134.8059
643.1229,113.3687,44.7542,134.2626
646.2219,114.6657,44.5562,133.6686
650.2509,114.7525,44.4983,133.4950
653.3403,116.0208,44.3194,132.9583
656.3352,116.0056,44.3296,132.9889
659.3174,116.9523,44.3652,133.0955
662.2873,117.8619,44.4254,133.2762
665.2961,117.8882,44.4079,133.2236
668.3402,119.0206,44.3196,132.9587
671.2941,118.8822,44.4118,133.2355
673.2773,118.8318,44.4455,133.3364
676.2526,118.7577,44.4949,133.4847
679.2795,119.8386,44.4409,133.3227
681.2740,119.8221,44.4519,133.3559
684.2934,119.8801,44.4132,133.2397
686.3080,119.9241,44.3840,133.1519
688.3216,119.9648,44.3568,133.0705
690.3430,121.0290,44.3140,132.9421
692.3353,121.0060,44.3294,132.9881
693.4026,121.2080,44.1946,132.5839
695.4642,122.3924,44.0717,132.2151
696.5086,122.5257,43.9828,131.9485
697.5548,123.6644,43.8904,131.6712
698.5615,123.6846,43.8770,131.6309
698.6280,124.8839,43.7441,131.2322
698.6423,124.9271,43.7153,131.1458
698.7094,126.1280,43.5813,130.7440
698.7313,126.1939,43.5374,130.6122
698.7602,126.2806,43.4796,130.4388
697.8393,127.5179,43.3214,129.9642
697.8121,127.4365,43.3757,130.1271
696.8408,127.5222,43.3185,129.9555
695.8201,127.4604,43.3597,130.0792
694.7512,127.2535,43.4977,130.4930
693.7072,128.1217,43.5856,130.7567
692.6212,127.8634,43.7577,131.2731
691.6170,127.8511,43.7659,131.2978
689.5895,127.7684,43.8211,131.4633
688.5533,127.6600,43.8933,131.6799
686.6198,127.8592,43.7605,131.2816
685.6617,127.9852,43.6765,131.0296
683.7127,128.1381,43.5746,130.7238
681.7747,128.3242,43.4505,130.3515
679.8800,128.6400,43.2400,129.7201
677.9571,128.8712,43.0858,129.2575
676.0035,129.0104,42.9931,128.9792
675.0431,130.1292,42.9139,128.7416
673.0758,130.2274,42.8484,128.5452
672.1477,131.4431,42.7046,128.1138
671.1740,131.5220,42.6520,127.9561
670.2912,132.8735,42.4176,127.2529
669.2853,133.8559,42.4294,127.2883
668.2501,134.7502,42.4999,127.4996
668.1516,134.4549,42.6967,128.0902
668.1281,135.3842,42.7438,128.2315
668.0912,136.2735,42.8176,128.4529
668.0150,136.0449,42.9700,128.9101
667.9604,136.8811,43.0792,129.2377
668.8788,136.6364,43.2424,129.7272
669.8282,137.4847,43.3435,130.0306
670.7662,137.2986,43.4676,130.4028
670.6967,137.0902,43.6065,130.8196
671.6873,138.0618,43.6255,130.8764
672.5981,137.7945,43.8037,131.4110
673.6174,137.8522,43.7652,131.2955
674.6339,138.9016,43.7323,131.1969
675.6699,139.0096,43.6603,130.9808
676.7165,139.1495,43.5670,130.7010
676.7701,140.3103,43.4598,130.3793
677.7971,140.3912,43.4059,130.2176
678.8880,140.6640,43.2240,129.6719
679.0170,142.0509,42.9660,128.8981
679.0723,142.2168,42.8554,128.5663
679.1335,143.4006,42.7330,128.1989
679.1498,143.4493,42.7005,128.1014
679.2505,144.7517,42.4989,127.4967
679.3503,145.0508,42.2995,126.8984
678.4146,146.2436,42.1710,126.5128
677.4561,146.3684,42.0877,126.2631
676.5249,147.5748,41.9501,125.8504
676.4833,147.4498,42.0334,126.1003
675.4405,147.3215,42.1190,126.3569
673.4945,148.4836,42.0110,126.0329
672.4025,148.2076,42.1950,126.5849
671.3217,147.9649,42.3567,127.0701
670.3178,147.9534,42.3644,127.0932
669.3427,148.0281,42.3146,126.9439
668.3392,148.0175,42.3217,126.9650
667.3500,149.0499,42.3000,126.9001
666.3228,148.9683,42.3545,127.0635
665.3289,148.9868,42.3421,127.0264
663.3671,149.1014,42.2657,126.7972
662.3600,149.0800,42.2800,126.8399
661.3449,149.0348,42.3102,126.9305
660.3643,150.0929,42.2714,126.8143
659.3815,150.1443,42.2371,126.7113
658.3843,151.1529,42.2314,126.6942
657.3644,151.0933,42.2711,126.8133
657.3749,152.1248,42.2501,126.7504
656.4141,153.2424,42.1717,126.5152
656.4143,154.2428,42.1714,126.5143
655.4987,154.4959,42.0027,126.0082
655.5291,155.5874,41.9417,125.8251
655.5671,156.7014,41.8658,125.5973
655.6132,157.8398,41.7735,125.3205
655.6378,157.9132,41.7245,125.1735
655.6447,157.9342,41.7105,125.1316
656.6757,159.0270,41.6487,124.9461
657.5862,158.7586,41.8276,125.4828
659.5689,159.7068,41.8622,125.5865
661.4836,159.4509,42.0327,126.0981
663.4547,159.3640,42.0906,126.2719
665.4291,160.2872,42.1418,126.4255
668.2794,159.8383,42.4411,127.3234
671.2086,159.6257,42.5829,127.7486
673.1702,160.5107,42.6596,127.9787
676.0246,160.0738,42.9508,128.8524
679.8170,160.4510,43.3660,130.0981
682.6912,160.0737,43.6175,130.8526
685.6757,161.0272,43.6485,130.9456
688.6341,160.9023,43.7318,131.1953
691.6295,160.8886,43.7409,131.2228
694.7011,162.1033,43.5978,130.7935
696.6952,162.0855,43.6096,130.8289
699.7043,163.1130,43.5913,130.7740
701.6851,163.0554,43.6297,130.8892
703.8008,164.4026,43.3983,130.1949
705.8981,164.6944,43.2037,129.6112
707.0598,166.1793,42.8805,128.6414
709.1009,166.3027,42.7982,128.3945
710.1981,166.5943,42.6038,127.8115
711.2141,166.6424,42.5717,127.7152
713.2072,166.6215,42.5856,127.7569
714.2510,166.7530,42.4980,127.4941
715.2721,166.8163,42.4558,127.3674
716.3653,167.0959,42.2694,126.8081
717.4778,167.4333,42.0445,126.1334
717.6707,168.0120,41.6587,124.9760
716.8757,168.6271,41.2486,123.7457
716.9587,168.8760,41.0826,123.2479
715.9947,168.9840,41.0107,123.0320
714.0645,169.1936,40.8709,122.6128
712.0860,169.2580,40.8280,122.4840
710.1560,169.4680,40.6880,122.0641
708.1738,169.5213,40.6524,121.9573
705.2742,169.8226,40.4516,121.3548
703.3160,169.9479,40.3681,121.1042
700.4284,171.2851,40.1432,120.4297
698.4830,171.4489,40.0341,120.1022
696.5754,172.7262,39.8492,119.5477
694.6584,172.9753,39.6831,119.0493
692.7609,173.2827,39.4782,118.4346
691.8574,174.5722,39.2852,117.8556
689.9590,174.8772,39.0819,117.2457
688.0311,175.0932,38.9379,116.8137
687.1065,176.3196,38.7869,116.3608
686.1342,176.4027,38.7315,116.1946
684.2429,176.7288,38.5142,115.5425
683.2333,176.6998,38.5334,115.6003
682.2689,177.8068,38.4621,115.3864
682.2565,177.7697,38.4869,115.4607
681.3275,177.9825,38.3450,115.0350
681.3384,178.0152,38.3232,114.9696
681.3669,178.1008,38.2662,114.7985
681.4105,178.2315,38.1790,114.5371
681.4027,178.2082,38.1945,114.5836
681.4120,178.2360,38.1760,114.5281
681.3718,178.1154,38.2564,114.7692
681.3798,178.1394,38.2404,114.7212
682.3387,178.0163,38.3225,114.9675
682.3318,177.9955,38.3364,115.0091
682.2892,177.8677,38.4215,115.2646
683.2418,177.7254,38.5164,115.5492
683.2299,176.6895,38.5403,115.6210
683.3139,176.9417,38.3722,115.1167
683.3511,177.0532,38.2979,114.8937
683.4402,177.3208,38.1194,114.3584
683.4522,177.3566,38.0956,114.2868
682.5020,177.5061,37.9959,113.9878
682.5607,177.6820,37.8786,113.6359
681.6075,176.8227,37.7849,113.3546
680.6152,176.8455,37.7697,113.3090
679.6130,176.8390,37.7740,113.3219
678.5958,175.7875,37.8084,113.4251
677.5532,174.6595,37.8937,113.6810
676.5673,174.7020,37.8653,113.5960
674.5844,174.7533,37.8311,113.4934
673.5717,173.7151,37.8566,113.5699
672.6417,172.9252,37.7165,113.1496
670.6058,172.8174,37.7884,113.3653
669.6561,171.9682,37.6878,113.0635
668.6715,172.0146,37.6569,112.9708
666.7462,171.2387,37.5076,112.5227
665.7933,171.3798,37.4135,112.2405
663.8168,170.4503,37.3665,112.0994
662.8455,170.5363,37.3091,111.9274
661.9244,170.7732,37.1512,111.4535
660.0066,171.0198,36.9868,110.9605
659.0337,170.1011,36.9326,110.7978
657.1005,170.3014,36.7990,110.3971
655.1345,170.4036,36.7309,110.1928
654.1671,169.5013,36.6658,109.9974
653.2414,169.7242,36.5172,109.5516
651.3201,169.9604,36.3598,109.0793
650.3457,170.0371,36.3086,108.9258
649.4147,170.2440,36.1707,108.5120
647.4572,170.3715,36.0857,108.2571
646.4401,170.3203,36.1198,108.3595
645.4235,170.2704,36.1530,108.4591
644.3966,170.1897,36.2068,108.6205
644.3620,169.0860,36.2760,108.8280
643.3833,169.1499,36.2334,108.7001
643.3528,169.0585,36.2943,108.8830
643.3974,168.1921,36.2052,108.6157
644.4262,168.2785,36.1476,108.4429
644.5021,168.5062,35.9958,107.9875
644.6100,167.8299,35.7800,107.3401
645.6478,166.9436,35.7043,107.1129
645.7366,167.2099,35.5268,106.5803
646.8228,167.4683,35.3544,106.0633
647.8507,166.5522,35.2986,105.8957
648.9218,165.7654,35.1564,105.4691
650.9761,165.9283,35.0478,105.1434
651.9979,164.9936,35.0043,105.0128
653.0926,165.2778,34.8148,104.4445
655.1768,164.5303,34.6465,103.9395
656.2461,164.7383,34.5078,103.5233
658.2562,163.7685,34.4877,103.4630
660.3207,163.9623,34.3585,103.0754
661.4203,163.2608,34.1595,102.4785
663.4238,163.2715,34.1523,102.4569
664.4421,162.3262,34.1158,102.3475
666.3275,161.9823,34.3451,103.0353
668.1469,160.4405,34.7063,104.1190
670.9456,159.8367,35.1089,105.3266
672.8362,158.5085,35.3276,105.9829
674.6346,157.9038,35.7308,107.1923
677.4054,156.2162,36.1892,108.5676
679.2322,155.6965,36.5357,109.6071
682.0087,154.0261,36.9826,110.9477
684.8574,152.5723,37.2851,111.8554
687.6950,152.0850,37.6100,112.8300
690.6580,150.9739,37.6841,113.0522
693.6353,150.9057,37.7295,113.1886
695.6759,150.0277,37.6482,112.9447
697.7006,150.1019,37.5988,112.7963
699.7234,149.1702,37.5532,112.6597
701.7716,149.3147,37.4568,112.3705
703.9239,149.7717,37.1522,111.4565
705.1025,149.3076,36.7949,110.3848
706.3118,149.9353,36.3764,109.1293
707.5060,150.5181,35.9880,107.9639
708.7413,151.2237,35.5175,106.5526
708.9292,151.7875,35.1417,105.4249
709.0644,151.1932,34.8712,104.6136
708.1682,151.5047,34.6635,103.9906
707.1993,151.5978,34.6015,103.8044
706.2334,151.7003,34.5332,103.5995
705.2806,151.8418,34.4388,103.3163
704.3273,151.9818,34.3454,103.0363
702.3399,152.0197,34.3202,102.9606
700.3654,151.0961,34.2692,102.8077
699.4880,150.4639,34.0241,102.0723
698.5801,150.7402,33.8399,101.5196
697.6207,149.8621,33.7586,101.2758
696.6772,150.0317,33.6455,100.9366
696.7057,149.1171,33.5886,100.7659
696.7332,149.1995,33.5337,100.6011
696.7646,148.2940,33.4707,100.4120
696.8695,148.6086,33.2609,99.7828
696.9368,147.8103,33.1265,99.3794
696.9925,147.9775,33.0150,99.0450
697.9844,147.9532,33.0312,99.0937
699.0510,148.1530,32.8980,98.6941
700.0823,148.2469,32.8354,98.5063
700.0968,147.2903,32.8064,98.4193
701.0933,147.2800,32.8134,98.4401
702.0861,147.2582,32.8279,98.4836
703.0732,147.2195,32.8537,98.5611
704.0204,147.0613,32.9591,98.8774
705.9737,145.9210,33.0526,99.1579
706.9609,145.8828,33.0781,99.2344
708.9761,145.9283,33.0478,99.1433
710.9265,145.7794,33.1471,99.4412
712.8562,145.5686,33.2876,99.8629
714.7969,145.3905,33.4063,100.2189
716.7648,145.2946,33.4703,100.4109
719.7167,144.1500,33.5666,100.6999
722.6773,144.0319,33.6454,100.9363
725.6763,144.0290,33.6473,100.9420
727.7044,144.1132,33.5912,100.7736
731.6931,143.0792,33.6139,100.8416
734.6671,143.0012,33.6659,100.9976
737.6758,143.0273,33.6485,100.9455
739.6830,143.0490,33.6340,100.9021
742.6961,143.0883,33.6078,100.8234
745.6982,143.0947,33.6036,100.8107
747.7151,143.1454,33.5697,100.7092
750.7648,143.2945,33.4703,100.4110
752.7988,143.3965,33.4023,100.2070
755.8203,143.4609,33.3594,100.0782
757.8456,143.5368,33.3088,99.9264
759.9268,143.7805,33.1463,99.4389
762.9516,143.8548,33.0968,99.2903
765.0153,144.0458,32.9695,98.9084
766.1226,145.3678,32.7548,98.2644
768.1096,145.3288,32.7808,98.3424
770.1297,145.3891,32.7406,98.2218
772.1283,144.3849,32.7434,98.2302
773.1497,144.4490,32.7007,98.1020
775.1880,144.5640,32.6240,97.8721
776.2269,144.6808,32.5461,97.6384
778.2722,144.8167,32.4555,97.3666
779.3306,143.9917,32.3389,97.0166
781.3718,144.1155,32.2563,96.7690
783.4038,144.2115,32.1923,96.5770
784.4634,143.3903,32.0731,96.2194
785.5262,143.5785,31.9476,95.8429
787.5165,142.5496,31.9669,95.9008
788.6061,142.8182,31.7879,95.3636
789.6353,142.9059,31.7294,95.1882
790.6776,143.0328,31.6448,94.9343
792.6541,141.9622,31.6919,95.0756
793.7151,142.1454,31.5697,94.7091
794.7571,142.2712,31.4858,94.4575
795.7751,141.3253,31.4498,94.3494
796.8405,141.5213,31.3191,93.9573
797.9347,141.8041,31.1306,93.3919
797.9489,140.8466,31.1023,93.3069
797.9599,140.8798,31.0802,93.2405
798.9799,139.9396,31.0403,93.1208
799.0031,140.0094,30.9938,92.9813
799.0135,139.0407,30.9729,92.9186
798.9827,137.9481,31.0346,93.1037
798.9404,137.8211,31.1193,93.3578
798.9101,136.7303,31.1798,93.5395
797.9068,135.7204,31.1864,93.5593
797.8665,134.5995,31.2670,93.8011
796.8795,134.6385,31.2410,93.7230
796.8387,133.5161,31.3226,93.9678
795.9371,132.8113,31.1258,93.3775
794.9316,131.7949,31.1367,93.4102
793.9654,131.8962,31.0692,93.2077
792.9943,130.9831,31.0113,93.0339
792.0757,131.2272,30.8486,92.5457
790.1271,130.3812,30.7459,92.2376
789.2321,129.6962,30.5359,91.6076
787.3358,130.0074,30.3284,90.9853
785.3794,129.1383,30.2412,90.7235
782.4184,129.2551,30.1632,90.4897
780.4562,128.3685,30.0877,90.2630
777.4530,128.3590,30.0940,90.2820
774.4750,127.4250,30.0500,90.1499
771.4977,126.4930,30.0047,90.0141
768.5118,125.5353,29.9765,89.9294
765.5336,125.6006,29.9329,89.7988
762.5244,124.5730,29.9513,89.8539
759.5511,123.6533,29.8978,89.6935
755.5814,122.7440,29.8373,89.5119
752.6202,122.8608,29.7595,89.2784
750.6043,121.8129,29.7914,89.3742
747.6130,120.8390,29.7740,89.3220
744.6621,120.9863,29.6758,89.0273
742.6346,119.9038,29.7308,89.1923
739.6609,118.9826,29.6783,89.0348
737.7114,119.1340,29.5773,88.7319
735.6749,118.0247,29.6502,88.9506
734.6752,118.0257,29.6495,88.9486
732.6484,116.9453,29.7031,89.1094
731.6884,117.0650,29.6233,88.8699
730.7034,116.1101,29.5933,88.7799
728.7375,116.2124,29.5251,88.5752
727.7269,116.1807,29.5462,88.6386
727.7288,115.1863,29.5425,88.6275
726.7952,115.3854,29.4097,88.2292
726.8227,115.4681,29.3546,88.0639
726.8265,114.4794,29.3470,88.0411
726.8845,114.6534,29.2311,87.6932
726.8635,114.5904,29.2730,87.8191
727.7996,114.3988,29.4008,88.2025
728.6929,114.0787,29.6142,88.8426
729.5600,112.6800,29.8800,89.6399
730.5153,112.5458,29.9694,89.9083
731.4429,112.3287,30.1142,90.3425
733.4156,112.2469,30.1687,90.5062
735.3944,112.1831,30.2112,90.6337
737.3558,113.0675,30.2883,90.8649
740.2708,112.8124,30.4584,91.3752
743.1602,112.4805,30.6796,92.0389
745.1418,112.4253,30.7165,92.1494
748.1137,113.3411,30.7726,92.3178
751.0230,113.0689,30.9540,92.8621
754.0204,114.0612,30.9592,92.8775
756.0214,115.0643,30.9571,92.8713
758.9798,115.9394,31.0404,93.1212
760.9666,115.8997,31.0669,93.2007
764.0258,117.0775,30.9483,92.8449
765.1680,118.5041,30.6639,91.9918
767.2241,119.6723,30.5518,91.6555
768.3106,119.9319,30.3787,91.1362
769.3990,121.1969,30.2021,90.6062
770.4901,122.4701,30.0199,90.0597
770.5840,123.7522,29.8319,89.4955
770.6568,124.9705,29.6864,89.0591
770.7083,125.1250,29.5834,88.7501
769.8283,126.4850,29.3434,88.0301
768.9233,127.7698,29.1535,87.4604
767.9846,127.9539,29.0307,87.0922
766.0946,129.2838,28.8108,86.4323
764.1357,130.4073,28.7285,86.1854
762.1451,130.4355,28.7097,86.1291
759.2519,131.7557,28.4962,85.4887
757.3058,132.9173,28.3885,85.1654
753.3872,134.1616,28.2256,84.6767
750.4839,135.4519,28.0321,84.0962
747.4911,135.4732,28.0178,84.0535
743.5205,136.5615,27.9590,83.8771
740.5255,137.5765,27.9490,83.8471
737.4636,139.3909,28.0727,84.2181
733.4949,140.4848,28.0102,84.0305
730.5557,141.6672,27.8885,83.6655
727.5283,142.5850,27.9433,83.8300
723.5603,143.6810,27.8793,83.6380
720.5934,145.7801,27.8133,83.4398
717.6348,146.9043,27.7305,83.1914
714.6259,147.8777,27.7482,83.2446
712.6212,148.8635,27.7577,83.2730
710.6473,149.9421,27.7053,83.1158
708.6655,150.9965,27.6690,83.0070
707.6864,152.0593,27.6271,82.8814
707.6586,152.9757,27.6828,83.0485
707.6268,153.8805,27.7463,83.2390
708.6365,154.9096,27.7270,83.1809
710.6058,156.8175,27.7883,83.3650
713.5587,157.6759,27.8827,83.6481
717.5635,158.6906,27.8729,83.6187
721.5857,160.7571,27.8286,83.4857
725.5743,161.7230,27.8514,83.5541
730.5522,163.6565,27.8957,83.6870
736.6320,165.8959,27.7361,83.2082
742.6407,167.9223,27.7185,83.1554
748.5585,169.6755,27.8830,83.6490
754.5646,171.6937,27.8709,83.6126
761.3625,173.0875,28.2750,84.8251
767.3742,176.1226,28.2516,84.7548
774.3566,178.0696,28.2869,84.8607
780.3915,180.1744,28.2171,84.6513
786.4184,183.2553,28.1632,84.4895
792.4462,185.3384,28.1077,84.3231
797.5038,187.5116,27.9923,83.9769
801.5480,189.6440,27.9040,83.7119
804.5829,191.7487,27.8342,83.5026
806.5797,192.7390,27.8406,83.5219
807.6197,194.8590,27.7607,83.2820
808.6481,195.9442,27.7039,83.1116
808.6798,198.0395,27.6404,82.9211
807.6939,199.0817,27.6122,82.8366
805.6998,200.0995,27.6003,82.8009
803.7385,201.2154,27.5230,82.5691
800.7506,202.2519,27.4988,82.4963
797.7756,204.3268,27.4488,82.3464
793.8094,205.4284,27.3811,82.1433
790.7923,206.3769,27.4154,82.2461
786.7864,208.3591,27.4273,82.2818
782.7264,209.1794,27.5471,82.6412
778.7156,210.1469,27.5688,82.7063
775.6765,211.0293,27.6471,82.9414
771.6282,212.8846,27.7436,83.2307
767.5785,213.7354,27.8431,83.5292
764.5612,215.6836,27.8776,83.6328
760.5807,216.7420,27.8387,83.5160
756.5975,217.7924,27.8050,83.4151
752.5877,219.7632,27.8245,83.4736
749.5805,220.7415,27.8390,83.5170
745.5807,221.7423,27.8385,83.5154
741.5696,222.7090,27.8607,83.5820
738.5535,223.6606,27.8929,83.6787
734.5399,224.6196,27.9203,83.7608
730.5224,224.5673,27.9552,83.8655
727.5402,226.6207,27.9196,83.7587
723.4945,227.4835,28.0110,84.0330
722.5132,228.5396,27.9736,83.9208
720.5497,229.6490,27.9007,83.7020
720.5178,230.5535,27.9643,83.8930
720.5082,232.5247,27.9836,83.9507
720.4835,233.4505,28.0330,84.0991
721.5078,235.5233,27.9845,83.9535
723.4679,236.4037,28.0642,84.1926
724.5096,238.5289,27.9807,83.9421
726.4675,239.4025,28.0650,84.1950
727.4958,241.4876,28.0083,84.0248
729.5315,243.5945,27.9370,83.8111
731.5511,244.6534,27.8977,83.6932
732.6038,246.8114,27.7924,83.3772
733.6599,248.9796,27.6803,83.0408
735.6512,249.9535,27.6977,83.0930
736.7189,252.1567,27.5622,82.6866
737.7104,253.1312,27.5792,82.7377
739.7273,255.1818,27.5454,82.6363
741.7276,256.1828,27.5448,82.6345
742.7480,257.2442,27.5039,82.5116
744.7528,258.2584,27.4944,82.4831
745.8094,259.4284,27.3810,82.1431
746.8588,261.5765,27.2823,81.8470
747.8128,261.4385,27.3743,82.1230
748.8392,262.5175,27.3217,81.9651
748.9093,263.7279,27.1814,81.5441
748.9630,264.8889,27.0741,81.2223
748.9893,265.9677,27.0215,81.0646
747.0765,267.2295,26.8470,80.5411
746.1205,267.3616,26.7589,80.2768
744.1285,268.3856,26.7429,80.2288
742.0955,269.2866,26.8089,80.4268
739.0667,269.1999,26.8667,80.6002
736.0201,270.0604,26.9597,80.8792
734.0012,270.0034,26.9977,80.9932
730.9537,270.8611,27.0926,81.2779
727.9572,270.8714,27.0857,81.2572
726.0074,272.0221,26.9852,80.9557
722.9892,271.9677,27.0216,81.0647
721.0123,272.0370,26.9753,80.9260
719.0455,272.1364,26.9090,80.7271
717.0884,272.2652,26.8232,80.4696
716.1260,272.3779,26.7480,80.2441
714.1816,272.5449,26.6367,79.9101
713.2252,272.6756,26.5496,79.6487
713.2100,273.6301,26.5799,79.7398
712.2122,273.6365,26.5757,79.7270
712.1979,273.5937,26.6042,79.8127
712.2118,274.6353,26.5764,79.7293
712.1960,274.5879,26.6081,79.8243
712.1810,275.5428,26.6381,79.9143
713.1519,275.4557,26.6962,80.0886
713.1657,276.4971,26.6686,80.0058
714.1074,276.3222,26.7852,80.3556
715.1199,277.3595,26.7603,80.2809
717.1016,278.3049,26.7968,80.3903
718.0327,278.0981,26.9346,80.8038
720.0407,279.1220,26.9186,80.7559
721.9736,278.9210,27.0527,81.1581
724.9298,279.7895,27.1403,81.4210
726.8820,279.6461,27.2360,81.7079
729.8400,280.5201,27.3199,81.9598
732.7689,280.3065,27.4623,82.3870
735.7151,280.1455,27.5697,82.7090
738.6334,279.9001,27.7333,83.1998
741.5848,279.7545,27.8304,83.4911
744.5559,280.6678,27.8882,83.6645
747.5148,280.5444,27.9704,83.9112
750.4487,280.3461,28.1026,84.3079
753.3781,280.1341,28.2440,84.7319
756.3719,280.1157,28.2562,84.7687
759.3542,280.0627,28.2916,84.8747
762.3781,280.1342,28.2439,84.7316
766.4014,281.2043,28.1972,84.5915
768.4218,281.2653,28.1565,84.4694
771.4331,282.2993,28.1338,84.4013
774.3427,282.0280,28.3147,84.9441
776.3588,282.0763,28.2825,84.8475
778.4114,283.2341,28.1772,84.5317
780.3558,283.0674,28.2884,84.8652
782.3704,283.1112,28.2592,84.7775
783.3981,283.1943,28.2038,84.6113
784.3823,283.1471,28.2353,84.7059
785.3886,283.1658,28.2228,84.6683
786.3960,283.1880,28.2080,84.6240
786.3690,283.1070,28.2620,84.7860
787.2958,281.8873,28.4085,85.2254
787.2780,280.8338,28.4441,85.3323
787.2935,280.8804,28.4131,85.2393
787.3076,279.9227,28.3848,85.1545
787.3665,280.0993,28.2671,84.8014
787.3852,280.1556,28.2296,84.6887
788.3749,279.1248,28.2502,84.7505
788.4213,279.2638,28.1575,84.4724
788.4494,279.3481,28.1012,84.3037
789.4703,279.4110,28.0593,84.1780
790.4856,279.4567,28.0289,84.0866
791.4835,279.4505,28.0330,84.0990
792.4762,279.4286,28.0476,84.1429
793.4629,279.3887,28.0742,84.2227
795.4462,279.3385,28.1077,84.3230
796.4274,279.2822,28.1452,84.4356
798.4197,279.2592,28.1605,84.4815
800.4009,280.2029,28.1981,84.5943
802.3715,280.1144,28.2570,84.7711
805.3611,280.0833,28.2778,84.8334
807.3953,280.1859,28.2094,84.6283
810.4354,280.3061,28.1293,84.3879
812.4379,280.3136,28.1243,84.3728
815.4482,280.3445,28.1036,84.3109
818.4493,280.3480,28.1014,84.3041
820.4440,280.3320,28.1120,84.3360
822.4802,281.4407,28.0395,84.1186
825.4708,281.4125,28.0583,84.1749
827.4957,281.4872,28.0085,84.0255
829.5244,282.5732,27.9512,83.8537
832.5072,282.5216,27.9856,83.9567
833.4775,282.4324,28.0451,84.1352
835.5188,283.5563,27.9624,83.8873
836.4879,283.4637,28.0242,84.0727
837.5023,283.5068,27.9955,83.9865
837.5813,284.7438,27.8375,83.5124
837.5862,284.7588,27.8275,83.4825
837.5476,284.6428,27.9048,83.7144
835.5940,284.7820,27.8120,83.4360
834.6137,283.8411,27.7726,83.3179
832.5945,283.7837,27.8109,83.4327
829.5874,283.7622,27.8252,83.4755
827.6354,283.9062,27.7292,83.1876
824.6694,283.0081,27.6613,82.9837
821.7494,283.2481,27.5012,82.5037
818.8453,282.5360,27.3094,81.9281
814.8770,281.6310,27.2460,81.7379
811.9374,281.8123,27.1251,81.3753
809.0275,281.0825,26.9450,80.8350
806.0731,281.2192,26.8539,80.5616
802.1224,281.3674,26.7551,80.2653
799.1495,280.4484,26.7011,80.1032
796.2092,280.6276,26.5816,79.7447
792.2952,280.8856,26.4096,79.2288
789.3112,279.9334,26.3777,79.1332
785.4016,280.2048,26.1968,78.5905
782.4823,280.4468,26.0354,78.1063
778.5250,280.5750,25.9500,77.8500
774.5950,280.7851,25.8099,77.4298
770.5973,280.7918,25.8055,77.4164
767.6100,280.8301,25.7799,77.3398
762.6459,280.9376,25.7083,77.1248
758.6613,280.9838,25.6775,77.0324
754.6938,280.0813,25.6124,76.8373
750.7286,280.1857,25.5429,76.6287
745.7987,280.3961,25.4026,76.2079
741.8255,279.4765,25.3490,76.0471
737.8597,278.5790,25.2807,75.8420
733.8865,278.6595,25.2270,75.6809
730.8901,277.6703,25.2198,75.6593
728.8935,277.6806,25.2130,75.6389
727.8758,277.6274,25.2484,75.7452
726.8462,277.5385,25.3077,75.9230
726.8311,277.4932,25.3379,76.0136
727.7988,278.3965,25.4023,76.2070
728.7487,278.2459,25.5027,76.5082
730.7443,278.2329,25.5114,76.5341
731.7507,279.2522,25.4985,76.4956
734.6674,279.0022,25.6652,76.9956
736.6727,280.0182,25.6546,76.9637
738.6476,279.9429,25.7047,77.1141
741.6667,281.0002,25.6665,76.9995
743.6432,280.9296,25.7136,77.1407
745.6706,282.0118,25.6588,76.9764
748.6913,282.0741,25.6173,76.8519
750.7288,283.1865,25.5423,76.6270
752.7578,283.2732,25.4845,76.4536
754.8264,284.4792,25.3472,76.0417
756.7926,284.3779,25.4147,76.2442
757.7712,285.3134,25.4577,76.3731
759.7083,285.1247,25.5836,76.7507
760.7087,285.1260,25.5827,76.7480
761.7053,285.1159,25.5894,76.7683
761.7297,285.1889,25.5407,76.6221
762.7535,286.2605,25.4930,76.4791
762.7284,286.1852,25.5432,76.6296
763.7161,286.1483,25.5678,76.7034
763.7764,287.3293,25.4471,76.3414
763.7646,287.2938,25.4708,76.4124
763.7678,287.3033,25.4645,76.3935
762.7925,287.3775,25.4150,76.2450
762.8313,287.4939,25.3374,76.0123
761.8901,287.6705,25.2197,75.6590
761.9471,288.8412,25.1058,75.3175
761.0028,289.0084,24.9944,74.9831
760.0129,289.0388,24.9741,74.9223
759.0234,289.0701,24.9533,74.8598
758.0735,289.2207,24.8529,74.5586
757.1111,289.3333,24.7778,74.3333
756.1592,289.4776,24.6816,74.0448
755.1786,290.5358,24.6428,73.9283
754.1405,290.4216,24.7190,74.1569
753.1711,290.5134,24.6577,73.9731
751.2480,290.7442,24.5039,73.5116
750.2683,290.8050,24.4633,73.3900
748.3665,291.0995,24.2670,72.8009
747.3454,291.0362,24.3092,72.9276
745.3745,291.1233,24.2512,72.7535
744.4272,291.2816,24.1456,72.4368
742.4766,291.4300,24.0467,72.1401
741.4758,291.4273,24.0485,72.1454
740.4756,291.4268,24.0488,72.1464
739.4567,291.3699,24.0867,72.2602
739.3953,291.1857,24.2095,72.6286
739.3597,291.0791,24.2806,72.8418
740.3279,290.9836,24.3443,73.0328
740.3325,290.9974,24.3351,73.0051
741.3318,290.9954,24.3364,73.0092
743.3407,292.0220,24.3186,72.9559
744.3431,292.0293,24.3138,72.9415
745.3312,291.9935,24.3377,73.0130
746.3832,293.1496,24.2336,72.7008
747.3498,293.0494,24.3004,72.9011
748.3695,294.1085,24.2610,72.7831
748.2937,293.8811,24.4126,73.2378
748.2781,293.8341,24.4439,73.3317
747.2848,294.8544,24.4304,73.2911
746.2444,294.7332,24.5112,73.5336
746.1934,294.5800,24.6133,73.8399
745.1228,294.3683,24.7545,74.2634
744.1282,293.3845,24.7437,74.2310
743.1275,293.3825,24.7450,74.2350
742.1078,293.3234,24.7844,74.3532
742.0292,292.0875,24.9417,74.8250
741.0521,292.1564,24.8957,74.6871
739.9946,291.9836,25.0109,75.0327
739.9952,291.9856,25.0096,75.0288
739.0370,292.1112,24.9258,74.7775
738.0283,292.0849,24.9434,74.8303
737.0432,291.1295,24.9137,74.7410
736.0907,291.2721,24.8186,74.4559
734.1565,291.4695,24.6870,74.0610
733.1917,291.5749,24.6167,73.8502
731.2028,291.6082,24.5945,73.7836
729.2153,291.6460,24.5693,73.7079
727.2003,291.6008,24.5995,73.7985
725.1967,291.5899,24.6067,73.8202
723.1962,291.5884,24.6077,73.8231
721.2084,290.6251,24.5833,73.7498
718.2650,290.7951,24.4699,73.4098
715.3427,291.0279,24.3147,72.9442
712.3928,290.1782,24.2145,72.6436
709.4670,290.4012,24.0659,72.1977
705.5214,289.5642,23.9572,71.8716
702.5469,288.6407,23.9062,71.7185
699.6301,287.8902,23.7399,71.2197
695.7122,288.1365,23.5757,70.7270
691.7693,287.3079,23.4614,70.3843
688.7823,286.3468,23.4355,70.3064
684.7852,286.3554,23.4297,70.2891
680.7905,285.3715,23.4190,70.2571
677.7834,284.3503,23.4331,70.2994
673.7828,284.3485,23.4343,70.3029
670.7408,283.2226,23.5183,70.5548
667.7058,283.1174,23.5884,70.7651
664.6868,282.0604,23.6264,70.8791
661.7008,282.1025,23.5984,70.7951
658.7064,281.1190,23.5873,70.7620
656.7104,281.1313,23.5791,70.7374
653.7201,280.1602,23.5598,70.6795
652.7062,280.1185,23.5876,70.7629
650.6906,279.0717,23.6189,70.8566
649.6453,277.9360,23.7093,71.1279
648.5966,277.7899,23.8068,71.4203
648.5221,276.5663,23.9558,71.8674
648.4807,275.4419,24.0387,72.1162
648.4547,274.3642,24.0905,72.2715
649.4454,273.3362,24.1092,72.3276
651.3317,271.9950,24.3367,73.0100
653.2668,270.8004,24.4664,73.3992
656.1765,270.5295,24.6470,73.9411
659.0812,269.2437,24.8375,74.5126
662.9601,267.8802,25.0799,75.2397
666.8997,267.6991,25.2006,75.6017
671.8006,266.4018,25.3988,76.1964
675.7282,266.1846,25.5436,76.6307
679.6295,264.8884,25.7411,77.2233
683.5579,263.6737,25.8842,77.6526
687.5932,263.7796,25.8136,77.4409
691.5614,263.6841,25.8772,77.6317
695.5429,262.6288,25.9142,77.7425
699.5746,262.7238,25.8508,77.5524
702.5891,262.7674,25.8218,77.4653
705.5663,261.6991,25.8673,77.6018
708.6168,261.8502,25.7665,77.2996
710.6125,261.8377,25.7749,77.3246
712.6274,261.8824,25.7451,77.2353
714.6335,260.9004,25.7331,77.1992
716.6068,260.8204,25.7864,77.3591
717.5813,260.7440,25.8374,77.5121
718.5637,259.6912,25.8725,77.6175
719.5686,258.7059,25.8628,77.5883
720.6218,257.8653,25.7565,77.2694
720.6806,257.0417,25.6388,76.9165
720.7579,256.2739,25.4841,76.4523
719.8893,256.6681,25.2213,75.6638
719.8765,255.6296,25.2469,75.7407
717.9740,254.9220,25.0520,75.1560
717.0549,255.1649,24.8901,74.6703
715.1504,254.4512,24.6992,74.0976
713.1764,253.5292,24.6472,73.9416
711.2280,252.6841,24.5439,73.6317
709.2833,252.8499,24.4334,73.3003
707.3102,251.9305,24.3797,73.1390
705.3085,250.9256,24.3829,73.1487
702.3392,251.0177,24.3215,72.9645
700.3264,249.9792,24.3472,73.0416
697.3481,250.0445,24.3037,72.9110
695.2864,248.8592,24.4272,73.2815
692.2621,248.7863,24.4758,73.4274
690.3052,247.9158,24.3895,73.1684
688.3342,248.0026,24.3316,72.9948
686.3464,247.0391,24.3073,72.9218
684.3412,246.0237,24.3175,72.9526
682.3444,246.0331,24.3113,72.9338
680.2955,244.8864,24.4091,73.2273
679.3011,243.9035,24.3977,73.1931
678.2791,243.8374,24.4418,73.3253
677.2427,242.7283,24.5145,73.5434
677.2114,242.6342,24.5772,73.7316
677.1583,241.4749,24.6834,74.0502
677.1540,241.4620,24.6920,74.0760
679.1252,241.3757,24.7495,74.2485
680.1352,241.4055,24.7297,74.1890
682.0816,240.2448,24.8368,74.5103
685.0690,240.2071,24.8620,74.5859
688.0027,240.0082,24.9945,74.9836
691.9028,239.7082,25.1945,75.5835
695.8694,239.6084,25.2611,75.7832
700.8650,239.5950,25.2700,75.8099
705.8339,239.5016,25.3323,75.9969
710.7369,240.2107,25.5262,76.5786
716.6708,240.0126,25.6583,76.9748
721.6116,239.8348,25.7768,77.3303
727.5226,240.5678,25.9548,77.8643
733.4349,240.3047,26.1302,78.3906
739.3475,240.0424,26.3051,78.9153
745.3536,240.0606,26.2929,78.8787
751.3205,239.9615,26.3590,79.0770
757.3211,240.9633,26.3578,79.0735
763.3182,240.9548,26.3635,79.0904
768.3063,240.9189,26.3874,79.1623
774.2513,240.7538,26.4974,79.4923
779.2283,240.6848,26.5435,79.6305
784.2325,240.6975,26.5350,79.6049
788.1904,240.5711,26.6193,79.8578
793.2290,241.6870,26.5420,79.6260
796.2311,241.6933,26.5378,79.6135
800.2575,241.7726,26.4849,79.4548
803.3040,241.9121,26.3919,79.1757
807.3209,242.9628,26.3581,79.0744
809.3489,243.0466,26.3022,78.9067
811.3578,243.0733,26.2845,78.8534
813.3605,243.0813,26.2791,78.8373
815.3586,243.0758,26.2828,78.8484
817.3852,243.1557,26.2296,78.6887
819.3444,243.0331,26.3113,78.9338
820.3513,243.0539,26.2974,78.8921
822.3428,243.0285,26.3143,78.9429
823.3553,243.0661,26.2893,78.8679
824.3360,242.0080,26.3280,78.9839
826.3552,242.0655,26.2897,78.8691
827.3409,242.0226,26.3183,78.9549
828.3350,241.0050,26.3300,78.9900
830.3260,240.9780,26.3480,79.0440
832.2829,239.8488,26.4342,79.3025
833.2865,239.8596,26.4270,79.2809
835.2233,238.6699,26.5534,79.6603
837.2347,238.7040,26.5307,79.5921
838.2413,238.7240,26.5174,79.5521
840.2182,238.6546,26.5636,79.6908
842.1874,237.5621,26.6253,79.8758
844.2231,237.6694,26.5537,79.6611
846.2466,237.7399,26.5067,79.5201
848.2938,237.8813,26.4125,79.2375
849.3131,237.9393,26.3738,79.1215
851.2998,237.8994,26.4004,79.2012
853.2605,237.7815,26.4790,79.4370
855.2524,237.7571,26.4953,79.4858
857.2496,237.7488,26.5008,79.5024
858.2017,237.6051,26.5966,79.7897
860.1929,237.5787,26.6142,79.8425
861.1261,237.3782,26.7479,80.2436
862.1408,237.4225,26.7184,80.1551
863.1624,237.4871,26.6753,80.0258
863.1601,236.4803,26.6798,80.0394
864.2040,236.6121,26.5919,79.7758
864.1648,235.4945,26.6704,80.0111
863.1561,234.4682,26.6879,80.0637
863.1565,234.4695,26.6870,80.0611
863.1911,233.5733,26.6178,79.8533
862.1675,233.5027,26.6649,79.9946
861.1396,232.4189,26.7207,80.1621
860.1411,232.4232,26.7179,80.1537
859.1329,231.3988,26.7341,80.2023
858.1230,231.3691,26.7539,80.2618
857.1118,230.3353,26.7764,80.3293
855.1059,230.3176,26.7883,80.3648
854.1058,229.3172,26.7885,80.3655
852.1198,228.3593,26.7605,80.2815
850.1144,228.3433,26.7711,80.3134
848.1053,227.3158,26.7895,80.3684
845.0797,227.2390,26.8407,80.5220
843.0921,226.2763,26.8158,80.4473
840.0969,225.2908,26.8061,80.4183
837.1033,224.3098,26.7935,80.3804
834.1348,224.4044,26.7304,80.1913
831.1843,223.5527,26.6315,79.8945
828.1485,222.4455,26.7030,80.1090
824.1321,221.3961,26.7359,80.2077
821.1058,220.3175,26.7884,80.3651
818.1432,219.4298,26.7135,80.1404
815.2192,218.6577,26.5615,79.6846
812.1754,217.5262,26.6492,79.9475
808.2346,216.7037,26.5309,79.5927
805.2236,215.6709,26.5528,79.6583
802.2241,214.6721,26.5519,79.6558
798.2546,214.7639,26.4907,79.4722
795.2430,213.7290,26.5140,79.5420
792.2562,212.7685,26.4877,79.4630
789.2631,212.7891,26.4739,79.4217
785.2468,211.7404,26.5064,79.5192
781.2269,210.6806,26.5463,79.6388
778.2856,209.8570,26.4287,79.2860
774.2621,209.7865,26.4757,79.4271
771.2795,208.8385,26.4410,79.3230
767.2758,208.8273,26.4485,79.3454
763.2729,207.8186,26.4543,79.3628
760.2863,206.8587,26.4275,79.2825
756.2609,206.7826,26.4782,79.4347
753.2565,205.7695,26.4870,79.4609
750.2688,204.8064,26.4624,79.3872
747.2957,204.8869,26.4088,79.2263
744.3362,204.0088,26.3275,78.9824
741.3768,203.1304,26.2464,78.7392
739.4467,202.3401,26.1066,78.3197
737.5126,201.5377,25.9749,77.9247
735.5746,200.7239,25.8508,77.5523
733.6294,199.8882,25.7412,77.2236
731.6717,200.0150,25.6567,76.9700
730.6935,199.0806,25.6129,76.8388
729.6881,198.0643,25.6238,76.8714
728.7095,197.1286,25.5810,76.7429
726.7354,197.2062,25.5292,76.5877
725.7377,196.2130,25.5247,76.5740
725.7094,195.1281,25.5813,76.7438
723.6638,194.9915,25.6723,77.0170
722.6128,193.8383,25.7744,77.3233
721.5750,193.7248,25.8501,77.5504
720.4866,192.4599,26.0267,78.0801
719.4247,191.2742,26.1505,78.4516
718.3253,190.9760,26.3493,79.0480
716.2855,189.8564,26.4291,79.2873
714.2905,189.8713,26.4191,79.2574
713.2891,188.8672,26.4219,79.2657
712.3032,187.9095,26.3936,79.1809
710.2976,186.8928,26.4048,79.2144
708.3080,185.9240,26.3840,79.1520
706.3682,185.1046,26.2636,78.7908
705.4036,184.2108,26.1928,78.5784
703.4194,183.2582,26.1612,78.4837
701.4246,182.2737,26.1509,78.4526
699.4240,181.2719,26.1521,78.4562
697.4324,180.2971,26.1353,78.4058
695.4764,179.4292,26.0472,78.1417
693.5285,178.5854,25.9430,77.8291
691.5585,177.6756,25.8830,77.6489
689.5413,177.6238,25.9175,77.7524
686.5163,176.5489,25.9674,77.9022
684.5590,175.6770,25.8820,77.6459
681.5695,175.7085,25.8610,77.5830
679.6130,174.8389,25.7741,77.3222
677.6299,173.8898,25.7401,77.2203
675.6382,172.9148,25.7235,77.1705
673.6152,172.8455,25.7697,77.3090
671.6323,171.8969,25.7354,77.2063
670.7027,172.1081,25.5946,76.7839
669.7593,171.2779,25.4814,76.4442
669.8251,170.4752,25.3499,76.0497
669.8691,170.6074,25.2617,75.7851
670.8682,169.6044,25.2637,75.7912
671.9075,168.7225,25.1850,75.5550
673.9498,167.8492,25.1005,75.3015
675.9751,166.9253,25.0498,75.1494
678.0248,167.0744,24.9504,74.8511
681.0098,166.0294,24.9804,74.9411
683.0116,166.0348,24.9768,74.9304
685.9716,164.9147,25.0568,75.1705
689.9528,164.8583,25.0945,75.2834
692.9534,164.8602,25.0932,75.2796
696.9680,163.9041,25.0640,75.1919
700.9326,163.7978,25.1348,75.4045
704.9270,163.7809,25.1461,75.4382
708.9159,163.7477,25.1682,75.5045
712.8994,163.6983,25.2011,75.6034
715.8317,162.4951,25.3366,76.0099
719.8311,162.4933,25.3378,76.0134
723.8143,162.4429,25.3714,76.1143
727.7725,162.3176,25.4549,76.3647
730.7147,162.1442,25.5705,76.7116
733.6912,162.0736,25.6176,76.8527
736.6352,161.9055,25.7297,77.1890
738.5799,161.7396,25.8403,77.5208
741.5303,160.5909,25.9394,77.8183
743.5052,160.5158,25.9895,77.9684
744.4421,159.3263,26.1158,78.3475
746.3840,158.1519,26.2321,78.6962
747.3557,158.0670,26.2887,78.8660
748.3683,157.1049,26.2634,78.7902
749.4086,157.2256,26.1829,78.5487
750.3934,156.1802,26.2132,78.6396
751.3759,156.1278,26.2481,78.7443
752.4040,155.2120,26.1920,78.5760
753.4397,155.3190,26.1206,78.3619
754.4602,154.3806,26.0796,78.2388
754.4718,154.4153,26.0565,78.1694
755.5268,154.5803,25.9465,77.8394
757.5094,154.5282,25.9812,77.9435
758.4968,153.4904,26.0064,78.0191
759.4971,153.4913,26.0058,78.0174
760.5031,153.5094,25.9938,77.9813
762.5104,153.5312,25.9792,77.9376
