1
546.6667,553.3333,53.3333,101.6667
536.9048,551.3095,53.3333,101.6667
526.9048,549.8810,53.3333,101.6667
516.9048,548.4524,53.3333,101.6667
506.9048,547.0238,53.3333,101.6667
496.9048,545.5952,53.3333,101.6667
492.6190,534.1667,53.3333,101.6667
482.6190,532.7381,53.3333,101.6667
472.6190,531.3095,53.3333,101.6667
468.3333,529.8810,53.3333,101.6667
458.3333,528.4524,53.3333,101.6667
448.3333,527.0238,53.3333,101.6667
444.0476,525.5952,53.3333,101.6667
434.0476,524.1667,53.3333,101.6667
424.0476,512.7381,53.3333,101.6667
419.7619,511.3095,53.3333,101.6667
409.7619,509.8810,53.3333,101.6667
399.7619,508.4524,53.3333,101.6667
395.4762,507.0238,53.3333,101.6667
385.4762,505.5952,53.3333,101.6667
381.1905,504.1667,53.3333,101.6667
371.1905,502.7381,53.3333,101.6667
366.9048,501.3095,53.3333,101.6667
356.9048,499.8810,53.3333,101.6667
352.6190,498.4524,53.3333,101.6667
342.6190,487.0238,53.3333,101.6667
338.3333,485.5952,53.3333,101.6667
334.0476,484.1667,53.3333,101.6667
329.7619,482.7381,53.3333,101.6667
331.1905,481.3095,53.3333,101.6667
326.9048,479.8810,53.3333,101.6667
322.6190,478.4524,53.3333,101.6667
324.0476,477.0238,53.3333,101.6667
319.7619,465.5952,53.3333,101.6667
315.4762,464.1667,53.3333,101.6667
316.9048,462.7381,53.3333,101.6667
312.6190,461.3095,53.3333,101.6667
314.0476,459.8810,53.3333,101.6667
315.4762,458.4524,53.3333,101.6667
311.1905,447.0238,53.3333,101.6667
312.6190,445.5952,53.3333,101.6667
314.0476,444.1667,53.3333,101.6667
309.7619,432.7381,53.3333,101.6667
311.1905,431.3095,53.3333,101.6667
306.9048,429.8810,53.3333,101.6667
308.3333,428.4524,53.3333,101.6667
309.7619,427.0238,53.3333,101.6667
305.4762,415.5952,53.3333,101.6667
306.9048,414.1667,53.3333,101.6667
308.3333,412.7381,53.3333,101.6667
304.0476,411.3095,53.3333,101.6667
305.4762,409.8810,53.3333,101.6667
301.1905,398.4524,53.3333,101.6667
302.6190,397.0238,53.3333,101.6667
304.0476,395.5952,53.3333,101.6667
299.7619,394.1667,53.3333,101.6667
301.1905,392.7381,53.3333,101.6667
296.9048,391.3095,53.3333,101.6667
298.3333,389.8810,53.3333,101.6667
294.0476,388.4524,53.3333,101.6667
295.4762,387.0238,53.3333,101.6667
291.1905,375.5952,53.3333,101.6667
286.9048,374.1667,53.3333,101.6667
288.3333,372.7381,53.3333,101.6667
289.7619,371.3095,53.3333,101.6667
291.1905,369.8810,53.3333,101.6667
298.3333,368.4524,53.3333,101.6667
299.7619,357.0238,53.3333,101.6667
306.9048,355.5952,53.3333,101.6667
314.0476,354.1667,53.3333,101.6667
321.1905,352.7381,53.3333,101.6667
328.3333,351.3095,53.3333,101.6667
335.4762,349.8810,53.3333,101.6667
336.9048,338.4524,53.3333,101.6667
344.0476,337.0238,53.3333,101.6667
351.1905,335.5952,53.3333,101.6667
358.3333,334.1667,53.3333,101.6667
365.4762,332.7381,53.3333,101.6667
372.6190,331.3095,53.3333,101.6667
379.7619,329.8810,53.3333,101.6667
386.9048,328.4524,53.3333,101.6667
394.0476,327.0238,53.3333,101.6667
401.1905,325.5952,53.3333,101.6667
408.3333,324.1667,53.3333,101.6667
409.7619,312.7381,53.3333,101.6667
416.9048,311.3095,53.3333,101.6667
424.0476,309.8810,53.3333,101.6667
425.4762,308.4524,53.3333,101.6667
432.6190,307.0238,53.3333,101.6667
439.7619,305.5952,53.3333,101.6667
441.1905,304.1667,53.3333,101.6667
448.3333,302.7381,53.3333,101.6667
449.7619,301.3095,53.3333,101.6667
456.9048,299.8810,53.3333,101.6667
458.3333,298.4524,53.3333,101.6667
465.4762,297.0238,53.3333,101.6667
472.6190,295.5952,53.3333,101.6667
474.0476,304.1667,53.3333,101.6667
481.1905,302.7381,53.3333,101.6667
482.6190,301.3095,53.3333,101.6667
489.7619,299.8810,53.3333,101.6667
491.1905,298.4524,53.3333,101.6667
498.3333,297.0238,53.3333,101.6667
499.7619,295.5952,53.3333,101.6667
506.9048,294.1667,53.3333,101.6667
508.3333,302.7381,53.3333,101.6667
509.7619,301.3095,53.3333,101.6667
516.9048,299.8810,53.3333,101.6667
518.3333,298.4524,53.3333,101.6667
525.4762,297.0238,53.3333,101.6667
526.9048,305.5952,53.3333,101.6667
534.0476,304.1667,53.3333,101.6667
541.1905,302.7381,53.3333,101.6667
542.6190,301.3095,53.3333,101.6667
549.7619,309.8810,53.3333,101.6667
551.1905,308.4524,53.3333,101.6667
558.3333,307.0238,53.3333,101.6667
565.4762,305.5952,53.3333,101.6667
572.6190,314.1667,53.3333,101.6667
579.7619,312.7381,53.3333,101.6667
581.1905,311.3095,53.3333,101.6667
588.3333,319.8810,53.3333,101.6667
595.4762,318.4524,53.3333,101.6667
596.9048,327.0238,53.3333,101.6667
604.0476,325.5952,53.3333,101.6667
611.1905,324.1667,53.3333,101.6667
612.6190,332.7381,53.3333,101.6667
619.7619,331.3095,53.3333,101.6667
621.1905,339.8810,53.3333,101.6667
628.3333,338.4524,53.3333,101.6667
635.4762,337.0238,53.3333,101.6667
636.9048,345.5952,53.3333,101.6667
638.3333,344.1667,53.3333,101.6667
645.4762,352.7381,53.3333,101.6667
646.9048,351.3095,53.3333,101.6667
648.3333,359.8810,53.3333,101.6667
649.7619,358.4524,53.3333,101.6667
651.1905,367.0238,53.3333,101.6667
652.6190,365.5952,53.3333,101.6667
654.0476,374.1667,53.3333,101.6667
661.1905,372.7381,53.3333,101.6667
656.9048,381.3095,53.3333,101.6667
664.0476,379.8810,53.3333,101.6667
659.7619,388.4524,53.3333,101.6667
661.1905,387.0238,53.3333,101.6667
662.6190,395.5952,53.3333,101.6667
664.0476,394.1667,53.3333,101.6667
665.4762,402.7381,53.3333,101.6667
666.9048,401.3095,53.3333,101.6667
668.3333,399.8810,53.3333,101.6667
664.0476,408.4524,53.3333,101.6667
665.4762,417.0238,53.3333,101.6667
666.9048,415.5952,53.3333,101.6667
662.6190,424.1667,53.3333,101.6667
664.0476,422.7381,53.3333,101.6667
665.4762,431.3095,53.3333,101.6667
666.9048,439.8810,53.3333,101.6667
662.6190,438.4524,53.3333,101.6667
664.0476,447.0238,53.3333,101.6667
665.4762,455.5952,53.3333,101.6667
661.1905,454.1667,53.3333,101.6667
662.6190,462.7381,53.3333,101.6667
664.0476,471.3095,53.3333,101.6667
659.7619,479.8810,53.3333,101.6667
661.1905,478.4524,53.3333,101.6667
662.6190,487.0238,53.3333,101.6667
658.3333,495.5952,53.3333,101.6667
659.7619,494.1667,53.3333,101.6667
661.1905,502.7381,53.3333,101.6667
656.9048,511.3095,53.3333,101.6667
658.3333,509.8810,53.3333,101.6667
659.7619,518.4524,53.3333,101.6667
655.4762,527.0238,53.3333,101.6667
656.9048,525.5952,53.3333,101.6667
652.6190,534.1667,53.3333,101.6667
654.0476,542.7381,53.3333,101.6667
655.4762,541.3095,53.3333,101.6667
651.1905,549.8810,53.3333,101.6667
652.6190,558.4524,53.3333,101.6667
654.0476,557.0238,53.3333,101.6667
649.7619,565.5952,53.3333,101.6667
651.1905,564.1667,53.3333,101.6667
652.6190,572.7381,53.3333,101.6667
648.3333,581.3095,53.3333,101.6667
649.7619,579.8810,53.3333,101.6667
651.1905,588.4524,53.3333,101.6667
652.6190,587.0238,53.3333,101.6667
648.3333,595.5952,53.3333,101.6667
649.7619,604.1667,53.3333,101.6667
645.4762,602.7381,53.3333,101.6667
646.9048,611.3095,53.3333,101.6667
642.6190,609.8810,53.3333,101.6667
638.3333,618.4524,53.3333,101.6667
639.7619,617.0238,53.3333,101.6667
635.4762,625.5952,53.3333,101.6667
636.9048,624.1667,53.3333,101.6667
632.6190,632.7381,53.3333,101.6667
628.3333,631.3095,53.3333,101.6667
629.7619,629.8810,53.3333,101.6667
625.4762,638.4524,53.3333,101.6667
621.1905,637.0238,53.3333,101.6667
2
0
0
0
0
0
2
0
0
0
0
0
2
0
0
0
0
0
2
0
0
0
0
0
2
0
0
0
0
0
2
0
0
0
0
0
2
0
0
0
0
0
2
0
0
0
0
0
2
0
0
0
0
0
2
0
0
0
0
0
2
0
0
0
0
0
2
0
0
0
0
0
542.6190,628.4524,53.3333,101.6667
544.0476,627.0238,53.3333,101.6667
545.4762,625.5952,53.3333,101.6667
546.9048,614.1667,53.3333,101.6667
548.3333,612.7381,53.3333,101.6667
555.4762,601.3095,53.3333,101.6667
556.9048,599.8810,53.3333,101.6667
558.3333,588.4524,53.3333,101.6667
565.4762,587.0238,53.3333,101.6667
566.9048,575.5952,53.3333,101.6667
574.0476,574.1667,53.3333,101.6667
581.1905,572.7381,53.3333,101.6667
582.6190,571.3095,53.3333,101.6667
589.7619,559.8810,53.3333,101.6667
596.9048,558.4524,53.3333,101.6667
598.3333,547.0238,53.3333,101.6667
605.4762,545.5952,53.3333,101.6667
612.6190,534.1667,53.3333,101.6667
614.0476,522.7381,53.3333,101.6667
621.1905,521.3095,53.3333,101.6667
628.3333,519.8810,53.3333,101.6667
629.7619,508.4524,53.3333,101.6667
636.9048,507.0238,53.3333,101.6667
644.0476,505.5952,53.3333,101.6667
645.4762,504.1667,53.3333,101.6667
652.6190,502.7381,53.3333,101.6667
659.7619,491.3095,53.3333,101.6667
661.1905,489.8810,53.3333,101.6667
668.3333,488.4524,53.3333,101.6667
675.4762,477.0238,53.3333,101.6667
682.6190,465.5952,53.3333,101.6667
689.7619,464.1667,53.3333,101.6667
696.9048,462.7381,53.3333,101.6667
704.0476,451.3095,53.3333,101.6667
711.1905,449.8810,53.3333,101.6667
712.6190,448.4524,53.3333,101.6667
719.7619,447.0238,53.3333,101.6667
721.1905,445.5952,53.3333,101.6667
722.6190,434.1667,53.3333,101.6667
729.7619,432.7381,53.3333,101.6667
731.1905,421.3095,53.3333,101.6667
732.6190,419.8810,53.3333,101.6667
728.3333,418.4524,53.3333,101.6667
729.7619,407.0238,53.3333,101.6667
731.1905,405.5952,53.3333,101.6667
732.6190,394.1667,53.3333,101.6667
728.3333,392.7381,53.3333,101.6667
729.7619,391.3095,53.3333,101.6667
725.4762,389.8810,53.3333,101.6667
721.1905,378.4524,53.3333,101.6667
716.9048,377.0238,53.3333,101.6667
718.3333,365.5952,53.3333,101.6667
714.0476,364.1667,53.3333,101.6667
715.4762,352.7381,53.3333,101.6667
711.1905,351.3095,53.3333,101.6667
706.9048,339.8810,53.3333,101.6667
708.3333,338.4524,53.3333,101.6667
704.0476,337.0238,53.3333,101.6667
699.7619,335.5952,53.3333,101.6667
701.1905,334.1667,53.3333,101.6667
696.9048,322.7381,53.3333,101.6667
698.3333,321.3095,53.3333,101.6667
694.0476,319.8810,53.3333,101.6667
689.7619,318.4524,53.3333,101.6667
691.1905,307.0238,53.3333,101.6667
686.9048,305.5952,53.3333,101.6667
682.6190,304.1667,53.3333,101.6667
684.0476,302.7381,53.3333,101.6667
679.7619,291.3095,53.3333,101.6667
675.4762,289.8810,53.3333,101.6667
676.9048,288.4524,53.3333,101.6667
672.6190,287.0238,53.3333,101.6667
668.3333,285.5952,53.3333,101.6667
669.7619,284.1667,53.3333,101.6667
665.4762,282.7381,53.3333,101.6667
661.1905,281.3095,53.3333,101.6667
662.6190,269.8810,53.3333,101.6667
658.3333,268.4524,53.3333,101.6667
654.0476,267.0238,53.3333,101.6667
655.4762,265.5952,53.3333,101.6667
651.1905,264.1667,53.3333,101.6667
652.6190,262.7381,53.3333,101.6667
648.3333,261.3095,53.3333,101.6667
644.0476,259.8810,53.3333,101.6667
645.4762,258.4524,53.3333,101.6667
641.1905,267.0238,53.3333,101.6667
636.9048,265.5952,53.3333,101.6667
638.3333,264.1667,53.3333,101.6667
634.0476,252.7381,53.3333,101.6667
635.4762,251.3095,53.3333,101.6667
631.1905,249.8810,53.3333,101.6667
626.9048,248.4524,53.3333,101.6667
628.3333,247.0238,53.3333,101.6667
624.0476,245.5952,53.3333,101.6667
625.4762,254.1667,53.3333,101.6667
621.1905,252.7381,53.3333,101.6667
616.9048,251.3095,53.3333,101.6667
618.3333,249.8810,53.3333,101.6667
614.0476,248.4524,53.3333,101.6667
615.4762,247.0238,53.3333,101.6667
611.1905,245.5952,53.3333,101.6667
606.9048,244.1667,53.3333,101.6667
608.3333,242.7381,53.3333,101.6667
604.0476,241.3095,53.3333,101.6667
599.7619,239.8810,53.3333,101.6667
595.4762,248.4524,53.3333,101.6667
596.9048,247.0238,53.3333,101.6667
592.6190,245.5952,53.3333,101.6667
594.0476,244.1667,53.3333,101.6667
589.7619,252.7381,53.3333,101.6667
585.4762,251.3095,53.3333,101.6667
586.9048,249.8810,53.3333,101.6667
582.6190,248.4524,53.3333,101.6667
578.3333,247.0238,53.3333,101.6667
579.7619,245.5952,53.3333,101.6667
575.4762,244.1667,53.3333,101.6667
571.1905,242.7381,53.3333,101.6667
572.6190,241.3095,53.3333,101.6667
568.3333,239.8810,53.3333,101.6667
564.0476,248.4524,53.3333,101.6667
559.7619,247.0238,53.3333,101.6667
555.4762,245.5952,53.3333,101.6667
556.9048,254.1667,53.3333,101.6667
552.6190,252.7381,53.3333,101.6667
548.3333,251.3095,53.3333,101.6667
544.0476,249.8810,53.3333,101.6667
545.4762,248.4524,53.3333,101.6667
541.1905,247.0238,53.3333,101.6667
536.9048,255.5952,53.3333,101.6667
532.6190,254.1667,53.3333,101.6667
534.0476,252.7381,53.3333,101.6667
529.7619,251.3095,53.3333,101.6667
525.4762,259.8810,53.3333,101.6667
526.9048,258.4524,53.3333,101.6667
522.6190,267.0238,53.3333,101.6667
518.3333,265.5952,53.3333,101.6667
514.0476,264.1667,53.3333,101.6667
509.7619,272.7381,53.3333,101.6667
511.1905,271.3095,53.3333,101.6667
506.9048,269.8810,53.3333,101.6667
502.6190,278.4524,53.3333,101.6667
498.3333,277.0238,53.3333,101.6667
494.0476,275.5952,53.3333,101.6667
489.7619,284.1667,53.3333,101.6667
485.4762,282.7381,53.3333,101.6667
486.9048,291.3095,53.3333,101.6667
482.6190,289.8810,53.3333,101.6667
478.3333,298.4524,53.3333,101.6667
474.0476,297.0238,53.3333,101.6667
469.7619,295.5952,53.3333,101.6667
465.4762,304.1667,53.3333,101.6667
461.1905,302.7381,53.3333,101.6667
462.6190,311.3095,53.3333,101.6667
458.3333,319.8810,53.3333,101.6667
454.0476,318.4524,53.3333,101.6667
449.7619,327.0238,53.3333,101.6667
445.4762,325.5952,53.3333,101.6667
441.1905,324.1667,53.3333,101.6667
442.6190,332.7381,53.3333,101.6667
438.3333,331.3095,53.3333,101.6667
434.0476,339.8810,53.3333,101.6667
429.7619,338.4524,53.3333,101.6667
425.4762,347.0238,53.3333,101.6667
426.9048,345.5952,53.3333,101.6667
422.6190,354.1667,53.3333,101.6667
418.3333,352.7381,53.3333,101.6667
414.0476,361.3095,53.3333,101.6667
409.7619,369.8810,53.3333,101.6667
411.1905,378.4524,53.3333,101.6667
406.9048,377.0238,53.3333,101.6667
408.3333,385.5952,53.3333,101.6667
409.7619,384.1667,53.3333,101.6667
411.1905,392.7381,53.3333,101.6667
412.6190,391.3095,53.3333,101.6667
414.0476,399.8810,53.3333,101.6667
421.1905,398.4524,53.3333,101.6667
428.3333,407.0238,53.3333,101.6667
429.7619,405.5952,53.3333,101.6667
436.9048,404.1667,53.3333,101.6667
444.0476,402.7381,53.3333,101.6667
451.1905,411.3095,53.3333,101.6667
458.3333,409.8810,53.3333,101.6667
465.4762,418.4524,53.3333,101.6667
472.6190,417.0238,53.3333,101.6667
474.0476,415.5952,53.3333,101.6667
481.1905,414.1667,53.3333,101.6667
488.3333,422.7381,53.3333,101.6667
489.7619,421.3095,53.3333,101.6667
496.9048,419.8810,53.3333,101.6667
504.0476,428.4524,53.3333,101.6667
505.4762,427.0238,53.3333,101.6667
512.6190,435.5952,53.3333,101.6667
514.0476,434.1667,53.3333,101.6667
521.1905,442.7381,53.3333,101.6667
522.6190,441.3095,53.3333,101.6667
524.0476,439.8810,53.3333,101.6667
531.1905,448.4524,53.3333,101.6667
532.6190,447.0238,53.3333,101.6667
534.0476,445.5952,53.3333,101.6667
541.1905,454.1667,53.3333,101.6667
542.6190,452.7381,53.3333,101.6667
544.0476,451.3095,53.3333,101.6667
551.1905,459.8810,53.3333,101.6667
552.6190,458.4524,53.3333,101.6667
554.0476,467.0238,53.3333,101.6667
555.4762,465.5952,53.3333,101.6667
556.9048,464.1667,53.3333,101.6667
564.0476,472.7381,53.3333,101.6667
565.4762,481.3095,53.3333,101.6667
566.9048,479.8810,53.3333,101.6667
574.0476,478.4524,53.3333,101.6667
575.4762,487.0238,53.3333,101.6667
576.9048,495.5952,53.3333,101.6667
584.0476,484.1667,53.3333,101.6667
585.4762,492.7381,53.3333,101.6667
586.9048,491.3095,53.3333,101.6667
588.3333,499.8810,53.3333,101.6667
589.7619,498.4524,53.3333,101.6667
596.9048,497.0238,53.3333,101.6667
598.3333,495.5952,53.3333,101.6667
599.7619,494.1667,53.3333,101.6667
606.9048,512.7381,53.3333,101.6667
608.3333,511.3095,53.3333,101.6667
609.7619,509.8810,53.3333,101.6667
616.9048,518.4524,53.3333,101.6667
618.3333,517.0238,53.3333,101.6667
619.7619,515.5952,53.3333,101.6667
621.1905,514.1667,53.3333,101.6667
628.3333,512.7381,53.3333,101.6667
629.7619,511.3095,53.3333,101.6667
631.1905,519.8810,53.3333,101.6667
632.6190,518.4524,53.3333,101.6667
639.7619,527.0238,53.3333,101.6667
641.1905,525.5952,53.3333,101.6667
642.6190,524.1667,53.3333,101.6667
649.7619,532.7381,53.3333,101.6667
651.1905,531.3095,53.3333,101.6667
652.6190,529.8810,53.3333,101.6667
659.7619,528.4524,53.3333,101.6667
661.1905,527.0238,53.3333,101.6667
662.6190,535.5952,53.3333,101.6667
669.7619,534.1667,53.3333,101.6667
671.1905,542.7381,53.3333,101.6667
672.6190,541.3095,53.3333,101.6667
674.0476,539.8810,53.3333,101.6667
675.4762,538.4524,53.3333,101.6667
682.6190,547.0238,53.3333,101.6667
684.0476,545.5952,53.3333,101.6667
685.4762,544.1667,53.3333,101.6667
686.9048,552.7381,53.3333,101.6667
688.3333,551.3095,53.3333,101.6667
689.7619,549.8810,53.3333,101.6667
691.1905,558.4524,53.3333,101.6667
692.6190,557.0238,53.3333,101.6667
699.7619,555.5952,53.3333,101.6667
701.1905,564.1667,53.3333,101.6667
702.6190,562.7381,53.3333,101.6667
704.0476,571.3095,53.3333,101.6667
705.4762,569.8810,53.3333,101.6667
706.9048,568.4524,53.3333,101.6667
714.0476,577.0238,53.3333,101.6667
715.4762,575.5952,53.3333,101.6667
716.9048,584.1667,53.3333,101.6667
718.3333,582.7381,53.3333,101.6667
719.7619,591.3095,53.3333,101.6667
726.9048,589.8810,53.3333,101.6667
728.3333,598.4524,53.3333,101.6667
729.7619,597.0238,53.3333,101.6667
731.1905,595.5952,53.3333,101.6667
738.3333,604.1667,53.3333,101.6667
739.7619,602.7381,53.3333,101.6667
741.1905,611.3095,53.3333,101.6667
748.3333,609.8810,53.3333,101.6667
749.7619,608.4524,53.3333,101.6667
751.1905,617.0238,53.3333,101.6667
752.6190,615.5952,53.3333,101.6667
754.0476,614.1667,53.3333,101.6667
761.1905,622.7381,53.3333,101.6667
762.6190,621.3095,53.3333,101.6667
764.0476,629.8810,53.3333,101.6667
765.4762,628.4524,53.3333,101.6667
766.9048,627.0238,53.3333,101.6667
774.0476,635.5952,53.3333,101.6667
775.4762,634.1667,53.3333,101.6667
776.9048,632.7381,53.3333,101.6667
772.6190,631.3095,53.3333,101.6667
779.7619,629.8810,53.3333,101.6667
775.4762,638.4524,53.3333,101.6667
776.9048,637.0238,53.3333,101.6667
778.3333,635.5952,53.3333,101.6667
779.7619,634.1667,53.3333,101.6667
2
0
0
0
0
0
2
0
0
0
0
0
2
0
0
0
0
0
2
0
0
0
0
0
2
0
0
0
0
0
2
0
0
0
0
0
2
0
0
0
0
0
2
0
0
0
0
0
2
0
0
0
0
0
2
0
0
0
0
0
2
0
0
0
0
0
2
0
0
0
0
0
2
0
0
0
0
0
2
0
0
0
0
0
2
0
0
0
0
0
2
0
0
0
0
0
2
0
0
0
0
0
2
0
0
0
0
0
2
0
0
0
0
0
2
0
0
0
0
0
2
0
0
0
0
0
554.0476,602.7381,53.3333,101.6667
549.7619,591.3095,53.3333,101.6667
545.4762,589.8810,53.3333,101.6667
2
0
0
0
0
0
2
0
0
0
0
0
2
0
0
0
0
0
2
0
0
0
0
0
2
0
0
0
0
0
2
0
0
0
0
0
2
0
0
0
0
0
2
0
0
0
0
0
2
0
0
0
0
0
2
0
0
0
0
0
2
0
0
0
0
0
2
0
0
0
0
0
2
0
0
0
0
0
2
0
0
0
0
0
2
0
0
0
0
0
2
0
0
0
0
0
2
0
0
0
0
0
2
0
0
0
0
0
2
0
0
0
0
0
2
0
0
0
0
0
2
0
0
0
0
0
2
0
0
0
0
0
2
0
0
0
0
0
2
0
0
0
0
0
2
0
0
0
0
0
2
0
0
0
0
0
2
0
0
0
0
0
2
0
0
0
0
0
2
0
0
0
0
0
2
0
0
0
0
0
2
0
0
0
0
0
2
0
0
0
0
0
2
0
0
0
0
0
2
0
0
0
0
0
2
0
0
0
0
0
2
0
0
0
0
0
2
0
0
0
0
0
2
0
0
0
0
0
2
0
0
0
0
0
2
0
0
0
0
0
2
0
0
0
0
0
2
0
0
0
0
0
2
0
0
0
0
0
2
0
0
0
0
0
2
0
0
0
0
0
2
0
0
0
0
0
2
0
0
0
0
0
2
0
0
0
0
0
2
0
0
0
0
0
2
0
0
0
0
0
2
0
0
0
0
0
2
0
0
0
0
0
2
0
0
0
0
0
2
0
0
0
0
0
2
0
0
