1
519.5000,315.0000,21.0000,12.0000
519.5000,315.0000,21.0000,12.0000
519.5000,315.0000,21.0000,12.0000
519.5000,315.0000,21.0000,12.0000
519.5000,315.0000,21.0000,12.0000
519.5000,315.0000,21.0000,12.0000
519.5000,319.0000,21.0000,12.0000
519.5000,319.0000,21.0000,12.0000
519.5000,319.0000,21.0000,12.0000
519.5000,319.0000,21.0000,12.0000
519.5000,319.0000,21.0000,12.0000
519.5000,319.0000,21.0000,12.0000
519.5000,319.0000,21.0000,12.0000
519.5000,319.0000,21.0000,12.0000
519.5000,319.0000,21.0000,12.0000
519.5000,323.0000,21.0000,12.0000
519.5000,323.0000,21.0000,12.0000
519.5000,323.0000,21.0000,12.0000
519.5000,323.0000,21.0000,12.0000
519.5000,323.0000,21.0000,12.0000
519.5000,323.0000,21.0000,12.0000
515.5000,323.0000,21.0000,12.0000
515.5000,323.0000,21.0000,12.0000
515.5000,323.0000,21.0000,12.0000
515.5000,327.0000,21.0000,12.0000
515.5000,327.0000,21.0000,12.0000
515.5000,327.0000,21.0000,12.0000
515.5000,327.0000,21.0000,12.0000
515.5000,327.0000,21.0000,12.0000
515.5000,327.0000,21.0000,12.0000
515.5000,327.0000,21.0000,12.0000
507.5000,327.0000,21.0000,12.0000
507.5000,327.0000,21.0000,12.0000
507.5000,327.0000,21.0000,12.0000
507.5000,327.0000,21.0000,12.0000
507.5000,327.0000,21.0000,12.0000
507.5000,327.0000,21.0000,12.0000
507.5000,327.0000,21.0000,12.0000
507.5000,327.0000,21.0000,12.0000
507.5000,327.0000,21.0000,12.0000
507.5000,327.0000,21.0000,12.0000
507.5000,331.0000,21.0000,12.0000
507.5000,331.0000,21.0000,12.0000
507.5000,331.0000,21.0000,12.0000
503.5000,331.0000,21.0000,12.0000
503.5000,331.0000,21.0000,12.0000
503.5000,331.0000,21.0000,12.0000
503.5000,331.0000,21.0000,12.0000
499.5000,331.0000,21.0000,12.0000
499.5000,331.0000,21.0000,12.0000
499.5000,331.0000,21.0000,12.0000
499.5000,331.0000,21.0000,12.0000
499.5000,331.0000,21.0000,12.0000
499.5000,335.0000,21.0000,12.0000
499.5000,335.0000,21.0000,12.0000
499.5000,335.0000,21.0000,12.0000
499.5000,335.0000,21.0000,12.0000
499.5000,335.0000,21.0000,12.0000
499.5000,335.0000,21.0000,12.0000
499.5000,335.0000,21.0000,12.0000
499.5000,339.0000,21.0000,12.0000
499.5000,339.0000,21.0000,12.0000
499.5000,339.0000,21.0000,12.0000
2
0
0
0
0
0
2
0
0
0
0
0
2
0
0
0
0
0
2
0
0
0
0
0
2
0
0
0
0
0
2
0
0
0
0
0
2
0
0
0
0
0
2
0
0
0
0
0
2
0
0
0
0
0
2
0
0
0
0
0
2
0
0
0
0
0
2
0
0
0
0
0
2
0
0
0
0
0
2
0
0
0
0
0
2
0
0
0
0
0
2
0
0
0
0
0
2
0
0
0
0
0
2
0
0
0
0
0
2
0
0
0
0
0
2
0
0
0
0
0
2
0
0
0
0
0
2
0
0
0
0
0
2
0
0
0
0
0
2
0
0
0
0
0
2
0
0
0
0
0
2
0
0
0
0
0
2
0
0
0
0
0
2
0
0
0
0
0
2
0
0
0
0
0
2
0
0
0
0
0
2
0
0
0
0
0
2
0
0
0
0
0
2
0
0
0
0
0
2
0
0
0
0
0
2
0
0
0
0
0
2
0
0
0
0
0
2
0
0
0
0
0
2
0
0
0
0
0
2
0
0
0
0
0
2
0
0
0
0
0
2
0
0
0
0
0
2
0
0
0
0
0
2
0
0
0
0
0
2
0
0
0
0
0
2
0
0
0
0
0
2
0
0
0
0
0
2
0
0
0
0
0
2
0
0
0
0
0
2
0
0
0
0
0
2
0
0
0
0
0
2
0
0
0
0
0
2
0
0
0
0
0
2
0
0
0
0
0
2
0
0
0
0
0
2
0
0
0
0
0
2
0
0
0
0
0
2
0
0
0
0
0
2
0
0
0
0
0
2
0
0
0
0
0
2
0
0
0
0
0
2
0
0
0
0
0
2
0
0
0
0
0
2
0
0
0
0
0
2
0
0
0
0
0
2
0
0
0
0
0
2
0
0
0
0
0
2
0
0
0
0
0
2
0
0
0
0
0
2
0
0
0
0
0
2
0
0
0
0
0
2
0
0
0
0
0
2
0
0
0
0
0
2
0
0
0
0
0
2
0
0
0
0
0
2
0
0
0
0
0
2
0
0
0
0
0
2
0
0
0
0
0
2
0
0
0
0
0
2
0
0
0
0
0
2
0
0
0
0
0
2
0
0
0
0
0
2
0
0
0
0
0
2
0
0
0
0
0
2
0
0
0
0
0
2
0
0
0
0
0
2
0
0
0
0
0
2
0
0
0
0
0
2
0
0
0
0
0
2
0
0
0
0
0
2
0
0
0
0
0
2
0
0
0
0
0
2
0
0
0
0
0
2
0
0
0
0
0
2
0
0
0
0
0
2
0
0
0
0
0
2
0
0
0
0
0
2
0
0
0
0
0
2
0
0
0
0
0
2
0
0
0
0
0
2
0
0
0
0
0
2
0
0
0
0
0
2
0
0
0
0
0
2
0
0
0
0
0
2
0
0
