1
622.8775,176.7475,49.2450,101.5050
618.8410,176.7475,49.2450,101.5050
619.2104,177.5088,48.5063,99.9824
618.8466,180.7945,49.2339,101.4822
614.3812,180.0334,49.9724,103.0044
614.3812,180.0334,49.9724,103.0044
610.2851,184.1295,49.9724,103.0044
610.2851,184.1295,49.9724,103.0044
605.8982,183.6145,50.4722,104.0344
606.2767,184.3947,49.7151,102.4739
602.2017,184.3947,49.7151,102.4739
598.5607,185.1633,48.9693,100.9368
598.5607,185.1633,48.9693,100.9368
594.5468,185.1633,48.9693,100.9368
594.7917,185.6679,48.4797,99.9274
591.1000,186.1676,47.9949,98.9282
591.3400,190.5569,47.5149,97.9389
587.3071,190.3120,47.7525,98.4286
587.3071,190.3120,47.7525,98.4286
583.3929,190.3120,47.7525,98.4286
583.3929,194.2262,47.7525,98.4286
579.7567,194.7183,47.2750,97.4443
576.2944,195.4492,46.5658,95.9826
576.0616,198.8243,47.0315,96.9425
572.0697,198.5819,47.2666,97.4272
572.1879,198.8255,47.0303,96.9400
568.0592,202.2343,47.5006,97.9094
567.9405,201.9895,47.7381,98.3990
564.1664,202.2355,47.4994,97.9070
564.1664,202.2355,47.4994,97.9070
560.1348,201.9907,47.7369,98.3965
560.0155,201.7448,47.9756,98.8885
556.3622,202.2392,47.4959,97.8996
556.7184,202.9734,46.7834,96.4311
556.4846,202.4913,47.2513,97.3954
552.4740,202.2478,47.4875,97.8824
552.2366,201.7584,47.9624,98.8612
548.5844,202.2527,47.4828,97.8726
548.2282,205.4691,48.1950,99.3407
543.9973,204.9724,48.6770,100.3341
543.8757,204.7215,48.9203,100.8358
540.2928,205.4778,48.1865,99.3233
539.9315,208.7418,48.9093,100.8131
539.6869,208.2378,49.3984,101.8212
539.9339,208.7469,48.9044,100.8030
540.1784,209.2509,48.4154,99.7950
544.3492,209.7498,47.9312,98.7970
544.5889,210.2438,47.4519,97.8091
548.1809,209.5103,48.1637,99.2762
551.8267,208.7657,48.8862,100.7654
559.8408,208.7657,48.8862,100.7654
563.5414,208.0100,49.6195,102.2768
571.5090,207.4986,50.1156,103.2996
579.4720,206.7238,50.8674,104.8491
583.7477,206.9859,50.6130,104.3249
592.2151,207.5076,50.1069,103.2816
600.4293,207.5076,50.1069,103.2816
608.8120,208.0240,49.6058,102.2488
617.1942,208.7908,48.8618,100.7150
624.9579,212.1006,49.5947,102.2258
637.1534,212.1006,49.5947,102.2258
645.2836,212.1006,49.5947,102.2258
653.1639,211.3339,50.3386,103.7592
665.4144,214.9825,50.8420,104.7968
673.4928,214.1965,51.6046,106.3687
682.2127,214.9943,50.8306,104.7732
686.0604,214.2085,51.5930,106.3448
694.6050,214.4744,51.3350,105.8130
698.9201,214.7389,51.0784,105.2840
703.3204,215.2653,50.5676,104.2311
707.1481,214.4836,51.3261,105.7946
707.4048,215.0126,50.8128,104.7367
711.8884,215.7981,50.0506,103.1656
711.7632,219.6632,50.3009,103.6814
711.5118,219.1448,50.8039,104.7183
711.8928,219.9302,50.0419,103.1475
711.5175,223.3199,50.7925,104.6947
711.8984,224.1051,50.0306,103.1243
711.5232,223.3317,50.7810,104.6711
707.8041,224.1167,50.0193,103.1011
707.6791,227.9794,50.2694,103.6166
703.9974,228.7565,49.5154,102.0623
699.7947,228.5014,49.7630,102.5726
699.7947,228.5014,49.7630,102.5726
695.8606,228.7578,49.5142,102.0598
692.2343,229.5232,48.7714,100.5289
692.6001,230.2772,48.0399,99.0210
688.6624,230.2772,48.0399,99.0210
688.3021,233.5313,48.7605,100.5063
684.3053,233.5313,48.7605,100.5063
684.6710,234.2851,48.0291,98.9987
681.0137,234.7801,47.5488,98.0087
681.0137,234.7801,47.5488,98.0087
676.7012,238.0009,48.2620,99.4788
676.3392,237.2548,48.9859,100.9710
672.3240,241.2701,48.9859,100.9710
671.9566,240.5128,49.7207,102.4856
668.3152,241.2814,48.9749,100.9483
668.3152,241.2814,48.9749,100.9483
663.8733,244.5989,49.7095,102.4625
663.6248,244.0866,50.2066,103.4871
663.2482,243.3104,50.9597,105.0394
659.5161,244.0982,50.1953,103.4638
659.1396,243.3222,50.9483,105.0158
658.7574,242.5346,51.7125,106.5910
654.9702,243.3340,50.9368,104.9922
655.2249,243.8590,50.4274,103.9423
651.2382,244.1189,50.1753,103.4225
651.4891,244.6360,49.6735,102.3883
651.2407,244.1240,50.1703,103.4122
647.5663,244.8996,49.4177,101.8610
647.8134,245.4089,48.9235,100.8424
647.5688,244.9047,49.4128,101.8508
643.9500,245.6686,48.6716,100.3231
644.1933,246.1702,48.1849,99.3198
639.8231,249.4341,48.9076,100.8096
639.8231,249.4341,48.9076,100.8096
635.8143,249.4341,48.9076,100.8096
635.8143,249.4341,48.9076,100.8096
632.2324,250.1902,48.1740,99.2975
632.2324,250.1902,48.1740,99.2975
628.1435,249.9420,48.4149,99.7940
624.3160,250.1915,48.1728,99.2950
624.3160,250.1915,48.1728,99.2950
620.7879,250.9362,47.4502,97.8056
620.5507,250.4471,47.9247,98.7836
616.4829,250.2002,48.1644,99.2776
616.4829,250.2002,48.1644,99.2776
612.8153,250.6966,47.6827,98.2848
612.5769,250.2051,48.1595,99.2676
608.7695,250.4533,47.9187,98.7713
609.1290,251.1941,47.2000,97.2897
605.6721,251.9238,46.4920,95.8304
606.0208,252.6425,45.7946,94.3929
601.8674,255.7445,46.4815,95.8088
601.6350,255.2655,46.9463,96.7669
597.7869,255.2655,46.9463,96.7669
597.6696,255.0235,47.1810,97.2507
593.5277,254.5373,47.6529,98.2232
589.3444,254.0462,48.1294,99.2055
588.9834,253.3021,48.8513,100.6936
585.4056,250.1132,48.1186,99.1832
585.7665,250.8571,47.3968,97.6954
581.8816,250.8571,47.3968,97.6954
577.9966,250.8571,47.3968,97.6954
577.6411,250.1243,48.1077,99.1608
577.6411,250.1243,48.1077,99.1608
573.6979,250.1243,48.1077,99.1608
573.3370,249.3806,48.8293,100.6482
569.7609,250.1355,48.0969,99.1385
566.2384,250.8790,47.3755,97.6514
566.5937,251.6114,46.6648,96.1867
563.0403,252.0924,46.1982,95.2248
563.0403,252.0924,46.1982,95.2248
559.1191,251.8543,46.4292,95.7009
555.7188,252.5721,45.7327,94.2654
555.7188,252.5721,45.7327,94.2654
552.1033,252.8077,45.5041,93.7941
548.1086,252.3387,45.9591,94.7320
548.3384,249.0829,45.4995,93.7847
544.7413,249.3174,45.2720,93.3158
544.6281,249.0841,45.4984,93.7824
541.2960,249.7875,44.8159,92.3756
541.6321,250.4803,44.1437,90.9900
538.0137,250.4803,44.1437,90.9900
537.9034,250.2528,44.3644,91.4449
537.6815,253.4684,44.8080,92.3594
533.8784,253.2375,45.0321,92.8212
533.5406,252.5413,45.7075,94.2135
529.9271,252.7769,45.4790,93.7424
530.1545,253.2456,45.0242,92.8050
530.3796,253.7096,44.5740,91.8770
526.4666,253.2502,45.0197,92.7957
526.4666,253.2502,45.0197,92.7957
522.7765,253.2502,45.0197,92.7957
523.0016,250.0610,44.5695,91.8678
523.1130,250.2906,44.3467,91.4084
523.1130,250.2906,44.3467,91.4084
526.8406,250.5191,44.1249,90.9514
526.6201,250.0644,44.5662,91.8609
526.8429,250.5237,44.1205,90.9423
530.1827,249.8416,44.7823,92.3064
530.5185,250.5339,44.1106,90.9218
534.3185,250.9885,43.6695,90.0126
537.7155,250.5385,44.1062,90.9128
541.3307,250.5385,44.1062,90.9128
544.9460,250.5385,44.1062,90.9128
548.5612,250.5385,44.1062,90.9128
551.8999,249.8566,44.7678,92.2764
555.8502,250.5487,44.0963,90.8923
559.4646,250.5487,44.0963,90.8923
562.8026,249.8670,44.7577,92.2557
570.3655,246.9453,44.0863,90.8718
574.2556,247.6268,43.4250,89.5088
578.0873,248.2981,42.7737,88.1661
585.0275,248.0777,42.9875,88.6070
591.8579,247.4132,43.6324,89.9361
595.3431,247.1883,43.8505,90.3857
598.9374,247.1883,43.8505,90.3857
602.7151,247.6403,43.4120,89.4819
606.1827,247.4166,43.6291,89.9293
610.0324,248.0910,42.9746,88.5804
613.8244,248.7554,42.3300,87.2517
613.9302,248.9735,42.1184,86.8154
617.1185,248.3224,42.7501,88.1176
617.1185,248.3224,42.7501,88.1176
616.7978,247.6615,43.3914,89.4394
617.1232,248.3323,42.7405,88.0978
616.9095,247.8918,43.1679,88.9788
616.6937,247.4469,43.5996,89.8686
616.3667,246.7729,44.2536,91.2166
619.8091,246.3168,44.6961,92.1288
619.4738,245.6259,45.3666,93.5107
619.7007,246.0934,44.9129,92.5756
619.8129,242.6619,44.6883,92.1127
620.0364,243.1224,44.2415,91.1916
616.7963,243.8064,43.5778,89.8237
617.1231,244.4801,42.9242,88.4764
617.0158,244.2589,43.1388,88.9187
617.2314,244.7035,42.7074,88.0295
613.8552,244.9235,42.4939,87.5894
614.1738,245.5805,41.8565,86.2756
614.4878,246.2275,41.2286,84.9814
610.7485,249.0202,41.8470,86.2561
610.4346,248.3733,42.4747,87.5500
606.7059,247.9356,42.8995,88.4255
606.7059,247.9356,42.8995,88.4255
603.4392,248.3777,42.4705,87.5412
603.6516,248.8154,42.0458,86.6658
599.9604,248.3821,42.4663,87.5325
599.7482,247.9444,42.8909,88.4078
599.9626,248.3865,42.4620,87.5237
596.2350,247.9488,42.8866,88.3990
596.4494,248.3908,42.4578,87.5150
593.2164,248.8284,42.0332,86.6398
593.5316,249.4782,41.4027,85.3402
593.7386,249.9049,40.9887,84.4868
590.2596,253.0702,41.1936,84.9093
590.2596,253.0702,41.1936,84.9093
590.3626,253.2825,40.9876,84.4847
587.3608,253.9161,40.3728,83.2174
587.5626,254.3322,39.9691,82.3853
587.3628,257.2292,40.3688,83.2091
584.1713,257.4372,40.1669,82.7931
583.9705,257.0233,40.5686,83.6210
583.6663,256.3961,41.1771,84.8753
580.4109,256.6083,40.9713,84.4509
580.3085,256.3972,41.1761,84.8732
579.9996,255.7606,41.7938,86.1463
580.3131,256.4067,41.1668,84.8541
580.2102,256.1946,41.3727,85.2784
577.0598,256.6210,40.9590,84.4256
577.1622,256.8320,40.7542,84.0035
577.4678,260.7524,40.1428,82.7434
577.4678,260.7524,40.1428,82.7434
577.6685,261.1662,39.7414,81.9160
574.6423,261.5757,39.3440,81.0968
574.8391,265.1739,38.9506,80.2859
575.1312,265.7761,38.3663,79.0816
574.8434,268.3749,38.9418,80.2678
571.3115,267.7729,39.5259,81.4718
571.3115,267.7729,39.5259,81.4718
568.3017,268.1802,39.1307,80.6571
568.3017,268.1802,39.1307,80.6571
568.3017,268.1802,39.1307,80.6571
565.4359,268.7852,38.5437,79.4472
565.1468,271.3960,39.1219,80.6389
565.3424,271.7992,38.7306,79.8326
565.4392,271.9988,38.5370,79.4334
562.6169,272.5945,37.9589,78.2419
562.8067,272.9857,37.5793,77.4595
562.5248,275.5313,38.1430,78.6214
562.4294,275.3347,38.3337,79.0145
559.3989,275.5323,38.1421,78.6194
559.1129,278.1159,38.7142,79.7987
559.3064,278.5149,38.3271,79.0007
559.5939,279.1074,37.7522,77.8157
556.7191,282.5600,37.3746,77.0375
556.5322,282.1748,37.7484,77.8079
556.2491,281.5912,38.3146,78.9750
553.1086,281.5912,38.3146,78.9750
553.1086,281.5912,38.3146,78.9750
552.9171,281.1964,38.6978,79.7648
552.9171,281.1964,38.6978,79.7648
549.7451,281.1964,38.6978,79.7648
549.7451,281.1964,38.6978,79.7648
549.5516,280.7975,39.0847,80.5624
546.5754,281.2003,38.6939,79.7568
546.3819,284.0049,39.0808,80.5544
546.1865,283.6021,39.4716,81.3599
546.2852,283.8055,39.2743,80.9531
543.0660,283.8055,39.2743,80.9531
542.7714,286.4659,39.8634,82.1674
542.6718,286.2605,40.0627,82.5782
539.6211,286.6734,39.6621,81.7525
539.8194,287.0821,39.2655,80.9349
539.8194,290.3006,39.2655,80.9349
536.3724,289.8959,39.6581,81.7443
536.0750,289.2829,40.2530,82.9704
533.0098,289.6977,39.8505,82.1407
532.9102,292.7751,40.0497,82.5514
529.9771,293.3943,39.4490,81.3132
530.1743,293.8008,39.0545,80.5000
526.9731,293.8008,39.0545,80.5000
526.9731,293.8008,39.0545,80.5000
524.1129,294.4046,38.4687,79.2925
523.8243,297.0103,39.0457,80.4819
523.8243,297.0103,39.0457,80.4819
520.6238,297.0103,39.0457,80.4819
520.9167,297.6140,38.4600,79.2747
520.8206,300.5840,38.6523,79.6711
517.8773,300.9823,38.2658,78.8744
518.0686,301.3767,37.8831,78.0856
518.3527,301.9624,37.3149,76.9143
515.2941,305.0210,37.3149,76.9143
515.1075,304.6364,37.6880,77.6835
515.1075,304.6364,37.6880,77.6835
518.0392,304.2480,38.0649,78.4603
521.1592,304.2480,38.0649,78.4603
524.1202,303.8557,38.4456,79.2449
527.2715,303.8557,38.4456,79.2449
533.7032,301.1321,38.0611,78.4525
540.0707,301.5244,37.6805,77.6679
546.2478,301.5244,37.6805,77.6679
552.2983,301.1360,38.0573,78.4446
561.5599,300.7438,38.4379,79.2291
570.8654,300.1496,39.0144,80.4175
583.6234,299.9486,39.2095,80.8196
593.1655,299.5445,39.6016,81.6278
606.2178,299.9526,39.2056,80.8115
619.1395,300.3567,38.8135,80.0034
628.5852,303.1699,39.2017,80.8034
641.5057,303.5739,38.8096,79.9954
654.1634,306.3869,39.1977,80.7953
666.9814,306.1849,39.3937,81.1993
676.6183,305.9819,39.5907,81.6053
686.4040,306.1859,39.3927,81.1973
692.9942,306.5919,38.9988,80.3853
699.3220,309.6035,39.1938,80.7872
705.8130,309.8055,38.9978,80.3833
709.1726,310.2074,38.6079,79.5795
712.0951,312.8226,39.1870,80.7732
715.5529,313.4284,38.5992,79.5616
715.7458,313.8262,38.2132,78.7660
715.7458,313.8262,38.2132,78.7660
715.5547,316.5959,38.5953,79.5536
715.4583,316.3971,38.7883,79.9514
712.0532,319.2085,39.1762,80.7509
712.0532,319.2085,39.1762,80.7509
708.8420,319.2085,39.1762,80.7509
708.6461,322.0480,39.5679,81.5584
708.3494,321.4363,40.1615,82.7818
704.8237,321.0224,40.5631,83.6096
704.8237,321.0224,40.5631,83.6096
701.4989,321.0224,40.5631,83.6096
701.2961,320.6043,40.9687,84.4457
697.6995,320.1821,41.3784,85.2902
697.8030,320.3953,41.1715,84.8637
698.1118,321.0318,40.5539,83.5908
695.1417,321.6588,39.9456,82.3369
695.4413,322.2763,39.3464,81.1018
695.7364,322.8845,38.7562,79.8853
692.2213,325.5098,39.3376,81.0836
692.0247,325.1044,39.7310,81.8944
688.9992,325.5138,39.3336,81.0755
689.1959,325.9192,38.9403,80.2647
689.0012,328.7416,39.3297,81.0674
686.1208,329.3496,38.7398,79.8514
686.4113,329.9485,38.1587,78.6536
683.6167,330.5384,37.5863,77.4738
683.7106,330.7321,37.3984,77.0864
680.8629,331.1176,37.0244,76.3156
681.1405,331.6899,36.4690,75.1708
678.0452,331.5020,36.6514,75.5467
675.1476,331.6909,36.4681,75.1689
675.4211,332.2546,35.9211,74.0414
672.5813,332.4397,35.7415,73.6712
672.6707,332.6239,35.5628,73.3028
672.4039,332.0741,36.0962,74.4024
669.2351,334.6904,36.4572,75.1464
669.4174,335.0661,36.0926,74.3949
669.4174,335.0661,36.0926,74.3949
666.2490,334.6942,36.4535,75.1389
666.5223,335.2577,35.9067,74.0118
666.4326,338.0306,36.0863,74.3819
663.2647,337.6587,36.4471,75.1257
663.0825,337.2830,36.8116,75.8769
662.9904,337.0934,36.9956,76.2563
659.6351,336.5214,37.5506,77.4002
659.3534,335.9409,38.1138,78.5612
659.6393,333.4529,37.5421,77.3828
656.3436,333.0660,37.9176,78.1566
656.3436,333.0660,37.9176,78.1566
656.1540,332.6752,38.2967,78.9382
653.1263,332.8726,38.1052,78.5435
652.8406,332.2835,38.6768,79.7216
653.0339,332.6821,38.2901,78.9244
650.1182,333.0767,37.9072,78.1352
650.2130,333.2720,37.7176,77.7445
647.4507,333.8551,37.1519,76.5783
647.4507,333.8551,37.1519,76.5783
647.6364,334.2380,36.7803,75.8125
644.7286,334.4276,36.5964,75.4335
644.9116,334.8047,36.2305,74.6791
641.9420,334.8047,36.2305,74.6791
641.9420,334.8047,36.2305,74.6791
639.1830,332.2381,35.8682,73.9323
639.3624,332.6078,35.5095,73.1930
636.4518,332.6078,35.5095,73.1930
636.6293,332.9737,35.1544,72.4611
633.7479,332.9737,35.1544,72.4611
633.7479,332.9737,35.1544,72.4611
630.8663,332.9737,35.1544,72.4611
630.8663,330.0922,35.1544,72.4611
628.2917,330.6357,34.6271,71.3742
628.3783,330.8141,34.4539,71.0173
625.8549,331.3467,33.9371,69.9520
626.1095,331.8714,33.4281,68.9028
623.5640,332.2159,33.0938,68.2137
623.6467,332.3864,32.9283,67.8727
623.5644,334.9293,33.0930,68.2120
620.5630,334.4177,33.5894,69.2352
620.3950,334.0715,33.9253,69.9276
620.5647,331.6682,33.5860,69.2283
617.7140,331.4951,33.7539,69.5744
617.5452,331.1473,34.0915,70.2702
614.7509,331.1473,34.0915,70.2702
614.8361,328.5425,33.9210,69.9188
615.0905,329.0669,33.4122,68.8700
612.3517,329.0669,33.4122,68.8700
612.1847,328.7226,33.7463,69.5587
612.0160,328.3748,34.0838,70.2543
611.7604,327.8479,34.5950,71.3081
608.9247,327.8479,34.5950,71.3081
608.7517,327.4913,34.9410,72.0212
608.7517,327.4913,34.9410,72.0212
606.0911,327.8514,34.5916,71.3010
605.9181,327.4949,34.9375,72.0140
603.2577,327.8550,34.5881,71.2939
603.5171,328.3897,34.0693,70.2245
603.2616,327.8630,34.5803,71.2778
600.7290,328.3976,34.0616,70.2087
600.8993,328.7487,33.7210,69.5066
598.3315,326.3598,33.3838,68.8115
598.5819,326.8759,32.8830,67.7793
596.1736,327.3842,32.3898,66.7627
596.2546,327.5511,32.2279,66.4288
593.7067,327.7172,32.0667,66.0967
593.7067,327.7172,32.0667,66.0967
593.7869,327.8824,31.9064,65.7662
591.4502,328.3757,31.4278,64.7797
591.3716,328.2137,31.5849,65.1036
588.7827,328.2137,31.5849,65.1036
588.7827,328.2137,31.5849,65.1036
589.0195,328.7020,31.1112,64.1271
588.9418,328.5417,31.2667,64.4477
586.1060,330.6596,31.7357,65.4144
585.8680,330.1690,32.2117,66.3956
585.6264,329.6711,32.6949,67.3916
583.2319,330.1765,32.2045,66.3807
583.3929,330.5084,31.8825,65.7169
583.2335,330.1798,32.2013,66.3741
580.4067,329.8480,32.5233,67.0378
580.1627,329.3452,33.0111,68.0434
579.9977,329.0049,33.3412,68.7238
577.2648,329.0049,33.3412,68.7238
577.5148,329.5204,32.8411,67.6929
577.2686,329.0127,33.3337,68.7083
574.7302,329.3562,33.0004,68.0212
574.8953,329.6963,32.6704,67.3410
575.1403,330.2014,32.1803,66.3309
575.3012,330.5331,31.8585,65.6676
572.4117,332.6911,32.3364,66.6526
572.1692,332.1912,32.8215,67.6524
569.7654,332.6985,32.3291,66.6376
569.9271,333.0317,32.0059,65.9713
569.9271,335.6552,32.0059,65.9713
567.2105,335.4903,32.1659,66.3011
566.9692,334.9930,32.6484,67.2956
564.1031,334.6565,32.9749,67.9686
561.4003,334.6565,32.9749,67.9686
561.4003,334.6565,32.9749,67.9686
558.6015,334.4866,33.1397,68.3084
558.7672,334.8281,32.8083,67.6253
558.8492,334.9972,32.6443,67.2872
559.0941,335.5019,32.1546,66.2779
559.3352,335.9989,31.6723,65.2837
559.5728,336.4886,31.1972,64.3045
562.3255,336.9709,30.7293,63.3399
562.3255,339.4897,30.7293,63.3399
567.2082,339.0146,31.1902,64.2900
569.5692,338.5324,31.6581,65.2544
572.3626,339.0218,31.1832,64.2756
577.5794,339.3432,30.8714,63.6328
582.6403,339.3432,30.8714,63.6328
587.5974,339.0250,31.1801,64.2691
592.7089,339.0250,31.1801,64.2691
597.8728,339.1857,31.0242,63.9478
605.4623,339.0258,31.1793,64.2675
610.4164,338.5438,31.6470,65.2315
618.1985,338.5438,31.6470,65.2315
625.9805,338.5438,31.6470,65.2315
636.4383,339.0331,31.1723,64.2531
644.2225,339.5150,30.7047,63.2893
654.3424,339.8314,30.3976,62.6564
661.7014,341.8905,30.8536,63.5962
669.2491,341.7315,31.0079,63.9142
676.9528,342.0511,30.6978,63.2751
681.9852,344.5673,30.6978,63.2751
689.6509,345.0418,30.2373,62.3259
692.0662,347.3769,30.3885,62.6376
696.9457,347.0637,30.6924,63.2639
699.3332,346.7474,30.9993,63.8966
701.6797,348.8472,31.4643,64.8550
704.1273,348.5229,31.7790,65.5036
704.0478,348.3592,31.9379,65.8311
704.0478,348.3592,31.9379,65.8311
704.2874,346.2743,31.4588,64.8436
704.5233,346.7606,30.9869,63.8710
702.1637,347.0800,30.6770,63.2323
702.1637,347.0800,30.6770,63.2323
699.6492,347.0800,30.6770,63.2323
699.6492,347.0800,30.6770,63.2323
696.8669,346.6057,31.1372,64.1807
696.9448,346.7662,30.9815,63.8598
694.5856,347.0855,30.6717,63.2212
692.1608,347.2435,30.5183,62.9051
692.3896,347.7153,30.0606,61.9616
689.8382,350.0367,30.2109,62.2714
689.6871,349.7254,30.5130,62.8941
689.5345,349.4109,30.8181,63.5230
687.1879,349.7285,30.5099,62.8878
687.0353,349.4141,30.8150,63.5167
684.4198,349.2553,30.9691,63.8342
684.2650,348.9361,31.2788,64.4726
681.5191,348.6137,31.5916,65.1173
681.6771,346.3758,31.2757,64.4661
679.2955,346.6981,30.9629,63.8215
679.2955,346.6981,30.9629,63.8215
679.2955,346.6981,30.9629,63.8215
676.6675,346.5385,31.1177,64.1406
676.7452,346.6989,30.9621,63.8199
674.2074,346.6989,30.9621,63.8199
674.1299,346.5393,31.1169,64.1390
674.2078,346.6997,30.9613,63.8183
671.9402,347.1783,30.4969,62.8610
672.0927,347.4926,30.1920,62.2324
669.6180,347.4926,30.1920,62.2324
669.7689,347.8038,29.8900,61.6101
667.1450,349.9702,30.1889,62.2262
666.9940,349.6591,30.4908,62.8484
664.3173,349.3449,30.7957,63.4769
661.9723,349.6623,30.4878,62.8422
661.9723,349.6623,30.4878,62.8422
659.4733,349.6623,30.4878,62.8422
659.3209,349.3481,30.7927,63.4706
656.8865,346.9954,30.6387,63.1532
657.0397,347.3111,30.3323,62.5217
654.8182,347.7800,29.8773,61.5839
655.0423,348.2419,29.4292,60.6601
652.8870,348.6969,28.9877,59.7502
653.0319,348.9956,28.6978,59.1527
650.6796,348.9956,28.6978,59.1527
650.4644,350.9395,29.1283,60.0400
647.9921,350.7894,29.2740,60.3402
647.9921,350.7894,29.2740,60.3402
645.8481,351.2420,28.8348,59.4351
645.8481,351.2420,28.8348,59.4351
645.8481,351.2420,28.8348,59.4351
643.4846,351.2420,28.8348,59.4351
643.4846,351.2420,28.8348,59.4351
640.8694,350.7962,29.2674,60.3266
640.6498,350.3438,29.7064,61.2315
638.0420,350.0376,30.0034,61.8438
637.8170,349.5738,30.4535,62.7715
635.0550,349.1030,30.9103,63.7131
635.2868,349.5808,30.4466,62.7574
632.7911,347.0852,30.4466,62.7574
632.8673,347.2421,30.2944,62.4436
633.0945,347.7104,29.8400,61.5069
630.8223,348.0180,29.5416,60.8919
631.0438,348.4747,29.0985,59.9785
628.6587,348.4747,29.0985,59.9785
628.4404,350.4457,29.5349,60.8782
626.1914,350.7501,29.2396,60.2694
625.9722,350.2981,29.6782,61.1734
623.5395,350.2981,29.6782,61.1734
621.1069,350.2981,29.6782,61.1734
620.8843,349.8393,30.1234,62.0910
618.6781,350.3050,29.6715,61.1597
618.6039,350.1521,29.8199,61.4655
616.4200,350.6131,29.3726,60.5435
616.5668,348.5323,29.0788,59.9380
614.4372,348.9818,28.6427,59.0390
612.2561,349.2770,28.3562,58.4486
612.2561,349.2770,28.3562,58.4486
612.2561,349.2770,28.3562,58.4486
610.0969,349.5692,28.0727,57.8641
610.3074,350.0032,27.6516,56.9961
608.1213,350.1457,27.5133,56.7111
607.9150,352.0094,27.9260,57.5618
605.5447,351.8655,28.0657,57.8496
605.3342,351.4316,28.4866,58.7174
605.3342,351.4316,28.4866,58.7174
602.7505,350.9912,28.9139,59.5981
602.7505,350.9912,28.9139,59.5981
600.3806,350.9912,28.9139,59.5981
600.1637,350.5443,29.3477,60.4921
600.1637,350.5443,29.3477,60.4921
597.6728,350.3930,29.4944,60.7946
597.5253,350.0891,29.7893,61.4025
597.7487,348.1444,29.3425,60.4815
595.2582,347.9933,29.4892,60.7839
595.4794,348.4491,29.0469,59.8721
595.4794,348.4491,29.0469,59.8721
593.1830,348.5988,28.9016,59.5728
593.1108,350.8307,29.0461,59.8706
592.8929,350.3817,29.4818,60.7687
590.5622,350.5336,29.3344,60.4648
590.7822,350.9871,28.8944,59.5579
590.7822,350.9871,28.8944,59.5579
588.1616,352.9443,29.3278,60.4512
588.1616,352.9443,29.3278,60.4512
588.0149,352.6421,29.6211,61.0557
585.5870,352.6421,29.6211,61.0557
585.8091,353.1000,29.1768,60.1399
583.5873,353.4007,28.8850,59.5385
583.5873,353.4007,28.8850,59.5385
581.4719,353.8472,28.4517,58.6454
581.6141,354.1404,28.1672,58.0590
579.1414,356.1820,28.4489,58.6396
578.9281,355.7422,28.8756,59.5192
576.6453,355.8910,28.7313,59.2216
576.7889,356.1871,28.4439,58.6294
574.7057,356.6269,28.0173,57.7499
574.9158,357.0600,27.5970,56.8837
575.1229,357.4866,27.1831,56.0304
572.6574,359.3279,27.5908,56.8709
572.7953,359.6123,27.3149,56.3022
572.7953,359.6123,27.3149,56.3022
570.3180,361.4625,27.7246,57.1467
570.4566,361.7483,27.4474,56.5752
