1
770.9962,249.9905,6.0076,15.0190
770.9921,249.9802,6.0158,15.0396
769.9670,250.9175,6.0660,15.1649
769.9592,249.8981,6.0815,15.2038
768.9622,250.9054,6.0757,15.1892
768.9718,250.9295,6.0564,15.1411
767.9533,251.8833,6.0933,15.2334
766.9605,251.9013,6.0790,15.1974
765.9625,251.9063,6.0750,15.1874
765.9732,251.9330,6.0536,15.1340
764.9525,252.8813,6.0949,15.2373
763.9462,252.8654,6.1077,15.2692
762.9318,252.8296,6.1363,15.3407
761.9163,252.7906,6.1675,15.4188
761.9128,253.7819,6.1745,15.4362
760.9062,253.7654,6.1877,15.4692
759.9053,253.7632,6.1895,15.4737
758.9072,253.7681,6.1855,15.4638
758.9297,254.8242,6.1407,15.3517
757.9303,254.8258,6.1394,15.3484
757.9057,254.7643,6.1886,15.4714
756.8950,254.7374,6.2101,15.5252
755.8831,255.7077,6.2338,15.5846
755.8771,255.6929,6.2457,15.6143
754.8676,255.6690,6.2648,15.6621
754.8753,255.6882,6.2494,15.6236
753.8591,255.6476,6.2819,15.7048
752.8464,256.6161,6.3071,15.7677
752.8395,256.5987,6.3211,15.8027
751.8271,256.5677,6.3458,15.8646
751.8367,256.5916,6.3267,15.8167
750.8029,257.5073,6.3942,15.9854
750.8030,257.5075,6.3940,15.9850
749.8093,257.5233,6.3814,15.9534
748.8090,258.5225,6.3820,15.9551
748.8034,258.5086,6.3931,15.9828
747.8042,258.5105,6.3916,15.9790
746.7983,258.4958,6.4034,16.0084
745.7907,258.4767,6.4186,16.0465
745.7726,259.4316,6.4547,16.1368
745.7849,259.4621,6.4303,16.0757
744.7771,259.4427,6.4458,16.1145
743.7561,260.3902,6.4878,16.2196
742.7604,260.4011,6.4791,16.1979
742.7491,260.3727,6.5018,16.2545
742.7379,260.3446,6.5243,16.3108
741.7079,261.2698,6.5841,16.4604
740.6819,261.2047,6.6362,16.5906
740.6780,262.1951,6.6439,16.6097
739.6979,262.2449,6.6041,16.5102
739.7036,262.2591,6.5928,16.4819
738.7037,262.2592,6.5926,16.4816
737.6941,263.2352,6.6119,16.5297
737.7057,263.2643,6.5886,16.4715
736.6935,263.2339,6.6129,16.5322
736.7078,263.2694,6.5845,16.4612
735.6900,264.2250,6.6200,16.5501
734.6799,264.1997,6.6402,16.6005
733.6674,265.1686,6.6651,16.6628
733.6667,265.1667,6.6666,16.6665
733.6659,265.1648,6.6682,16.6704
732.6564,265.1411,6.6872,16.7179
731.6384,266.0961,6.7231,16.8079
730.6311,266.0778,6.7377,16.8444
729.6280,266.0700,6.7440,16.8600
729.6406,266.1015,6.7188,16.7970
729.6537,267.1342,6.6926,16.7316
728.6378,267.0945,6.7244,16.8110
727.6232,268.0579,6.7537,16.8842
726.6245,268.0612,6.7510,16.8776
726.6514,268.1284,6.6973,16.7433
725.6559,268.1399,6.6881,16.7203
725.6608,269.1520,6.6784,16.6960
724.6506,269.1266,6.6987,16.7467
723.6381,269.0952,6.7239,16.8096
723.6384,270.0961,6.7231,16.8077
722.6271,270.0677,6.7458,16.8646
722.6160,270.0400,6.7680,16.9200
721.5949,270.9873,6.8102,17.0254
720.5867,270.9667,6.8267,17.0666
720.5831,270.9577,6.8339,17.0847
719.5681,270.9201,6.8639,17.1598
718.5650,271.9126,6.8699,17.1748
718.5571,271.8927,6.8858,17.2145
717.5298,271.8245,6.9404,17.3510
717.5427,271.8567,6.9146,17.2866
716.5203,272.8007,6.9594,17.3986
715.5149,272.7872,6.9703,17.4257
714.5106,272.7764,6.9789,17.4472
713.5108,273.7769,6.9784,17.4461
713.5266,273.8165,6.9468,17.3671
713.5261,273.8152,6.9478,17.3696
712.5122,273.7805,6.9756,17.4389
711.4974,273.7435,7.0052,17.5129
710.4855,274.7136,7.0291,17.5728
710.4908,274.7269,7.0184,17.5461
709.4879,274.7196,7.0243,17.5607
708.4846,275.7115,7.0308,17.5770
708.4902,275.7255,7.0196,17.5490
707.4737,275.6843,7.0526,17.6314
707.4972,275.7430,7.0056,17.5140
706.4724,276.6810,7.0552,17.6379
705.4658,276.6644,7.0684,17.6711
704.4597,276.6493,7.0806,17.7015
703.4657,277.6642,7.0686,17.6715
703.4764,277.6909,7.0473,17.6182
702.4722,277.6804,7.0557,17.6391
702.4651,278.6627,7.0699,17.6747
701.4497,278.6242,7.1006,17.7516
700.4412,278.6028,7.1177,17.7943
700.4401,278.6003,7.1198,17.7995
699.4318,279.5795,7.1364,17.8410
698.4339,279.5847,7.1322,17.8306
698.4407,280.6018,7.1185,17.7964
697.4373,280.5933,7.1254,17.8135
697.4355,280.5888,7.1290,17.8224
696.4277,280.5694,7.1445,17.8612
695.4151,281.5378,7.1698,17.9245
694.4243,281.5609,7.1513,17.8783
694.4324,282.5811,7.1351,17.8377
694.4324,282.5811,7.1351,17.8378
693.4333,282.5834,7.1333,17.8333
692.4272,282.5681,7.1455,17.8637
691.4276,283.5690,7.1448,17.8621
691.4355,283.5888,7.1290,17.8224
691.4429,283.6071,7.1143,17.7858
690.4354,284.5884,7.1292,17.8231
690.4402,284.6006,7.1195,17.7989
689.4410,284.6025,7.1180,17.7949
689.4522,285.6306,7.0956,17.7389
689.4478,285.6196,7.1043,17.7608
689.4561,285.6403,7.0878,17.7195
688.4314,286.5784,7.1373,17.8432
688.4481,286.6202,7.1039,17.7596
687.4490,286.6225,7.1020,17.7550
687.4603,286.6507,7.0795,17.6987
687.4619,287.6547,7.0762,17.6906
686.4635,287.6587,7.0731,17.6826
686.4446,287.6115,7.1108,17.7771
686.4456,288.6139,7.1089,17.7723
686.4451,288.6128,7.1098,17.7744
685.4523,288.6307,7.0955,17.7386
685.4435,288.6088,7.1130,17.7824
685.4321,289.5804,7.1357,17.8393
684.4227,289.5569,7.1545,17.8863
684.4225,289.5564,7.1549,17.8872
684.4067,289.5169,7.1865,17.9662
684.3882,290.4706,7.2235,18.0587
683.3755,290.4388,7.2489,18.1224
683.3703,290.4257,7.2595,18.1486
683.3655,290.4137,7.2690,18.1725
683.3623,291.4057,7.2754,18.1885
683.3649,291.4123,7.2701,18.1754
683.3625,291.4064,7.2748,18.1871
683.3519,292.3799,7.2961,18.2403
683.3600,292.4000,7.2800,18.2001
683.3615,292.4038,7.2770,18.1924
683.3715,293.4288,7.2570,18.1425
684.3933,293.4832,7.2134,18.0336
684.4051,293.5127,7.1899,17.9747
684.4161,293.5402,7.1678,17.9196
685.4200,293.5501,7.1599,17.8997
685.3988,294.4970,7.2024,18.0061
686.4211,294.5527,7.1579,17.8946
686.4161,294.5402,7.1679,17.9197
686.4143,294.5358,7.1714,17.9284
687.4271,295.5678,7.1458,17.8644
687.4280,295.5700,7.1440,17.8599
688.4428,295.6070,7.1144,17.7859
689.4349,296.5872,7.1302,17.8255
689.4425,296.6063,7.1150,17.7875
690.4337,296.5844,7.1325,17.8313
691.4036,297.5091,7.1927,17.9819
692.4274,297.5684,7.1453,17.8632
694.3951,297.4879,7.2097,18.0242
694.3827,297.4567,7.2346,18.0866
696.3623,298.4058,7.2754,18.1885
697.3824,298.4562,7.2351,18.0877
699.3949,299.4873,7.2102,18.0255
700.4032,299.5080,7.1936,17.9840
700.4075,299.5188,7.1850,17.9624
702.4024,300.5060,7.1952,17.9881
704.4193,300.5482,7.1614,17.9035
706.4152,301.5378,7.1697,17.9243
708.4271,301.5678,7.1458,17.8644
708.4254,301.5633,7.1493,17.8733
710.4067,302.5167,7.1866,17.9666
712.4133,302.5332,7.1734,17.9336
714.4047,302.5117,7.1906,17.9765
716.4182,303.5454,7.1637,17.9092
716.4235,303.5589,7.1529,17.8823
719.4167,303.5417,7.1666,17.9166
721.3799,304.4496,7.2403,18.1007
723.3721,304.4302,7.2559,18.1397
725.3546,305.3866,7.2907,18.2268
726.3593,305.3982,7.2814,18.2036
728.3495,306.3739,7.3009,18.2522
2
0
0
0
0
0
733.3602,306.4005,7.2796,18.1991
735.3776,307.4440,7.2448,18.1120
735.3614,307.4035,7.2772,18.1930
737.3532,307.3830,7.2936,18.2339
739.3372,308.3430,7.3256,18.3140
741.3199,308.2998,7.3602,18.4004
743.3289,308.3221,7.3423,18.3558
743.3129,308.2823,7.3741,18.4353
745.3304,309.3260,7.3392,18.3479
748.3121,309.2802,7.3758,18.4396
750.3112,310.2780,7.3776,18.4439
752.2928,310.2321,7.4143,18.5358
752.2940,310.2350,7.4120,18.5300
755.2962,311.2405,7.4076,18.5190
757.2746,311.1864,7.4508,18.6271
760.2643,312.1609,7.4713,18.6782
762.2592,312.1479,7.4817,18.7043
762.2114,312.0285,7.5772,18.9429
765.2115,313.0287,7.5771,18.9427
767.2120,313.0300,7.5760,18.9401
770.1707,313.9268,7.6586,19.1464
773.1607,313.9018,7.6785,19.1964
773.1458,313.8645,7.7084,19.2711
775.1838,314.9596,7.6323,19.0809
778.1846,314.9616,7.6307,19.0768
780.1560,315.8901,7.6879,19.2198
783.1604,315.9009,7.6792,19.1981
783.1265,315.8162,7.7471,19.3677
786.1671,316.9176,7.6659,19.1648
789.1804,316.9509,7.6393,19.0983
792.1757,317.9392,7.6487,19.1217
795.1792,317.9480,7.6416,19.1041
795.1863,316.9657,7.6275,19.0687
798.2037,318.0092,7.5926,18.9815
801.1992,317.9979,7.6017,19.0043
804.1785,318.9462,7.6430,19.1075
806.1429,318.8574,7.7141,19.2853
806.1043,318.7608,7.7914,19.4784
809.1064,318.7660,7.7872,19.4680
812.0428,319.6070,7.9144,19.7860
814.0314,320.5786,7.9371,19.8428
818.0107,321.5269,7.9785,19.9462
817.9980,321.4949,8.0041,20.0102
820.9542,321.3855,8.0916,20.2290
823.9489,322.3721,8.1023,20.2559
826.9181,323.2952,8.1639,20.4096
826.9008,323.2520,8.1984,20.4959
829.8439,323.1097,8.3122,20.7805
833.8251,324.0627,8.3498,20.8746
836.8221,325.0552,8.3559,20.8897
839.7987,324.9968,8.4025,21.0064
839.7647,324.9118,8.4705,21.1763
842.7600,325.9000,8.4800,21.1999
845.7308,326.8270,8.5384,21.3461
848.6893,326.7234,8.6213,21.5533
851.6599,327.6497,8.6803,21.7007
851.6494,327.6235,8.7012,21.7529
855.6081,327.5203,8.7838,21.9594
858.6091,328.5228,8.7818,21.9544
861.5897,328.4742,8.8207,22.0516
864.6028,329.5071,8.7943,21.9857
864.5665,329.4164,8.8669,22.1673
868.5402,329.3505,8.9196,22.2991
871.5556,330.3890,8.8888,22.2220
875.5601,331.4004,8.8797,22.1993
878.5402,331.3506,8.9195,22.2989
878.5575,331.3938,8.8850,22.2124
881.5651,332.4126,8.8699,22.1748
885.5479,333.3698,8.9042,22.2604
888.5208,333.3019,8.9585,22.3963
891.4989,334.2473,9.0022,22.5055
891.5591,334.3978,8.8818,22.2044
895.5270,335.3175,8.9460,22.3650
898.4819,335.2049,9.0361,22.5903
902.4753,336.1884,9.0493,22.6233
905.4562,336.1405,9.0876,22.7191
905.4451,336.1126,9.1099,22.7748
909.4282,337.0704,9.1437,22.8592
912.4019,338.0047,9.1963,22.9906
916.3613,337.9032,9.2774,23.1935
919.3431,338.8577,9.3138,23.2846
919.3253,338.8132,9.3495,23.3737
923.2974,338.7435,9.4052,23.5130
926.3013,339.7532,9.3975,23.4937
930.2875,340.7187,9.4250,23.5625
933.2653,341.6632,9.4694,23.6735
933.2617,341.6541,9.4767,23.6917
936.2209,342.5522,9.5582,23.8956
939.1953,342.4883,9.6093,24.0233
942.1742,343.4355,9.6516,24.1289
946.1436,344.3591,9.7127,24.2818
946.1301,344.3253,9.7398,24.3494
949.0984,345.2461,9.8031,24.5077
952.0896,346.2240,9.8208,24.5519
956.0448,346.1120,9.9104,24.7759
959.0434,347.1085,9.9132,24.7830
958.9742,346.9357,10.0515,25.1287
961.9780,347.9450,10.0440,25.1099
964.9611,348.9028,10.0778,25.1945
967.9515,349.8788,10.0969,25.2423
971.9187,350.7968,10.1625,25.4064
971.9025,350.7564,10.1949,25.4873
974.9036,351.7589,10.1929,25.4822
977.8891,352.7227,10.2218,25.5545
980.8593,353.6483,10.2814,25.7035
983.8450,354.6126,10.3099,25.7748
983.8249,354.5622,10.3502,25.8756
987.7953,355.4884,10.4093,26.0232
990.7830,356.4574,10.4341,26.0852
993.7580,356.3950,10.4840,26.2100
996.7368,357.3420,10.5264,26.3159
996.7327,357.3316,10.5347,26.3368
999.7145,358.2863,10.5709,26.4273
1002.6948,359.2371,10.6104,26.5259
1005.6683,360.1708,10.6634,26.6584
1008.6519,361.1296,10.6963,26.7408
1008.6388,361.0969,10.7225,26.8062
1012.6111,362.0276,10.7779,26.9447
1014.6016,363.0039,10.7969,26.9922
1018.5928,363.9820,10.8144,27.0360
1021.5794,364.9485,10.8412,27.1031
1021.5850,364.9625,10.8300,27.0751
1024.5601,365.9001,10.8800,27.1999
1027.5421,366.8554,10.9157,27.2893
1030.5127,367.7816,10.9747,27.4368
1033.4839,368.7098,11.0321,27.5803
1033.4766,368.6914,11.0469,27.6173
1036.4620,369.6550,11.0760,27.6900
1039.4415,370.6039,11.1169,27.7923
1042.4143,371.5358,11.1714,27.9284
1045.4021,373.5052,11.1958,27.9895
1045.4039,373.5100,11.1920,27.9801
1048.3713,374.4284,11.2572,28.1431
1051.3463,375.3658,11.3074,28.2684
1054.3291,376.3227,11.3418,28.3546
1057.3185,377.2962,11.3630,28.4076
1057.3446,377.3614,11.3109,28.2773
1060.3254,379.3136,11.3491,28.3728
1063.2953,379.2381,11.4095,28.5238
1066.2761,381.1904,11.4477,28.6192
1069.2306,382.0766,11.5387,28.8468
1069.2549,382.1372,11.4902,28.7256
1072.2119,383.0299,11.5761,28.9402
1075.1750,383.9378,11.6498,29.1245
1078.1250,384.8125,11.7500,29.3749
1081.0992,386.7480,11.8016,29.5039
1081.1205,386.8011,11.7591,29.3978
1084.0778,387.6943,11.8446,29.6114
1087.0398,388.5994,11.9205,29.8011
1090.0010,389.5026,11.9979,29.9949
1092.9730,390.4325,12.0540,30.1351
1093.0200,390.5499,11.9601,29.9002
1095.9895,392.4738,12.0210,30.0525
1098.9260,393.3151,12.1479,30.3698
1101.8751,394.1878,12.2497,30.6243
1103.8290,395.0724,12.3421,30.8552
1103.8489,395.1220,12.3024,30.7559
1106.8290,396.0724,12.3421,30.8553
1109.8336,398.0840,12.3328,30.8320
1112.7996,398.9990,12.4008,31.0019
1114.7795,399.9489,12.4408,31.1021
1115.7712,399.9281,12.4575,31.1438
1117.7367,401.8418,12.5266,31.3165
1120.6912,402.7280,12.6176,31.5439
1123.6954,403.7387,12.6091,31.5226
1125.7081,405.7703,12.5838,31.4595
1125.6873,405.7183,12.6254,31.5635
1127.6587,406.6467,12.6826,31.7066
1130.5743,408.4359,12.8513,32.1283
1133.5182,409.2956,12.9635,32.4088
1135.5181,410.2953,12.9638,32.4094
1135.5376,410.3440,12.9248,32.3119
1138.4926,411.2313,13.0150,32.5374
1141.4865,413.2160,13.0272,32.5680
1143.4492,414.1232,13.1015,32.7536
1145.4645,415.1612,13.0710,32.6775
1145.4366,415.0917,13.1266,32.8165
1148.4476,417.1190,13.1048,32.7619
1150.4559,418.1397,13.0882,32.7205
1152.4707,420.1768,13.0585,32.6463
1154.4436,421.1091,13.1127,32.7818
1154.4280,421.0699,13.1441,32.8602
1156.3800,422.9501,13.2399,33.0997
1158.3342,423.8355,13.3316,33.3289
1161.2515,424.6287,13.4971,33.7427
1163.2169,426.5422,13.5662,33.9156
1163.2350,426.5873,13.5301,33.8253
1165.1758,427.4394,13.6485,34.1211
1168.1321,428.3302,13.7358,34.3396
1171.0979,430.2447,13.8043,34.5106
1174.0599,431.1498,13.8802,34.7004
1174.1187,431.2965,13.7628,34.4070
1176.1078,433.2695,13.7844,34.4610
1179.1216,435.3039,13.7569,34.3921
1181.1191,436.2978,13.7618,34.4045
1184.1095,438.2738,13.7809,34.4523
1184.1079,438.2697,13.7842,34.4605
1186.1021,440.2551,13.7959,34.4898
1189.0802,442.2006,13.8395,34.5989
1192.0549,444.1374,13.8901,34.7251
1186.0477,443.1194,13.9045,34.7612
1186.0343,443.0858,13.9313,34.8283
1188.0939,444.2347,13.8122,34.5305
1189.1405,446.3513,13.7190,34.2974
1192.1449,447.3622,13.7103,34.2757
1193.2079,449.5197,13.5842,33.9605
1193.1824,449.4560,13.6352,34.0880
1195.2421,451.6053,13.5158,33.7895
1196.2578,453.6444,13.4844,33.7111
1198.2399,455.5995,13.5204,33.8009
1199.2113,456.5283,13.5774,33.9435
1199.2018,456.5044,13.5965,33.9912
1200.2260,458.5648,13.5482,33.8705
1201.2129,460.5323,13.5742,33.9355
1203.1809,462.4522,13.6382,34.0956
1203.1818,464.4544,13.6364,34.0911
1203.1171,464.2928,13.7658,34.4144
1205.1008,467.2522,13.7983,34.4957
1205.0631,469.1578,13.8737,34.6843
1206.0162,471.0406,13.9675,34.9188
1206.9283,473.8210,14.1432,35.3581
1206.8837,473.7093,14.2326,35.5814
1207.8248,475.5620,14.3504,35.8760
1209.7526,477.3813,14.4950,36.2374
1210.6918,479.2296,14.6163,36.5409
1211.6526,482.1316,14.6947,36.7368
1211.5665,481.9162,14.8671,37.1676
1212.5021,483.7552,14.9958,37.4895
1213.4308,485.5771,15.1383,37.8458
1214.3884,487.4709,15.2233,38.0581
1214.3434,489.3586,15.3132,38.2829
1214.2649,489.1623,15.4702,38.6755
1215.2582,491.1454,15.4837,38.7092
1216.2645,494.1612,15.4711,38.6777
1217.2196,496.0490,15.5608,38.9019
1217.1665,497.9162,15.6670,39.1676
1217.0935,497.7336,15.8131,39.5327
1218.0560,499.6401,15.8879,39.7197
1218.0250,502.5626,15.9499,39.8748
1218.9954,504.4886,16.0092,40.0229
1219.9366,506.3415,16.1268,40.3171
1219.8247,506.0616,16.3507,40.8767
1219.8033,508.0083,16.3934,40.9835
1219.7728,510.9321,16.4543,41.1357
1220.7483,512.8708,16.5033,41.2584
1220.7085,514.7714,16.5829,41.4573
1220.6351,514.5877,16.7298,41.8246
1220.6266,516.5665,16.7468,41.8670
1221.6311,519.5776,16.7379,41.8448
1221.5718,521.4295,16.8564,42.1410
1221.5203,523.3006,16.9595,42.3988
1221.4612,523.1530,17.0777,42.6941
1221.4320,525.0799,17.1361,42.8402
1221.4001,528.0003,17.1998,42.9994
1221.3528,529.8819,17.2945,43.2362
1220.3035,531.7585,17.3931,43.4829
1220.2134,531.5334,17.5732,43.9331
1219.1959,533.4899,17.6081,44.0201
1219.1766,536.4415,17.6468,44.1171
1218.1084,538.2709,17.7832,44.4581
1217.0627,541.1568,17.8745,44.6864
1216.9872,540.9680,18.0256,45.0640
1215.9354,542.8384,18.1292,45.3231
1214.8906,544.7267,18.2187,45.5466
1213.8341,546.5852,18.3318,45.8296
1211.7869,549.4671,18.4263,46.0658
1211.7444,549.3609,18.5113,46.2782
1210.7230,550.3077,18.5539,46.3847
1208.6766,553.1916,18.6467,46.6168
1206.6324,555.0811,18.7351,46.8377
1204.5870,556.9676,18.8259,47.0648
1204.5549,556.8874,18.8901,47.2252
1203.5477,558.8693,18.9045,47.2613
1200.4827,560.7066,19.0347,47.5867
1198.4515,562.6288,19.0970,47.7424
1196.4098,565.5246,19.1803,47.9507
1196.3840,565.4600,19.2320,48.0800
1193.3248,567.3120,19.3504,48.3761
1191.2634,569.1586,19.4731,48.6828
1188.1881,570.9703,19.6237,49.0593
1185.1616,572.9041,19.6767,49.1918
1185.1528,572.8821,19.6943,49.2357
1183.1249,575.8123,19.7502,49.3754
