1
623.0275,299.0950,10.9450,37.8100
622.9728,298.9059,11.0545,38.1881
622.9728,294.8117,11.0545,38.1881
622.8899,294.5253,11.2203,38.7609
622.9740,294.8160,11.0520,38.1795
622.8911,294.5297,11.2177,38.7522
622.9753,290.7279,11.0495,38.1709
622.9753,290.7279,11.0495,38.1709
622.8924,290.4416,11.2152,38.7435
622.9765,290.7322,11.0470,38.1623
623.0042,290.8276,10.9918,37.9715
623.0042,286.7566,10.9918,37.9715
623.0042,286.7566,10.9918,37.9715
622.9492,286.5667,11.1017,38.3512
622.9769,282.5714,11.0462,38.1595
622.8940,282.2852,11.2119,38.7319
622.9781,278.4855,11.0437,38.1509
622.8953,278.1993,11.2093,38.7232
622.8393,278.0057,11.3214,39.1104
622.8959,278.2013,11.2082,38.7193
622.8398,273.8150,11.3203,39.1065
622.7833,273.6194,11.4335,39.4975
627.0031,269.1450,11.5478,39.8925
626.9453,268.9455,11.6633,40.2914
626.8870,264.3811,11.7799,40.6944
626.8870,264.3811,11.7799,40.6944
631.2347,259.7711,11.8977,41.1013
631.2942,259.9766,11.7788,40.6903
635.6567,255.6141,11.7788,40.6903
640.0039,251.0045,11.8966,41.0972
640.0634,251.2100,11.7776,40.6862
644.4102,246.6009,11.8954,41.0931
644.3507,246.3954,12.0143,41.5040
648.7849,246.1879,12.1345,41.9190
648.7849,241.6936,12.1345,41.9190
653.2634,241.4840,12.2558,42.3382
653.2634,236.9448,12.2558,42.3382
657.7867,236.7332,12.3784,42.7616
657.8795,232.5381,12.1927,42.1202
657.9100,232.6434,12.1317,41.9096
662.3875,227.8956,12.2530,42.3287
662.4488,228.1073,12.1305,41.9054
662.5095,228.3168,12.0092,41.4864
662.4494,228.1094,12.1293,41.9012
666.9417,223.6171,12.1293,41.9012
666.8811,223.4075,12.2506,42.3202
666.8198,223.1959,12.3731,42.7434
666.7580,218.3538,12.4968,43.1709
666.6955,218.1379,12.6218,43.6026
671.3457,213.0660,12.8111,44.2566
671.4097,208.5899,12.6830,43.8140
671.4097,208.5899,12.6830,43.8140
671.5049,208.9185,12.4928,43.1568
671.5049,204.2916,12.4928,43.1568
676.1480,204.5073,12.3678,42.7253
680.7287,199.9267,12.3678,42.7253
685.2933,195.0865,12.4915,43.1525
685.3558,195.3023,12.3666,42.7210
685.2939,195.0887,12.4903,43.1482
689.9038,194.8730,12.6152,43.5797
694.5516,189.8038,12.8044,44.2334
694.4875,189.5826,12.9324,44.6757
699.2606,184.5215,13.0618,45.1225
699.3259,184.7471,12.9312,44.6712
704.0984,179.6866,13.0605,45.1180
704.1964,180.0249,12.8646,44.4412
708.9527,175.1254,12.9289,44.6634
709.0497,175.4603,12.7349,43.9934
708.9542,175.1304,12.9260,44.6533
708.8895,174.9071,13.0552,45.0999
708.8242,174.6816,13.1858,45.5509
708.7253,174.3400,13.3836,46.2341
708.6919,174.2244,13.4505,46.4653
708.5910,173.8759,13.6522,47.1623
708.5910,173.8759,13.6522,47.1623
708.4886,168.3900,13.8570,47.8697
708.5233,168.5096,13.7877,47.6304
708.4199,168.1524,13.9946,48.3448
713.5849,167.9107,14.1345,48.8283
713.4789,172.8580,14.3465,49.5607
713.3713,172.4863,14.5617,50.3041
718.7645,172.4863,14.5617,50.3041
718.7281,172.3605,14.6345,50.5556
718.6549,155.6846,14.7809,51.0612
724.1102,155.4293,14.9287,51.5718
724.1102,177.5458,14.9287,51.5718
723.9982,177.1590,15.1526,52.3454
729.5808,176.7664,15.3799,53.1306
729.4655,176.3680,15.6106,53.9275
729.3484,175.9635,15.8448,54.7364
729.3880,181.9394,15.7655,54.4628
729.4668,182.2118,15.6079,53.9181
735.2172,181.8074,15.8420,54.7269
735.0983,175.4415,16.0796,55.5478
735.0582,175.3026,16.1600,55.8255
735.0582,175.3026,16.1600,55.8255
735.0986,175.4422,16.0792,55.5464
735.0986,175.4422,16.0792,55.5464
741.0434,175.3033,16.1596,55.8241
741.0838,175.4429,16.0788,55.5450
741.1240,175.5818,15.9984,55.2673
741.1240,175.5818,15.9984,55.2673
747.0804,170.1598,15.7585,54.4383
747.1592,170.4320,15.6009,53.8939
747.0422,170.0278,15.8349,54.7023
747.1610,164.6613,15.5974,53.8818
747.0830,164.3918,15.7533,54.4206
746.9648,163.9837,15.9896,55.2369
746.9648,158.0616,15.9896,55.2369
741.2515,164.3091,15.7498,54.4084
741.2122,158.3107,15.8285,54.6804
741.3309,158.7208,15.5911,53.8602
741.3309,158.7208,15.5911,53.8602
741.2139,158.3168,15.8250,54.6681
741.0952,181.7029,16.0623,55.4881
2
0
0
0
0
0
2
0
0
0
0
0
2
0
0
0
0
0
2
0
0
0
0
0
2
0
0
0
0
0
2
0
0
0
0
0
2
0
0
0
0
0
2
0
0
0
0
0
2
0
0
0
0
0
2
0
0
0
0
0
2
0
0
0
0
0
2
0
0
0
0
0
2
0
0
0
0
0
2
0
0
0
0
