1
536.0000,254.5000,88.0000,37.0000
544.0000,254.0000,88.0000,37.0000
549.0000,250.5000,88.0000,37.0000
554.0000,246.0000,88.0000,37.0000
558.0000,240.5000,88.0000,37.0000
559.0000,237.0000,88.0000,37.0000
561.0000,233.5000,88.0000,37.0000
561.0000,233.0000,88.0000,37.0000
566.0000,228.5000,88.0000,37.0000
559.0000,226.0000,88.0000,37.0000
562.0000,220.5000,88.0000,37.0000
559.0000,216.0000,88.0000,37.0000
555.0000,210.5000,88.0000,37.0000
551.0000,207.0000,88.0000,37.0000
547.0000,202.5000,88.0000,37.0000
541.0000,197.0000,88.0000,37.0000
533.0000,191.5000,88.0000,37.0000
533.0000,191.0000,88.0000,37.0000
525.0000,182.5000,88.0000,37.0000
516.0000,175.0000,88.0000,37.0000
507.0000,168.5000,88.0000,37.0000
496.0000,162.0000,88.0000,37.0000
485.0000,154.5000,88.0000,37.0000
475.0000,148.0000,88.0000,37.0000
465.0000,143.5000,88.0000,37.0000
455.0000,138.0000,88.0000,37.0000
455.0000,138.5000,88.0000,37.0000
447.0000,134.0000,88.0000,37.0000
443.0000,130.5000,88.0000,37.0000
438.0000,127.0000,88.0000,37.0000
437.0000,125.5000,88.0000,37.0000
435.0000,125.0000,88.0000,37.0000
436.0000,124.5000,88.0000,37.0000
435.0000,126.0000,88.0000,37.0000
436.0000,129.5000,88.0000,37.0000
437.0000,133.0000,88.0000,37.0000
437.0000,133.5000,88.0000,37.0000
439.0000,137.0000,88.0000,37.0000
439.0000,139.5000,88.0000,37.0000
440.0000,142.0000,88.0000,37.0000
440.0000,144.5000,88.0000,37.0000
440.0000,149.0000,88.0000,37.0000
440.0000,153.5000,88.0000,37.0000
440.0000,157.0000,88.0000,37.0000
441.0000,160.5000,88.0000,37.0000
441.0000,163.0000,88.0000,37.0000
441.0000,162.5000,88.0000,37.0000
440.0000,164.0000,88.0000,37.0000
440.0000,165.5000,88.0000,37.0000
439.0000,167.0000,88.0000,37.0000
438.0000,169.5000,88.0000,37.0000
438.0000,173.0000,88.0000,37.0000
436.0000,176.5000,88.0000,37.0000
434.0000,178.0000,88.0000,37.0000
432.0000,179.5000,88.0000,37.0000
432.0000,179.0000,88.0000,37.0000
429.0000,180.5000,88.0000,37.0000
427.0000,183.0000,88.0000,37.0000
424.0000,184.5000,88.0000,37.0000
420.0000,187.0000,88.0000,37.0000
417.0000,189.5000,88.0000,37.0000
413.0000,192.0000,88.0000,37.0000
409.0000,195.5000,88.0000,37.0000
405.0000,200.0000,88.0000,37.0000
404.0000,204.5000,88.0000,37.0000
403.0000,205.0000,88.0000,37.0000
404.0000,209.5000,88.0000,37.0000
406.0000,216.0000,88.0000,37.0000
408.0000,222.5000,88.0000,37.0000
411.0000,230.0000,88.0000,37.0000
415.0000,237.5000,88.0000,37.0000
419.0000,245.0000,88.0000,37.0000
423.0000,253.5000,88.0000,37.0000
428.0000,261.0000,88.0000,37.0000
427.0000,262.5000,88.0000,37.0000
431.0000,269.0000,88.0000,37.0000
434.0000,277.5000,88.0000,37.0000
436.0000,284.0000,88.0000,37.0000
436.0000,289.5000,88.0000,37.0000
436.0000,295.0000,88.0000,37.0000
435.0000,301.5000,88.0000,37.0000
433.0000,307.0000,88.0000,37.0000
431.0000,312.5000,88.0000,37.0000
428.0000,317.0000,88.0000,37.0000
427.0000,318.5000,88.0000,37.0000
423.0000,321.0000,88.0000,37.0000
419.0000,323.5000,88.0000,37.0000
413.0000,326.0000,88.0000,37.0000
409.0000,328.5000,88.0000,37.0000
403.0000,331.0000,88.0000,37.0000
397.0000,333.5000,88.0000,37.0000
390.0000,336.0000,88.0000,37.0000
384.0000,338.5000,88.0000,37.0000
384.0000,339.0000,88.0000,37.0000
378.0000,340.5000,88.0000,37.0000
373.0000,342.0000,88.0000,37.0000
367.0000,343.5000,88.0000,37.0000
362.0000,342.0000,88.0000,37.0000
358.0000,340.5000,88.0000,37.0000
354.0000,337.0000,88.0000,37.0000
350.0000,332.5000,88.0000,37.0000
348.0000,327.0000,88.0000,37.0000
345.0000,321.5000,88.0000,37.0000
345.0000,321.0000,88.0000,37.0000
343.0000,315.5000,88.0000,37.0000
342.0000,308.0000,88.0000,37.0000
341.0000,301.5000,88.0000,37.0000
341.0000,292.0000,88.0000,37.0000
333.0000,293.5000,88.0000,37.0000
344.0000,291.0000,88.0000,37.0000
355.0000,287.5000,88.0000,37.0000
366.0000,284.0000,88.0000,37.0000
366.0000,283.5000,88.0000,37.0000
375.0000,279.0000,88.0000,37.0000
384.0000,273.5000,88.0000,37.0000
2
0
0
0
0
0
2
0
0
0
0
0
2
0
0
0
0
0
2
0
0
0
0
0
2
0
0
0
0
0
2
0
0
0
0
0
2
0
0
0
0
0
2
0
0
0
0
0
2
0
0
0
0
0
2
0
0
0
0
0
2
0
0
0
0
0
2
0
0
0
0
0
2
0
0
0
0
0
2
0
0
0
0
0
2
0
0
0
0
0
2
0
0
0
0
0
2
0
0
0
0
0
2
0
0
0
0
0
2
0
0
0
0
0
2
0
0
0
0
0
2
0
0
0
0
0
2
0
0
0
0
0
2
0
0
0
0
0
2
0
0
0
0
0
2
0
0
0
0
0
2
0
0
0
0
0
2
0
0
0
0
0
2
0
0
0
0
0
2
0
0
0
0
0
2
0
0
0
0
0
2
0
0
0
0
0
2
0
0
0
0
0
2
0
0
0
0
0
2
0
0
0
0
0
2
0
0
0
0
0
2
0
0
0
0
0
2
0
0
0
0
0
2
0
0
0
0
0
2
0
0
0
0
0
2
0
0
0
0
0
2
0
0
0
0
0
2
0
0
0
0
0
2
0
0
0
0
0
2
0
0
0
0
0
2
0
0
0
0
0
2
0
0
0
0
0
2
0
0
0
0
0
2
0
0
0
0
0
2
0
0
0
0
0
2
0
0
0
0
0
2
0
0
0
0
0
2
0
0
0
0
0
2
0
0
0
0
0
2
0
0
0
0
0
2
0
0
0
0
0
2
0
0
0
0
0
2
0
0
0
0
0
2
0
0
0
0
0
2
0
0
0
0
0
2
0
0
0
0
0
2
0
0
0
0
0
2
0
0
0
0
0
2
0
0
0
0
0
2
0
0
0
0
0
2
0
0
0
0
0
2
0
0
0
0
0
2
0
0
0
0
0
2
0
0
0
0
0
2
0
0
0
0
0
2
0
0
0
0
0
2
0
0
0
0
0
2
0
0
0
0
0
2
0
0
0
0
0
2
0
0
0
0
0
2
0
0
0
0
0
2
0
0
0
0
0
2
0
0
0
0
0
2
0
0
0
0
0
2
0
0
0
0
0
2
0
0
0
0
0
2
0
0
0
0
0
2
0
0
0
0
0
2
0
0
0
0
0
2
0
0
0
0
0
2
0
0
0
0
0
2
0
0
0
0
0
2
0
0
0
0
0
2
0
0
0
0
0
2
0
0
0
0
0
2
0
0
0
0
0
2
0
0
0
0
0
2
0
0
0
0
0
2
0
0
0
0
0
2
0
0
0
0
0
2
0
0
0
0
0
2
0
0
0
0
0
2
0
0
0
0
0
2
0
0
0
0
0
2
0
0
0
0
0
2
0
0
0
0
0
2
0
0
0
0
0
2
0
0
0
0
0
2
0
0
0
0
0
2
0
0
0
0
0
2
0
0
0
0
0
2
0
0
0
0
0
2
0
0
0
0
0
2
0
0
0
0
0
2
0
0
0
0
0
2
0
0
0
0
0
2
0
0
0
0
0
2
0
0
0
0
0
2
0
0
0
0
0
2
0
0
0
0
0
2
0
0
0
0
0
2
0
0
0
0
0
2
0
0
0
0
0
2
0
0
0
0
