1
571.9467,67.9075,19.1065,33.1851
577.9022,75.8301,19.1957,33.3398
583.8075,80.6657,19.3850,33.6687
586.7993,84.6515,19.4013,33.6970
589.7402,88.5487,19.5197,33.9026
593.7285,93.5285,19.5429,33.9430
596.8879,97.8054,19.2241,33.3893
598.9563,101.9241,19.0873,33.1517
601.9667,106.9422,19.0666,33.1156
604.0423,112.0734,18.9155,32.8532
606.1614,115.2803,18.6773,32.4395
608.1482,119.2574,18.7036,32.4852
610.2053,122.3565,18.5895,32.2871
613.0632,124.1098,18.8736,32.7805
620.0569,130.0988,18.8862,32.8023
628.0079,134.0137,18.9842,32.9726
637.0384,138.0667,18.9232,32.8666
646.1230,143.2136,18.7541,32.5729
655.0291,147.0506,18.9418,32.8988
668.0120,153.0209,18.9759,32.9581
677.0537,158.0933,18.8926,32.8135
684.1555,162.2701,18.6890,32.4599
689.1414,165.2455,18.7173,32.5090
695.0992,169.1723,18.8016,32.6554
701.0967,175.1680,18.8065,32.6639
702.0246,178.0428,18.9508,32.9145
701.9445,180.9037,19.1109,33.1926
701.9501,182.9134,19.0997,33.1732
701.9661,186.9412,19.0677,33.1176
699.8939,190.8157,19.2122,33.3686
698.8652,192.7658,19.2697,33.4684
698.8329,194.7099,19.3341,33.5803
696.9359,197.8886,19.1283,33.2228
696.9092,197.8422,19.1817,33.3155
694.9183,200.8582,19.1633,33.2836
693.8751,199.7830,19.2499,33.4340
693.8269,202.6994,19.3462,33.6012
691.8180,202.6839,19.3640,33.6323
691.7994,202.6516,19.4012,33.6968
688.8703,202.7747,19.2594,33.4505
686.8258,201.6975,19.3483,33.6050
685.8725,201.7786,19.2550,33.4429
684.9020,200.8297,19.1961,33.3406
683.8969,200.8210,19.2062,33.3581
682.8966,199.8204,19.2068,33.3592
681.9570,198.9252,19.0861,33.1496
680.9078,199.8399,19.1844,33.3202
679.8384,198.7193,19.3232,33.5613
678.7737,198.6069,19.4526,33.7861
678.6336,197.3636,19.7328,34.2727
677.6011,197.3073,19.7977,34.3855
676.5969,196.2999,19.8062,34.4003
675.7236,196.5200,19.5528,33.9601
674.8720,195.7777,19.2560,33.4446
672.8633,194.7625,19.2735,33.4750
671.9353,194.8876,19.1294,33.2248
670.0450,194.0782,18.9099,32.8436
669.1061,194.1842,18.7879,32.6315
667.0341,193.0592,18.9318,32.8816
662.9092,191.8424,19.1815,33.3153
659.8788,190.7894,19.2425,33.4212
656.8293,189.7035,19.3414,33.5929
653.8060,189.6629,19.3881,33.6741
651.8339,188.7116,19.3321,33.5769
647.7568,187.5776,19.4864,33.8448
644.7556,186.5755,19.4888,33.8490
641.8009,185.6542,19.3982,33.6916
638.6648,185.4178,19.6704,34.1644
635.6179,185.3362,19.7643,34.3275
631.6351,184.3663,19.7297,34.2673
629.6373,184.3699,19.7255,34.2601
626.6382,184.3716,19.7236,34.2568
623.6007,184.3065,19.7985,34.3869
620.5804,183.2712,19.8392,34.4576
617.5320,182.1871,19.9360,34.6257
615.5165,182.1603,19.9670,34.6795
613.5353,182.1929,19.9293,34.6141
610.5714,182.2555,19.8573,34.4890
608.5280,181.1802,19.9440,34.6395
604.4897,181.1138,20.0204,34.7724
602.5176,181.1621,19.9648,34.6758
600.5703,180.2537,19.8593,34.4925
598.6168,180.3345,19.7663,34.3310
596.6754,180.4363,19.6491,34.1275
593.6285,180.3547,19.7431,34.2906
591.6921,180.4653,19.6157,34.0694
588.6520,180.3956,19.6960,34.2088
586.6675,180.4226,19.6649,34.1549
583.6609,181.4110,19.6782,34.1779
580.7089,181.4944,19.5822,34.0112
576.6110,180.3244,19.7780,34.3512
573.6201,180.3401,19.7599,34.3198
571.6529,181.3971,19.6942,34.2057
567.5833,180.2762,19.8335,34.4476
564.5767,180.2649,19.8465,34.4703
561.5399,179.2009,19.9202,34.5983
557.5474,179.2140,19.9051,34.5720
555.5383,179.1981,19.9234,34.6037
552.5685,179.2506,19.8630,34.4989
548.5789,179.2685,19.8423,34.4629
546.5830,179.2758,19.8339,34.4484
543.6260,179.3504,19.7481,34.2993
540.6244,179.3477,19.7512,34.3047
537.6429,179.3798,19.7141,34.2403
535.6066,179.3168,19.7867,34.3664
534.5965,178.2992,19.8070,34.4016
533.5906,178.2890,19.8187,34.4219
533.5845,178.2783,19.8310,34.4433
533.4828,177.1016,20.0345,34.7967
533.4484,177.0420,20.1031,34.9159
534.3826,176.9277,20.2348,35.1446
534.3730,176.9110,20.2540,35.1781
534.3816,176.9259,20.2368,35.1481
535.2539,176.7042,20.4921,35.5916
536.2349,176.6711,20.5303,35.6578
536.1403,176.5067,20.7195,35.9865
537.1469,177.5182,20.7063,35.9635
538.0842,177.4094,20.8316,36.1811
538.0557,177.3599,20.8886,36.2803
538.9846,177.2363,21.0309,36.5274
539.0341,177.3223,20.9319,36.3553
540.0379,178.3289,20.9242,36.3421
541.0261,178.3084,20.9479,36.3831
541.0447,178.3409,20.9105,36.3182
541.1269,179.4836,20.7462,36.0329
541.1882,180.5900,20.6237,35.8201
541.2934,181.7727,20.4132,35.4545
541.3907,182.9418,20.2185,35.1163
541.4839,184.1037,20.0321,34.7926
541.5811,185.2725,19.8378,34.4551
541.6362,186.3681,19.7276,34.2638
541.7152,188.5054,19.5696,33.9893
542.7284,189.5282,19.5432,33.9435
542.8060,190.6631,19.3879,33.6738
542.9123,193.8477,19.1754,33.3046
543.9121,194.8474,19.1758,33.3053
543.9954,196.9921,19.0091,33.0159
543.9717,197.9510,19.0565,33.0981
544.0024,199.0041,18.9953,32.9918
544.0994,201.1727,18.8011,32.6545
545.1061,202.1843,18.7878,32.6314
545.1220,202.2119,18.7560,32.5762
545.1909,202.3316,18.6181,32.3368
546.2577,203.4475,18.4847,32.1049
547.2405,203.4177,18.5190,32.1645
548.2555,203.4437,18.4891,32.1126
550.3214,204.5581,18.3573,31.8838
551.3266,204.5672,18.3468,31.8655
553.3660,205.6356,18.2680,31.7287
554.3905,205.6782,18.2190,31.6436
556.4124,205.7162,18.1753,31.5677
557.4846,205.8417,18.0307,31.3165
558.5395,206.9370,17.9210,31.1260
560.5086,206.8833,17.9828,31.2334
561.5073,206.8811,17.9854,31.2377
562.5377,206.9339,17.9246,31.1322
563.5749,207.9985,17.8502,31.0030
564.6047,208.0502,17.7907,30.8996
565.6414,208.1140,17.7172,30.7719
566.6777,209.1770,17.6446,30.6459
566.7308,209.2693,17.5384,30.4614
568.7739,210.3442,17.4522,30.3117
568.7805,211.3555,17.4391,30.2889
569.7690,211.3356,17.4621,30.3289
570.8239,212.4309,17.3522,30.1381
570.8557,213.4862,17.2886,30.0276
571.8434,214.4648,17.3133,30.0704
571.8259,214.4344,17.3483,30.1313
572.8639,215.5005,17.2722,29.9991
572.8321,216.4452,17.3358,30.1096
572.8235,217.4303,17.3530,30.1393
573.7960,217.3825,17.4081,30.2351
573.8558,218.4863,17.2885,30.0274
573.8116,218.4097,17.3768,30.1807
573.8209,218.4258,17.3582,30.1485
574.8530,219.4816,17.2939,30.0368
574.8452,219.4679,17.3097,30.0642
575.8724,220.5152,17.2553,29.9697
575.8741,220.5182,17.2518,29.9636
576.8326,221.4462,17.3347,30.1076
577.8850,222.5371,17.2300,29.9258
577.9599,223.6672,17.0802,29.6655
578.9898,224.7191,17.0204,29.5617
579.0508,224.8252,16.8983,29.3497
580.0500,225.8237,16.9000,29.3526
580.1154,226.9373,16.7691,29.1253
581.1647,227.0228,16.6707,28.9543
581.1440,227.9871,16.7119,29.0259
581.1893,228.0656,16.6214,28.8688
581.2473,229.1663,16.5055,28.6674
582.2166,230.1130,16.5668,28.7739
582.2653,230.1976,16.4695,28.6048
582.3732,232.3850,16.2537,28.2301
582.4461,233.5117,16.1077,27.9766
582.4791,234.5689,16.0419,27.8622
582.5479,235.6884,15.9043,27.6232
582.5273,236.6527,15.9454,27.6946
582.5670,237.7216,15.8660,27.5568
581.5685,237.7242,15.8630,27.5515
581.5965,239.7729,15.8069,27.4542
581.6244,239.8213,15.7512,27.3574
579.6496,239.8651,15.7008,27.2698
579.6506,241.8668,15.6988,27.2664
579.7092,241.9685,15.5817,27.0630
578.6823,243.9219,15.6354,27.1562
577.7288,245.0026,15.5425,26.9948
577.8325,246.1827,15.3351,26.6346
576.8360,247.1888,15.3280,26.6224
576.8136,248.1500,15.3727,26.7000
575.8005,250.1272,15.3990,26.7456
574.7904,251.1097,15.4191,26.7806
573.8059,252.1366,15.3881,26.7268
572.8372,253.1910,15.3256,26.6181
572.8490,254.2114,15.3020,26.5771
571.8301,255.1787,15.3397,26.6427
570.8285,256.1758,15.3431,26.6485
569.8698,257.2476,15.2604,26.5049
568.8854,259.2746,15.2293,26.4508
567.8893,260.2815,15.2213,26.4369
566.8762,261.2587,15.2476,26.4826
565.8549,262.2216,15.2903,26.5569
564.8558,264.2233,15.2883,26.5534
562.8158,265.1538,15.3684,26.6924
561.8528,265.2180,15.2945,26.5641
559.8058,267.1364,15.3884,26.7272
558.8384,268.1931,15.3231,26.6138
556.7850,269.1002,15.4300,26.7995
554.7896,270.1082,15.4208,26.7836
552.8223,271.1650,15.3555,26.6700
550.7971,273.1214,15.4057,26.7573
549.8019,274.1297,15.3961,26.7406
547.7999,275.1261,15.4003,26.7479
545.7744,276.0819,15.4511,26.8362
544.8267,277.1726,15.3467,26.6548
542.8307,278.1797,15.3385,26.6406
541.8410,279.1975,15.3180,26.6049
539.8427,280.2004,15.3147,26.5991
537.8692,281.2465,15.2616,26.5070
536.8778,281.2615,15.2444,26.4771
533.8751,282.2567,15.2499,26.4866
532.8979,283.2965,15.2041,26.4071
530.8937,284.2890,15.2127,26.4220
528.9224,284.3388,15.1553,26.3223
526.9467,285.3811,15.1066,26.2378
523.9479,286.3831,15.1043,26.2337
521.9693,286.4204,15.0613,26.1592
520.0035,287.4797,14.9930,26.0405
518.0219,288.5117,14.9562,25.9766
515.0538,288.5672,14.8923,25.8656
512.0429,289.5482,14.9142,25.9036
510.0432,290.5488,14.9135,25.9024
506.0164,290.5023,14.9671,25.9954
504.0186,291.5059,14.9629,25.9882
501.0263,292.5194,14.9473,25.9612
498.0094,293.4900,14.9812,26.0199
496.0136,294.4973,14.9728,26.0054
492.9876,295.4521,15.0249,26.0958
490.0045,296.4816,14.9909,26.0368
487.0370,296.5379,14.9260,25.9242
484.0608,298.5793,14.8784,25.8415
481.0579,298.5742,14.8842,25.8515
479.0957,299.6400,14.8086,25.7201
476.1428,300.7217,14.7144,25.5567
473.1617,302.7545,14.6767,25.4910
471.2112,304.8405,14.5776,25.3190
469.2485,306.9053,14.5030,25.1894
466.2639,307.9321,14.4721,25.1358
464.2675,307.9383,14.4650,25.1234
463.2745,309.9504,14.4510,25.0992
460.2441,310.8976,14.5118,25.2047
458.1945,311.8115,14.6110,25.3771
456.1670,312.7638,14.6660,25.4725
455.1454,313.7262,14.7092,25.5475
453.0396,314.5425,14.9207,25.9149
451.0204,314.5091,14.9592,25.9818
448.9805,314.4398,15.0390,26.1203
447.9418,314.3726,15.1164,26.2548
445.8959,314.2929,15.2082,26.4142
443.8929,313.2877,15.2142,26.4247
440.9253,311.3439,15.1495,26.3122
438.9733,311.4273,15.0534,26.1454
436.9495,310.3859,15.1011,26.2282
435.9376,309.3652,15.1249,26.2696
433.9857,309.4488,15.0286,26.1023
432.0011,309.4756,14.9977,26.0487
430.9224,309.3389,15.1552,26.3221
428.9149,309.3259,15.1702,26.3483
427.8972,309.2951,15.2057,26.4099
426.9146,309.3253,15.1709,26.3494
425.9294,310.3511,15.1411,26.2977
424.9410,310.3712,15.1180,26.2576
423.9383,311.3665,15.1235,26.2671
423.9604,312.4049,15.0792,26.1902
423.0274,313.5212,14.9452,25.9575
422.0065,314.4849,14.9871,26.0302
421.9901,315.4565,15.0198,26.0870
420.9702,317.4218,15.0597,26.1563
420.9810,319.4408,15.0379,26.1184
420.9382,321.3663,15.1237,26.2674
421.8753,325.2571,15.2494,26.4858
421.7821,327.0953,15.4358,26.8095
422.7594,330.0558,15.4812,26.8884
422.7077,332.9660,15.5846,27.0680
422.7399,335.0219,15.5203,26.9562
423.7088,337.9679,15.5825,27.0643
423.6918,339.9383,15.6165,27.1233
424.7131,341.9753,15.5738,27.0493
425.7170,343.9822,15.5660,27.0356
425.6902,345.9357,15.6195,27.1286
426.6859,348.9282,15.6281,27.1436
426.7584,350.0540,15.4832,26.8920
427.7257,350.9973,15.5485,27.0053
428.6899,352.9351,15.6202,27.1297
428.6600,353.8831,15.6800,27.2338
429.6099,354.7961,15.7803,27.4078
430.5974,355.7744,15.8052,27.4512
430.5508,356.6934,15.8985,27.6132
431.5263,356.6509,15.9475,27.6982
431.4724,357.5574,16.0551,27.8852
432.3319,357.3133,16.3362,28.3733
433.3054,357.2673,16.3892,28.4654
434.2177,357.1150,16.5646,28.7700
434.1622,358.0185,16.6756,28.9630
435.0471,356.8188,16.9057,29.3625
435.0259,357.7818,16.9483,29.4364
435.9826,356.7067,17.0347,29.5867
436.0115,356.7567,16.9771,29.4865
436.9927,355.7241,17.0147,29.5518
437.0280,355.7854,16.9441,29.4292
437.0590,354.8392,16.8821,29.3215
437.0412,353.8085,16.9175,29.3830
437.0937,353.8995,16.8126,29.2009
437.1533,353.0031,16.6934,28.9939
436.1061,351.9211,16.7879,29.1579
436.0479,350.8201,16.9042,29.3598
435.0309,349.7906,16.9381,29.4189
434.0446,348.8143,16.9108,29.3714
432.0060,348.7473,16.9880,29.5054
430.9912,347.7215,17.0176,29.5570
428.9717,346.6877,17.0566,29.6247
426.9523,345.6540,17.0954,29.6919
425.9547,345.6581,17.0907,29.6838
423.9210,345.5996,17.1581,29.8009
422.9124,344.5846,17.1753,29.8308
419.8469,344.4709,17.3062,30.0582
418.7903,345.3727,17.4193,30.2546
416.8148,345.4153,17.3703,30.1695
414.8293,345.4403,17.3415,30.1194
412.8558,345.4863,17.2885,30.0273
409.8582,345.4906,17.2836,30.0188
407.9156,345.5902,17.1689,29.8197
405.9817,344.7050,17.0366,29.5900
404.0205,344.7725,16.9589,29.4549
402.0319,344.7922,16.9363,29.4157
