1
951.0250,242.8850,131.9500,286.2300
943.6212,244.3161,130.6305,283.3677
942.9680,242.8993,131.9368,286.2014
941.9785,249.0192,133.9159,290.4944
940.9741,246.8405,135.9246,294.8518
931.4384,244.6291,137.9635,299.2746
931.7833,245.3773,137.2737,297.7782
930.7537,251.7448,139.3327,302.2449
930.0571,250.2335,140.7261,305.2673
921.3703,250.2335,140.7261,305.2673
920.3148,247.9440,142.8370,309.8463
920.6719,248.7186,142.1228,308.2971
921.7379,251.0309,139.9909,303.6727
921.7379,251.0309,139.9909,303.6727
921.0379,249.5125,141.3909,306.7094
921.0379,249.5125,141.3909,306.7094
921.3914,250.2793,140.6839,305.1758
920.3362,247.9905,142.7942,309.7535
921.0502,249.5392,141.3662,306.6559
911.1328,247.2393,143.4867,311.2558
911.1328,247.2393,143.4867,311.2558
911.4915,248.0174,142.7693,309.6995
912.5623,250.3402,140.6277,305.0540
913.6169,252.6281,138.5183,300.4782
914.6559,254.8817,136.4406,295.9710
914.6559,254.8817,136.4406,295.9710
914.9969,255.6216,135.7583,294.4912
914.3182,254.1492,137.1159,297.4361
907.0095,256.3799,135.0592,292.9745
907.0095,256.3799,135.0592,292.9745
907.0095,256.3799,135.0592,292.9745
908.0225,258.5772,133.0333,288.5799
909.0203,260.7416,131.0378,284.2512
900.9315,260.7416,131.0378,284.2512
900.9315,260.7416,131.0378,284.2512
899.9487,258.6097,133.0034,288.5150
900.9462,260.7736,131.0083,284.1873
900.9462,260.7736,131.0083,284.1873
899.9637,258.6422,132.9734,288.4501
899.6312,257.9210,133.6383,289.8923
891.0066,257.1963,134.3065,291.3418
889.9993,263.4261,136.3211,295.7119
889.3177,261.9476,137.6843,298.6690
890.3503,264.1876,135.6190,294.1890
890.6894,264.9231,134.9409,292.7180
890.3521,264.1913,135.6156,294.1816
890.6911,264.9267,134.9376,292.7107
890.0164,271.8759,136.2870,295.6378
880.4553,269.6587,138.3313,300.0724
888.0848,267.4081,140.4062,304.5735
888.7869,268.9310,139.0022,301.5278
888.0919,276.0895,140.3922,304.5430
887.0389,273.8055,142.4981,309.1112
885.9702,271.4871,144.6355,313.7479
885.9702,271.4871,144.6355,313.7479
885.9702,271.4871,144.6355,313.7479
887.0549,273.8402,142.4660,309.0416
886.6988,273.0676,143.1783,310.5869
896.4782,275.3970,141.0307,305.9280
896.8308,276.1618,140.3255,304.3984
897.8832,278.4448,138.2206,299.8324
898.2288,279.1944,137.5295,298.3333
898.5726,279.9402,136.8419,296.8416
897.8884,278.4560,138.2103,299.8100
898.9250,280.7046,136.1371,295.3129
898.5847,288.4119,136.8178,296.7894
898.9267,289.1538,136.1337,295.3055
898.5864,288.4156,136.8144,296.7820
899.6124,290.6414,134.7622,292.3303
900.6232,292.8339,132.7408,287.9453
900.2913,292.1140,133.4044,289.3850
901.2919,294.2845,131.4034,285.0443
901.6204,294.9971,130.7464,283.6190
901.6204,294.9971,130.7464,283.6190
901.2935,294.2880,131.4001,285.0371
900.3080,292.1502,133.3711,289.3127
900.9749,293.5968,132.0374,286.4196
900.9749,293.5968,132.0374,286.4196
899.9846,291.4486,134.0180,290.7159
899.6495,299.0359,134.6880,292.1695
898.9761,297.5751,136.0349,295.0912
898.6360,296.8374,136.7151,296.5666
899.3196,298.3202,135.3479,293.6010
898.6428,305.2906,136.7014,296.5370
898.6428,305.2906,136.7014,296.5370
899.6681,307.5146,134.6509,292.0889
907.3897,306.0541,135.9974,295.0098
907.0497,313.7535,136.6774,296.4848
907.0497,313.7535,136.6774,296.4848
906.3663,312.2711,138.0442,299.4497
905.3311,318.6743,140.1148,303.9414
904.6304,317.1545,141.5160,306.9808
912.4357,314.8522,143.6387,311.5855
911.7175,313.2943,145.0751,314.7014
910.9921,311.7208,146.5259,317.8484
920.3580,312.5154,145.7932,316.2592
920.3580,312.5154,145.7932,316.2592
921.4514,314.8873,143.6063,311.5153
921.8105,315.6661,142.8883,309.9577
930.6307,315.6661,142.8883,309.9577
931.3452,317.2159,141.4594,306.8581
932.0525,318.7502,140.0448,303.7896
931.3522,325.9624,141.4453,306.8275
930.2914,323.6612,143.5670,311.4299
939.7828,325.2184,142.1313,308.3156
940.1381,325.9892,141.4206,306.7740
939.0775,323.6884,143.5419,311.3756
939.7952,325.2452,142.1065,308.2618
930.2249,332.5637,143.5276,311.3445
930.2249,332.5637,143.5276,311.3445
931.3013,326.1719,141.3747,306.6743
931.6548,326.9386,140.6678,305.1409
932.3582,328.4643,139.2611,302.0895
931.6618,326.9539,140.6537,305.1104
932.7167,329.2422,138.5439,300.5338
933.4094,330.7448,137.1585,297.5284
933.4094,330.7448,137.1585,297.5284
932.7236,329.2572,138.5301,300.5037
932.7236,329.2572,138.5301,300.5037
924.5615,330.0085,137.8374,299.0012
925.5953,332.2510,135.7699,294.5162
925.9347,332.9872,135.0910,293.0436
925.9347,332.9872,135.0910,293.0436
924.9215,330.7894,137.1174,297.4392
924.2360,337.8509,138.4886,300.4136
923.1973,335.5978,140.5659,304.9198
922.8458,334.8355,141.2687,306.4444
922.8458,334.8355,141.2687,306.4444
922.1395,333.3033,142.6814,309.5089
923.2096,335.6246,140.5412,304.8662
922.1556,333.3381,142.6493,309.4392
913.3500,333.3381,142.6493,309.4392
913.3500,333.3381,142.6493,309.4392
921.5304,322.8973,144.0758,312.5336
921.8906,323.6787,143.3554,310.9709
913.8467,325.2335,141.9219,307.8612
912.7823,322.9246,144.0507,312.4792
912.7823,322.9246,144.0507,312.4792
911.7019,320.5810,146.2114,317.1664
911.7019,320.5810,146.2114,317.1664
912.4330,313.2317,144.7493,313.9947
913.1567,314.8016,143.3018,310.8547
905.5184,317.1331,141.1523,306.1919
906.2242,318.6640,139.7408,303.1300
905.8748,317.9062,140.4395,304.6457
897.6002,318.6678,139.7373,303.1224
898.2988,320.1834,138.3399,300.0912
897.9530,319.4332,139.0316,301.5916
897.6054,310.0541,139.7268,303.0996
889.3727,310.8119,139.0281,301.5841
890.4155,304.6205,136.9427,297.0604
890.4155,304.6205,136.9427,297.0604
883.1161,306.8484,134.8886,292.6045
883.4533,307.5799,134.2141,291.1414
884.1243,300.8337,132.8720,288.2300
884.4565,301.5542,132.2076,286.7889
875.1816,299.4033,134.1908,291.0907
875.5171,300.1310,133.5198,289.6353
875.5171,300.1310,133.5198,289.6353
866.5251,298.6829,134.8550,292.5316
866.1879,297.9515,135.5293,293.9943
865.5103,296.4816,136.8846,296.9342
866.5369,298.7086,134.8313,292.4802
867.2111,291.9313,133.4830,289.5554
868.2122,294.1030,131.4807,285.2120
867.8835,293.3899,132.1381,286.6381
859.7269,293.3899,132.1381,286.6381
858.7358,291.2401,134.1202,290.9377
857.7299,289.0581,136.1320,295.3018
858.7509,282.9957,134.0900,290.8722
857.7452,280.8142,136.1014,295.2353
857.7452,280.8142,136.1014,295.2353
858.0854,273.1929,135.4209,293.7591
858.0854,273.1929,135.4209,293.7591
858.0854,273.1929,135.4209,293.7591
859.1011,275.3961,133.3896,289.3528
859.7681,268.6913,132.0557,286.4592
860.7585,270.8398,130.0748,282.1623
853.4598,272.2506,128.7741,279.3407
853.4598,272.2506,128.7741,279.3407
854.1037,265.7777,127.4863,276.5473
853.4663,264.3950,128.7612,279.3128
846.2413,265.7916,127.4736,276.5197
845.6040,264.4090,128.7483,279.2849
846.5696,258.6754,126.8171,275.0956
845.6185,256.6122,128.7194,279.2220
838.7574,250.8799,126.7886,275.0337
838.4404,250.1923,127.4225,276.4088
839.3961,244.5178,125.5112,272.2627
839.7099,245.1984,124.8836,270.9014
840.6465,239.6369,123.0104,266.8379
833.0533,239.6369,123.0104,266.8379
833.3608,232.7488,122.3953,265.5037
833.3608,232.7488,122.3953,265.5037
833.9728,226.5966,121.1714,262.8486
833.3669,225.2823,122.3831,265.4771
832.7550,223.9550,123.6069,268.1319
826.1664,218.4503,121.7528,264.1099
827.0796,220.4312,119.9265,260.1483
827.6793,214.4031,118.7272,257.5468
828.2729,215.6908,117.5400,254.9713
828.8606,216.9657,116.3646,252.4216
828.2787,215.7036,117.5282,254.9458
827.3973,213.7915,119.2911,258.7700
826.5026,204.3766,121.0805,262.6516
827.1080,205.6898,119.8697,260.0251
826.5087,204.3897,121.0684,262.6253
825.9033,203.0766,122.2791,265.2516
826.8204,197.6311,120.4449,261.2728
825.9171,195.6716,122.2516,265.1919
826.8340,190.2273,120.4178,261.2140
827.7371,192.1864,118.6115,257.2958
827.1440,190.8999,119.7976,259.8687
827.4435,191.5496,119.1987,258.5694
828.0396,185.5581,118.0067,255.9837
828.3345,186.1980,117.4166,254.7038
827.4539,184.2878,119.1779,258.5244
828.3478,186.2267,117.3902,254.6465
827.7608,184.9535,118.5641,257.1929
827.7608,184.9535,118.5641,257.1929
826.8716,183.0245,120.3426,261.0508
819.4430,183.0245,120.3426,261.0508
820.3456,177.6653,118.5374,257.1351
821.2346,179.5938,116.7594,253.2780
822.1103,174.3941,115.0080,249.4789
822.3978,175.0178,114.4330,248.2315
816.2983,169.9217,112.7165,244.5080
816.2983,169.9217,112.7165,244.5080
816.2983,169.9217,112.7165,244.5080
816.8619,164.2560,111.5893,242.0629
817.6988,166.0715,109.9155,238.4320
818.2484,167.2637,108.8163,236.0477
817.4323,165.4933,110.4485,239.5884
809.9940,164.2954,111.5530,241.9843
809.7151,163.6904,112.1108,243.1942
809.9954,164.2984,111.5502,241.9782
810.5532,158.6913,110.4347,239.5584
811.3814,160.4880,108.7782,235.9651
811.3814,160.4880,108.7782,235.9651
811.6534,161.0779,108.2343,234.7852
811.6534,154.3968,108.2343,234.7852
812.1945,155.5707,107.1520,232.4374
811.9266,154.9896,107.6877,233.5996
811.1190,153.2376,109.3031,237.1036
811.9388,148.3700,107.6635,233.5470
811.9388,148.3700,107.6635,233.5470
812.7462,143.5754,106.0486,230.0438
812.4811,143.0003,106.5788,231.1940
811.6818,141.2664,108.1775,234.6619
812.4931,143.0263,106.5548,231.1420
812.4931,136.4489,106.5548,231.1420
812.2267,135.8710,107.0876,232.2977
812.4944,136.4518,106.5522,231.1362
812.2280,135.8739,107.0849,232.2919
812.4958,129.8775,106.5495,231.1304
813.2949,131.6110,104.9513,227.6635
806.8164,131.6110,104.9513,227.6635
806.5540,131.0418,105.4760,228.8018
807.3451,126.3446,103.8939,225.3698
806.8256,125.2178,104.9328,227.6235
806.0386,123.5106,106.5068,231.0378
799.7633,117.5466,105.9743,229.8826
800.5581,119.2707,104.3847,226.4344
800.2971,112.2289,104.9066,227.5666
800.8217,113.3667,103.8575,225.2909
794.4107,106.9558,103.8575,225.2909
794.4107,106.9558,103.8575,225.2909
793.8914,105.8293,104.8961,227.5438
794.6782,101.1580,103.3226,224.1307
787.7198,100.0373,104.3559,226.3720
788.5025,101.7351,102.7905,222.9764
788.5025,101.7351,102.7905,222.9764
789.2734,103.4074,101.2487,219.6317
788.7672,108.6217,102.2612,221.8280
781.8803,113.8881,103.2838,224.0463
782.1385,120.7919,102.7673,222.9261
781.3678,125.5587,104.3089,226.2700
782.1501,133.5980,102.7442,222.8759
782.6638,140.9912,101.7168,220.6472
783.4267,148.8307,100.1910,217.3375
778.0862,156.5526,98.6882,214.0774
778.8264,164.1586,97.2078,210.8663
779.5555,171.6506,95.7497,207.7033
779.3161,177.0714,96.2285,208.7418
779.7972,183.9957,95.2662,206.6544
779.3209,188.9019,96.2189,208.7209
779.3209,194.8413,96.2189,208.7209
779.3209,200.7807,96.2189,208.7209
779.5615,207.2123,95.7378,207.6773
779.3221,212.6324,96.2165,208.7157
772.5721,217.0954,97.6597,211.8464
773.3046,224.6222,96.1948,208.6687
774.0260,226.1872,94.7519,205.5387
774.0260,232.0361,94.7519,205.5387
774.7366,239.3388,93.3306,202.4556
774.9700,245.5773,92.8639,201.4433
770.0201,247.0881,91.4710,198.4217
770.0201,252.7345,91.4710,198.4217
770.0201,252.7345,91.4710,198.4217
769.3341,256.9773,92.8431,201.3980
763.8638,263.1832,92.3788,200.3910
764.3257,264.1852,91.4550,198.3871
764.7830,270.7661,90.5405,196.4032
764.3303,275.4288,91.4459,198.3673
764.7875,282.0090,90.5314,196.3836
765.4665,283.4819,89.1735,193.4379
765.4665,288.9865,89.1735,193.4379
765.2435,294.0349,89.6193,194.4050
760.4666,300.9420,88.2751,191.4890
760.9080,307.2940,87.3923,189.5741
760.6895,312.2417,87.8293,190.5219
760.2504,316.7648,88.7076,192.4272
760.0286,321.7869,89.1511,193.3893
759.8057,326.8341,89.5968,194.3562
760.0297,332.8230,89.1489,193.3845
760.6983,334.2734,87.8116,190.4837
760.6983,339.6939,87.8116,190.4837
766.3112,345.5634,87.3726,189.5313
766.5297,346.0373,86.9357,188.5836
767.1816,352.7376,85.6317,185.7549
766.5394,356.7096,86.9162,188.5412
766.3221,361.6303,87.3507,189.4839
766.1038,366.5755,87.7875,190.4313
766.3232,372.4435,87.3485,189.4792
766.7599,378.7289,86.4751,187.5844
766.3276,383.1823,87.3398,189.4602
766.5460,389.0203,86.9031,188.5129
767.1977,395.7181,85.5996,185.6852
766.5557,399.6887,86.8836,188.4705
767.2073,406.3849,85.5803,185.6434
767.8492,412.9807,84.2966,182.8588
768.2707,419.0465,83.4536,181.0302
768.2707,424.1979,83.4536,181.0302
768.2707,429.3494,83.4536,181.0302
768.4793,434.9277,83.0364,180.1250
768.8945,440.9027,82.2060,178.3238
768.2780,444.7159,83.4391,180.9986
767.6522,448.5862,84.6907,183.7136
767.2287,452.9478,85.5376,185.5508
767.8702,459.5403,84.2545,182.7675
767.2383,463.4484,85.5183,185.5090
766.8107,467.8526,86.3735,187.3641
766.8107,473.1843,86.3735,187.3641
766.3788,477.6325,87.2373,189.2377
766.1608,477.1594,87.6734,190.1839
766.5991,478.1103,86.7967,188.2821
765.9482,482.1364,88.0987,191.1063
765.9482,482.1364,88.0987,191.1063
766.1684,482.6141,87.6582,190.1508
771.1953,481.6634,88.5348,192.0523
771.4166,482.1435,88.0921,191.0920
770.9761,481.1880,88.9730,193.0030
770.5312,480.2231,89.8627,194.9330
770.9805,481.1977,88.9641,192.9837
770.5358,474.6862,89.8537,194.9135
770.5358,474.6862,89.8537,194.9135
771.2097,470.6848,88.5059,191.9898
771.8734,472.1247,87.1783,189.1100
772.5273,473.5430,85.8707,186.2733
772.5273,473.5430,85.8707,186.2733
772.7419,468.7346,85.4413,185.3419
773.3828,470.1246,84.1597,182.5618
773.8035,471.0374,83.3181,180.7362
774.2202,471.9411,82.4849,178.9288
774.2202,471.9411,82.4849,178.9288
773.6015,470.5992,83.7222,181.6128
773.6015,470.5992,83.7222,181.6128
773.6015,470.5992,83.7222,181.6128
773.8108,471.0532,83.3036,180.7047
774.2274,466.8659,82.4706,178.8976
774.2274,466.8659,82.4706,178.8976
774.2274,466.8659,82.4706,178.8976
774.2274,466.8659,82.4706,178.8976
773.6088,465.5242,83.7076,181.5811
774.2366,461.7964,82.4520,178.8574
774.6489,462.6907,81.6275,177.0688
775.0570,463.5760,80.8112,175.2981
775.6631,459.9773,79.5990,172.6687
775.8621,460.4089,79.2010,171.8053
775.8621,460.4089,79.2010,171.8053
775.2681,459.1204,80.3890,174.3824
775.6700,459.9923,79.5852,172.6386
775.4711,459.5607,79.9831,173.5018
775.6710,459.9945,79.5832,172.6343
780.0604,458.6997,80.7769,175.2238
780.4642,459.5758,79.9691,173.4715
780.2643,459.1422,80.3690,174.3389
779.6616,457.8346,81.5745,176.9540
779.8655,458.2770,81.1667,176.0692
779.4597,457.3966,81.9783,177.8299
784.5201,457.3966,81.9783,177.8299
783.9052,456.0629,83.2080,180.4973
783.9052,456.0629,83.2080,180.4973
784.5293,452.3574,81.9599,177.7899
790.1274,453.6908,80.7305,175.1230
789.7237,452.8152,81.5378,176.8743
790.1314,453.6996,80.7224,175.1055
789.7278,452.8241,81.5296,176.8566
790.3392,454.1505,80.3067,174.2037
789.7369,452.8440,81.5113,176.8168
794.7685,452.8440,81.5113,176.8168
794.3610,451.9599,82.3264,178.5850
794.3610,451.9599,82.3264,178.5850
794.3610,451.9599,82.3264,178.5850
794.3610,451.9599,82.3264,178.5850
793.7435,450.6205,83.5613,181.2637
793.7435,450.6205,83.5613,181.2637
793.7435,450.6205,83.5613,181.2637
799.4509,451.9799,82.3079,178.5448
799.0394,451.0872,83.1310,180.3302
798.4160,449.7348,84.3779,183.0352
798.4160,449.7348,84.3779,183.0352
799.0488,445.9771,83.1123,180.2896
798.8410,445.5264,83.5278,181.1911
799.0498,445.9794,83.1102,180.2851
798.6343,445.0780,83.9413,182.0880
798.6343,445.0780,83.9413,182.0880
804.3676,446.4436,82.6822,179.3567
804.7811,447.3404,81.8553,177.5631
804.7811,447.3404,81.8553,177.5631
804.9857,447.7843,81.4461,176.6753
804.9857,447.7843,81.4461,176.6753
805.1893,448.2260,81.0388,175.7919
805.5945,449.1049,80.2284,174.0340
805.5945,449.1049,80.2284,174.0340
810.7227,449.5400,79.8273,173.1638
810.9222,449.9730,79.4282,172.2980
810.9222,449.9730,79.4282,172.2980
810.7237,449.5422,79.8253,173.1595
810.3246,448.6764,80.6236,174.8911
815.1246,448.2392,81.0267,175.7655
814.9221,447.7998,81.4318,176.6444
814.7185,447.3582,81.8390,177.5276
814.7185,447.3582,81.8390,177.5276
819.7703,447.3582,81.8390,177.5276
820.1795,443.2445,81.0206,175.7523
820.3820,443.6839,80.6155,174.8736
820.9866,444.9955,79.4062,172.2505
820.9866,444.9955,79.4062,172.2505
821.1852,445.4261,79.0092,171.3892
825.8892,444.9976,79.4043,172.2462
825.4921,444.1364,80.1983,173.9686
825.8931,445.0062,79.3963,172.2289
825.4962,449.0951,80.1903,173.9512
824.8947,447.7905,81.3931,176.5605
824.2842,446.4663,82.6140,179.2089
824.2842,446.4663,82.6140,179.2089
824.6973,447.3623,81.7879,177.4168
824.4929,446.9188,82.1968,178.3039
824.9038,442.7871,81.3749,176.5208
825.1073,443.2285,80.9680,175.6382
825.5121,444.1066,80.1583,173.8819
825.7125,444.5414,79.7575,173.0125
825.1143,443.2437,80.9539,175.6076
830.6437,444.5608,79.7396,172.9735
831.0424,445.4257,78.9422,171.2438
831.0424,445.4257,78.9422,171.2438
831.0424,445.4257,78.9422,171.2438
831.0424,445.4257,78.9422,171.2438
831.0424,445.4257,78.9422,171.2438
831.0424,445.4257,78.9422,171.2438
831.0424,445.4257,78.9422,171.2438
831.0424,445.4257,78.9422,171.2438
831.2397,445.8538,78.5475,170.3876
831.8289,447.1317,77.3692,167.8318
836.0961,445.8730,78.5298,170.3492
836.6851,447.1506,77.3518,167.7940
836.4917,446.7311,77.7386,168.6330
836.1030,445.8879,78.5160,170.3193
835.5141,444.6105,79.6937,172.8741
840.0842,443.7462,80.4907,174.6028
840.4866,444.6192,79.6858,172.8568
840.2874,444.1870,80.0842,173.7211
840.4877,444.6213,79.6838,172.8525
840.4877,444.6213,79.6838,172.8525
840.4877,444.6213,79.6838,172.8525
840.4877,444.6213,79.6838,172.8525
840.4877,444.6213,79.6838,172.8525
845.7556,445.4856,78.8869,171.1239
845.7556,445.4856,78.8869,171.1239
845.7556,445.4856,78.8869,171.1239
845.7556,450.3552,78.8869,171.1239
845.5584,449.9273,79.2814,171.9796
845.5584,449.9273,79.2814,171.9796
845.5584,449.9273,79.2814,171.9796
845.1620,449.0674,80.0742,173.6994
844.9619,448.6332,80.4745,174.5679
844.7606,448.1968,80.8769,175.4407
844.7606,443.2044,80.8769,175.4407
844.9628,443.6430,80.4725,174.5635
844.9628,443.6430,80.4725,174.5635
845.5663,444.9522,79.2654,171.9450
845.7645,445.3821,78.8691,171.0853
845.7645,445.3821,78.8691,171.0853
845.7645,445.3821,78.8691,171.0853
845.7645,450.2505,78.8691,171.0853
845.5674,449.8228,79.2635,171.9408
844.9729,448.5333,80.4524,174.5199
845.5763,449.8422,79.2456,171.9021
845.5763,449.8422,79.2456,171.9021
845.5763,449.8422,79.2456,171.9021
845.5763,449.8422,79.2456,171.9021
845.5763,449.8422,79.2456,171.9021
845.5763,449.8422,79.2456,171.9021
845.5763,449.8422,79.2456,171.9021
845.5763,449.8422,79.2456,171.9021
845.1801,448.9827,80.0381,173.6211
845.5803,449.8508,79.2377,171.8849
845.5803,449.8508,79.2377,171.8849
845.5803,449.8508,79.2377,171.8849
845.5803,449.8508,79.2377,171.8849
845.5803,449.8508,79.2377,171.8849
845.5803,449.8508,79.2377,171.8849
845.5803,454.7420,79.2377,171.8849
844.9860,453.4529,80.4263,174.4631
844.7849,453.0167,80.8284,175.3354
844.9869,453.4550,80.4243,174.4588
844.9869,453.4550,80.4243,174.4588
844.9869,453.4550,80.4243,174.4588
844.9869,453.4550,80.4243,174.4588
844.9869,453.4550,80.4243,174.4588
844.9869,453.4550,80.4243,174.4588
844.7859,453.0189,80.8264,175.3311
844.7859,453.0189,80.8264,175.3311
844.9880,453.4572,80.4222,174.4544
844.9880,453.4572,80.4222,174.4544
844.9880,453.4572,80.4222,174.4544
845.5911,454.7656,79.2159,171.8376
840.9238,455.1952,78.8198,170.9784
840.5297,454.3403,79.6080,172.6882
840.5297,454.3403,79.6080,172.6882
840.5297,454.3403,79.6080,172.6882
840.1316,453.4769,80.4041,174.4151
840.3326,453.9129,80.0021,173.5430
840.5327,459.2605,79.6021,172.6753
841.1296,460.5555,78.4081,170.0852
840.7376,459.7051,79.1921,171.7860
841.1335,460.5641,78.4002,170.0681
841.3296,460.9892,78.0082,169.2178
840.7445,459.7201,79.1783,171.7561
840.1507,458.4319,80.3660,174.3324
840.1507,458.4319,80.3660,174.3324
840.7534,459.7394,79.1605,171.7174
845.2929,458.8808,79.9521,173.4346
845.6927,459.7480,79.1526,171.7003
845.6927,459.7480,79.1526,171.7003
845.6927,459.7480,79.1526,171.7003
845.6927,459.7480,79.1526,171.7003
845.6927,459.7480,79.1526,171.7003
845.6927,459.7480,79.1526,171.7003
845.6927,459.7480,79.1526,171.7003
845.6927,459.7480,79.1526,171.7003
845.6927,464.6339,79.1526,171.7003
845.0991,463.3462,80.3399,174.2758
844.6973,462.4748,81.1433,176.0185
844.9002,462.9149,80.7376,175.1384
844.9002,462.9149,80.7376,175.1384
844.9002,462.9149,80.7376,175.1384
839.6896,462.4770,81.1413,176.0141
839.2839,461.5970,81.9527,177.7743
838.6693,460.2636,83.1820,180.4409
838.6693,460.2636,83.1820,180.4409
839.2932,461.6169,81.9342,177.7343
838.8835,460.7283,82.7536,179.5116
839.2972,461.6258,81.9260,177.7165
839.2972,461.6258,81.9260,177.7165
839.2972,461.6258,81.9260,177.7165
838.6828,460.2930,83.1549,180.3822
839.0986,461.1949,82.3234,178.5784
838.8928,460.7484,82.7350,179.4713
834.2504,461.6458,81.9076,177.6766
834.6600,462.5342,81.0886,175.8998
834.8627,467.9543,80.6831,175.0203
834.8627,467.9543,80.6831,175.0203
834.6609,467.5168,81.0865,175.8954
834.4583,467.0771,81.4920,176.7749
834.0508,466.1932,82.3069,178.5426
838.5904,464.8541,83.5415,181.2208
838.7993,465.3072,83.1238,180.3147
838.7993,465.3072,83.1238,180.3147
838.7993,465.3072,83.1238,180.3147
838.5914,464.8564,83.5394,181.2163
833.6693,465.3094,83.1217,180.3102
833.0459,463.9571,84.3685,183.0148
833.0459,463.9571,84.3685,183.0148
827.8380,463.9571,84.3685,183.0148
828.2598,464.8722,83.5249,181.1847
828.2598,464.8722,83.5249,181.1847
828.2598,470.0280,83.5249,181.1847
823.1039,470.0280,83.5249,181.1847
822.6863,469.1221,84.3601,182.9965
817.7158,469.5796,83.9383,182.0816
817.9257,470.0348,83.5186,181.1711
817.2993,468.6760,84.7714,183.8887
812.3046,469.1357,84.3475,182.9693
812.0937,468.6783,84.7693,183.8841
807.5753,470.0575,83.4977,181.1259
807.3666,469.6046,83.9152,182.0315
801.7152,468.6945,84.7544,183.8518
796.2454,468.2349,85.1781,184.7711
796.0325,467.7729,85.6040,185.6949
791.4696,469.1656,84.3200,182.9095
785.7910,468.2511,85.1632,184.7386
786.0039,468.7129,84.7374,183.8149
780.7732,468.7129,84.7374,183.8149
775.7805,469.1725,84.3137,182.8958
771.0496,470.0869,83.4705,181.0669
765.6626,469.6343,83.8879,181.9722
760.4844,469.6343,83.8879,181.9722
755.3061,469.6343,83.8879,181.9722
750.8347,470.9991,82.6296,179.2426
745.7341,470.9991,82.6296,179.2426
739.9373,474.8318,83.8690,181.9312
734.7601,469.6548,83.8690,181.9312
729.8186,470.1096,83.4497,181.0216
730.0272,470.5621,83.0324,180.1165
724.6686,470.1118,83.4476,181.0171
725.2944,471.4695,82.1959,178.3018
719.5280,470.1322,83.4288,180.9763
714.8467,471.0371,82.5945,179.1666
709.2844,470.1413,83.4205,180.9582
708.8672,469.2365,84.2547,182.7678
704.1396,470.1503,83.4121,180.9401
698.9907,470.1503,83.4121,180.9401
698.3652,468.7932,84.6633,183.6543
693.3768,469.2524,84.2400,182.7360
688.6500,470.1661,83.3976,180.9086
689.0670,471.0706,82.5636,179.0995
683.5067,470.1751,83.3893,180.8905
678.3592,470.1751,83.3893,180.8905
677.7338,468.8185,84.6401,183.6039
672.2714,468.3594,85.0633,184.5219
666.7816,467.8981,85.4886,185.4445
667.4228,469.2890,84.2063,182.6628
662.6979,465.0563,83.3642,180.8362
662.9063,465.5084,82.9474,179.9320
657.7861,465.5084,82.9474,179.9320
657.9935,465.9583,82.5327,179.0324
653.1307,466.4058,82.1200,178.1372
648.2922,466.8512,81.7094,177.2465
647.8836,465.9649,82.5265,179.0190
642.7894,465.9649,82.5265,179.0190
637.6952,465.9649,82.5265,179.0190
633.2963,467.3076,81.2886,176.3337
628.9634,468.6301,80.0693,173.6887
623.5711,472.7536,80.8699,175.4256
623.1667,471.8765,81.6786,177.1798
617.4366,470.5476,82.9038,179.8375
616.8149,469.1989,84.1474,182.5351
612.0933,470.1115,83.3059,180.7097
611.6768,469.2080,84.1390,182.5168
606.9556,470.1206,83.2976,180.6917
606.7474,469.6689,83.7141,181.5951
601.3447,469.2148,84.1326,182.5031
601.3447,469.2148,84.1326,182.5031
596.1513,464.0215,84.1326,182.5031
596.7823,465.3903,82.8707,179.7656
591.6669,465.3903,82.8707,179.7656
591.8740,465.8397,82.4563,178.8667
586.7841,465.8397,82.4563,178.8667
582.3890,467.1812,81.2195,176.1837
581.7798,465.8598,82.4377,178.8265
576.6911,465.8598,82.4377,178.8265
577.1033,466.7539,81.6134,177.0382
571.3777,470.5396,82.8376,179.6938
570.7565,469.1919,84.0801,182.3892
571.1769,470.1038,83.2393,180.5653
565.5711,469.2010,84.0717,182.3710
565.9915,470.1128,83.2310,180.5473
565.9915,470.1128,83.2310,180.5473
566.1995,470.5642,82.8148,179.6445
565.7855,469.6660,83.6430,181.4410
565.5764,469.2124,84.0612,182.3482
565.1560,468.3006,84.9018,184.1717
565.7928,464.5197,83.6283,181.4091
560.6306,464.5197,83.6283,181.4091
560.4215,464.0662,84.0464,182.3161
560.2114,463.6104,84.4667,183.2277
560.2114,468.8244,84.4667,183.2277
560.8448,465.0628,83.1997,180.4793
560.2209,468.9220,84.4477,183.1865
560.2209,468.9220,84.4477,183.1865
560.0098,468.4641,84.8699,184.1024
560.0098,468.4641,84.8699,184.1024
554.2941,467.5435,85.7186,185.9434
554.7227,468.4733,84.8614,184.0840
554.7227,468.4733,84.8614,184.0840
554.9349,468.9335,84.4371,183.1636
554.5127,468.0176,85.2815,184.9952
554.5127,468.0176,85.2815,184.9952
554.0863,467.0927,86.1343,186.8452
554.3016,467.5598,85.7036,185.9109
554.3016,467.5598,85.7036,185.9109
553.6588,466.1654,86.9892,188.6996
554.3113,467.5807,85.6843,185.8691
554.3113,467.5807,85.6843,185.8691
554.9539,468.9747,84.3991,183.0811
555.1649,469.4324,83.9771,182.1657
555.1649,469.4324,83.9771,182.1657
554.9550,468.9770,84.3970,183.0765
554.9550,468.9770,84.3970,183.0765
555.3770,469.8924,83.5530,181.2457
549.9847,469.4393,83.9708,182.1520
550.1946,475.0521,83.5509,181.2412
549.9857,474.5990,83.9687,182.1474
549.9857,474.5990,83.9687,182.1474
549.5659,473.6883,84.8083,183.9689
544.3308,473.6883,84.8083,183.9689
543.6947,472.3085,86.0805,186.7284
543.0491,470.9081,87.3717,189.5293
543.7044,467.0171,86.0611,186.6864
544.3499,468.4172,84.7702,183.8861
544.3499,468.4172,84.7702,183.8861
538.6410,467.4978,85.6179,185.7250
539.2831,468.8907,84.3336,182.9391
539.7048,469.8055,83.4903,181.1097
539.7048,469.8055,83.4903,181.1097
539.4960,469.3527,83.9077,182.0153
539.2863,474.1030,84.3273,182.9253
534.3177,474.5603,83.9056,182.0107
534.1080,474.1053,84.3252,182.9208
534.1080,474.1053,84.3252,182.9208
533.4755,472.7334,85.5900,185.6646
533.4755,472.7334,85.5900,185.6646
533.4755,472.7334,85.5900,185.6646
533.2615,472.2693,86.0180,186.5929
532.8315,471.3363,86.8782,188.4588
533.4830,472.7497,85.5750,185.6319
533.4830,472.7497,85.5750,185.6319
533.9109,473.6779,84.7193,183.7756
533.9109,473.6779,84.7193,183.7756
533.6991,473.2184,85.1429,184.6945
533.6991,473.2184,85.1429,184.6945
533.6991,473.2184,85.1429,184.6945
533.6991,473.2184,85.1429,184.6945
533.6991,473.2184,85.1429,184.6945
533.6991,473.2184,85.1429,184.6945
528.9216,474.1419,84.2914,182.8475
528.2895,472.7706,85.5558,185.5903
528.9312,474.1625,84.2725,182.8064
528.2991,478.0715,85.5365,185.5485
528.2991,478.0715,85.5365,185.5485
528.2991,478.0715,85.5365,185.5485
528.0853,477.6076,85.9642,186.4763
527.4406,476.2090,87.2537,189.2734
526.7861,474.7895,88.5625,192.1125
527.4503,476.2303,87.2341,189.2308
527.4503,476.2303,87.2341,189.2308
526.7961,474.8111,88.5426,192.0693
522.0765,476.2516,87.2144,189.1882
521.8585,475.7787,87.6505,190.1342
521.8585,475.7787,87.6505,190.1342
521.8585,475.7787,87.6505,190.1342
521.8585,475.7787,87.6505,190.1342
521.8585,475.7787,87.6505,190.1342
522.2968,476.7293,86.7740,188.2328
522.5137,477.1999,86.3401,187.2917
521.8661,475.7952,87.6352,190.1010
521.8661,475.7952,87.6352,190.1010
521.8661,475.7952,87.6352,190.1010
521.8661,475.7952,87.6352,190.1010
521.8661,475.7952,87.6352,190.1010
521.8661,475.7952,87.6352,190.1010
521.4280,474.8447,88.5116,192.0020
520.7642,473.4047,89.8393,194.8821
520.7642,473.4047,89.8393,194.8821
520.3149,472.4303,90.7376,196.8309
519.6344,470.9540,92.0987,199.7834
520.3251,472.4524,90.7172,196.7866
520.7787,473.4363,89.8101,194.8188
520.7787,473.4363,89.8101,194.8188
520.7787,473.4363,89.8101,194.8188
521.0032,473.9234,89.3610,193.8447
520.7798,473.4388,89.8078,194.8139
526.9139,474.8999,88.4607,191.8917
526.9139,474.8999,88.4607,191.8917
527.5774,476.3391,87.1338,189.0133
526.9239,474.9215,88.4408,191.8485
526.2606,479.0238,89.7674,194.7262
526.0362,478.5370,90.2162,195.6999
526.0362,478.5370,90.2162,195.6999
525.3596,477.0692,91.5695,198.6353
525.5885,477.5658,91.1116,197.6422
526.0441,478.5540,90.2005,195.6658
526.2695,473.5031,89.7495,194.6874
526.4939,473.9898,89.3008,193.7140
525.8242,472.5370,90.6403,196.6197
526.5040,474.0116,89.2807,193.6704
525.8344,472.5591,90.6199,196.5755
525.6078,472.0677,91.0730,197.5583
525.8355,472.5616,90.6176,196.5705
525.8355,472.5616,90.6176,196.5705
525.8355,472.5616,90.6176,196.5705
526.0620,473.0530,90.1645,195.5877
526.0620,473.0530,90.1645,195.5877
526.7383,474.5199,88.8121,192.6539
526.9603,475.0015,88.3680,191.6906
532.4151,475.0015,88.3680,191.6906
532.4151,475.0015,88.3680,191.6906
531.9733,474.0431,89.2517,193.6075
532.4196,475.0111,88.3592,191.6714
532.4196,475.0111,88.3592,191.6714
531.7568,473.5736,89.6846,194.5465
537.2929,473.5736,89.6846,194.5465
536.6203,472.1145,91.0298,197.4647
537.0754,473.1018,90.1195,195.4901
537.3007,473.5905,89.6689,194.5126
537.3007,473.5905,89.6689,194.5126
537.9733,475.0494,88.3239,191.5949
537.5316,474.0914,89.2071,193.5109
543.0383,474.0914,89.2071,193.5109
542.8152,473.6076,89.6532,194.4784
543.0394,479.6003,89.2049,193.5060
543.0394,479.6003,89.2049,193.5060
542.8163,479.1165,89.6509,194.4736
542.3681,478.1442,90.5474,196.4183
542.3681,478.1442,90.5474,196.4183
542.8209,479.1263,89.6420,194.4541
542.5967,478.6401,90.0902,195.4264
542.1463,477.6630,90.9911,197.3806
542.3738,478.1564,90.5361,196.3938
542.3738,478.1564,90.5361,196.3938
547.5656,477.1745,91.4415,198.3577
547.7942,477.6703,90.9843,197.3659
547.3393,476.6835,91.8941,199.3396
547.7988,472.0645,90.9752,197.3462
547.1165,476.2844,92.3398,200.3064
546.8856,475.7836,92.8015,201.3079
547.5816,477.2934,91.4095,198.2883
547.3531,476.7977,91.8665,199.2797
547.3531,476.7977,91.8665,199.2797
553.6278,478.2923,90.4885,196.2905
553.1754,477.3108,91.3934,198.2534
553.8608,478.7977,90.0225,195.2796
553.6357,478.3095,90.4726,196.2560
553.1834,477.3282,91.3774,198.2186
553.1834,477.3282,91.3774,198.2186
558.6237,476.8327,91.8342,199.2097
558.1646,475.8367,92.7526,201.2018
558.3964,476.3397,92.2888,200.1958
558.1657,475.8392,92.7503,201.1967
558.1657,475.8392,92.7503,201.1967
563.4846,474.8332,93.6778,203.2087
563.0162,473.8171,94.6145,205.2408
563.7258,475.3564,93.1953,202.1622
563.9587,475.8619,92.7294,201.1514
563.7269,475.3590,93.1930,202.1571
563.9599,475.8644,92.7270,201.1463
569.0742,474.3558,94.1179,204.1635
568.8389,473.8454,94.5885,205.1843
568.8389,473.8454,94.5885,205.1843
569.5483,475.3842,93.1697,202.1066
569.3154,474.8790,93.6356,203.1171
569.3154,474.8790,93.6356,203.1171
570.0176,476.4024,92.2310,200.0704
575.1046,474.9018,93.6145,203.0714
575.1046,474.9018,93.6145,203.0714
574.4025,473.3788,95.0187,206.1175
573.9274,472.3482,95.9689,208.1787
574.6472,473.9095,94.5294,205.0560
573.9382,472.3716,95.9473,208.1318
574.1780,472.8920,95.4676,207.0912
574.8940,474.4452,94.0355,203.9848
574.8940,474.4452,94.0355,203.9848
580.9048,474.9551,93.5654,202.9649
580.2031,479.2951,94.9688,206.0093
580.4405,479.8102,94.4940,204.9793
580.9130,480.8351,93.5491,202.9295
580.2114,479.3131,94.9523,205.9734
579.4992,483.7175,96.3766,209.0630
585.8707,484.7628,95.4128,206.9724
586.3478,485.7976,94.4587,204.9027
585.6394,484.2609,95.8756,207.9762
586.1188,485.3008,94.9168,205.8965
592.6018,486.8450,93.4931,202.8080
591.9006,485.3239,94.8955,205.8501
591.1889,489.7256,96.3189,208.9379
590.9481,489.2033,96.8005,209.9826
590.9481,489.2033,96.8005,209.9826
596.7113,488.6783,97.2845,211.0325
597.4409,490.2611,95.8252,207.8670
597.4409,490.2611,95.8252,207.8670
597.9200,491.3004,94.8670,205.7883
597.9200,491.3004,94.8670,205.7883
604.1918,498.1268,93.9183,203.7305
604.4266,498.6361,93.4487,202.7118
603.7258,497.1158,94.8504,205.7525
604.4371,498.6589,93.4277,202.6662
603.7365,502.9926,94.8291,205.7062
604.2106,504.0211,93.8808,203.6491
604.2106,504.0211,93.8808,203.6491
604.2106,509.8162,93.8808,203.6491
604.2106,509.8162,93.8808,203.6491
609.5942,508.7980,94.8196,205.6856
609.3572,508.2838,95.2937,206.7141
609.3572,508.2838,95.2937,206.7141
609.5954,508.8005,94.8172,205.6805
610.3066,510.3431,93.3950,202.5953
609.6061,514.6753,94.7959,205.6342
610.3171,516.2175,93.3740,202.5497
610.0836,515.7112,93.8408,203.5624
609.6144,514.6934,94.7792,205.5981
610.3253,516.2354,93.3576,202.5141
609.6251,520.5657,94.7579,205.5518
615.4744,520.5657,94.7579,205.5518
616.1850,522.1074,93.3365,202.4685
615.7183,521.0950,94.2699,204.4932
615.0113,525.4678,95.6840,207.5606
615.4897,526.5056,94.7271,205.4850
615.9634,527.5330,93.7799,203.4301
621.1357,526.0073,95.1866,206.4816
621.8496,527.5558,93.7588,203.3844
621.1464,531.9049,95.1651,206.4351
620.4327,530.3566,96.5926,209.5317
626.6069,530.8804,96.1096,208.4840
626.3666,530.3593,96.5902,209.5264
626.3666,530.3593,96.5902,209.5264
625.6422,534.8396,98.0390,212.6693
631.6940,534.8396,98.0390,212.6693
632.4293,536.4346,96.5685,209.4793
631.9464,535.3872,97.5341,211.5741
632.4341,536.4451,96.5588,209.4583
631.7099,540.9240,98.0072,212.6002
631.7099,540.9240,98.0072,212.6002
638.1893,541.9869,97.0271,210.4742
637.9467,541.4608,97.5123,211.5266
638.4343,542.5184,96.5371,209.4113
639.1583,544.0890,95.0891,206.2701
638.4451,548.4997,96.5154,209.3642
643.9799,547.4529,97.4806,211.4578
643.7361,546.9243,97.9680,212.5151
643.4913,546.3929,98.4578,213.5777
644.2297,547.9948,96.9809,210.3740
644.4721,548.5208,96.4960,209.3222
644.2309,547.9974,96.9785,210.3688
644.7158,549.0493,96.0087,208.2651
650.0110,553.5026,97.4489,211.3891
649.5238,552.4457,98.4233,213.5030
648.7856,550.8444,99.8997,216.7055
649.5349,552.4697,98.4012,213.4549
649.0429,557.5374,99.3852,215.5895
649.0429,557.5374,99.3852,215.5895
654.9600,556.9984,99.8821,216.6674
654.2109,561.6314,101.3804,219.9174
654.7178,562.7310,100.3666,217.7183
654.9687,563.2753,99.8647,216.6297
660.9144,562.7337,100.3641,217.7128
660.4125,567.9024,101.3677,219.8899
660.9194,569.0018,100.3540,217.6910
660.4176,567.9134,101.3576,219.8680
667.3406,569.5624,99.8372,216.5699
668.0894,571.1867,98.3396,213.3214
668.0894,571.1867,98.3396,213.3214
674.8062,572.7866,96.8645,210.1216
675.5327,574.3625,95.4116,206.9697
675.7712,574.8799,94.9345,205.9349
681.4233,574.3651,95.4092,206.9646
680.7078,578.7906,96.8403,210.0690
680.7078,578.7906,96.8403,210.0690
681.4341,580.3661,95.3877,206.9180
687.9493,581.9180,93.9569,203.8142
687.2446,580.3895,95.3663,206.8714
686.5294,584.8130,96.7968,209.9745
687.2553,586.3878,95.3448,206.8249
693.7676,587.9390,93.9146,203.7225
693.0632,592.2953,95.3234,206.7784
692.3483,590.7444,96.7532,209.8800
692.3483,590.7444,96.7532,209.8800
693.0740,592.3185,95.3019,206.7318
693.0740,592.3185,95.3019,206.7318
692.5975,591.2849,96.2549,208.7991
699.1719,592.8508,94.8111,205.6672
699.4089,593.3651,94.3371,204.6388
699.8806,594.3882,93.3937,202.5924
700.5811,595.9077,91.9928,199.5536
700.8111,596.4066,91.5328,198.5558
700.1246,600.6523,92.9058,201.5341
699.8923,600.1484,93.3703,202.5418
706.0651,601.1612,92.4366,200.5164
705.6030,605.9216,93.3610,202.5215
705.1361,604.9090,94.2946,204.5468
705.1361,604.9090,94.2946,204.5468
704.9004,610.2474,94.7661,205.5695
710.1271,608.7056,96.1876,208.6530
710.3676,609.2272,95.7066,207.6098
710.1284,614.6456,96.1852,208.6478
710.1284,614.6456,96.1852,208.6478
716.0657,614.6456,96.1852,208.6478
716.0657,614.6456,96.1852,208.6478
715.3443,619.1072,97.6279,211.7775
720.7289,617.5188,99.0924,214.9542
719.9857,615.9067,100.5787,218.1785
720.4886,616.9976,99.5730,215.9967
719.7418,621.6163,101.0666,219.2367
725.7590,621.0682,101.5719,220.3329
725.2512,619.9665,102.5876,222.5362
724.4818,624.7250,104.1264,225.8742
725.2627,626.4191,102.5645,222.4861
724.4935,624.7504,104.1030,225.8234
725.2742,626.4442,102.5414,222.4361
724.5052,631.2005,104.0796,225.7726
725.2858,632.8938,102.5184,222.3860
732.2880,634.5617,100.9806,219.0502
731.7831,633.4664,101.9904,221.2407
731.0182,638.1973,103.5203,224.5593
730.7594,637.6359,104.0379,225.6821
730.2393,636.5075,105.0782,227.9389
729.4511,634.7979,106.6544,231.3580
728.9178,640.2906,107.7210,233.6716
728.3793,639.1223,108.7982,236.0083
728.3793,639.1223,108.7982,236.0083
728.6512,639.7123,108.2542,234.8283
729.1925,640.8864,107.1716,232.4800
729.1925,640.8864,107.1716,232.4800
728.9246,646.9538,107.7075,233.6424
729.1938,647.5379,107.1690,232.4742
729.4618,648.1191,106.6331,231.3118
735.5767,646.9625,107.6994,233.6249
735.3075,653.0598,108.2379,234.7931
735.0369,652.4728,108.7791,235.9670
734.7650,658.6313,109.3230,237.1469
734.4916,658.0384,109.8696,238.3326
735.0410,659.2300,108.7709,235.9493
741.7552,659.2300,108.7709,235.9493
740.9395,664.2754,110.4025,239.4885
741.7675,666.0716,108.7465,235.8962
741.2238,664.8921,109.8339,238.2551
741.7729,666.0834,108.7356,235.8726
748.4850,666.0834,108.7356,235.8726
749.3005,667.8524,107.1046,232.3345
749.3005,667.8524,107.1046,232.3345
749.3005,674.4638,107.1046,232.3345
749.0328,673.8830,107.6401,233.4962
748.7637,673.2993,108.1783,234.6637
749.5750,675.0592,106.5556,231.1437
749.8414,675.6371,106.0228,229.9880
750.6365,677.3620,104.4325,226.5382
750.8976,677.9283,103.9103,225.4055
751.6769,679.6188,102.3517,222.0244
752.1887,680.7290,101.3282,219.8042
745.0801,679.0804,102.8481,223.1012
744.8230,678.5227,103.3623,224.2167
744.8230,678.5227,103.3623,224.2167
744.5646,677.9622,103.8791,225.3378
744.3049,677.3988,104.3985,226.4645
744.5659,677.9650,103.8765,225.3322
745.0853,679.0916,102.8378,223.0788
744.3140,677.4185,104.3803,226.4250
743.7921,676.2864,105.4241,228.6893
744.3192,677.4299,104.3699,226.4024
744.3192,683.8724,104.3699,226.4024
744.0583,683.3065,104.8917,227.5344
743.5338,682.1688,105.9407,229.8097
743.5338,682.1688,105.9407,229.8097
744.0635,683.3178,104.8813,227.5116
744.5880,684.4554,103.8324,225.2365
751.4524,685.5815,102.7941,222.9842
751.9664,686.6965,101.7662,220.7543
751.7120,686.1446,102.2750,221.8581
752.4790,687.8085,100.7409,218.5302
752.7309,688.3549,100.2372,217.4376
752.7309,688.3549,100.2372,217.4376
751.9791,686.7241,101.7407,220.6991
752.4878,687.8276,100.7233,218.4921
752.7396,688.3738,100.2197,217.3997
751.9880,686.7433,101.7230,220.6607
751.2250,685.0884,103.2489,223.9706
757.8246,685.6483,102.7326,222.8507
758.5952,687.3196,101.1916,219.5080
757.8362,685.6733,102.7095,222.8006
758.3498,686.7874,101.6824,220.5726
758.6040,687.3388,101.1740,219.4697
758.6040,687.3388,101.1740,219.4697
764.8493,687.3388,101.1740,219.4697
2
0
0
0
0
0
2
0
0
0
0
0
2
0
0
0
0
0
2
0
0
0
0
0
2
0
0
0
0
0
2
0
0
0
0
0
2
0
0
0
0
0
2
0
0
0
0
0
2
0
0
0
0
0
2
0
0
0
0
0
2
0
0
0
0
0
2
0
0
0
0
0
2
0
0
0
0
0
2
0
0
0
0
0
2
0
0
0
0
0
2
0
0
0
0
0
759.2627,665.5575,99.0862,214.9407
746.4120,645.9500,100.0770,217.0901
746.4120,621.2396,100.0770,217.0901
746.6622,591.0488,99.5766,216.0047
746.9112,561.0090,99.0787,214.9247
747.6543,538.5240,97.5926,211.7008
748.3862,516.3763,96.1287,208.5253
742.7224,493.2808,95.6480,207.4827
743.2006,465.0924,94.6916,205.4078
743.6740,431.3992,93.7446,203.3537
744.3771,404.4249,92.3385,200.3034
744.3771,381.6252,92.3385,200.3034
744.3771,353.1257,92.3385,200.3034
744.3771,324.6262,92.3385,200.3034
745.0696,298.0564,90.9534,197.2989
744.6149,280.0583,91.8629,199.2719
745.3039,264.7963,90.4850,196.2828
745.9825,255.2650,89.1277,193.3386
746.6509,245.8767,87.7908,190.4385
746.6509,240.4575,87.7908,190.4385
745.9926,233.5288,89.1077,193.2951
745.5470,232.5623,89.9987,195.2280
745.7720,227.5227,89.5487,194.2519
745.9958,228.0083,89.1010,193.2806
741.2466,229.4579,87.7645,190.3814
741.4659,229.9338,87.3257,189.4295
741.4659,229.9338,87.3257,189.4295
741.0294,228.9867,88.1989,191.3238
741.6909,230.4216,86.8759,188.4539
741.4736,229.9505,87.3103,189.3962
742.1285,231.3710,86.0006,186.5553
742.3434,231.8374,85.5706,185.6225
737.7823,238.4324,84.2871,182.8381
737.5717,237.9753,84.7085,183.7523
738.2070,244.5040,83.4379,180.9960
738.4155,250.0812,83.0207,180.0911
738.2080,254.7813,83.4358,180.9915
737.5822,258.6515,84.6873,183.7064
736.9471,262.5797,85.9577,186.4620
737.5917,269.2046,84.6683,183.6651
738.0151,270.1230,83.8216,181.8284
737.3864,274.0110,85.0789,184.5558
737.1737,273.5496,85.5043,185.4786
737.6013,274.4770,84.6493,183.6238
731.9005,278.8364,85.4958,185.4601
731.6868,278.3728,85.9233,186.3874
731.9016,278.8387,85.4936,185.4554
732.5427,280.2296,84.2112,182.6736
732.7533,280.6863,83.7902,181.7602
732.9628,281.1407,83.3712,180.8514
733.5880,282.4971,82.1207,178.1387
733.5880,282.4971,82.1207,178.1387
733.3828,282.0518,82.5313,179.0294
733.5891,282.4994,82.1186,178.1342
734.2050,283.8354,80.8868,175.4622
734.2050,283.8354,80.8868,175.4622
734.2050,283.8354,80.8868,175.4622
733.8005,282.9580,81.6957,177.2168
728.2986,287.1653,82.5126,178.9890
728.0924,286.7179,82.9252,179.8839
728.0924,286.7179,82.9252,179.8839
727.8851,286.2682,83.3398,180.7833
727.8851,286.2682,83.3398,180.7833
723.2088,287.1721,82.5064,178.9755
723.6213,288.0670,81.6814,177.1858
723.8255,288.5099,81.2730,176.2998
723.8255,293.5268,81.2730,176.2998
723.6223,298.1280,81.6793,177.1813
724.0308,304.0054,80.8625,175.4095
719.2664,309.4105,80.4582,174.5325
719.0652,308.9741,80.8605,175.4051
719.0652,313.9655,80.8605,175.4051
