1
383.9955,267.9947,11.0090,13.0107
384.0013,268.0015,10.9975,12.9971
384.0125,268.0148,10.9750,12.9704
384.0235,268.0277,10.9531,12.9445
385.0291,268.0344,10.9418,12.9312
385.0432,268.0510,10.9137,12.8980
386.0686,268.0810,10.8629,12.8379
386.0906,268.1070,10.8189,12.7859
388.1156,268.1366,10.7688,12.7268
388.1241,268.1466,10.7518,12.7067
389.1394,268.1648,10.7212,12.6705
390.1778,268.2101,10.6444,12.5797
391.1870,268.2209,10.6261,12.5581
392.2128,268.2514,10.5745,12.4971
393.2489,268.2941,10.5023,12.4118
393.2574,268.3043,10.4851,12.3915
394.2993,268.3537,10.4015,12.2927
395.2974,268.3515,10.4052,12.2970
396.3089,267.3651,10.3822,12.2699
397.2979,267.3521,10.4042,12.2959
397.2632,267.3110,10.4737,12.3780
397.2076,267.2454,10.5848,12.5093
398.1906,267.2253,10.6187,12.5494
399.1913,267.2261,10.6173,12.5477
399.1919,267.2268,10.6162,12.5464
399.1924,267.2274,10.6152,12.5452
400.1846,267.2182,10.6307,12.5636
401.1980,267.2340,10.6040,12.5320
401.2068,267.2444,10.5864,12.5112
402.2144,267.2533,10.5713,12.4933
402.2094,267.2475,10.5811,12.5050
403.2369,267.2800,10.5262,12.4400
403.2372,267.2803,10.5256,12.4394
404.2702,267.3193,10.4597,12.3614
405.2547,267.3010,10.4907,12.3981
405.2689,267.3177,10.4623,12.3645
405.2552,267.3015,10.4897,12.3969
406.2853,267.3372,10.4294,12.3256
406.2721,267.3216,10.4558,12.3569
407.2699,266.3189,10.4602,12.3621
407.2817,266.3329,10.4366,12.3341
408.2753,266.3253,10.4494,12.3493
409.2911,266.3440,10.4178,12.3119
409.3055,266.3611,10.3890,12.2779
410.3156,266.3730,10.3688,12.2540
410.3150,266.3723,10.3700,12.2555
411.3263,266.3856,10.3474,12.2288
411.3214,266.3798,10.3573,12.2404
412.2962,266.3500,10.4076,12.2999
413.3245,266.3835,10.3511,12.2331
413.3195,266.3776,10.3611,12.2449
414.3344,266.3951,10.3313,12.2097
414.3493,266.4128,10.3015,12.1745
415.3570,266.4219,10.2860,12.1562
416.3669,266.4337,10.2661,12.1327
416.3413,266.4034,10.3174,12.1933
417.3532,266.4174,10.2935,12.1651
417.3605,266.4261,10.2790,12.1479
418.3744,266.4425,10.2512,12.1150
419.3977,266.4701,10.2045,12.0599
419.3831,266.4528,10.2337,12.0943
419.4059,266.4797,10.1882,12.0406
420.4312,266.5096,10.1377,11.9809
421.4310,265.5094,10.1379,11.9812
422.4464,265.5275,10.1073,11.9450
422.4185,265.4946,10.1630,12.0108
422.4020,265.4751,10.1960,12.0499
423.4180,265.4940,10.1641,12.0121
424.4336,265.5125,10.1328,11.9751
424.4585,265.5418,10.0831,11.9163
424.4824,265.5702,10.0351,11.8597
425.5308,265.6273,9.9385,11.7455
426.5533,264.6539,9.8934,11.6922
426.5658,264.6687,9.8684,11.6626
427.5741,264.6785,9.8517,11.6430
427.5762,264.6809,9.8476,11.6381
428.5832,264.6892,9.8337,11.6217
428.5584,264.6599,9.8832,11.6801
429.5512,264.6514,9.8976,11.6971
429.5877,264.6945,9.8246,11.6109
429.5822,264.6881,9.8356,11.6238
430.5934,260.7013,9.8132,11.5974
430.5603,260.6622,9.8794,11.6756
430.5343,259.6315,9.9313,11.7370
430.5371,260.6347,9.9258,11.7305
430.5783,260.6834,9.8434,11.6331
429.4984,260.5891,10.0031,11.8218
429.5144,260.6079,9.9713,11.7842
428.4642,260.5486,10.0716,11.9028
428.4843,260.5723,10.0315,11.8554
428.5025,260.5939,9.9949,11.8122
428.4893,260.5782,10.0215,11.8436
427.4766,260.5632,10.0469,11.8736
427.4844,260.5724,10.0313,11.8551
426.4397,260.5197,10.1205,11.9606
426.4350,260.5141,10.1300,11.9718
2
0
0
0
0
0
2
0
0
0
0
0
2
0
0
0
0
0
2
0
0
0
0
0
2
0
0
0
0
0
2
0
0
0
0
0
2
0
0
0
0
0
2
0
0
0
0
0
2
0
0
0
0
0
2
0
0
0
0
0
2
0
0
0
0
0
2
0
0
0
0
0
2
0
0
0
0
0
2
0
0
0
0
0
2
0
0
0
0
0
2
0
0
0
0
0
2
0
0
0
0
0
2
0
0
0
0
0
2
0
0
0
0
0
2
0
0
0
0
0
2
0
0
0
0
0
2
0
0
0
0
0
2
0
0
0
0
0
2
0
0
0
0
0
2
0
0
0
0
0
2
0
0
0
0
0
2
0
0
0
0
0
2
0
0
0
0
0
2
0
0
0
0
0
2
0
0
0
0
0
2
0
0
0
0
0
2
0
0
0
0
0
2
0
0
0
0
0
2
0
0
0
0
0
2
0
0
0
0
0
2
0
0
0
0
0
2
0
0
0
0
0
2
0
0
0
0
0
2
0
0
0
0
0
2
0
0
0
0
0
2
0
0
0
0
0
2
0
0
0
0
0
2
0
0
0
0
0
2
0
0
0
0
0
2
0
0
0
0
0
2
0
0
0
0
0
2
0
0
0
0
0
2
0
0
0
0
0
2
0
0
0
0
0
2
0
0
0
0
0
2
0
0
0
0
0
2
0
0
0
0
0
2
0
0
0
0
0
2
0
0
0
0
0
2
0
0
0
0
0
2
0
0
0
0
0
2
0
0
0
0
0
2
0
0
0
0
0
2
0
0
0
0
0
2
0
0
0
0
0
2
0
0
0
0
0
2
0
0
0
0
0
2
0
0
0
0
0
2
0
0
0
0
0
2
0
0
0
0
0
2
0
0
0
0
0
2
0
0
0
0
0
2
0
0
0
0
0
2
0
0
0
0
0
2
0
0
0
0
0
2
0
0
0
0
0
2
0
0
0
0
0
2
0
0
0
0
0
2
0
0
0
0
0
2
0
0
0
0
0
2
0
0
0
0
0
