1
384.5000,267.5000,11.0000,13.0000
384.0000,268.0000,11.0000,13.0000
384.5000,268.5000,11.0000,13.0000
384.0000,268.0000,11.0000,13.0000
385.5000,268.5000,11.0000,13.0000
385.0000,268.0000,11.0000,13.0000
385.5000,267.5000,11.0000,13.0000
387.0000,268.0000,11.0000,13.0000
387.5000,267.5000,11.0000,13.0000
389.0000,268.0000,11.0000,13.0000
389.5000,267.5000,11.0000,13.0000
390.0000,267.0000,11.0000,13.0000
391.5000,266.5000,11.0000,13.0000
392.0000,266.0000,11.0000,13.0000
393.5000,266.5000,11.0000,13.0000
393.0000,265.0000,11.0000,13.0000
393.5000,263.5000,11.0000,13.0000
395.0000,263.0000,11.0000,13.0000
395.5000,262.5000,11.0000,13.0000
396.0000,262.0000,11.0000,13.0000
396.5000,261.5000,11.0000,13.0000
397.0000,262.0000,11.0000,13.0000
396.5000,261.5000,11.0000,13.0000
397.0000,262.0000,11.0000,13.0000
397.5000,261.5000,11.0000,13.0000
398.0000,262.0000,11.0000,13.0000
398.5000,262.5000,11.0000,13.0000
399.0000,262.0000,11.0000,13.0000
399.5000,262.5000,11.0000,13.0000
400.0000,263.0000,11.0000,13.0000
400.5000,262.5000,11.0000,13.0000
401.0000,262.0000,11.0000,13.0000
401.5000,262.5000,11.0000,13.0000
403.0000,262.0000,11.0000,13.0000
403.5000,261.5000,11.0000,13.0000
404.0000,262.0000,11.0000,13.0000
404.5000,261.5000,11.0000,13.0000
405.0000,262.0000,11.0000,13.0000
405.5000,261.5000,11.0000,13.0000
406.0000,262.0000,11.0000,13.0000
406.5000,261.5000,11.0000,13.0000
407.0000,262.0000,11.0000,13.0000
407.5000,261.5000,11.0000,13.0000
408.0000,262.0000,11.0000,13.0000
408.5000,261.5000,11.0000,13.0000
409.0000,262.0000,11.0000,13.0000
409.5000,261.5000,11.0000,13.0000
410.0000,262.0000,11.0000,13.0000
411.5000,261.5000,11.0000,13.0000
412.0000,262.0000,11.0000,13.0000
411.5000,261.5000,11.0000,13.0000
412.0000,262.0000,11.0000,13.0000
412.5000,261.5000,11.0000,13.0000
414.0000,262.0000,11.0000,13.0000
414.5000,261.5000,11.0000,13.0000
414.0000,261.0000,11.0000,13.0000
415.5000,261.5000,11.0000,13.0000
416.0000,262.0000,11.0000,13.0000
416.5000,261.5000,11.0000,13.0000
417.0000,262.0000,11.0000,13.0000
417.5000,261.5000,11.0000,13.0000
418.0000,261.0000,11.0000,13.0000
418.5000,261.5000,11.0000,13.0000
419.0000,261.0000,11.0000,13.0000
419.5000,261.5000,11.0000,13.0000
420.0000,261.0000,11.0000,13.0000
420.5000,261.5000,11.0000,13.0000
421.0000,261.0000,11.0000,13.0000
421.5000,260.5000,11.0000,13.0000
423.0000,261.0000,11.0000,13.0000
422.5000,260.5000,11.0000,13.0000
423.0000,261.0000,11.0000,13.0000
424.5000,260.5000,11.0000,13.0000
425.0000,260.0000,11.0000,13.0000
425.5000,260.5000,11.0000,13.0000
425.0000,260.0000,11.0000,13.0000
425.5000,260.5000,11.0000,13.0000
426.0000,260.0000,11.0000,13.0000
426.5000,260.5000,11.0000,13.0000
427.0000,261.0000,11.0000,13.0000
427.5000,260.5000,11.0000,13.0000
428.0000,261.0000,11.0000,13.0000
428.5000,261.5000,11.0000,13.0000
429.0000,261.0000,11.0000,13.0000
429.5000,260.5000,11.0000,13.0000
430.0000,260.0000,11.0000,13.0000
429.5000,259.5000,11.0000,13.0000
430.0000,260.0000,11.0000,13.0000
429.5000,259.5000,11.0000,13.0000
428.0000,259.0000,11.0000,13.0000
428.5000,259.5000,11.0000,13.0000
427.0000,259.0000,11.0000,13.0000
426.5000,258.5000,11.0000,13.0000
426.0000,258.0000,11.0000,13.0000
425.5000,256.5000,11.0000,13.0000
2
0
0
0
0
0
2
0
0
0
0
0
2
0
0
0
0
0
2
0
0
0
0
0
2
0
0
0
0
0
2
0
0
0
0
0
2
0
0
0
0
0
2
0
0
0
0
0
2
0
0
0
0
0
2
0
0
0
0
0
2
0
0
0
0
0
2
0
0
0
0
0
2
0
0
0
0
0
2
0
0
0
0
0
2
0
0
0
0
0
2
0
0
0
0
0
2
0
0
0
0
0
2
0
0
0
0
0
2
0
0
0
0
0
2
0
0
0
0
0
2
0
0
0
0
0
2
0
0
0
0
0
2
0
0
0
0
0
2
0
0
0
0
0
2
0
0
0
0
0
2
0
0
0
0
0
2
0
0
0
0
0
2
0
0
0
0
0
2
0
0
0
0
0
2
0
0
0
0
0
2
0
0
0
0
0
2
0
0
0
0
0
2
0
0
0
0
0
2
0
0
0
0
0
2
0
0
0
0
0
2
0
0
0
0
0
2
0
0
0
0
0
2
0
0
0
0
0
2
0
0
0
0
0
2
0
0
0
0
0
2
0
0
0
0
0
2
0
0
0
0
0
2
0
0
0
0
0
2
0
0
0
0
0
2
0
0
0
0
0
2
0
0
0
0
0
2
0
0
0
0
0
2
0
0
0
0
0
2
0
0
0
0
0
2
0
0
0
0
0
2
0
0
0
0
0
2
0
0
0
0
0
2
0
0
0
0
0
2
0
0
0
0
0
2
0
0
0
0
0
2
0
0
0
0
0
2
0
0
0
0
0
2
0
0
0
0
0
2
0
0
0
0
0
2
0
0
0
0
0
2
0
0
0
0
0
2
0
0
0
0
0
2
0
0
0
0
0
2
0
0
0
0
0
2
0
0
0
0
0
2
0
0
0
0
0
2
0
0
0
0
0
2
0
0
0
0
0
2
0
0
0
0
0
2
0
0
0
0
0
2
0
0
0
0
0
2
0
0
0
0
0
2
0
0
0
0
0
2
0
0
0
0
0
2
0
0
0
0
0
2
0
0
0
0
0
2
