1
452.5000,375.0000,67.5000,157.5000
452.5000,367.5000,67.5000,157.5000
452.5000,375.0000,67.5000,157.5000
452.5000,367.5000,67.5000,157.5000
452.5000,375.0000,67.5000,157.5000
445.0000,367.5000,67.5000,157.5000
445.0000,375.0000,67.5000,157.5000
445.0000,367.5000,67.5000,157.5000
445.0000,375.0000,67.5000,157.5000
437.5000,367.5000,67.5000,157.5000
437.5000,375.0000,67.5000,157.5000
437.5000,382.5000,67.5000,157.5000
430.0000,375.0000,67.5000,157.5000
430.0000,382.5000,67.5000,157.5000
430.0000,375.0000,67.5000,157.5000
422.5000,382.5000,67.5000,157.5000
422.5000,375.0000,67.5000,157.5000
422.5000,382.5000,67.5000,157.5000
415.0000,375.0000,67.5000,157.5000
415.0000,382.5000,67.5000,157.5000
407.5000,390.0000,67.5000,157.5000
407.5000,382.5000,67.5000,157.5000
407.5000,390.0000,67.5000,157.5000
400.0000,382.5000,67.5000,157.5000
400.0000,390.0000,67.5000,157.5000
400.0000,382.5000,67.5000,157.5000
400.0000,390.0000,67.5000,157.5000
400.0000,397.5000,67.5000,157.5000
392.5000,390.0000,67.5000,157.5000
392.5000,382.5000,67.5000,157.5000
392.5000,390.0000,67.5000,157.5000
392.5000,397.5000,67.5000,157.5000
392.5000,390.0000,67.5000,157.5000
385.0000,382.5000,67.5000,157.5000
385.0000,390.0000,67.5000,157.5000
377.5000,382.5000,67.5000,157.5000
377.5000,390.0000,67.5000,157.5000
377.5000,397.5000,67.5000,157.5000
377.5000,390.0000,67.5000,157.5000
377.5000,397.5000,67.5000,157.5000
370.0000,390.0000,67.5000,157.5000
370.0000,397.5000,67.5000,157.5000
370.0000,390.0000,67.5000,157.5000
370.0000,397.5000,67.5000,157.5000
370.0000,390.0000,67.5000,157.5000
370.0000,382.5000,67.5000,157.5000
370.0000,390.0000,67.5000,157.5000
370.0000,397.5000,67.5000,157.5000
370.0000,390.0000,67.5000,157.5000
370.0000,382.5000,67.5000,157.5000
370.0000,390.0000,67.5000,157.5000
370.0000,397.5000,67.5000,157.5000
362.5000,390.0000,67.5000,157.5000
362.5000,382.5000,67.5000,157.5000
362.5000,390.0000,67.5000,157.5000
362.5000,397.5000,67.5000,157.5000
362.5000,390.0000,67.5000,157.5000
362.5000,397.5000,67.5000,157.5000
355.0000,390.0000,67.5000,157.5000
362.5000,397.5000,67.5000,157.5000
355.0000,390.0000,67.5000,157.5000
355.0000,382.5000,67.5000,157.5000
355.0000,390.0000,67.5000,157.5000
355.0000,382.5000,67.5000,157.5000
355.0000,390.0000,67.5000,157.5000
355.0000,382.5000,67.5000,157.5000
355.0000,390.0000,67.5000,157.5000
355.0000,382.5000,67.5000,157.5000
355.0000,390.0000,67.5000,157.5000
355.0000,382.5000,67.5000,157.5000
355.0000,375.0000,67.5000,157.5000
355.0000,382.5000,67.5000,157.5000
347.5000,375.0000,67.5000,157.5000
355.0000,382.5000,67.5000,157.5000
355.0000,375.0000,67.5000,157.5000
355.0000,382.5000,67.5000,157.5000
355.0000,375.0000,67.5000,157.5000
355.0000,382.5000,67.5000,157.5000
355.0000,375.0000,67.5000,157.5000
355.0000,367.5000,67.5000,157.5000
362.5000,375.0000,67.5000,157.5000
355.0000,367.5000,67.5000,157.5000
362.5000,375.0000,67.5000,157.5000
362.5000,367.5000,67.5000,157.5000
362.5000,375.0000,67.5000,157.5000
362.5000,367.5000,67.5000,157.5000
362.5000,360.0000,67.5000,157.5000
362.5000,367.5000,67.5000,157.5000
362.5000,360.0000,67.5000,157.5000
362.5000,367.5000,67.5000,157.5000
362.5000,360.0000,67.5000,157.5000
362.5000,367.5000,67.5000,157.5000
362.5000,360.0000,67.5000,157.5000
362.5000,367.5000,67.5000,157.5000
355.0000,360.0000,67.5000,157.5000
362.5000,367.5000,67.5000,157.5000
362.5000,360.0000,67.5000,157.5000
362.5000,367.5000,67.5000,157.5000
362.5000,360.0000,67.5000,157.5000
355.0000,352.5000,67.5000,157.5000
362.5000,360.0000,67.5000,157.5000
355.0000,352.5000,67.5000,157.5000
355.0000,345.0000,67.5000,157.5000
355.0000,352.5000,67.5000,157.5000
355.0000,345.0000,67.5000,157.5000
355.0000,352.5000,67.5000,157.5000
355.0000,345.0000,67.5000,157.5000
355.0000,352.5000,67.5000,157.5000
355.0000,345.0000,67.5000,157.5000
355.0000,352.5000,67.5000,157.5000
355.0000,345.0000,67.5000,157.5000
362.5000,352.5000,67.5000,157.5000
362.5000,345.0000,67.5000,157.5000
362.5000,352.5000,67.5000,157.5000
362.5000,345.0000,67.5000,157.5000
362.5000,352.5000,67.5000,157.5000
362.5000,345.0000,67.5000,157.5000
362.5000,352.5000,67.5000,157.5000
362.5000,345.0000,67.5000,157.5000
362.5000,352.5000,67.5000,157.5000
362.5000,345.0000,67.5000,157.5000
362.5000,352.5000,67.5000,157.5000
362.5000,345.0000,67.5000,157.5000
362.5000,352.5000,67.5000,157.5000
362.5000,360.0000,67.5000,157.5000
362.5000,367.5000,67.5000,157.5000
362.5000,360.0000,67.5000,157.5000
362.5000,367.5000,67.5000,157.5000
362.5000,375.0000,67.5000,157.5000
362.5000,382.5000,67.5000,157.5000
362.5000,375.0000,67.5000,157.5000
362.5000,382.5000,67.5000,157.5000
362.5000,390.0000,67.5000,157.5000
362.5000,382.5000,67.5000,157.5000
362.5000,390.0000,67.5000,157.5000
362.5000,397.5000,67.5000,157.5000
362.5000,405.0000,67.5000,157.5000
362.5000,397.5000,67.5000,157.5000
362.5000,405.0000,67.5000,157.5000
362.5000,412.5000,67.5000,157.5000
362.5000,420.0000,67.5000,157.5000
362.5000,412.5000,67.5000,157.5000
362.5000,420.0000,67.5000,157.5000
362.5000,412.5000,67.5000,157.5000
362.5000,420.0000,67.5000,157.5000
370.0000,427.5000,67.5000,157.5000
377.5000,420.0000,67.5000,157.5000
385.0000,427.5000,67.5000,157.5000
385.0000,420.0000,67.5000,157.5000
392.5000,427.5000,67.5000,157.5000
392.5000,420.0000,67.5000,157.5000
400.0000,427.5000,67.5000,157.5000
400.0000,435.0000,67.5000,157.5000
400.0000,427.5000,67.5000,157.5000
407.5000,435.0000,67.5000,157.5000
407.5000,427.5000,67.5000,157.5000
415.0000,435.0000,67.5000,157.5000
415.0000,427.5000,67.5000,157.5000
415.0000,435.0000,67.5000,157.5000
415.0000,427.5000,67.5000,157.5000
422.5000,435.0000,67.5000,157.5000
422.5000,442.5000,67.5000,157.5000
422.5000,435.0000,67.5000,157.5000
430.0000,442.5000,67.5000,157.5000
430.0000,435.0000,67.5000,157.5000
430.0000,442.5000,67.5000,157.5000
430.0000,435.0000,67.5000,157.5000
430.0000,442.5000,67.5000,157.5000
430.0000,435.0000,67.5000,157.5000
430.0000,427.5000,67.5000,157.5000
430.0000,435.0000,67.5000,157.5000
430.0000,427.5000,67.5000,157.5000
430.0000,435.0000,67.5000,157.5000
430.0000,427.5000,67.5000,157.5000
430.0000,435.0000,67.5000,157.5000
430.0000,442.5000,67.5000,157.5000
430.0000,435.0000,67.5000,157.5000
430.0000,442.5000,67.5000,157.5000
422.5000,435.0000,67.5000,157.5000
422.5000,442.5000,67.5000,157.5000
422.5000,435.0000,67.5000,157.5000
422.5000,442.5000,67.5000,157.5000
422.5000,450.0000,67.5000,157.5000
422.5000,442.5000,67.5000,157.5000
430.0000,450.0000,67.5000,157.5000
422.5000,442.5000,67.5000,157.5000
422.5000,450.0000,67.5000,157.5000
422.5000,442.5000,67.5000,157.5000
422.5000,450.0000,67.5000,157.5000
422.5000,442.5000,67.5000,157.5000
422.5000,450.0000,67.5000,157.5000
422.5000,442.5000,67.5000,157.5000
422.5000,450.0000,67.5000,157.5000
422.5000,457.5000,67.5000,157.5000
422.5000,450.0000,67.5000,157.5000
422.5000,457.5000,67.5000,157.5000
415.0000,450.0000,67.5000,157.5000
415.0000,457.5000,67.5000,157.5000
415.0000,450.0000,67.5000,157.5000
415.0000,457.5000,67.5000,157.5000
415.0000,465.0000,67.5000,157.5000
415.0000,457.5000,67.5000,157.5000
407.5000,450.0000,67.5000,157.5000
407.5000,457.5000,67.5000,157.5000
407.5000,450.0000,67.5000,157.5000
407.5000,457.5000,67.5000,157.5000
400.0000,450.0000,67.5000,157.5000
400.0000,457.5000,67.5000,157.5000
400.0000,450.0000,67.5000,157.5000
400.0000,457.5000,67.5000,157.5000
400.0000,465.0000,67.5000,157.5000
392.5000,457.5000,67.5000,157.5000
392.5000,450.0000,67.5000,157.5000
392.5000,457.5000,67.5000,157.5000
385.0000,450.0000,67.5000,157.5000
385.0000,457.5000,67.5000,157.5000
385.0000,450.0000,67.5000,157.5000
385.0000,457.5000,67.5000,157.5000
385.0000,450.0000,67.5000,157.5000
385.0000,457.5000,67.5000,157.5000
385.0000,450.0000,67.5000,157.5000
385.0000,457.5000,67.5000,157.5000
385.0000,450.0000,67.5000,157.5000
385.0000,457.5000,67.5000,157.5000
385.0000,450.0000,67.5000,157.5000
385.0000,457.5000,67.5000,157.5000
385.0000,450.0000,67.5000,157.5000
385.0000,457.5000,67.5000,157.5000
385.0000,450.0000,67.5000,157.5000
377.5000,457.5000,67.5000,157.5000
377.5000,450.0000,67.5000,157.5000
377.5000,457.5000,67.5000,157.5000
377.5000,450.0000,67.5000,157.5000
377.5000,457.5000,67.5000,157.5000
370.0000,450.0000,67.5000,157.5000
370.0000,457.5000,67.5000,157.5000
370.0000,450.0000,67.5000,157.5000
370.0000,457.5000,67.5000,157.5000
370.0000,450.0000,67.5000,157.5000
370.0000,457.5000,67.5000,157.5000
370.0000,450.0000,67.5000,157.5000
362.5000,442.5000,67.5000,157.5000
362.5000,450.0000,67.5000,157.5000
362.5000,442.5000,67.5000,157.5000
362.5000,450.0000,67.5000,157.5000
355.0000,442.5000,67.5000,157.5000
355.0000,450.0000,67.5000,157.5000
355.0000,442.5000,67.5000,157.5000
347.5000,435.0000,67.5000,157.5000
347.5000,442.5000,67.5000,157.5000
347.5000,435.0000,67.5000,157.5000
347.5000,442.5000,67.5000,157.5000
340.0000,435.0000,67.5000,157.5000
340.0000,442.5000,67.5000,157.5000
340.0000,435.0000,67.5000,157.5000
340.0000,442.5000,67.5000,157.5000
340.0000,435.0000,67.5000,157.5000
347.5000,442.5000,67.5000,157.5000
340.0000,435.0000,67.5000,157.5000
340.0000,427.5000,67.5000,157.5000
347.5000,435.0000,67.5000,157.5000
340.0000,427.5000,67.5000,157.5000
340.0000,435.0000,67.5000,157.5000
340.0000,427.5000,67.5000,157.5000
340.0000,420.0000,67.5000,157.5000
340.0000,427.5000,67.5000,157.5000
332.5000,420.0000,67.5000,157.5000
332.5000,427.5000,67.5000,157.5000
332.5000,420.0000,67.5000,157.5000
332.5000,427.5000,67.5000,157.5000
332.5000,420.0000,67.5000,157.5000
325.0000,412.5000,67.5000,157.5000
325.0000,420.0000,67.5000,157.5000
325.0000,412.5000,67.5000,157.5000
325.0000,420.0000,67.5000,157.5000
325.0000,412.5000,67.5000,157.5000
325.0000,405.0000,67.5000,157.5000
325.0000,412.5000,67.5000,157.5000
317.5000,405.0000,67.5000,157.5000
317.5000,397.5000,67.5000,157.5000
317.5000,405.0000,67.5000,157.5000
317.5000,397.5000,67.5000,157.5000
310.0000,390.0000,67.5000,157.5000
310.0000,397.5000,67.5000,157.5000
310.0000,390.0000,67.5000,157.5000
310.0000,397.5000,67.5000,157.5000
302.5000,390.0000,67.5000,157.5000
302.5000,382.5000,67.5000,157.5000
302.5000,390.0000,67.5000,157.5000
302.5000,382.5000,67.5000,157.5000
302.5000,375.0000,67.5000,157.5000
310.0000,382.5000,67.5000,157.5000
310.0000,375.0000,67.5000,157.5000
310.0000,382.5000,67.5000,157.5000
310.0000,375.0000,67.5000,157.5000
310.0000,367.5000,67.5000,157.5000
310.0000,375.0000,67.5000,157.5000
310.0000,367.5000,67.5000,157.5000
310.0000,375.0000,67.5000,157.5000
310.0000,367.5000,67.5000,157.5000
302.5000,360.0000,67.5000,157.5000
302.5000,367.5000,67.5000,157.5000
302.5000,360.0000,67.5000,157.5000
302.5000,367.5000,67.5000,157.5000
302.5000,360.0000,67.5000,157.5000
295.0000,352.5000,67.5000,157.5000
302.5000,360.0000,67.5000,157.5000
295.0000,352.5000,67.5000,157.5000
295.0000,345.0000,67.5000,157.5000
295.0000,352.5000,67.5000,157.5000
295.0000,345.0000,67.5000,157.5000
295.0000,337.5000,67.5000,157.5000
295.0000,345.0000,67.5000,157.5000
295.0000,337.5000,67.5000,157.5000
287.5000,330.0000,67.5000,157.5000
287.5000,337.5000,67.5000,157.5000
287.5000,330.0000,67.5000,157.5000
280.0000,322.5000,67.5000,157.5000
287.5000,330.0000,67.5000,157.5000
280.0000,322.5000,67.5000,157.5000
272.5000,315.0000,67.5000,157.5000
272.5000,322.5000,67.5000,157.5000
272.5000,315.0000,67.5000,157.5000
272.5000,307.5000,67.5000,157.5000
272.5000,315.0000,67.5000,157.5000
272.5000,307.5000,67.5000,157.5000
280.0000,315.0000,67.5000,157.5000
280.0000,322.5000,67.5000,157.5000
280.0000,315.0000,67.5000,157.5000
280.0000,307.5000,67.5000,157.5000
280.0000,315.0000,67.5000,157.5000
280.0000,307.5000,67.5000,157.5000
280.0000,315.0000,67.5000,157.5000
280.0000,307.5000,67.5000,157.5000
280.0000,300.0000,67.5000,157.5000
272.5000,292.5000,67.5000,157.5000
272.5000,300.0000,67.5000,157.5000
272.5000,292.5000,67.5000,157.5000
272.5000,300.0000,67.5000,157.5000
272.5000,292.5000,67.5000,157.5000
272.5000,300.0000,67.5000,157.5000
272.5000,292.5000,67.5000,157.5000
265.0000,285.0000,67.5000,157.5000
265.0000,292.5000,67.5000,157.5000
265.0000,285.0000,67.5000,157.5000
265.0000,292.5000,67.5000,157.5000
265.0000,285.0000,67.5000,157.5000
265.0000,292.5000,67.5000,157.5000
265.0000,300.0000,67.5000,157.5000
257.5000,292.5000,67.5000,157.5000
257.5000,285.0000,67.5000,157.5000
257.5000,292.5000,67.5000,157.5000
257.5000,285.0000,67.5000,157.5000
250.0000,277.5000,67.5000,157.5000
242.5000,270.0000,67.5000,157.5000
242.5000,277.5000,67.5000,157.5000
242.5000,270.0000,67.5000,157.5000
235.0000,262.5000,67.5000,157.5000
242.5000,270.0000,67.5000,157.5000
235.0000,262.5000,67.5000,157.5000
242.5000,270.0000,67.5000,157.5000
235.0000,262.5000,67.5000,157.5000
242.5000,270.0000,67.5000,157.5000
242.5000,277.5000,67.5000,157.5000
242.5000,270.0000,67.5000,157.5000
242.5000,262.5000,67.5000,157.5000
242.5000,270.0000,67.5000,157.5000
242.5000,262.5000,67.5000,157.5000
242.5000,270.0000,67.5000,157.5000
242.5000,262.5000,67.5000,157.5000
235.0000,255.0000,67.5000,157.5000
235.0000,247.5000,67.5000,157.5000
227.5000,240.0000,67.5000,157.5000
227.5000,247.5000,67.5000,157.5000
227.5000,240.0000,67.5000,157.5000
227.5000,247.5000,67.5000,157.5000
227.5000,240.0000,67.5000,157.5000
227.5000,247.5000,67.5000,157.5000
220.0000,240.0000,67.5000,157.5000
220.0000,247.5000,67.5000,157.5000
220.0000,240.0000,67.5000,157.5000
212.5000,232.5000,67.5000,157.5000
212.5000,240.0000,67.5000,157.5000
212.5000,232.5000,67.5000,157.5000
212.5000,240.0000,67.5000,157.5000
212.5000,247.5000,67.5000,157.5000
212.5000,240.0000,67.5000,157.5000
212.5000,247.5000,67.5000,157.5000
205.0000,240.0000,67.5000,157.5000
205.0000,247.5000,67.5000,157.5000
197.5000,240.0000,67.5000,157.5000
197.5000,232.5000,67.5000,157.5000
197.5000,240.0000,67.5000,157.5000
190.0000,232.5000,67.5000,157.5000
190.0000,240.0000,67.5000,157.5000
197.5000,247.5000,67.5000,157.5000
190.0000,240.0000,67.5000,157.5000
197.5000,247.5000,67.5000,157.5000
197.5000,240.0000,67.5000,157.5000
197.5000,247.5000,67.5000,157.5000
205.0000,255.0000,67.5000,157.5000
205.0000,247.5000,67.5000,157.5000
205.0000,255.0000,67.5000,157.5000
205.0000,247.5000,67.5000,157.5000
212.5000,255.0000,67.5000,157.5000
212.5000,262.5000,67.5000,157.5000
212.5000,255.0000,67.5000,157.5000
205.0000,232.5000,67.5000,157.5000
197.5000,225.0000,67.5000,157.5000
197.5000,217.5000,67.5000,157.5000
197.5000,225.0000,67.5000,157.5000
205.0000,232.5000,67.5000,157.5000
197.5000,225.0000,67.5000,157.5000
197.5000,217.5000,67.5000,157.5000
197.5000,225.0000,67.5000,157.5000
197.5000,217.5000,67.5000,157.5000
197.5000,225.0000,67.5000,157.5000
197.5000,217.5000,67.5000,157.5000
197.5000,225.0000,67.5000,157.5000
205.0000,232.5000,67.5000,157.5000
205.0000,240.0000,67.5000,157.5000
205.0000,232.5000,67.5000,157.5000
205.0000,240.0000,67.5000,157.5000
205.0000,232.5000,67.5000,157.5000
205.0000,240.0000,67.5000,157.5000
197.5000,232.5000,67.5000,157.5000
197.5000,225.0000,67.5000,157.5000
197.5000,232.5000,67.5000,157.5000
197.5000,225.0000,67.5000,157.5000
197.5000,232.5000,67.5000,157.5000
197.5000,225.0000,67.5000,157.5000
197.5000,232.5000,67.5000,157.5000
197.5000,225.0000,67.5000,157.5000
197.5000,232.5000,67.5000,157.5000
205.0000,240.0000,67.5000,157.5000
205.0000,232.5000,67.5000,157.5000
212.5000,240.0000,67.5000,157.5000
212.5000,232.5000,67.5000,157.5000
212.5000,240.0000,67.5000,157.5000
220.0000,247.5000,67.5000,157.5000
220.0000,240.0000,67.5000,157.5000
220.0000,247.5000,67.5000,157.5000
220.0000,240.0000,67.5000,157.5000
212.5000,232.5000,67.5000,157.5000
205.0000,210.0000,67.5000,157.5000
205.0000,217.5000,67.5000,157.5000
205.0000,210.0000,67.5000,157.5000
205.0000,217.5000,67.5000,157.5000
205.0000,210.0000,67.5000,157.5000
205.0000,217.5000,67.5000,157.5000
205.0000,210.0000,67.5000,157.5000
205.0000,217.5000,67.5000,157.5000
205.0000,210.0000,67.5000,157.5000
205.0000,217.5000,67.5000,157.5000
205.0000,210.0000,67.5000,157.5000
205.0000,217.5000,67.5000,157.5000
205.0000,210.0000,67.5000,157.5000
205.0000,217.5000,67.5000,157.5000
205.0000,210.0000,67.5000,157.5000
205.0000,217.5000,67.5000,157.5000
197.5000,210.0000,67.5000,157.5000
197.5000,217.5000,67.5000,157.5000
197.5000,210.0000,67.5000,157.5000
190.0000,202.5000,67.5000,157.5000
190.0000,210.0000,67.5000,157.5000
182.5000,202.5000,67.5000,157.5000
190.0000,210.0000,67.5000,157.5000
182.5000,202.5000,67.5000,157.5000
190.0000,210.0000,67.5000,157.5000
190.0000,217.5000,67.5000,157.5000
190.0000,210.0000,67.5000,157.5000
190.0000,217.5000,67.5000,157.5000
190.0000,210.0000,67.5000,157.5000
190.0000,202.5000,67.5000,157.5000
197.5000,210.0000,67.5000,157.5000
197.5000,202.5000,67.5000,157.5000
197.5000,210.0000,67.5000,157.5000
197.5000,202.5000,67.5000,157.5000
197.5000,210.0000,67.5000,157.5000
190.0000,187.5000,67.5000,157.5000
190.0000,180.0000,67.5000,157.5000
182.5000,172.5000,67.5000,157.5000
182.5000,165.0000,67.5000,157.5000
182.5000,172.5000,67.5000,157.5000
182.5000,180.0000,67.5000,157.5000
182.5000,172.5000,67.5000,157.5000
182.5000,180.0000,67.5000,157.5000
182.5000,172.5000,67.5000,157.5000
175.0000,165.0000,67.5000,157.5000
175.0000,172.5000,67.5000,157.5000
175.0000,165.0000,67.5000,157.5000
175.0000,172.5000,67.5000,157.5000
175.0000,180.0000,67.5000,157.5000
175.0000,172.5000,67.5000,157.5000
175.0000,180.0000,67.5000,157.5000
182.5000,187.5000,67.5000,157.5000
175.0000,180.0000,67.5000,157.5000
182.5000,187.5000,67.5000,157.5000
182.5000,180.0000,67.5000,157.5000
190.0000,172.5000,67.5000,157.5000
197.5000,180.0000,67.5000,157.5000
205.0000,172.5000,67.5000,157.5000
197.5000,165.0000,67.5000,157.5000
212.5000,172.5000,67.5000,157.5000
227.5000,180.0000,67.5000,157.5000
235.0000,172.5000,67.5000,157.5000
242.5000,180.0000,67.5000,157.5000
257.5000,172.5000,67.5000,157.5000
272.5000,165.0000,67.5000,157.5000
295.0000,172.5000,67.5000,157.5000
317.5000,180.0000,67.5000,157.5000
325.0000,172.5000,67.5000,157.5000
347.5000,180.0000,67.5000,157.5000
362.5000,187.5000,67.5000,157.5000
377.5000,180.0000,67.5000,157.5000
392.5000,187.5000,67.5000,157.5000
400.0000,180.0000,67.5000,157.5000
407.5000,172.5000,67.5000,157.5000
415.0000,165.0000,67.5000,157.5000
430.0000,172.5000,67.5000,157.5000
437.5000,180.0000,67.5000,157.5000
445.0000,187.5000,67.5000,157.5000
452.5000,180.0000,67.5000,157.5000
467.5000,187.5000,67.5000,157.5000
475.0000,195.0000,67.5000,157.5000
482.5000,187.5000,67.5000,157.5000
490.0000,195.0000,67.5000,157.5000
497.5000,202.5000,67.5000,157.5000
497.5000,195.0000,67.5000,157.5000
505.0000,202.5000,67.5000,157.5000
505.0000,210.0000,67.5000,157.5000
512.5000,217.5000,67.5000,157.5000
512.5000,225.0000,67.5000,157.5000
512.5000,232.5000,67.5000,157.5000
512.5000,240.0000,67.5000,157.5000
512.5000,247.5000,67.5000,157.5000
512.5000,255.0000,67.5000,157.5000
512.5000,262.5000,67.5000,157.5000
512.5000,270.0000,67.5000,157.5000
512.5000,277.5000,67.5000,157.5000
512.5000,300.0000,67.5000,157.5000
512.5000,307.5000,67.5000,157.5000
512.5000,315.0000,67.5000,157.5000
512.5000,322.5000,67.5000,157.5000
512.5000,330.0000,67.5000,157.5000
520.0000,352.5000,67.5000,157.5000
520.0000,360.0000,67.5000,157.5000
520.0000,367.5000,67.5000,157.5000
520.0000,375.0000,67.5000,157.5000
520.0000,382.5000,67.5000,157.5000
520.0000,390.0000,67.5000,157.5000
520.0000,382.5000,67.5000,157.5000
512.5000,375.0000,67.5000,157.5000
520.0000,382.5000,67.5000,157.5000
512.5000,375.0000,67.5000,157.5000
512.5000,382.5000,67.5000,157.5000
512.5000,375.0000,67.5000,157.5000
512.5000,382.5000,67.5000,157.5000
512.5000,375.0000,67.5000,157.5000
512.5000,382.5000,67.5000,157.5000
512.5000,390.0000,67.5000,157.5000
512.5000,382.5000,67.5000,157.5000
512.5000,390.0000,67.5000,157.5000
505.0000,382.5000,67.5000,157.5000
505.0000,375.0000,67.5000,157.5000
505.0000,382.5000,67.5000,157.5000
512.5000,390.0000,67.5000,157.5000
512.5000,382.5000,67.5000,157.5000
512.5000,390.0000,67.5000,157.5000
505.0000,382.5000,67.5000,157.5000
505.0000,375.0000,67.5000,157.5000
505.0000,382.5000,67.5000,157.5000
505.0000,375.0000,67.5000,157.5000
505.0000,382.5000,67.5000,157.5000
497.5000,375.0000,67.5000,157.5000
497.5000,382.5000,67.5000,157.5000
497.5000,375.0000,67.5000,157.5000
497.5000,382.5000,67.5000,157.5000
497.5000,390.0000,67.5000,157.5000
490.0000,382.5000,67.5000,157.5000
490.0000,390.0000,67.5000,157.5000
490.0000,397.5000,67.5000,157.5000
490.0000,390.0000,67.5000,157.5000
490.0000,397.5000,67.5000,157.5000
482.5000,390.0000,67.5000,157.5000
482.5000,382.5000,67.5000,157.5000
482.5000,390.0000,67.5000,157.5000
482.5000,397.5000,67.5000,157.5000
482.5000,390.0000,67.5000,157.5000
475.0000,382.5000,67.5000,157.5000
475.0000,390.0000,67.5000,157.5000
475.0000,382.5000,67.5000,157.5000
467.5000,390.0000,67.5000,157.5000
467.5000,382.5000,67.5000,157.5000
467.5000,390.0000,67.5000,157.5000
467.5000,382.5000,67.5000,157.5000
467.5000,390.0000,67.5000,157.5000
467.5000,397.5000,67.5000,157.5000
460.0000,390.0000,67.5000,157.5000
460.0000,397.5000,67.5000,157.5000
460.0000,390.0000,67.5000,157.5000
452.5000,397.5000,67.5000,157.5000
452.5000,390.0000,67.5000,157.5000
452.5000,397.5000,67.5000,157.5000
452.5000,390.0000,67.5000,157.5000
452.5000,397.5000,67.5000,157.5000
445.0000,390.0000,67.5000,157.5000
445.0000,397.5000,67.5000,157.5000
445.0000,390.0000,67.5000,157.5000
445.0000,397.5000,67.5000,157.5000
437.5000,390.0000,67.5000,157.5000
437.5000,382.5000,67.5000,157.5000
437.5000,390.0000,67.5000,157.5000
437.5000,397.5000,67.5000,157.5000
437.5000,405.0000,67.5000,157.5000
437.5000,397.5000,67.5000,157.5000
437.5000,405.0000,67.5000,157.5000
437.5000,412.5000,67.5000,157.5000
437.5000,405.0000,67.5000,157.5000
437.5000,412.5000,67.5000,157.5000
437.5000,405.0000,67.5000,157.5000
437.5000,412.5000,67.5000,157.5000
437.5000,420.0000,67.5000,157.5000
437.5000,427.5000,67.5000,157.5000
437.5000,435.0000,67.5000,157.5000
430.0000,412.5000,67.5000,157.5000
430.0000,405.0000,67.5000,157.5000
430.0000,412.5000,67.5000,157.5000
422.5000,405.0000,67.5000,157.5000
422.5000,397.5000,67.5000,157.5000
422.5000,405.0000,67.5000,157.5000
415.0000,397.5000,67.5000,157.5000
415.0000,405.0000,67.5000,157.5000
415.0000,397.5000,67.5000,157.5000
415.0000,390.0000,67.5000,157.5000
407.5000,397.5000,67.5000,157.5000
407.5000,390.0000,67.5000,157.5000
407.5000,397.5000,67.5000,157.5000
400.0000,390.0000,67.5000,157.5000
407.5000,397.5000,67.5000,157.5000
400.0000,390.0000,67.5000,157.5000
400.0000,382.5000,67.5000,157.5000
400.0000,390.0000,67.5000,157.5000
392.5000,382.5000,67.5000,157.5000
392.5000,390.0000,67.5000,157.5000
385.0000,382.5000,67.5000,157.5000
377.5000,375.0000,67.5000,157.5000
385.0000,382.5000,67.5000,157.5000
377.5000,375.0000,67.5000,157.5000
370.0000,367.5000,67.5000,157.5000
370.0000,375.0000,67.5000,157.5000
370.0000,382.5000,67.5000,157.5000
370.0000,375.0000,67.5000,157.5000
362.5000,367.5000,67.5000,157.5000
362.5000,360.0000,67.5000,157.5000
362.5000,367.5000,67.5000,157.5000
362.5000,360.0000,67.5000,157.5000
362.5000,352.5000,67.5000,157.5000
362.5000,360.0000,67.5000,157.5000
355.0000,352.5000,67.5000,157.5000
355.0000,345.0000,67.5000,157.5000
347.5000,352.5000,67.5000,157.5000
347.5000,345.0000,67.5000,157.5000
340.0000,352.5000,67.5000,157.5000
340.0000,345.0000,67.5000,157.5000
332.5000,352.5000,67.5000,157.5000
332.5000,345.0000,67.5000,157.5000
332.5000,352.5000,67.5000,157.5000
325.0000,345.0000,67.5000,157.5000
325.0000,352.5000,67.5000,157.5000
325.0000,345.0000,67.5000,157.5000
325.0000,352.5000,67.5000,157.5000
317.5000,345.0000,67.5000,157.5000
317.5000,337.5000,67.5000,157.5000
310.0000,345.0000,67.5000,157.5000
310.0000,337.5000,67.5000,157.5000
302.5000,330.0000,67.5000,157.5000
310.0000,337.5000,67.5000,157.5000
302.5000,330.0000,67.5000,157.5000
302.5000,322.5000,67.5000,157.5000
302.5000,330.0000,67.5000,157.5000
295.0000,322.5000,67.5000,157.5000
295.0000,330.0000,67.5000,157.5000
287.5000,322.5000,67.5000,157.5000
287.5000,330.0000,67.5000,157.5000
280.0000,322.5000,67.5000,157.5000
280.0000,330.0000,67.5000,157.5000
272.5000,322.5000,67.5000,157.5000
272.5000,315.0000,67.5000,157.5000
265.0000,322.5000,67.5000,157.5000
265.0000,315.0000,67.5000,157.5000
265.0000,322.5000,67.5000,157.5000
257.5000,315.0000,67.5000,157.5000
257.5000,307.5000,67.5000,157.5000
257.5000,315.0000,67.5000,157.5000
250.0000,307.5000,67.5000,157.5000
250.0000,315.0000,67.5000,157.5000
242.5000,307.5000,67.5000,157.5000
235.0000,300.0000,67.5000,157.5000
227.5000,307.5000,67.5000,157.5000
227.5000,300.0000,67.5000,157.5000
220.0000,307.5000,67.5000,157.5000
212.5000,300.0000,67.5000,157.5000
205.0000,292.5000,67.5000,157.5000
197.5000,300.0000,67.5000,157.5000
197.5000,307.5000,67.5000,157.5000
190.0000,300.0000,67.5000,157.5000
182.5000,307.5000,67.5000,157.5000
175.0000,300.0000,67.5000,157.5000
175.0000,307.5000,67.5000,157.5000
167.5000,300.0000,67.5000,157.5000
167.5000,307.5000,67.5000,157.5000
160.0000,300.0000,67.5000,157.5000
152.5000,292.5000,67.5000,157.5000
145.0000,285.0000,67.5000,157.5000
137.5000,292.5000,67.5000,157.5000
130.0000,285.0000,67.5000,157.5000
130.0000,292.5000,67.5000,157.5000
122.5000,285.0000,67.5000,157.5000
115.0000,292.5000,67.5000,157.5000
107.5000,285.0000,67.5000,157.5000
100.0000,292.5000,67.5000,157.5000
100.0000,300.0000,67.5000,157.5000
100.0000,292.5000,67.5000,157.5000
92.5000,300.0000,67.5000,157.5000
100.0000,292.5000,67.5000,157.5000
100.0000,300.0000,67.5000,157.5000
100.0000,307.5000,67.5000,157.5000
100.0000,300.0000,67.5000,157.5000
107.5000,292.5000,67.5000,157.5000
107.5000,300.0000,67.5000,157.5000
115.0000,292.5000,67.5000,157.5000
122.5000,300.0000,67.5000,157.5000
130.0000,292.5000,67.5000,157.5000
145.0000,285.0000,67.5000,157.5000
152.5000,292.5000,67.5000,157.5000
160.0000,285.0000,67.5000,157.5000
167.5000,292.5000,67.5000,157.5000
175.0000,285.0000,67.5000,157.5000
190.0000,292.5000,67.5000,157.5000
205.0000,300.0000,67.5000,157.5000
220.0000,292.5000,67.5000,157.5000
235.0000,300.0000,67.5000,157.5000
250.0000,292.5000,67.5000,157.5000
272.5000,300.0000,67.5000,157.5000
287.5000,292.5000,67.5000,157.5000
302.5000,300.0000,67.5000,157.5000
317.5000,292.5000,67.5000,157.5000
332.5000,300.0000,67.5000,157.5000
347.5000,292.5000,67.5000,157.5000
355.0000,285.0000,67.5000,157.5000
370.0000,292.5000,67.5000,157.5000
377.5000,285.0000,67.5000,157.5000
392.5000,322.5000,67.5000,157.5000
400.0000,285.0000,67.5000,157.5000
415.0000,277.5000,67.5000,157.5000
430.0000,330.0000,67.5000,157.5000
437.5000,277.5000,67.5000,157.5000
445.0000,285.0000,67.5000,157.5000
460.0000,322.5000,67.5000,157.5000
467.5000,285.0000,67.5000,157.5000
482.5000,277.5000,67.5000,157.5000
497.5000,285.0000,67.5000,157.5000
505.0000,277.5000,67.5000,157.5000
520.0000,285.0000,67.5000,157.5000
527.5000,277.5000,67.5000,157.5000
542.5000,285.0000,67.5000,157.5000
557.5000,277.5000,67.5000,157.5000
565.0000,270.0000,67.5000,157.5000
572.5000,277.5000,67.5000,157.5000
580.0000,270.0000,67.5000,157.5000
587.5000,262.5000,67.5000,157.5000
595.0000,270.0000,67.5000,157.5000
595.0000,262.5000,67.5000,157.5000
595.0000,255.0000,67.5000,157.5000
595.0000,262.5000,67.5000,157.5000
595.0000,255.0000,67.5000,157.5000
595.0000,262.5000,67.5000,157.5000
595.0000,255.0000,67.5000,157.5000
602.5000,262.5000,67.5000,157.5000
602.5000,270.0000,67.5000,157.5000
602.5000,262.5000,67.5000,157.5000
602.5000,255.0000,67.5000,157.5000
610.0000,262.5000,67.5000,157.5000
610.0000,255.0000,67.5000,157.5000
610.0000,262.5000,67.5000,157.5000
617.5000,255.0000,67.5000,157.5000
617.5000,247.5000,67.5000,157.5000
617.5000,255.0000,67.5000,157.5000
617.5000,247.5000,67.5000,157.5000
617.5000,255.0000,67.5000,157.5000
617.5000,247.5000,67.5000,157.5000
617.5000,240.0000,67.5000,157.5000
617.5000,232.5000,67.5000,157.5000
625.0000,240.0000,67.5000,157.5000
625.0000,232.5000,67.5000,157.5000
625.0000,240.0000,67.5000,157.5000
625.0000,232.5000,67.5000,157.5000
632.5000,240.0000,67.5000,157.5000
632.5000,232.5000,67.5000,157.5000
625.0000,240.0000,67.5000,157.5000
632.5000,232.5000,67.5000,157.5000
632.5000,240.0000,67.5000,157.5000
632.5000,232.5000,67.5000,157.5000
640.0000,240.0000,67.5000,157.5000
640.0000,232.5000,67.5000,157.5000
640.0000,240.0000,67.5000,157.5000
640.0000,232.5000,67.5000,157.5000
647.5000,240.0000,67.5000,157.5000
647.5000,232.5000,67.5000,157.5000
647.5000,240.0000,67.5000,157.5000
647.5000,232.5000,67.5000,157.5000
647.5000,240.0000,67.5000,157.5000
647.5000,232.5000,67.5000,157.5000
647.5000,240.0000,67.5000,157.5000
640.0000,232.5000,67.5000,157.5000
640.0000,240.0000,67.5000,157.5000
640.0000,247.5000,67.5000,157.5000
640.0000,240.0000,67.5000,157.5000
640.0000,247.5000,67.5000,157.5000
640.0000,255.0000,67.5000,157.5000
640.0000,247.5000,67.5000,157.5000
640.0000,255.0000,67.5000,157.5000
647.5000,247.5000,67.5000,157.5000
647.5000,255.0000,67.5000,157.5000
640.0000,247.5000,67.5000,157.5000
640.0000,255.0000,67.5000,157.5000
640.0000,247.5000,67.5000,157.5000
640.0000,270.0000,67.5000,157.5000
632.5000,277.5000,67.5000,157.5000
632.5000,285.0000,67.5000,157.5000
632.5000,277.5000,67.5000,157.5000
632.5000,270.0000,67.5000,157.5000
625.0000,292.5000,67.5000,157.5000
625.0000,300.0000,67.5000,157.5000
625.0000,277.5000,67.5000,157.5000
617.5000,270.0000,67.5000,157.5000
617.5000,277.5000,67.5000,157.5000
610.0000,285.0000,67.5000,157.5000
610.0000,277.5000,67.5000,157.5000
602.5000,285.0000,67.5000,157.5000
602.5000,277.5000,67.5000,157.5000
595.0000,285.0000,67.5000,157.5000
595.0000,277.5000,67.5000,157.5000
587.5000,285.0000,67.5000,157.5000
580.0000,277.5000,67.5000,157.5000
580.0000,285.0000,67.5000,157.5000
572.5000,277.5000,67.5000,157.5000
565.0000,285.0000,67.5000,157.5000
565.0000,277.5000,67.5000,157.5000
557.5000,285.0000,67.5000,157.5000
550.0000,292.5000,67.5000,157.5000
550.0000,285.0000,67.5000,157.5000
542.5000,292.5000,67.5000,157.5000
542.5000,285.0000,67.5000,157.5000
542.5000,292.5000,67.5000,157.5000
542.5000,285.0000,67.5000,157.5000
542.5000,292.5000,67.5000,157.5000
542.5000,285.0000,67.5000,157.5000
542.5000,277.5000,67.5000,157.5000
542.5000,285.0000,67.5000,157.5000
542.5000,277.5000,67.5000,157.5000
535.0000,285.0000,67.5000,157.5000
535.0000,277.5000,67.5000,157.5000
535.0000,285.0000,67.5000,157.5000
527.5000,277.5000,67.5000,157.5000
527.5000,285.0000,67.5000,157.5000
527.5000,277.5000,67.5000,157.5000
527.5000,285.0000,67.5000,157.5000
520.0000,292.5000,67.5000,157.5000
520.0000,285.0000,67.5000,157.5000
520.0000,292.5000,67.5000,157.5000
520.0000,285.0000,67.5000,157.5000
520.0000,292.5000,67.5000,157.5000
520.0000,300.0000,67.5000,157.5000
520.0000,307.5000,67.5000,157.5000
520.0000,300.0000,67.5000,157.5000
520.0000,307.5000,67.5000,157.5000
520.0000,300.0000,67.5000,157.5000
527.5000,292.5000,67.5000,157.5000
520.0000,300.0000,67.5000,157.5000
520.0000,292.5000,67.5000,157.5000
520.0000,300.0000,67.5000,157.5000
520.0000,292.5000,67.5000,157.5000
520.0000,300.0000,67.5000,157.5000
520.0000,292.5000,67.5000,157.5000
512.5000,300.0000,67.5000,157.5000
512.5000,307.5000,67.5000,157.5000
512.5000,300.0000,67.5000,157.5000
512.5000,307.5000,67.5000,157.5000
512.5000,315.0000,67.5000,157.5000
512.5000,307.5000,67.5000,157.5000
512.5000,300.0000,67.5000,157.5000
512.5000,307.5000,67.5000,157.5000
512.5000,315.0000,67.5000,157.5000
512.5000,307.5000,67.5000,157.5000
512.5000,300.0000,67.5000,157.5000
512.5000,292.5000,67.5000,157.5000
520.0000,300.0000,67.5000,157.5000
512.5000,292.5000,67.5000,157.5000
512.5000,300.0000,67.5000,157.5000
512.5000,307.5000,67.5000,157.5000
512.5000,300.0000,67.5000,157.5000
505.0000,307.5000,67.5000,157.5000
505.0000,300.0000,67.5000,157.5000
505.0000,292.5000,67.5000,157.5000
505.0000,300.0000,67.5000,157.5000
505.0000,307.5000,67.5000,157.5000
497.5000,300.0000,67.5000,157.5000
497.5000,307.5000,67.5000,157.5000
497.5000,315.0000,67.5000,157.5000
497.5000,307.5000,67.5000,157.5000
497.5000,315.0000,67.5000,157.5000
505.0000,322.5000,67.5000,157.5000
505.0000,315.0000,67.5000,157.5000
505.0000,307.5000,67.5000,157.5000
505.0000,315.0000,67.5000,157.5000
505.0000,307.5000,67.5000,157.5000
505.0000,315.0000,67.5000,157.5000
497.5000,322.5000,67.5000,157.5000
497.5000,315.0000,67.5000,157.5000
497.5000,322.5000,67.5000,157.5000
497.5000,330.0000,67.5000,157.5000
497.5000,322.5000,67.5000,157.5000
490.0000,330.0000,67.5000,157.5000
490.0000,337.5000,67.5000,157.5000
497.5000,330.0000,67.5000,157.5000
490.0000,337.5000,67.5000,157.5000
497.5000,330.0000,67.5000,157.5000
497.5000,337.5000,67.5000,157.5000
490.0000,360.0000,67.5000,157.5000
497.5000,337.5000,67.5000,157.5000
497.5000,330.0000,67.5000,157.5000
497.5000,322.5000,67.5000,157.5000
497.5000,330.0000,67.5000,157.5000
497.5000,322.5000,67.5000,157.5000
490.0000,315.0000,67.5000,157.5000
490.0000,322.5000,67.5000,157.5000
490.0000,315.0000,67.5000,157.5000
482.5000,322.5000,67.5000,157.5000
482.5000,315.0000,67.5000,157.5000
482.5000,322.5000,67.5000,157.5000
482.5000,315.0000,67.5000,157.5000
475.0000,322.5000,67.5000,157.5000
475.0000,330.0000,67.5000,157.5000
475.0000,322.5000,67.5000,157.5000
475.0000,330.0000,67.5000,157.5000
475.0000,322.5000,67.5000,157.5000
475.0000,330.0000,67.5000,157.5000
475.0000,337.5000,67.5000,157.5000
475.0000,330.0000,67.5000,157.5000
475.0000,322.5000,67.5000,157.5000
475.0000,330.0000,67.5000,157.5000
467.5000,322.5000,67.5000,157.5000
467.5000,330.0000,67.5000,157.5000
467.5000,322.5000,67.5000,157.5000
467.5000,330.0000,67.5000,157.5000
452.5000,337.5000,67.5000,157.5000
452.5000,330.0000,67.5000,157.5000
445.0000,337.5000,67.5000,157.5000
437.5000,330.0000,67.5000,157.5000
445.0000,337.5000,67.5000,157.5000
430.0000,345.0000,67.5000,157.5000
422.5000,337.5000,67.5000,157.5000
422.5000,345.0000,67.5000,157.5000
415.0000,352.5000,67.5000,157.5000
422.5000,345.0000,67.5000,157.5000
407.5000,352.5000,67.5000,157.5000
407.5000,345.0000,67.5000,157.5000
407.5000,352.5000,67.5000,157.5000
400.0000,345.0000,67.5000,157.5000
392.5000,352.5000,67.5000,157.5000
385.0000,345.0000,67.5000,157.5000
385.0000,352.5000,67.5000,157.5000
377.5000,360.0000,67.5000,157.5000
370.0000,352.5000,67.5000,157.5000
362.5000,360.0000,67.5000,157.5000
355.0000,352.5000,67.5000,157.5000
347.5000,360.0000,67.5000,157.5000
332.5000,367.5000,67.5000,157.5000
332.5000,360.0000,67.5000,157.5000
325.0000,367.5000,67.5000,157.5000
317.5000,375.0000,67.5000,157.5000
310.0000,367.5000,67.5000,157.5000
310.0000,375.0000,67.5000,157.5000
302.5000,382.5000,67.5000,157.5000
295.0000,375.0000,67.5000,157.5000
295.0000,382.5000,67.5000,157.5000
287.5000,375.0000,67.5000,157.5000
287.5000,382.5000,67.5000,157.5000
280.0000,375.0000,67.5000,157.5000
280.0000,382.5000,67.5000,157.5000
272.5000,375.0000,67.5000,157.5000
265.0000,382.5000,67.5000,157.5000
257.5000,375.0000,67.5000,157.5000
250.0000,382.5000,67.5000,157.5000
250.0000,390.0000,67.5000,157.5000
242.5000,382.5000,67.5000,157.5000
235.0000,390.0000,67.5000,157.5000
227.5000,397.5000,67.5000,157.5000
220.0000,390.0000,67.5000,157.5000
212.5000,397.5000,67.5000,157.5000
205.0000,405.0000,67.5000,157.5000
205.0000,397.5000,67.5000,157.5000
197.5000,405.0000,67.5000,157.5000
197.5000,412.5000,67.5000,157.5000
190.0000,405.0000,67.5000,157.5000
190.0000,397.5000,67.5000,157.5000
182.5000,405.0000,67.5000,157.5000
182.5000,397.5000,67.5000,157.5000
175.0000,405.0000,67.5000,157.5000
167.5000,397.5000,67.5000,157.5000
160.0000,405.0000,67.5000,157.5000
160.0000,397.5000,67.5000,157.5000
145.0000,405.0000,67.5000,157.5000
137.5000,397.5000,67.5000,157.5000
130.0000,405.0000,67.5000,157.5000
130.0000,397.5000,67.5000,157.5000
122.5000,405.0000,67.5000,157.5000
122.5000,397.5000,67.5000,157.5000
115.0000,405.0000,67.5000,157.5000
115.0000,412.5000,67.5000,157.5000
115.0000,405.0000,67.5000,157.5000
107.5000,412.5000,67.5000,157.5000
107.5000,405.0000,67.5000,157.5000
107.5000,412.5000,67.5000,157.5000
107.5000,405.0000,67.5000,157.5000
107.5000,397.5000,67.5000,157.5000
107.5000,405.0000,67.5000,157.5000
100.0000,397.5000,67.5000,157.5000
100.0000,405.0000,67.5000,157.5000
100.0000,397.5000,67.5000,157.5000
92.5000,405.0000,67.5000,157.5000
92.5000,397.5000,67.5000,157.5000
85.0000,405.0000,67.5000,157.5000
85.0000,397.5000,67.5000,157.5000
77.5000,405.0000,67.5000,157.5000
77.5000,397.5000,67.5000,157.5000
77.5000,405.0000,67.5000,157.5000
77.5000,397.5000,67.5000,157.5000
70.0000,405.0000,67.5000,157.5000
70.0000,412.5000,67.5000,157.5000
70.0000,405.0000,67.5000,157.5000
70.0000,397.5000,67.5000,157.5000
70.0000,405.0000,67.5000,157.5000
62.5000,397.5000,67.5000,157.5000
62.5000,405.0000,67.5000,157.5000
62.5000,397.5000,67.5000,157.5000
55.0000,405.0000,67.5000,157.5000
47.5000,397.5000,67.5000,157.5000
47.5000,390.0000,67.5000,157.5000
40.0000,397.5000,67.5000,157.5000
32.5000,390.0000,67.5000,157.5000
32.5000,397.5000,67.5000,157.5000
25.0000,390.0000,67.5000,157.5000
17.5000,397.5000,67.5000,157.5000
17.5000,390.0000,67.5000,157.5000
17.5000,397.5000,67.5000,157.5000
10.0000,390.0000,67.5000,157.5000
10.0000,397.5000,67.5000,157.5000
10.0000,390.0000,67.5000,157.5000
2.5000,397.5000,67.5000,157.5000
2.5000,390.0000,67.5000,157.5000
2.5000,397.5000,67.5000,157.5000
2.5000,390.0000,67.5000,157.5000
2.5000,382.5000,67.5000,157.5000
2.5000,390.0000,67.5000,157.5000
2.5000,382.5000,67.5000,157.5000
2.5000,390.0000,67.5000,157.5000
2.5000,382.5000,67.5000,157.5000
2.5000,390.0000,67.5000,157.5000
2.5000,382.5000,67.5000,157.5000
2.5000,390.0000,67.5000,157.5000
2.5000,382.5000,67.5000,157.5000
10.0000,375.0000,67.5000,157.5000
17.5000,367.5000,67.5000,157.5000
25.0000,375.0000,67.5000,157.5000
32.5000,367.5000,67.5000,157.5000
32.5000,375.0000,67.5000,157.5000
40.0000,367.5000,67.5000,157.5000
40.0000,375.0000,67.5000,157.5000
40.0000,367.5000,67.5000,157.5000
40.0000,360.0000,67.5000,157.5000
40.0000,367.5000,67.5000,157.5000
32.5000,360.0000,67.5000,157.5000
32.5000,367.5000,67.5000,157.5000
32.5000,360.0000,67.5000,157.5000
25.0000,367.5000,67.5000,157.5000
17.5000,360.0000,67.5000,157.5000
10.0000,367.5000,67.5000,157.5000
10.0000,360.0000,67.5000,157.5000
2.5000,367.5000,67.5000,157.5000
2.5000,360.0000,67.5000,157.5000
-5.0000,367.5000,67.5000,157.5000
-5.0000,360.0000,67.5000,157.5000
-5.0000,367.5000,67.5000,157.5000
-5.0000,360.0000,67.5000,157.5000
-5.0000,367.5000,67.5000,157.5000
-5.0000,360.0000,67.5000,157.5000
-5.0000,367.5000,67.5000,157.5000
-5.0000,360.0000,67.5000,157.5000
-5.0000,367.5000,67.5000,157.5000
-5.0000,360.0000,67.5000,157.5000
-5.0000,367.5000,67.5000,157.5000
-5.0000,360.0000,67.5000,157.5000
-5.0000,352.5000,67.5000,157.5000
-5.0000,360.0000,67.5000,157.5000
-5.0000,352.5000,67.5000,157.5000
-5.0000,360.0000,67.5000,157.5000
-5.0000,367.5000,67.5000,157.5000
-5.0000,375.0000,67.5000,157.5000
-5.0000,382.5000,67.5000,157.5000
-5.0000,360.0000,67.5000,157.5000
-5.0000,352.5000,67.5000,157.5000
2.5000,330.0000,67.5000,157.5000
2.5000,322.5000,67.5000,157.5000
2.5000,315.0000,67.5000,157.5000
2.5000,307.5000,67.5000,157.5000
2.5000,315.0000,67.5000,157.5000
-5.0000,307.5000,67.5000,157.5000
-5.0000,300.0000,67.5000,157.5000
-5.0000,307.5000,67.5000,157.5000
-5.0000,315.0000,67.5000,157.5000
-5.0000,307.5000,67.5000,157.5000
-12.5000,315.0000,67.5000,157.5000
-12.5000,307.5000,67.5000,157.5000
-12.5000,315.0000,67.5000,157.5000
-12.5000,322.5000,67.5000,157.5000
-12.5000,315.0000,67.5000,157.5000
-12.5000,322.5000,67.5000,157.5000
-12.5000,315.0000,67.5000,157.5000
-12.5000,322.5000,67.5000,157.5000
-12.5000,330.0000,67.5000,157.5000
-12.5000,322.5000,67.5000,157.5000
-12.5000,330.0000,67.5000,157.5000
-12.5000,322.5000,67.5000,157.5000
-12.5000,315.0000,67.5000,157.5000
-12.5000,322.5000,67.5000,157.5000
-12.5000,315.0000,67.5000,157.5000
-12.5000,307.5000,67.5000,157.5000
-12.5000,300.0000,67.5000,157.5000
-5.0000,322.5000,67.5000,157.5000
-5.0000,315.0000,67.5000,157.5000
-5.0000,307.5000,67.5000,157.5000
-5.0000,300.0000,67.5000,157.5000
2.5000,307.5000,67.5000,157.5000
2.5000,300.0000,67.5000,157.5000
10.0000,307.5000,67.5000,157.5000
10.0000,300.0000,67.5000,157.5000
25.0000,307.5000,67.5000,157.5000
32.5000,315.0000,67.5000,157.5000
40.0000,307.5000,67.5000,157.5000
47.5000,300.0000,67.5000,157.5000
55.0000,307.5000,67.5000,157.5000
62.5000,300.0000,67.5000,157.5000
62.5000,307.5000,67.5000,157.5000
62.5000,300.0000,67.5000,157.5000
70.0000,307.5000,67.5000,157.5000
70.0000,300.0000,67.5000,157.5000
77.5000,292.5000,67.5000,157.5000
77.5000,300.0000,67.5000,157.5000
85.0000,307.5000,67.5000,157.5000
92.5000,300.0000,67.5000,157.5000
92.5000,307.5000,67.5000,157.5000
100.0000,315.0000,67.5000,157.5000
107.5000,307.5000,67.5000,157.5000
107.5000,315.0000,67.5000,157.5000
115.0000,307.5000,67.5000,157.5000
122.5000,315.0000,67.5000,157.5000
130.0000,307.5000,67.5000,157.5000
137.5000,315.0000,67.5000,157.5000
137.5000,307.5000,67.5000,157.5000
137.5000,300.0000,67.5000,157.5000
145.0000,307.5000,67.5000,157.5000
145.0000,300.0000,67.5000,157.5000
152.5000,307.5000,67.5000,157.5000
145.0000,300.0000,67.5000,157.5000
145.0000,307.5000,67.5000,157.5000
145.0000,300.0000,67.5000,157.5000
145.0000,307.5000,67.5000,157.5000
145.0000,300.0000,67.5000,157.5000
145.0000,307.5000,67.5000,157.5000
145.0000,315.0000,67.5000,157.5000
137.5000,307.5000,67.5000,157.5000
137.5000,315.0000,67.5000,157.5000
137.5000,307.5000,67.5000,157.5000
137.5000,315.0000,67.5000,157.5000
137.5000,307.5000,67.5000,157.5000
130.0000,315.0000,67.5000,157.5000
130.0000,307.5000,67.5000,157.5000
130.0000,300.0000,67.5000,157.5000
122.5000,307.5000,67.5000,157.5000
122.5000,300.0000,67.5000,157.5000
115.0000,307.5000,67.5000,157.5000
107.5000,300.0000,67.5000,157.5000
107.5000,307.5000,67.5000,157.5000
100.0000,300.0000,67.5000,157.5000
100.0000,307.5000,67.5000,157.5000
100.0000,300.0000,67.5000,157.5000
92.5000,307.5000,67.5000,157.5000
92.5000,300.0000,67.5000,157.5000
92.5000,307.5000,67.5000,157.5000
92.5000,315.0000,67.5000,157.5000
92.5000,307.5000,67.5000,157.5000
92.5000,315.0000,67.5000,157.5000
92.5000,307.5000,67.5000,157.5000
92.5000,315.0000,67.5000,157.5000
85.0000,307.5000,67.5000,157.5000
85.0000,315.0000,67.5000,157.5000
85.0000,307.5000,67.5000,157.5000
85.0000,300.0000,67.5000,157.5000
77.5000,307.5000,67.5000,157.5000
77.5000,300.0000,67.5000,157.5000
70.0000,307.5000,67.5000,157.5000
70.0000,300.0000,67.5000,157.5000
62.5000,307.5000,67.5000,157.5000
62.5000,315.0000,67.5000,157.5000
55.0000,307.5000,67.5000,157.5000
55.0000,315.0000,67.5000,157.5000
55.0000,322.5000,67.5000,157.5000
47.5000,315.0000,67.5000,157.5000
47.5000,322.5000,67.5000,157.5000
47.5000,315.0000,67.5000,157.5000
47.5000,322.5000,67.5000,157.5000
47.5000,315.0000,67.5000,157.5000
47.5000,322.5000,67.5000,157.5000
40.0000,315.0000,67.5000,157.5000
40.0000,307.5000,67.5000,157.5000
32.5000,315.0000,67.5000,157.5000
32.5000,307.5000,67.5000,157.5000
32.5000,315.0000,67.5000,157.5000
25.0000,307.5000,67.5000,157.5000
25.0000,315.0000,67.5000,157.5000
25.0000,307.5000,67.5000,157.5000
25.0000,315.0000,67.5000,157.5000
32.5000,307.5000,67.5000,157.5000
40.0000,315.0000,67.5000,157.5000
47.5000,322.5000,67.5000,157.5000
55.0000,315.0000,67.5000,157.5000
70.0000,322.5000,67.5000,157.5000
77.5000,330.0000,67.5000,157.5000
85.0000,322.5000,67.5000,157.5000
92.5000,315.0000,67.5000,157.5000
92.5000,322.5000,67.5000,157.5000
100.0000,315.0000,67.5000,157.5000
100.0000,307.5000,67.5000,157.5000
107.5000,315.0000,67.5000,157.5000
107.5000,307.5000,67.5000,157.5000
115.0000,315.0000,67.5000,157.5000
115.0000,307.5000,67.5000,157.5000
122.5000,315.0000,67.5000,157.5000
122.5000,307.5000,67.5000,157.5000
130.0000,315.0000,67.5000,157.5000
137.5000,307.5000,67.5000,157.5000
137.5000,315.0000,67.5000,157.5000
137.5000,322.5000,67.5000,157.5000
137.5000,315.0000,67.5000,157.5000
145.0000,322.5000,67.5000,157.5000
145.0000,315.0000,67.5000,157.5000
152.5000,322.5000,67.5000,157.5000
152.5000,315.0000,67.5000,157.5000
152.5000,307.5000,67.5000,157.5000
152.5000,315.0000,67.5000,157.5000
160.0000,307.5000,67.5000,157.5000
160.0000,315.0000,67.5000,157.5000
160.0000,307.5000,67.5000,157.5000
167.5000,300.0000,67.5000,157.5000
167.5000,307.5000,67.5000,157.5000
167.5000,300.0000,67.5000,157.5000
175.0000,307.5000,67.5000,157.5000
182.5000,300.0000,67.5000,157.5000
190.0000,307.5000,67.5000,157.5000
197.5000,315.0000,67.5000,157.5000
205.0000,307.5000,67.5000,157.5000
212.5000,315.0000,67.5000,157.5000
220.0000,307.5000,67.5000,157.5000
235.0000,315.0000,67.5000,157.5000
242.5000,307.5000,67.5000,157.5000
250.0000,315.0000,67.5000,157.5000
265.0000,307.5000,67.5000,157.5000
272.5000,315.0000,67.5000,157.5000
280.0000,307.5000,67.5000,157.5000
287.5000,315.0000,67.5000,157.5000
295.0000,307.5000,67.5000,157.5000
310.0000,300.0000,67.5000,157.5000
317.5000,307.5000,67.5000,157.5000
325.0000,315.0000,67.5000,157.5000
332.5000,307.5000,67.5000,157.5000
340.0000,300.0000,67.5000,157.5000
355.0000,307.5000,67.5000,157.5000
355.0000,315.0000,67.5000,157.5000
362.5000,307.5000,67.5000,157.5000
370.0000,315.0000,67.5000,157.5000
385.0000,307.5000,67.5000,157.5000
392.5000,315.0000,67.5000,157.5000
407.5000,322.5000,67.5000,157.5000
415.0000,315.0000,67.5000,157.5000
422.5000,307.5000,67.5000,157.5000
430.0000,315.0000,67.5000,157.5000
445.0000,307.5000,67.5000,157.5000
452.5000,315.0000,67.5000,157.5000
460.0000,307.5000,67.5000,157.5000
467.5000,300.0000,67.5000,157.5000
475.0000,307.5000,67.5000,157.5000
482.5000,300.0000,67.5000,157.5000
490.0000,307.5000,67.5000,157.5000
497.5000,300.0000,67.5000,157.5000
505.0000,307.5000,67.5000,157.5000
512.5000,315.0000,67.5000,157.5000
520.0000,307.5000,67.5000,157.5000
527.5000,315.0000,67.5000,157.5000
535.0000,307.5000,67.5000,157.5000
542.5000,315.0000,67.5000,157.5000
550.0000,307.5000,67.5000,157.5000
557.5000,315.0000,67.5000,157.5000
557.5000,307.5000,67.5000,157.5000
557.5000,315.0000,67.5000,157.5000
565.0000,307.5000,67.5000,157.5000
565.0000,315.0000,67.5000,157.5000
572.5000,307.5000,67.5000,157.5000
572.5000,315.0000,67.5000,157.5000
572.5000,307.5000,67.5000,157.5000
572.5000,315.0000,67.5000,157.5000
580.0000,307.5000,67.5000,157.5000
572.5000,315.0000,67.5000,157.5000
580.0000,307.5000,67.5000,157.5000
580.0000,315.0000,67.5000,157.5000
587.5000,307.5000,67.5000,157.5000
595.0000,315.0000,67.5000,157.5000
602.5000,322.5000,67.5000,157.5000
610.0000,315.0000,67.5000,157.5000
617.5000,322.5000,67.5000,157.5000
625.0000,315.0000,67.5000,157.5000
632.5000,322.5000,67.5000,157.5000
647.5000,315.0000,67.5000,157.5000
655.0000,307.5000,67.5000,157.5000
662.5000,315.0000,67.5000,157.5000
670.0000,307.5000,67.5000,157.5000
677.5000,315.0000,67.5000,157.5000
677.5000,307.5000,67.5000,157.5000
685.0000,315.0000,67.5000,157.5000
692.5000,307.5000,67.5000,157.5000
692.5000,315.0000,67.5000,157.5000
692.5000,322.5000,67.5000,157.5000
692.5000,315.0000,67.5000,157.5000
692.5000,322.5000,67.5000,157.5000
692.5000,315.0000,67.5000,157.5000
692.5000,322.5000,67.5000,157.5000
685.0000,330.0000,67.5000,157.5000
685.0000,322.5000,67.5000,157.5000
677.5000,330.0000,67.5000,157.5000
677.5000,337.5000,67.5000,157.5000
677.5000,330.0000,67.5000,157.5000
670.0000,337.5000,67.5000,157.5000
670.0000,330.0000,67.5000,157.5000
670.0000,337.5000,67.5000,157.5000
662.5000,330.0000,67.5000,157.5000
662.5000,337.5000,67.5000,157.5000
662.5000,330.0000,67.5000,157.5000
655.0000,337.5000,67.5000,157.5000
655.0000,330.0000,67.5000,157.5000
655.0000,337.5000,67.5000,157.5000
647.5000,330.0000,67.5000,157.5000
647.5000,337.5000,67.5000,157.5000
640.0000,345.0000,67.5000,157.5000
640.0000,352.5000,67.5000,157.5000
640.0000,345.0000,67.5000,157.5000
640.0000,352.5000,67.5000,157.5000
640.0000,345.0000,67.5000,157.5000
640.0000,352.5000,67.5000,157.5000
632.5000,345.0000,67.5000,157.5000
632.5000,337.5000,67.5000,157.5000
632.5000,345.0000,67.5000,157.5000
632.5000,337.5000,67.5000,157.5000
625.0000,345.0000,67.5000,157.5000
625.0000,337.5000,67.5000,157.5000
617.5000,345.0000,67.5000,157.5000
610.0000,337.5000,67.5000,157.5000
602.5000,345.0000,67.5000,157.5000
595.0000,337.5000,67.5000,157.5000
587.5000,330.0000,67.5000,157.5000
580.0000,337.5000,67.5000,157.5000
572.5000,345.0000,67.5000,157.5000
565.0000,337.5000,67.5000,157.5000
550.0000,345.0000,67.5000,157.5000
542.5000,337.5000,67.5000,157.5000
542.5000,345.0000,67.5000,157.5000
535.0000,337.5000,67.5000,157.5000
535.0000,345.0000,67.5000,157.5000
527.5000,337.5000,67.5000,157.5000
527.5000,330.0000,67.5000,157.5000
527.5000,337.5000,67.5000,157.5000
527.5000,330.0000,67.5000,157.5000
520.0000,337.5000,67.5000,157.5000
512.5000,330.0000,67.5000,157.5000
512.5000,322.5000,67.5000,157.5000
512.5000,330.0000,67.5000,157.5000
505.0000,322.5000,67.5000,157.5000
505.0000,330.0000,67.5000,157.5000
497.5000,322.5000,67.5000,157.5000
497.5000,315.0000,67.5000,157.5000
497.5000,322.5000,67.5000,157.5000
490.0000,315.0000,67.5000,157.5000
490.0000,322.5000,67.5000,157.5000
490.0000,330.0000,67.5000,157.5000
490.0000,322.5000,67.5000,157.5000
490.0000,315.0000,67.5000,157.5000
482.5000,322.5000,67.5000,157.5000
482.5000,315.0000,67.5000,157.5000
482.5000,307.5000,67.5000,157.5000
475.0000,300.0000,67.5000,157.5000
475.0000,307.5000,67.5000,157.5000
467.5000,300.0000,67.5000,157.5000
467.5000,307.5000,67.5000,157.5000
467.5000,300.0000,67.5000,157.5000
460.0000,292.5000,67.5000,157.5000
452.5000,300.0000,67.5000,157.5000
452.5000,292.5000,67.5000,157.5000
445.0000,300.0000,67.5000,157.5000
445.0000,292.5000,67.5000,157.5000
437.5000,300.0000,67.5000,157.5000
437.5000,292.5000,67.5000,157.5000
430.0000,300.0000,67.5000,157.5000
430.0000,292.5000,67.5000,157.5000
422.5000,300.0000,67.5000,157.5000
415.0000,292.5000,67.5000,157.5000
415.0000,300.0000,67.5000,157.5000
407.5000,292.5000,67.5000,157.5000
407.5000,285.0000,67.5000,157.5000
400.0000,292.5000,67.5000,157.5000
400.0000,285.0000,67.5000,157.5000
392.5000,277.5000,67.5000,157.5000
392.5000,285.0000,67.5000,157.5000
392.5000,277.5000,67.5000,157.5000
385.0000,285.0000,67.5000,157.5000
385.0000,277.5000,67.5000,157.5000
377.5000,285.0000,67.5000,157.5000
377.5000,277.5000,67.5000,157.5000
377.5000,285.0000,67.5000,157.5000
377.5000,277.5000,67.5000,157.5000
377.5000,285.0000,67.5000,157.5000
377.5000,277.5000,67.5000,157.5000
377.5000,285.0000,67.5000,157.5000
377.5000,277.5000,67.5000,157.5000
385.0000,285.0000,67.5000,157.5000
385.0000,277.5000,67.5000,157.5000
385.0000,270.0000,67.5000,157.5000
392.5000,277.5000,67.5000,157.5000
392.5000,270.0000,67.5000,157.5000
400.0000,277.5000,67.5000,157.5000
400.0000,270.0000,67.5000,157.5000
400.0000,277.5000,67.5000,157.5000
407.5000,270.0000,67.5000,157.5000
407.5000,262.5000,67.5000,157.5000
415.0000,270.0000,67.5000,157.5000
415.0000,262.5000,67.5000,157.5000
422.5000,270.0000,67.5000,157.5000
422.5000,262.5000,67.5000,157.5000
430.0000,270.0000,67.5000,157.5000
437.5000,277.5000,67.5000,157.5000
437.5000,270.0000,67.5000,157.5000
445.0000,262.5000,67.5000,157.5000
452.5000,270.0000,67.5000,157.5000
452.5000,262.5000,67.5000,157.5000
460.0000,255.0000,67.5000,157.5000
467.5000,262.5000,67.5000,157.5000
467.5000,255.0000,67.5000,157.5000
475.0000,247.5000,67.5000,157.5000
482.5000,255.0000,67.5000,157.5000
490.0000,247.5000,67.5000,157.5000
490.0000,255.0000,67.5000,157.5000
497.5000,247.5000,67.5000,157.5000
505.0000,255.0000,67.5000,157.5000
505.0000,247.5000,67.5000,157.5000
520.0000,255.0000,67.5000,157.5000
527.5000,247.5000,67.5000,157.5000
527.5000,255.0000,67.5000,157.5000
535.0000,247.5000,67.5000,157.5000
542.5000,255.0000,67.5000,157.5000
550.0000,247.5000,67.5000,157.5000
557.5000,240.0000,67.5000,157.5000
565.0000,247.5000,67.5000,157.5000
565.0000,240.0000,67.5000,157.5000
572.5000,232.5000,67.5000,157.5000
580.0000,240.0000,67.5000,157.5000
587.5000,232.5000,67.5000,157.5000
587.5000,240.0000,67.5000,157.5000
595.0000,232.5000,67.5000,157.5000
595.0000,240.0000,67.5000,157.5000
602.5000,232.5000,67.5000,157.5000
602.5000,225.0000,67.5000,157.5000
610.0000,232.5000,67.5000,157.5000
610.0000,225.0000,67.5000,157.5000
617.5000,232.5000,67.5000,157.5000
617.5000,225.0000,67.5000,157.5000
617.5000,232.5000,67.5000,157.5000
625.0000,225.0000,67.5000,157.5000
625.0000,232.5000,67.5000,157.5000
625.0000,225.0000,67.5000,157.5000
632.5000,232.5000,67.5000,157.5000
632.5000,225.0000,67.5000,157.5000
640.0000,232.5000,67.5000,157.5000
640.0000,225.0000,67.5000,157.5000
640.0000,217.5000,67.5000,157.5000
647.5000,225.0000,67.5000,157.5000
647.5000,217.5000,67.5000,157.5000
647.5000,225.0000,67.5000,157.5000
647.5000,217.5000,67.5000,157.5000
647.5000,225.0000,67.5000,157.5000
655.0000,217.5000,67.5000,157.5000
655.0000,225.0000,67.5000,157.5000
655.0000,232.5000,67.5000,157.5000
655.0000,225.0000,67.5000,157.5000
662.5000,232.5000,67.5000,157.5000
662.5000,240.0000,67.5000,157.5000
662.5000,232.5000,67.5000,157.5000
670.0000,240.0000,67.5000,157.5000
670.0000,232.5000,67.5000,157.5000
670.0000,240.0000,67.5000,157.5000
670.0000,232.5000,67.5000,157.5000
677.5000,240.0000,67.5000,157.5000
677.5000,232.5000,67.5000,157.5000
677.5000,240.0000,67.5000,157.5000
677.5000,232.5000,67.5000,157.5000
677.5000,240.0000,67.5000,157.5000
677.5000,232.5000,67.5000,157.5000
677.5000,240.0000,67.5000,157.5000
677.5000,232.5000,67.5000,157.5000
677.5000,240.0000,67.5000,157.5000
685.0000,232.5000,67.5000,157.5000
685.0000,240.0000,67.5000,157.5000
685.0000,247.5000,67.5000,157.5000
685.0000,240.0000,67.5000,157.5000
685.0000,247.5000,67.5000,157.5000
685.0000,240.0000,67.5000,157.5000
685.0000,247.5000,67.5000,157.5000
685.0000,240.0000,67.5000,157.5000
692.5000,247.5000,67.5000,157.5000
692.5000,240.0000,67.5000,157.5000
692.5000,247.5000,67.5000,157.5000
692.5000,240.0000,67.5000,157.5000
692.5000,247.5000,67.5000,157.5000
692.5000,255.0000,67.5000,157.5000
692.5000,247.5000,67.5000,157.5000
692.5000,255.0000,67.5000,157.5000
692.5000,262.5000,67.5000,157.5000
692.5000,270.0000,67.5000,157.5000
692.5000,262.5000,67.5000,157.5000
700.0000,270.0000,67.5000,157.5000
700.0000,277.5000,67.5000,157.5000
700.0000,270.0000,67.5000,157.5000
707.5000,277.5000,67.5000,157.5000
707.5000,285.0000,67.5000,157.5000
707.5000,277.5000,67.5000,157.5000
715.0000,270.0000,67.5000,157.5000
715.0000,277.5000,67.5000,157.5000
715.0000,270.0000,67.5000,157.5000
715.0000,262.5000,67.5000,157.5000
715.0000,270.0000,67.5000,157.5000
715.0000,262.5000,67.5000,157.5000
715.0000,270.0000,67.5000,157.5000
715.0000,262.5000,67.5000,157.5000
715.0000,270.0000,67.5000,157.5000
715.0000,262.5000,67.5000,157.5000
715.0000,270.0000,67.5000,157.5000
715.0000,262.5000,67.5000,157.5000
715.0000,270.0000,67.5000,157.5000
715.0000,262.5000,67.5000,157.5000
715.0000,270.0000,67.5000,157.5000
715.0000,262.5000,67.5000,157.5000
715.0000,255.0000,67.5000,157.5000
715.0000,262.5000,67.5000,157.5000
715.0000,255.0000,67.5000,157.5000
715.0000,247.5000,67.5000,157.5000
715.0000,255.0000,67.5000,157.5000
715.0000,247.5000,67.5000,157.5000
715.0000,240.0000,67.5000,157.5000
715.0000,247.5000,67.5000,157.5000
715.0000,240.0000,67.5000,157.5000
715.0000,247.5000,67.5000,157.5000
715.0000,240.0000,67.5000,157.5000
715.0000,247.5000,67.5000,157.5000
715.0000,240.0000,67.5000,157.5000
715.0000,247.5000,67.5000,157.5000
715.0000,255.0000,67.5000,157.5000
715.0000,247.5000,67.5000,157.5000
715.0000,255.0000,67.5000,157.5000
722.5000,262.5000,67.5000,157.5000
722.5000,255.0000,67.5000,157.5000
722.5000,247.5000,67.5000,157.5000
722.5000,255.0000,67.5000,157.5000
715.0000,247.5000,67.5000,157.5000
715.0000,255.0000,67.5000,157.5000
715.0000,247.5000,67.5000,157.5000
715.0000,255.0000,67.5000,157.5000
715.0000,247.5000,67.5000,157.5000
715.0000,255.0000,67.5000,157.5000
707.5000,247.5000,67.5000,157.5000
707.5000,255.0000,67.5000,157.5000
722.5000,262.5000,67.5000,157.5000
722.5000,255.0000,67.5000,157.5000
722.5000,262.5000,67.5000,157.5000
722.5000,255.0000,67.5000,157.5000
722.5000,262.5000,67.5000,157.5000
722.5000,255.0000,67.5000,157.5000
722.5000,262.5000,67.5000,157.5000
722.5000,255.0000,67.5000,157.5000
722.5000,262.5000,67.5000,157.5000
715.0000,255.0000,67.5000,157.5000
715.0000,247.5000,67.5000,157.5000
715.0000,255.0000,67.5000,157.5000
715.0000,247.5000,67.5000,157.5000
707.5000,240.0000,67.5000,157.5000
707.5000,247.5000,67.5000,157.5000
707.5000,240.0000,67.5000,157.5000
700.0000,247.5000,67.5000,157.5000
700.0000,240.0000,67.5000,157.5000
700.0000,247.5000,67.5000,157.5000
700.0000,240.0000,67.5000,157.5000
692.5000,247.5000,67.5000,157.5000
692.5000,255.0000,67.5000,157.5000
692.5000,247.5000,67.5000,157.5000
692.5000,255.0000,67.5000,157.5000
692.5000,247.5000,67.5000,157.5000
692.5000,255.0000,67.5000,157.5000
685.0000,247.5000,67.5000,157.5000
685.0000,240.0000,67.5000,157.5000
685.0000,247.5000,67.5000,157.5000
685.0000,240.0000,67.5000,157.5000
677.5000,247.5000,67.5000,157.5000
677.5000,240.0000,67.5000,157.5000
670.0000,232.5000,67.5000,157.5000
670.0000,240.0000,67.5000,157.5000
670.0000,232.5000,67.5000,157.5000
662.5000,240.0000,67.5000,157.5000
655.0000,232.5000,67.5000,157.5000
655.0000,240.0000,67.5000,157.5000
655.0000,247.5000,67.5000,157.5000
647.5000,240.0000,67.5000,157.5000
647.5000,247.5000,67.5000,157.5000
640.0000,240.0000,67.5000,157.5000
640.0000,247.5000,67.5000,157.5000
640.0000,240.0000,67.5000,157.5000
632.5000,232.5000,67.5000,157.5000
632.5000,240.0000,67.5000,157.5000
632.5000,232.5000,67.5000,157.5000
632.5000,240.0000,67.5000,157.5000
625.0000,232.5000,67.5000,157.5000
625.0000,225.0000,67.5000,157.5000
625.0000,232.5000,67.5000,157.5000
617.5000,225.0000,67.5000,157.5000
617.5000,232.5000,67.5000,157.5000
617.5000,225.0000,67.5000,157.5000
610.0000,232.5000,67.5000,157.5000
610.0000,240.0000,67.5000,157.5000
602.5000,232.5000,67.5000,157.5000
602.5000,240.0000,67.5000,157.5000
602.5000,232.5000,67.5000,157.5000
602.5000,240.0000,67.5000,157.5000
595.0000,247.5000,67.5000,157.5000
595.0000,240.0000,67.5000,157.5000
595.0000,247.5000,67.5000,157.5000
595.0000,240.0000,67.5000,157.5000
587.5000,232.5000,67.5000,157.5000
587.5000,240.0000,67.5000,157.5000
580.0000,232.5000,67.5000,157.5000
580.0000,240.0000,67.5000,157.5000
572.5000,232.5000,67.5000,157.5000
572.5000,225.0000,67.5000,157.5000
565.0000,232.5000,67.5000,157.5000
565.0000,240.0000,67.5000,157.5000
557.5000,232.5000,67.5000,157.5000
557.5000,240.0000,67.5000,157.5000
550.0000,232.5000,67.5000,157.5000
550.0000,240.0000,67.5000,157.5000
542.5000,232.5000,67.5000,157.5000
542.5000,240.0000,67.5000,157.5000
535.0000,232.5000,67.5000,157.5000
535.0000,240.0000,67.5000,157.5000
527.5000,232.5000,67.5000,157.5000
527.5000,225.0000,67.5000,157.5000
520.0000,232.5000,67.5000,157.5000
520.0000,225.0000,67.5000,157.5000
520.0000,232.5000,67.5000,157.5000
512.5000,225.0000,67.5000,157.5000
512.5000,217.5000,67.5000,157.5000
512.5000,225.0000,67.5000,157.5000
512.5000,217.5000,67.5000,157.5000
505.0000,225.0000,67.5000,157.5000
505.0000,217.5000,67.5000,157.5000
505.0000,225.0000,67.5000,157.5000
497.5000,217.5000,67.5000,157.5000
497.5000,225.0000,67.5000,157.5000
497.5000,217.5000,67.5000,157.5000
490.0000,225.0000,67.5000,157.5000
490.0000,232.5000,67.5000,157.5000
490.0000,225.0000,67.5000,157.5000
490.0000,232.5000,67.5000,157.5000
490.0000,240.0000,67.5000,157.5000
482.5000,232.5000,67.5000,157.5000
482.5000,225.0000,67.5000,157.5000
475.0000,217.5000,67.5000,157.5000
475.0000,225.0000,67.5000,157.5000
475.0000,232.5000,67.5000,157.5000
467.5000,225.0000,67.5000,157.5000
467.5000,232.5000,67.5000,157.5000
467.5000,240.0000,67.5000,157.5000
460.0000,217.5000,67.5000,157.5000
460.0000,240.0000,67.5000,157.5000
460.0000,232.5000,67.5000,157.5000
460.0000,240.0000,67.5000,157.5000
452.5000,232.5000,67.5000,157.5000
452.5000,240.0000,67.5000,157.5000
452.5000,232.5000,67.5000,157.5000
445.0000,240.0000,67.5000,157.5000
445.0000,232.5000,67.5000,157.5000
445.0000,240.0000,67.5000,157.5000
445.0000,232.5000,67.5000,157.5000
437.5000,225.0000,67.5000,157.5000
437.5000,232.5000,67.5000,157.5000
437.5000,225.0000,67.5000,157.5000
437.5000,232.5000,67.5000,157.5000
437.5000,225.0000,67.5000,157.5000
437.5000,232.5000,67.5000,157.5000
430.0000,225.0000,67.5000,157.5000
430.0000,217.5000,67.5000,157.5000
430.0000,225.0000,67.5000,157.5000
430.0000,217.5000,67.5000,157.5000
430.0000,225.0000,67.5000,157.5000
430.0000,217.5000,67.5000,157.5000
430.0000,225.0000,67.5000,157.5000
430.0000,232.5000,67.5000,157.5000
430.0000,225.0000,67.5000,157.5000
430.0000,232.5000,67.5000,157.5000
430.0000,225.0000,67.5000,157.5000
430.0000,217.5000,67.5000,157.5000
437.5000,210.0000,67.5000,157.5000
430.0000,217.5000,67.5000,157.5000
437.5000,210.0000,67.5000,157.5000
430.0000,217.5000,67.5000,157.5000
430.0000,210.0000,67.5000,157.5000
430.0000,202.5000,67.5000,157.5000
430.0000,210.0000,67.5000,157.5000
430.0000,202.5000,67.5000,157.5000
430.0000,210.0000,67.5000,157.5000
430.0000,202.5000,67.5000,157.5000
430.0000,210.0000,67.5000,157.5000
422.5000,202.5000,67.5000,157.5000
422.5000,210.0000,67.5000,157.5000
422.5000,202.5000,67.5000,157.5000
422.5000,210.0000,67.5000,157.5000
415.0000,202.5000,67.5000,157.5000
415.0000,195.0000,67.5000,157.5000
415.0000,187.5000,67.5000,157.5000
415.0000,195.0000,67.5000,157.5000
415.0000,187.5000,67.5000,157.5000
415.0000,180.0000,67.5000,157.5000
407.5000,187.5000,67.5000,157.5000
407.5000,180.0000,67.5000,157.5000
407.5000,172.5000,67.5000,157.5000
407.5000,180.0000,67.5000,157.5000
407.5000,172.5000,67.5000,157.5000
400.0000,180.0000,67.5000,157.5000
400.0000,172.5000,67.5000,157.5000
400.0000,180.0000,67.5000,157.5000
400.0000,172.5000,67.5000,157.5000
392.5000,180.0000,67.5000,157.5000
392.5000,172.5000,67.5000,157.5000
392.5000,180.0000,67.5000,157.5000
392.5000,172.5000,67.5000,157.5000
400.0000,165.0000,67.5000,157.5000
400.0000,172.5000,67.5000,157.5000
400.0000,165.0000,67.5000,157.5000
392.5000,172.5000,67.5000,157.5000
392.5000,165.0000,67.5000,157.5000
392.5000,157.5000,67.5000,157.5000
392.5000,150.0000,67.5000,157.5000
392.5000,157.5000,67.5000,157.5000
385.0000,150.0000,67.5000,157.5000
385.0000,157.5000,67.5000,157.5000
385.0000,150.0000,67.5000,157.5000
385.0000,157.5000,67.5000,157.5000
