1
410.7247,121.2549,75.5506,204.4902
405.5729,122.8440,75.8542,205.3120
401.2602,123.9976,76.4796,207.0048
398.4560,126.5276,76.0880,205.9447
396.3989,128.3730,76.2022,206.2540
394.3816,129.3262,76.2368,206.3475
394.0269,129.3661,76.9462,208.2677
393.8339,128.8438,77.3322,209.3125
395.9161,128.0663,77.1678,208.8675
397.2157,127.8771,76.5686,207.2457
398.3506,126.2424,76.2987,206.5152
400.6237,125.9813,75.7527,205.0373
402.8497,125.5931,75.3006,203.8137
404.8655,124.6360,75.2689,203.7279
407.8325,124.5465,75.3351,203.9070
409.6860,123.1501,75.6280,204.6999
411.7734,122.3868,75.4531,204.2264
414.6685,122.1029,75.6629,204.7942
416.5950,121.9039,75.8100,205.1923
418.5353,121.7423,75.9294,205.5155
420.5413,122.7584,75.9174,205.4832
421.2420,120.9483,76.5161,207.1034
421.2004,121.8359,76.5991,207.3283
420.1405,122.6735,76.7191,207.6530
418.9858,122.2550,77.0283,208.4900
417.1019,123.5692,76.7961,207.8616
414.2209,123.8912,76.5583,207.2177
411.5040,124.6576,75.9920,205.6849
406.6285,123.9945,75.7430,205.0109
401.5684,122.8318,75.8632,205.3364
395.7863,122.4217,75.4273,204.1566
389.9996,121.9989,75.0008,203.0021
382.3298,121.8926,74.3405,201.2149
374.3190,121.8634,74.3620,201.2732
365.3291,121.8909,74.3417,201.2183
357.4021,122.0885,74.1957,200.8231
348.1921,121.5200,74.6158,201.9600
338.0076,123.0206,74.9848,202.9588
328.8441,123.5782,75.3117,203.8436
319.7202,124.2427,75.5596,204.5146
309.6000,125.9173,75.8000,205.1654
298.4822,127.5984,76.0357,205.8032
288.3138,129.1426,76.3724,206.7148
278.2437,130.9528,76.5127,207.0943
268.9693,132.2103,77.0613,208.5794
260.8866,132.9863,77.2268,209.0273
253.8570,133.9064,77.2859,209.1872
247.8483,133.8827,77.3034,209.2346
242.9605,133.1863,77.0791,208.6273
239.1114,131.5948,76.7772,207.8103
236.1776,129.7742,76.6447,207.4517
234.2378,127.9369,76.5245,207.1262
232.1022,125.5700,76.7956,207.8601
233.0893,123.5350,76.8214,207.9299
233.1413,121.6757,76.7174,207.6485
235.1686,119.7496,76.6629,207.5008
237.0928,117.5445,76.8144,207.9111
239.1110,115.5938,76.7780,207.8124
243.2113,112.8652,76.5774,207.2696
247.4697,111.5647,76.0605,205.8705
251.7674,110.3705,75.4651,204.2589
255.8051,108.4726,75.3897,204.0548
259.6663,106.0968,75.6674,204.8063
264.4807,103.5943,76.0387,205.8113
268.3414,102.2174,76.3172,206.5651
272.4019,100.3812,76.1961,206.2375
276.3572,98.2602,76.2855,206.4795
279.5517,95.7866,75.8966,205.4267
282.8040,93.4695,75.3920,204.0611
286.1039,89.2812,74.7922,202.4375
290.2242,85.6068,74.5516,201.7864
292.2698,81.7304,74.4603,201.5393
295.2399,78.6493,74.5202,201.7014
297.3634,75.9835,74.2733,201.0329
299.3513,73.9510,74.2973,201.0981
302.2861,71.7743,74.4278,201.4514
305.2479,69.6710,74.5042,201.6581
308.0509,68.1377,74.8982,202.7245
310.9193,66.7815,75.1615,203.4371
314.9893,65.9712,75.0213,203.0577
317.9821,63.9515,75.0358,203.0970
321.0485,64.1313,74.9029,202.7373
324.1095,63.2964,74.7810,202.4071
328.0746,63.2018,74.8509,202.5964
331.0017,63.0046,74.9966,202.9909
334.8764,62.6655,75.2472,203.6690
338.9773,62.9387,75.0453,203.1227
343.1587,62.4295,74.6827,202.1411
347.3423,61.9265,74.3154,201.1469
351.4703,60.2729,74.0594,200.4542
355.6486,58.7556,73.7028,199.4889
359.9183,57.4854,73.1635,198.0292
364.1414,56.0894,72.7172,196.8212
367.4073,54.8092,72.1853,195.3816
371.5133,54.0959,71.9735,194.8082
375.5207,53.1160,71.9586,194.7681
379.6873,52.5671,71.6253,193.8658
382.6810,51.5500,71.6379,193.9000
386.5317,51.1459,71.9365,194.7082
389.4839,51.0163,72.0323,194.9675
393.2953,50.5060,72.4094,195.9881
396.2088,50.2718,72.5824,196.4564
399.1021,50.9829,72.7959,197.0342
402.1030,50.9855,72.7940,197.0291
405.1070,50.9963,72.7859,197.0073
408.0696,51.8952,72.8607,197.2096
411.1423,52.0917,72.7155,196.8166
413.1224,53.0381,72.7551,196.9239
415.1810,53.1966,72.6380,196.6068
418.1877,53.2149,72.6245,196.5703
420.3328,52.6075,72.3344,195.7850
422.3787,51.7317,72.2426,195.5365
424.4115,51.8204,72.1770,195.3591
427.4660,50.9679,72.0681,195.0642
429.4562,50.9415,72.0876,195.1170
432.2900,50.4917,72.4199,196.0166
435.2946,50.5042,72.4107,195.9916
437.2664,50.4277,72.4672,196.1446
440.2483,51.3786,72.5035,196.2428
443.3222,51.5787,72.3556,195.8425
445.3841,52.7462,72.2318,195.5076
448.4357,52.8860,72.1285,195.2279
451.3881,54.7572,72.2238,195.4857
454.3658,55.6966,72.2685,195.6067
456.2631,56.4189,72.4737,196.1622
459.1342,58.0699,72.7316,196.8602
461.9837,58.6625,73.0326,197.6749
464.8601,59.3279,73.2799,198.3442
466.8577,60.3215,73.2846,198.3570
469.8777,60.3757,73.2446,198.2486
472.9106,60.4646,73.1788,198.0707
475.0522,59.8481,72.8955,197.3038
478.1401,59.0858,72.7199,196.8284
480.0831,58.9315,72.8339,197.1370
483.0638,58.8793,72.8724,197.2414
485.9806,58.6540,73.0389,197.6919
487.7675,58.0773,73.4650,198.8453
490.6320,57.7105,73.7361,199.5791
493.4692,58.2699,74.0617,200.4602
495.3542,58.9588,74.2915,201.0824
497.3178,59.8603,74.3643,201.2795
499.2058,61.5572,74.5883,201.8857
502.1123,63.3041,74.7753,202.3919
503.9768,64.9373,75.0463,203.1254
505.7833,66.4134,75.4334,204.1732
505.7529,69.3311,75.4942,204.3377
505.6017,70.9218,75.7967,205.1564
504.4736,73.5751,76.0529,205.8497
502.4214,76.4338,76.1573,206.1324
499.2950,78.0917,76.4101,206.8167
495.1035,79.5734,76.7931,207.8533
491.1154,80.6056,76.7693,207.7888
486.0854,80.5246,76.8291,207.9507
481.0723,81.4891,76.8554,208.0219
473.9229,82.0846,77.1543,208.8309
467.6912,83.4574,77.6177,210.0851
460.5179,84.9886,77.9641,211.0228
454.3704,87.5893,78.2591,211.8214
449.2107,89.1570,78.5785,212.6859
442.9767,91.5235,79.0467,213.9530
438.8834,93.2711,79.2332,214.4578
433.7253,94.8432,79.5493,215.3135
429.7399,97.8827,79.5202,215.2347
425.5352,99.3286,79.9296,216.3428
422.3867,102.9268,80.2265,217.1465
419.4729,106.1599,80.0542,216.6801
416.4525,108.1048,80.0950,216.7905
414.4156,110.0049,80.1688,216.9902
413.5291,112.3122,79.9417,216.3756
412.6330,113.5934,79.7340,215.8133
412.8233,114.1083,79.3535,214.7834
413.0280,113.6626,78.9439,213.6748
413.2020,112.1334,78.5960,212.7333
414.4349,110.7638,78.1302,211.4724
415.5399,110.0479,77.9203,210.9043
416.5768,108.1478,77.8465,210.7045
417.5283,107.0167,77.9433,210.9666
418.2703,106.3182,78.4594,212.3636
419.0772,104.7958,78.8455,213.4085
420.7918,104.0232,79.4164,214.9536
421.4947,103.2189,80.0107,216.5622
423.3036,102.7016,80.3929,217.5968
424.2847,102.6507,80.4305,217.6987
425.2094,103.4466,80.5813,218.1067
426.1411,103.2620,80.7177,218.4759
427.0183,102.9296,80.9633,219.1408
428.0518,104.0203,80.8963,218.9594
428.9243,103.6751,81.1514,219.6499
429.8869,104.5739,81.2262,219.8522
430.8950,104.5958,81.2100,219.8085
433.1263,104.2217,80.7475,218.5566
433.4268,103.0353,80.1463,216.9294
434.6367,101.6033,79.7266,215.7934
434.9134,100.3521,79.1733,214.2957
435.9739,98.5159,79.0523,213.9681
435.9955,97.5745,79.0090,213.8511
436.9317,97.4019,79.1365,214.1962
436.8437,97.1637,79.3125,214.6726
437.5908,96.4790,79.8185,216.0420
437.4734,96.1615,80.0531,216.6770
438.4046,95.9751,80.1908,217.0499
440.3961,95.9522,80.2077,217.0955
441.4683,96.1474,80.0635,216.7052
442.3137,96.7290,80.3727,217.5421
444.3283,97.7687,80.3434,217.4627
445.3911,98.9386,80.2178,217.1228
446.3472,99.8198,80.3055,217.3603
447.4217,101.0213,80.1567,216.9574
449.3123,100.7254,80.3753,217.5491
450.3609,101.8568,80.2782,217.2864
452.5046,101.2459,79.9907,216.5083
453.7240,101.8397,79.5519,215.3206
453.9676,100.4988,79.0649,214.0023
454.8551,99.1945,79.2898,214.6110
455.7362,97.8727,79.5276,215.2546
456.4376,97.0643,80.1249,216.8714
457.3188,96.7427,80.3625,217.5145
457.9819,95.8309,81.0363,219.3382
457.6876,96.0343,81.6249,220.9314
458.3158,96.0281,82.3684,222.9438
458.9495,96.0366,83.1011,224.9269
459.7632,97.5324,83.4736,225.9352
460.7266,98.4334,83.5467,226.1332
460.7267,100.4335,83.5467,226.1330
461.8540,101.7781,83.2920,225.4438
462.8598,103.7939,83.2804,225.4122
464.0144,106.2122,82.9712,224.5755
465.1165,107.4886,82.7671,224.0228
465.2450,109.8363,82.5101,223.3273
465.2539,110.8605,82.4922,223.2789
466.3173,111.0322,82.3654,222.9357
466.4874,111.4926,82.0252,222.0149
466.6887,111.0375,81.6226,220.9250
466.6690,110.9841,81.6620,221.0318
466.4591,110.4161,82.0817,222.1678
466.3876,111.2225,82.2247,222.5550
467.3810,112.2047,82.2379,222.5906
467.4791,113.4701,82.0418,222.0597
467.4958,114.5152,82.0085,221.9695
467.4405,116.3656,82.1190,222.2687
468.3325,118.0733,82.3350,222.8533
468.3191,120.0370,82.3618,222.9260
469.3475,122.1140,82.3049,222.7720
469.2946,123.9709,82.4107,223.0583
470.3643,127.1595,82.2713,222.6810
470.4987,129.5232,82.0026,221.9537
472.3523,131.1268,82.2955,222.7464
473.5667,133.7072,81.8666,221.5856
474.5978,133.7915,81.8043,221.4170
475.5857,133.7586,81.8286,221.4828
476.5609,133.6916,81.8781,221.6168
476.5572,133.6815,81.8856,221.6371
477.3957,132.2444,82.2086,222.5113
478.3138,133.0228,82.3723,222.9543
478.2601,132.8774,82.4798,223.2452
478.1501,132.5796,82.6998,223.8408
478.9645,133.0773,83.0709,224.8453
478.6437,133.2090,83.7126,226.5821
478.4808,133.7679,84.0385,227.4642
479.2177,135.0560,84.5645,228.8880
479.0814,137.6869,84.8373,229.6262
479.8873,139.1616,85.2254,230.6769
479.7603,140.8180,85.4793,231.3640
479.7463,142.7800,85.5074,231.4401
479.6021,145.3898,85.7957,232.2204
480.6096,148.4099,85.7808,232.1801
480.7382,150.7580,85.5237,231.4841
480.7555,152.8050,85.4889,231.3900
480.7590,153.8143,85.4821,231.3714
480.7659,154.8331,85.4681,231.3338
480.8378,155.0276,85.3244,230.9448
480.9555,155.3463,85.0889,230.3074
480.9924,155.4461,85.0152,230.1078
481.0043,155.4784,84.9914,230.0433
481.2088,156.0318,84.5824,228.9363
481.0527,156.6094,84.8945,229.7812
480.0476,156.5956,84.9047,229.8088
480.0622,157.6351,84.8755,229.7298
480.0380,158.5695,84.9240,229.8609
480.1902,159.9815,84.6196,229.0369
481.2161,161.0516,84.5678,228.8969
481.1687,161.9233,84.6626,229.1533
482.0535,162.6115,84.8930,229.7769
483.0427,164.5821,84.9147,229.8357
484.1134,166.7737,84.7731,229.4526
485.2038,169.0183,84.5924,228.9634
486.2742,171.2088,84.4516,228.5823
487.3659,172.4571,84.2681,228.0857
488.4723,172.7450,84.0554,227.5100
490.5649,171.9957,83.8702,227.0085
491.6114,171.1215,83.7772,226.7570
493.6763,170.2971,83.6475,226.4059
494.5864,169.0539,83.8272,226.8922
496.2891,167.2493,84.4217,228.5015
498.1210,165.7941,84.7581,229.4118
499.8158,164.9681,85.3684,231.0637
501.6598,163.5459,85.6804,231.9082
502.5793,163.3279,85.8415,232.3443
504.6229,163.4459,85.7543,232.1082
505.5941,163.3682,85.8117,232.2637
506.3504,163.7085,86.2991,233.5830
508.1468,164.1572,86.7065,234.6855
509.0529,165.9033,86.8941,235.1934
510.0162,166.8038,86.9677,235.3924
511.9903,167.7336,87.0195,235.5327
513.0531,168.9038,86.8937,235.1924
514.0259,169.8302,86.9481,235.3396
514.9809,170.7082,87.0383,235.5835
516.1432,171.1476,86.7136,234.7047
517.3661,170.7509,86.2678,233.4982
518.6168,169.4293,85.7665,232.1413
519.6711,168.5766,85.6577,231.8469
520.6198,167.4375,85.7605,232.1251
521.6056,166.3992,85.7888,232.2016
523.3768,165.7799,86.2464,233.4402
524.2952,165.5591,86.4095,233.8817
525.1946,165.2866,86.6109,234.4268
527.0758,165.9652,86.8484,235.0696
529.1976,167.2949,86.6048,234.4103
531.2836,167.5275,86.4329,233.9451
532.2925,168.5518,86.4149,233.8965
534.2939,169.5556,86.4121,233.8888
536.3184,170.6217,86.3633,233.7567
538.3496,171.7063,86.3008,233.5875
541.2310,173.3853,86.5379,234.2294
543.2073,175.3209,86.5855,234.3581
544.2524,176.4433,86.4951,234.1134
546.2667,176.4819,86.4666,234.0362
546.4586,176.0013,86.0828,232.9974
547.3571,174.7265,86.2859,233.5470
547.1649,173.2065,86.6701,234.5871
546.8345,172.3119,87.3311,236.3762
546.4950,172.3931,88.0100,238.2137
546.2916,171.8425,88.4169,239.3150
546.2322,171.6819,88.5356,239.6362
545.1175,172.3713,88.7650,240.2573
543.8207,173.5681,89.3586,241.8638
542.6983,175.2367,89.6034,242.5266
540.5870,176.9355,89.8260,243.1291
537.5450,179.8220,89.9099,243.3560
535.4935,182.6824,90.0130,243.6352
532.3782,185.3703,90.2436,244.2593
528.3289,188.2370,90.3421,244.5260
523.2903,192.1324,90.4194,244.7353
517.2439,195.0069,90.5122,244.9863
511.3390,197.2641,90.3221,244.4717
504.4555,199.5795,90.0890,243.8410
496.7088,201.2651,89.5825,242.4698
488.5901,200.9440,89.8197,243.1119
480.5030,201.7082,89.9939,243.5836
472.2753,202.0919,90.4494,244.8163
463.3708,204.3504,90.2583,244.2992
456.4424,206.5442,90.1152,243.9117
448.5021,208.7056,89.9959,243.5888
441.2683,210.0730,90.4633,244.8541
435.0935,211.5997,90.8130,245.8006
429.0539,214.4925,90.8922,246.0150
424.9233,216.1391,91.1534,246.7218
419.8060,217.8215,91.3881,247.3570
415.5594,220.1543,91.8811,248.6915
413.3808,222.6706,92.2385,249.6588
411.3339,224.5439,92.3321,249.9123
409.1759,226.1161,92.6482,250.7678
408.9019,226.3745,93.1962,252.2510
408.6564,224.7101,93.6871,253.5798
408.5065,222.3043,93.9870,254.3915
409.2909,220.7206,94.4183,255.5588
410.0558,218.0843,94.8885,256.8315
411.8770,216.6004,95.2460,257.7992
413.5215,215.6383,95.9569,259.7234
416.3533,215.1830,96.2933,260.6339
420.2431,213.8848,96.5137,261.2305
423.2078,213.7892,96.5844,261.4217
426.2109,212.7975,96.5782,261.4050
429.1790,212.7113,96.6419,261.5774
432.1654,211.6745,96.6691,261.6511
435.1485,210.6285,96.7031,261.7430
438.2530,210.9114,96.4941,261.1772
441.3373,210.1396,96.3254,260.7208
444.4014,209.3131,96.1972,260.3738
447.4292,208.3884,96.1415,260.2231
449.5047,207.5928,95.9905,259.8144
452.4782,206.5210,96.0436,259.9579
454.4400,204.4175,96.1201,260.1650
457.6522,200.9919,95.6956,259.0161
460.7365,198.2203,95.5269,258.5595
463.7280,194.1972,95.5440,258.6057
466.8572,191.5468,95.2856,257.9063
469.9247,188.7296,95.1506,257.5409
472.0805,186.1511,94.8391,256.6978
476.1786,182.4168,94.6428,256.1664
480.2835,180.7007,94.4330,255.5986
484.3745,178.9470,94.2510,255.1061
489.5713,176.4796,93.8575,254.0408
493.6699,174.7465,93.6602,253.5070
496.7999,174.0984,93.4002,252.8033
498.0082,173.6622,92.9836,251.6756
498.2623,173.3499,92.4755,250.3003
497.4317,172.8084,92.1367,249.3832
496.5730,172.1909,91.8540,248.6181
496.7258,171.6044,91.5485,247.7911
495.9410,170.1870,91.1180,246.6259
494.2459,169.0122,90.5082,244.9757
492.4474,165.5577,90.1051,243.8845
490.4886,162.6690,90.0229,243.6620
488.6096,159.9966,89.7809,243.0069
485.6928,157.2219,89.6144,242.5562
483.6865,155.2049,89.6269,242.5902
479.8258,153.5817,89.3485,241.8365
477.0108,152.0826,88.9784,240.8349
473.3447,150.9862,88.3107,239.0275
470.6035,150.6867,87.7931,237.6267
466.8208,149.2750,87.3583,236.4499
463.9189,147.5405,87.1622,235.9190
461.0731,146.9579,86.8538,235.0842
459.2277,145.3763,86.5446,234.2474
458.3210,144.6289,86.3580,233.7423
455.3241,143.6371,86.3519,233.7258
454.3448,143.6932,86.3105,233.6136
454.2690,142.4881,86.4620,234.0238
455.2566,141.4545,86.4868,234.0910
457.2910,140.5477,86.4179,233.9045
458.3365,138.6708,86.3270,233.6584
461.2857,135.5333,86.4286,233.9333
465.3173,132.6189,86.3654,233.7623
468.2214,128.3593,86.5572,234.2814
472.3304,124.6542,86.3393,233.6916
476.2337,121.3926,86.5326,234.2148
479.5233,118.1765,85.9533,232.6469
483.7943,116.9097,85.4115,231.1805
487.1771,115.9460,84.6458,229.1080
490.4308,114.6327,84.1384,227.7347
493.6836,113.3169,83.6328,226.3661
495.8485,111.7633,83.3030,225.4734
498.9505,111.0395,83.0989,224.9211
501.1044,110.4560,82.7911,224.0880
504.1878,109.6817,82.6244,223.6366
508.2232,108.7775,82.5536,223.4451
512.2958,107.9738,82.4085,223.0523
516.3978,107.2500,82.2045,222.5000
520.5011,105.5296,81.9978,221.9407
525.4992,103.5246,82.0015,221.9508
529.6025,101.8040,81.7951,221.3920
533.6764,99.0041,81.6472,220.9918
536.7167,96.1131,81.5666,220.7737
538.7686,93.2538,81.4627,220.4925
539.6736,89.9967,81.6527,221.0067
539.6250,87.8650,81.7500,221.2700
538.7294,86.1475,81.5413,220.7050
536.6333,84.8874,81.7334,221.2252
534.5239,83.5914,81.9522,221.8173
531.2719,81.9091,82.4563,223.1817
528.1390,81.5497,82.7219,223.9007
523.9620,80.0704,83.0761,224.8593
518.7797,79.5772,83.4405,225.8457
511.6782,79.3024,83.6436,226.3953
504.5338,77.9115,83.9324,227.1769
497.4116,77.5808,84.1768,227.8385
489.3370,77.3789,84.3260,228.2423
481.2153,76.0494,84.5694,228.9011
473.1797,73.9530,84.6406,229.0939
463.1202,71.7920,84.7596,229.4160
453.1795,69.9525,84.6410,229.0950
443.2274,68.0823,84.5451,228.8354
432.2523,67.1495,84.4954,228.7009
422.4178,66.5976,84.1643,227.8048
411.4994,65.8183,84.0013,227.3634
401.5805,66.0379,83.8390,226.9242
391.5704,66.0106,83.8592,226.9788
382.4621,66.7173,84.0759,227.5654
374.3149,67.3190,84.3702,228.3619
367.1164,67.7817,84.7672,229.4366
359.8018,67.9302,85.3964,231.1397
354.3543,67.7190,86.2914,233.5621
349.2069,69.3201,86.5861,234.3598
344.8585,69.3769,87.2831,236.2462
342.3488,68.9973,88.3025,239.0054
341.0744,69.2546,88.8513,240.4908
339.7838,68.4682,89.4324,242.0636
340.7600,68.4038,89.4799,242.1924
341.7672,67.4232,89.4656,242.1536
344.1253,65.3925,88.7494,240.2151
346.3413,62.9772,88.3173,239.0455
349.4130,60.1711,88.1740,238.6577
352.5606,58.5708,87.8787,237.8584
354.8427,56.3343,87.3146,236.3315
358.8828,54.4429,87.2343,236.1143
361.9124,52.5229,87.1752,235.9543
363.9279,51.5647,87.1443,235.8705
367.9760,50.6950,87.0480,235.6099
371.0982,50.0258,86.8036,234.9484
374.0763,49.9666,86.8474,235.0669
376.9415,48.6017,87.1169,235.7965
379.0548,48.9085,86.8903,235.1831
382.1389,49.1361,86.7221,234.7278
385.2899,49.5445,86.4203,233.9110
387.4254,48.9115,86.1491,233.1770
390.4399,48.9506,86.1202,233.0987
393.4679,49.0265,86.0642,232.9470
396.5414,49.2255,85.9171,232.5490
398.6052,48.3981,85.7896,232.2039
401.7102,47.6823,85.5796,231.6353
404.6326,45.4723,85.7347,232.0553
407.7069,43.6732,85.5863,231.6535
410.6670,41.5653,85.6660,231.8694
413.6444,39.5042,85.7112,231.9917
416.7586,37.8133,85.4828,231.3734
418.8495,37.0594,85.3009,230.8811
421.9274,36.2702,85.1452,230.4596
425.0664,35.6465,84.8671,229.7070
428.2250,36.0757,84.5500,228.8486
430.2800,36.2246,84.4400,228.5508
433.3853,36.5096,84.2294,227.9809
435.5147,36.8598,83.9706,227.2805
438.6983,37.3568,83.6034,226.2864
441.9320,38.9893,83.1360,225.0215
444.0562,40.3256,82.8875,224.3488
447.2808,41.9335,82.4383,223.1331
450.4097,43.2822,82.1806,222.4355
453.4760,44.4616,82.0481,222.0769
457.5159,45.5696,81.9683,221.8608
461.5608,46.6911,81.8785,221.6178
465.4866,48.4904,82.0268,222.0192
469.6023,48.8035,81.7954,221.3929
473.6527,48.9399,81.6946,221.1202
478.6401,48.9058,81.7198,221.1884
482.6185,48.8473,81.7631,221.3054
487.7801,48.2848,81.4398,220.4305
490.7375,48.1696,81.5249,220.6608
494.5397,47.6340,81.9207,221.7320
497.3201,48.0398,82.3598,222.9205
499.2335,48.8052,82.5331,223.3895
503.1779,49.6548,82.6443,223.6904
506.1858,50.6762,82.6284,223.6476
509.4163,53.3002,82.1674,222.3997
513.7718,55.2623,81.4564,220.4754
517.0875,57.1169,80.8249,218.7662
520.4612,60.1284,80.0776,216.7433
523.6998,62.7741,79.6004,215.4519
526.7729,65.9721,79.4541,215.0557
529.8961,69.3056,79.2077,214.3889
533.0349,71.6811,78.9302,213.6378
536.1872,75.0933,78.6256,212.8133
539.1769,77.0655,78.6462,212.8691
542.3057,79.4141,78.3886,212.1718
546.3663,81.5782,78.2673,211.8436
548.4049,82.6826,78.1902,211.6348
553.3304,83.4809,78.3393,212.0383
556.5028,84.9476,77.9944,211.1047
560.4942,85.9244,78.0116,211.1513
563.6269,88.2835,77.7462,210.4330
566.8301,90.8335,77.3398,209.3329
571.1290,93.6426,76.7419,207.7147
575.2977,95.0991,76.4046,206.8019
578.5587,98.8056,75.8825,205.3887
581.9907,101.9749,75.0185,203.0502
585.2993,105.8102,74.4014,201.3797
588.6331,109.7135,73.7339,199.5730
589.9151,113.4769,73.1698,198.0462
591.0768,115.9147,72.8463,197.1705
591.2340,120.3400,72.5320,196.3199
590.3783,123.7305,72.2435,195.5390
588.6713,127.5237,71.6574,193.9527
585.9754,131.3467,71.0492,192.3065
586.1429,132.8002,70.7141,191.3995
583.1523,134.8256,70.6954,191.3489
579.0534,137.5579,70.8932,191.8843
573.9553,139.2922,71.0895,192.4155
568.1794,140.8988,70.6413,191.2024
561.3698,143.4141,70.2605,190.1718
553.6093,145.0626,69.7813,188.8748
545.7727,146.5049,69.4545,187.9903
536.9161,148.8928,69.1679,187.2144
526.0620,150.2879,68.8760,186.4243
516.0359,152.2172,68.9282,186.5656
505.0125,155.1540,68.9749,186.6920
493.9303,157.9314,69.1394,187.1372
482.9417,161.9622,69.1166,187.0755
471.9925,166.0996,69.0150,186.8007
461.8326,169.6668,69.3349,187.6665
450.8097,173.6050,69.3805,187.7900
440.6383,178.1409,69.7234,188.7181
431.5840,181.9939,69.8321,189.0123
422.5546,185.9145,69.8907,189.1709
413.4245,190.5622,70.1511,189.8755
405.3667,193.4059,70.2666,190.1883
399.1548,197.8322,70.6905,191.3356
392.0136,200.4501,70.9728,192.0998
385.8697,203.0605,71.2607,192.8790
381.8462,204.9971,71.3075,193.0057
377.6870,206.5663,71.6259,193.8674
375.6019,208.3358,71.7962,194.3284
373.6094,209.3562,71.7811,194.2875
372.5649,211.2356,71.8703,194.5288
371.5233,212.1230,71.9534,194.7539
371.3936,213.7721,72.2127,195.4557
372.2601,214.4106,72.4799,196.1788
372.2484,215.3790,72.5032,196.2420
374.1530,217.1208,72.6940,196.7584
376.0078,217.7278,72.9844,197.5444
378.0573,219.8619,72.8853,197.2762
379.9091,221.4607,73.1818,198.0787
381.0042,223.7179,72.9917,197.5643
384.0286,224.7840,72.9428,197.4320
386.0284,226.7835,72.9432,197.4329
388.0065,227.7242,72.9870,197.5516
391.0142,228.7451,72.9716,197.5098
392.9510,229.5741,73.0979,197.8518
395.9244,229.5020,73.1513,197.9961
397.7953,229.1526,73.4094,198.6948
400.7615,228.0612,73.4770,198.8776
402.7826,227.1182,73.4349,198.7637
405.8280,226.2411,73.3440,198.5178
407.8223,225.2257,73.3554,198.5486
410.7950,225.1519,73.4099,198.6962
412.7997,225.1645,73.4007,198.6711
415.8308,225.2488,73.3383,198.5023
419.7621,225.0629,73.4757,198.8742
422.7773,225.1039,73.4454,198.7922
425.8507,225.3027,73.2985,198.3946
429.0663,225.8862,72.8674,197.2276
432.1711,227.1699,72.6577,196.6603
435.2695,228.4360,72.4611,196.1280
438.4371,230.8897,72.1258,195.2206
441.6284,232.4075,71.7432,194.1850
443.5835,233.2859,71.8331,194.4283
446.5139,234.0977,71.9722,194.8047
448.5251,235.1280,71.9498,194.7440
452.4647,235.9644,72.0707,195.0712
454.4197,236.8426,72.1607,195.3148
457.3793,235.7334,72.2413,195.5332
460.2512,235.3865,72.4977,196.2270
463.2403,235.3571,72.5194,196.2859
466.1940,235.2318,72.6120,196.5364
469.1568,236.1310,72.6864,196.7379
472.0869,235.9419,72.8262,197.1163
475.1509,236.1151,72.6982,196.7698
478.2080,237.2698,72.5839,196.4604
481.2919,238.4968,72.4161,196.0063
484.4681,239.9737,72.0638,195.0526
487.5106,241.0887,71.9788,194.8226
491.5165,243.1047,71.9670,194.7907
494.6252,245.3987,71.7497,194.2026
498.6216,247.3891,71.7569,194.2219
502.6936,250.5841,71.6127,193.8318
506.7401,252.7100,71.5197,193.5801
510.7186,255.6516,71.5629,193.6969
515.5944,257.3156,71.8111,194.3688
519.5642,259.2338,71.8716,194.5324
524.4916,261.0374,72.0167,194.9253
529.5383,261.1637,71.9234,194.6726
535.6118,262.3626,71.7764,194.2747
540.8683,264.0569,71.2634,192.8863
546.0247,265.4802,70.9506,192.0396
550.2545,267.1021,70.4911,190.7959
555.4311,269.5802,70.1378,189.8396
560.6346,272.1310,69.7308,188.7379
565.7251,275.3759,69.5498,188.2481
569.8821,277.8010,69.2357,187.3979
573.9469,280.9763,69.1062,187.0474
577.9429,283.9654,69.1142,187.0692
583.1621,288.5587,68.6758,185.8826
587.2322,291.7487,68.5355,185.5027
591.2184,295.7111,68.5633,185.5779
596.2742,299.8621,68.4517,185.2759
600.3286,303.0095,68.3428,184.9811
604.3585,307.0904,68.2830,184.8193
608.3333,310.0222,68.3334,184.9556
613.2827,312.8850,68.4347,185.2299
617.2334,315.7517,68.5332,185.4966
621.3254,318.0007,68.3492,184.9985
626.3465,320.0578,68.3070,184.8844
630.3108,321.9612,68.3784,185.0775
634.3961,324.1922,68.2077,184.6155
638.3203,326.9869,68.3594,185.0262
642.3502,330.0677,68.2997,184.8645
646.3260,333.0025,68.3479,184.9949
650.3724,337.1280,68.2552,184.7440
654.3777,340.1424,68.2445,184.7152
658.4081,343.2245,68.1838,184.5509
663.5108,347.5026,67.9784,183.9949
667.6356,350.8404,67.7288,183.3193
671.7654,356.1918,67.4691,182.6164
675.9548,360.7043,67.0904,181.5914
680.0695,365.0147,66.8610,180.9705
685.2100,369.3952,66.5799,180.2096
689.3353,373.7343,66.3293,179.5313
694.3870,377.8743,66.2259,179.2514
698.4578,381.0658,66.0844,178.8684
702.5750,383.3829,65.8501,178.2342
705.7457,385.8450,65.5086,177.3100
708.8255,388.0611,65.3490,176.8779
708.7358,388.8184,65.5283,177.3632
709.7604,390.8848,65.4792,177.2305
707.8547,392.1399,65.2907,176.7201
705.9390,394.3683,65.1219,176.2633
703.9169,396.3083,65.1663,176.3834
700.0530,398.6768,64.8940,175.6465
696.1849,401.0338,64.6302,174.9323
691.1678,402.9874,64.6645,175.0252
685.2133,406.1106,64.5735,174.7788
678.2075,408.0949,64.5850,174.8101
671.1753,410.0078,64.6494,174.9844
664.1830,413.0288,64.6339,174.9424
656.2054,415.0892,64.5892,174.8216
648.3253,416.4136,64.3495,174.1727
640.2728,418.2719,64.4543,174.4563
632.4092,419.6410,64.1815,173.7180
624.5682,420.0714,63.8635,172.8573
616.7192,420.4799,63.5616,172.0401
608.9850,420.1995,63.0299,170.6009
600.2216,420.8396,62.5569,169.3207
592.3174,421.0990,62.3653,168.8020
583.5383,421.6971,61.9233,167.6057
575.5463,422.7187,61.9074,167.5626
568.5607,422.7577,61.8785,167.4846
560.6173,423.9109,61.7653,167.1782
554.4762,423.5289,62.0476,167.9422
548.3787,425.2649,62.2427,168.4702
542.3067,426.0702,62.3866,168.8597
538.1293,426.5901,62.7413,169.8199
534.0980,427.5054,62.8039,169.9893
531.1832,428.7360,62.6335,169.5280
528.1252,428.5789,62.7496,169.8422
526.9834,428.1951,63.0332,170.6098
525.8207,426.7547,63.3586,171.4906
526.6965,425.4185,63.6070,172.1629
526.5998,424.1568,63.8004,172.6864
527.3818,420.5666,64.2365,173.8668
528.2335,417.1654,64.5330,174.6692
530.0035,413.5430,64.9929,175.9141
530.9308,410.3460,65.1384,176.3080
532.7844,406.9498,65.4312,177.1004
535.5934,403.4329,65.8131,178.1342
538.5455,400.3030,65.9091,178.3940
541.6859,398.6831,65.6282,177.6338
544.5783,395.3920,65.8434,178.2160
546.7022,392.7273,65.5956,177.5454
549.8087,391.0155,65.3826,176.9689
551.7542,387.8681,65.4915,177.2638
553.7092,385.7462,65.5816,177.5076
555.8503,384.1280,65.2995,176.7440
557.8807,381.2106,65.2385,176.5788
559.7984,377.9876,65.4033,177.0248
560.9003,375.2635,65.1994,176.4730
562.8490,372.1246,65.3020,176.7508
564.6636,368.6227,65.6729,177.7546
565.6214,364.5085,65.7572,177.9829
567.5131,360.2155,65.9738,178.5691
569.4012,355.9125,66.1977,179.1750
570.3489,352.7712,66.3021,179.4576
572.2754,348.5721,66.4492,179.8558
573.2582,344.5256,66.4835,179.9488
575.2104,341.3963,66.5791,180.2074
576.2759,338.5736,66.4481,179.8529
577.2429,334.4840,66.5143,180.0320
578.2902,332.6122,66.4195,179.7755
579.0475,328.9554,66.9049,181.0893
579.9908,325.8018,67.0183,181.3963
580.9355,323.6520,67.1290,181.6959
582.9106,320.5847,67.1788,181.8305
584.9011,317.5589,67.1979,181.8822
585.8439,314.4043,67.3121,182.1914
586.7151,311.0555,67.5698,182.8890
587.6698,306.9330,67.6603,183.1340
587.5259,302.5436,67.9481,183.9128
587.2698,297.8504,68.4603,185.2992
587.2494,293.7951,68.5012,185.4099
586.3566,290.0851,68.2869,184.8299
585.4807,287.4211,68.0386,184.1577
584.5811,284.6928,67.8378,183.6144
583.5959,281.7329,67.8082,183.5342
582.7968,280.2766,67.4064,182.4467
580.9426,278.6713,67.1148,181.6574
580.0197,276.8799,66.9607,181.2403
578.1178,276.1455,66.7644,180.7090
576.3356,274.7349,66.3289,179.5301
573.3868,273.8738,66.2263,179.2524
571.3927,272.8895,66.2147,179.2210
568.5090,272.2043,65.9820,178.5913
565.6456,271.5740,65.7089,177.8520
562.7448,269.8426,65.5104,177.3148
559.7329,268.8104,65.5342,177.3793
556.8323,267.0795,65.3353,176.8410
554.9767,264.4702,65.0466,176.0595
554.1271,262.8773,64.7459,175.2455
552.2885,261.3142,64.4230,174.3717
551.4301,260.6976,64.1397,173.6048
550.5857,259.1186,63.8286,172.7627
550.8837,259.9254,63.2325,171.1493
551.1321,259.5976,62.7358,169.8049
552.5003,259.5941,61.9994,167.8118
552.6940,260.1186,61.6119,166.7628
553.9046,260.6885,61.1907,165.6229
555.0815,261.1673,60.8370,164.6653
557.2203,261.5429,60.5594,163.9142
558.3383,261.8621,60.3235,163.2757
560.4551,262.1785,60.0897,162.6429
562.6238,263.6352,59.7523,161.7296
564.7965,263.1026,59.4069,160.7948
566.8964,263.3730,59.2071,160.2539
570.0002,262.6539,58.9996,159.6922
572.1078,261.9452,58.7844,159.1096
574.2420,261.3083,58.5160,158.3834
577.4266,261.8081,58.1467,157.3837
579.5896,261.2492,57.8208,156.5015
581.7692,260.7354,57.4615,155.5292
583.9025,261.0961,57.1950,154.8078
585.9845,260.3181,57.0310,154.3638
588.0582,261.5175,56.8836,153.9649
589.2987,262.1684,56.4026,152.6631
591.3988,263.4394,56.2024,152.1212
592.5552,264.8626,55.8897,151.2748
594.6486,266.1155,55.7028,150.7689
595.7203,267.3098,55.5593,150.3805
596.8061,268.5418,55.3878,149.9163
597.8110,269.5552,55.3779,149.8896
598.7468,270.3814,55.5063,150.2372
599.7234,271.3181,55.5531,150.3637
600.7637,271.4270,55.4727,150.1460
601.8056,271.5406,55.3888,149.9189
602.7980,271.5198,55.4041,149.9603
603.8093,271.5505,55.3814,149.8990
604.8819,272.7469,55.2362,149.5061
604.9527,272.9387,55.0946,149.1227
605.9996,274.0656,55.0008,148.8689
606.1376,274.4392,54.7247,148.1216
606.2935,276.8611,54.4130,147.2778
606.4451,277.2715,54.1098,146.4571
604.5228,279.4818,53.9543,146.0364
603.6113,280.7213,53.7774,145.5575
600.6088,281.7146,53.7823,145.5709
598.5853,283.6508,53.8294,145.6984
594.5604,284.5834,53.8792,145.8331
591.6733,285.8891,53.6534,145.2218
588.7533,288.1056,53.4934,144.7888
586.8132,289.2677,53.3736,144.4646
583.9469,290.6296,53.1062,143.7409
582.1014,292.0478,52.7972,142.9044
580.0533,291.9176,52.8934,143.1647
579.1055,292.0590,52.7889,142.8820
578.1330,292.1333,52.7340,142.7334
577.2405,292.4243,52.5190,142.1514
577.3198,292.6388,52.3605,141.7224
577.5361,294.2242,51.9279,140.5516
578.6673,295.5795,51.6654,139.8411
578.8019,296.9438,51.3962,139.1125
579.9358,298.3062,51.1284,138.3875
581.1808,299.9694,50.6384,137.0612
582.3297,302.3723,50.3407,136.2554
584.4638,303.7353,50.0724,135.5294
585.6442,306.2236,49.7116,134.5528
586.7901,307.6185,49.4199,133.7631
587.9025,309.9229,49.1949,133.1542
589.9568,311.0696,49.0865,132.8607
591.0793,312.4014,48.8413,132.1971
592.1504,314.5938,48.6992,131.8124
593.2319,315.8145,48.5361,131.3710
595.2830,315.9526,48.4340,131.0948
596.2061,316.7444,48.5879,131.5112
598.2521,317.8689,48.4959,131.2621
599.2523,318.8694,48.4955,131.2611
600.2797,319.9438,48.4406,131.1125
602.2571,321.8827,48.4857,131.2346
603.3809,323.2175,48.2383,130.5651
604.4651,325.4457,48.0697,130.1086
606.5377,326.6420,47.9246,129.7160
607.6550,328.9597,47.6899,129.0807
608.7725,331.2774,47.4551,128.4452
610.8380,333.4548,47.3240,128.0903
611.9805,335.8404,47.0391,127.3191
614.0400,338.0016,46.9200,126.9969
616.1085,340.1871,46.7830,126.6259
617.1949,343.4210,46.6101,126.1580
619.2848,345.6642,46.4304,125.6716
621.3673,347.8875,46.2654,125.2249
624.4176,349.0237,46.1648,124.9526
626.4790,351.1898,46.0420,124.6203
629.5052,353.2609,45.9895,124.4782
631.5125,354.2804,45.9751,124.4392
633.5037,356.2565,45.9927,124.4870
636.5228,358.3085,45.9543,124.3831
638.4905,360.2209,46.0190,124.5582
640.4256,362.0453,46.1488,124.9093
642.4193,364.0281,46.1615,124.9438
643.5045,366.2589,45.9910,124.4823
645.6169,369.5632,45.7661,123.8736
647.6322,371.6044,45.7356,123.7911
649.7099,373.8148,45.5802,123.3703
650.6533,375.6617,45.6933,123.6766
652.6934,378.7700,45.6133,123.4600
653.6323,380.6048,45.7353,123.7903
655.6320,382.6039,45.7361,123.7923
657.6427,384.6329,45.7146,123.7343
658.6860,386.7501,45.6280,123.4998
660.5892,388.4880,45.8217,124.0239
662.5977,389.5110,45.8047,123.9781
663.5865,390.4809,45.8270,124.0383
665.5984,391.5132,45.8031,123.9736
667.5403,392.3558,45.9194,124.2885
668.5042,393.2581,45.9916,124.4838
669.5305,395.3290,45.9391,124.3419
671.4730,396.1735,46.0541,124.6530
672.4240,397.0411,46.1519,124.9179
672.4773,399.1851,46.0455,124.6297
672.5118,400.2785,45.9765,124.4430
671.6289,401.5956,45.7422,123.8088
668.6533,402.6617,45.6933,123.6766
665.6514,404.6565,45.6972,123.6870
661.6653,405.6942,45.6693,123.6116
656.4037,405.9859,46.1927,125.0281
650.5485,407.3778,45.9031,124.2445
644.4609,407.1410,46.0781,124.7180
638.5738,408.4464,45.8525,124.1073
631.5708,408.4383,45.8584,124.1234
623.5868,408.4817,45.8264,124.0367
615.5078,407.2676,45.9845,124.4648
607.5533,407.3910,45.8933,124.2180
598.6046,407.5298,45.7908,123.9403
588.6021,407.5228,45.7960,123.9544
578.5742,407.4474,45.8516,124.1051
567.6458,407.6413,45.7084,123.7173
557.6763,408.7238,45.6475,123.5525
546.5991,409.5149,45.8018,123.9701
536.6932,410.7697,45.6135,123.4606
526.7543,411.9350,45.4914,123.1300
517.9573,413.4845,45.0853,122.0309
509.0296,414.6801,44.9409,121.6399
501.9758,416.5345,45.0484,121.9310
494.0649,416.7758,44.8701,121.4484
488.0440,418.7191,44.9120,121.5617
483.1826,420.0943,44.6348,120.8114
478.1857,420.1026,44.6286,120.7948
474.3466,420.5383,44.3067,119.9234
470.4669,420.8637,44.0662,119.2726
467.5933,420.2059,43.8134,118.5883
463.5559,419.1047,43.8882,118.7907
461.4825,418.9059,44.0351,119.1882
459.4243,418.7486,44.1513,119.5029
457.4146,417.7221,44.1708,119.5558
456.3616,417.5788,44.2767,119.8424
455.3076,416.4327,44.3847,120.1345
454.2509,416.2792,44.4981,120.4416
454.1418,414.9839,44.7163,121.0322
455.0464,413.7257,44.9071,121.5485
454.9377,413.4313,45.1246,122.1373
455.7485,411.9193,45.5030,123.1615
456.6368,410.6169,45.7264,123.7663
457.5183,410.2963,45.9633,124.4074
459.4199,409.0300,46.1601,124.9401
460.3393,407.8118,46.3214,125.3765
462.3081,405.7273,46.3838,125.5454
463.2974,404.6983,46.4052,125.6034
464.2080,402.4564,46.5839,126.0872
466.2256,400.5041,46.5487,125.9919
467.1852,398.3944,46.6297,126.2111
469.1617,396.3310,46.6766,126.3381
470.1718,395.3584,46.6564,126.2833
472.2102,394.4622,46.5796,126.0755
473.1769,392.3723,46.6461,126.2555
474.1826,391.3875,46.6348,126.2250
475.1886,390.4037,46.6229,126.1925
477.1676,389.3471,46.6647,126.3059
478.2079,388.4560,46.5843,126.0881
479.1900,387.4076,46.6200,126.1849
479.1757,386.3689,46.6486,126.2622
480.1316,385.2494,46.7369,126.5012
481.0363,383.9917,46.9273,127.0166
481.9512,382.7613,47.0975,127.4773
481.8890,380.5930,47.2219,127.8140
482.8322,379.4392,47.3356,128.1216
483.7643,377.2555,47.4713,128.4890
483.7296,376.1615,47.5407,128.6769
484.5489,373.6724,47.9022,129.6552
484.5600,372.7024,47.8800,129.5952
485.5800,370.7566,47.8399,129.4867
486.5956,369.7988,47.8088,129.4025
486.6711,369.0032,47.6577,128.9936
487.6506,367.9475,47.6989,129.1049
487.6662,367.9897,47.6677,129.0205
487.6700,367.0002,47.6600,128.9996
488.5937,365.7935,47.8127,129.4130
489.6470,364.9379,47.7060,129.1242
489.7629,364.2516,47.4742,128.4967
490.7569,363.2353,47.4863,128.5295
491.8181,362.4012,47.3637,128.1977
492.9153,361.6642,47.1694,127.6717
492.9569,360.7766,47.0863,127.4468
493.8825,358.5754,47.2349,127.8492
494.8856,357.5836,47.2288,127.8327
495.8596,355.5134,47.2807,127.9732
496.8591,354.5119,47.2818,127.9762
497.8707,352.5434,47.2585,127.9131
498.8955,350.6105,47.2090,127.7790
499.9504,349.7590,47.0992,127.4819
499.9815,348.8433,47.0370,127.3135
501.0198,346.9470,46.9604,127.1060
502.1880,346.4022,46.6240,126.1957
502.3456,345.8288,46.3088,125.3425
503.4736,345.1751,46.0529,124.6497
503.6456,344.6408,45.7088,123.7185
504.7722,344.9835,45.4556,123.0330
504.8718,344.2531,45.2564,122.4939
505.8620,343.2265,45.2760,122.5470
506.9576,343.4851,45.0849,122.0297
507.0520,342.7408,44.8959,121.5183
507.9647,342.5043,45.0707,121.9913
508.9204,341.3845,45.1592,122.2310
508.9989,340.5970,45.0022,121.8060
509.9836,338.5555,45.0329,121.8889
510.9757,337.5343,45.0485,121.9314
512.0092,336.6248,44.9817,121.7505
513.1202,336.9253,44.7596,121.1493
513.2191,336.1929,44.5619,120.6143
514.2264,335.2129,44.5471,120.5741
515.2712,334.3340,44.4576,120.3320
516.4223,334.7430,44.1554,119.5140
517.5246,335.0199,43.9508,118.9603
517.6535,334.3689,43.6929,118.2622
518.7335,334.5853,43.5330,117.8294
519.8026,334.7724,43.3948,117.4553
520.8523,333.9068,43.2954,117.1863
520.9664,334.2156,43.0673,116.5688
522.9459,334.1603,43.1082,116.6794
523.9711,334.2284,43.0578,116.5432
524.9716,333.2299,43.0568,116.5403
525.8940,332.0199,43.2119,116.9602
526.8879,332.0034,43.2241,116.9932
528.8209,329.8218,43.3583,117.3564
529.8992,330.0339,43.2015,116.9322
530.9793,329.2506,43.0414,116.4988
533.0325,328.3947,42.9350,116.2107
534.1277,328.6525,42.7445,115.6950
535.1942,327.8323,42.6116,115.3354
536.2678,328.0315,42.4644,114.9371
537.2968,328.1098,42.4065,114.7803
539.3251,327.1865,42.3499,114.6270
540.4417,327.5021,42.1167,113.9958
541.5314,327.7451,41.9371,113.5098
542.5881,327.8985,41.8238,113.2030
543.6264,328.0021,41.7472,112.9958
543.6580,328.0875,41.6841,112.8250
544.6250,327.9983,41.7500,113.0034
545.5585,327.8182,41.8831,113.3636
546.5756,327.8646,41.8488,113.2708
547.5743,326.8611,41.8514,113.2778
548.5454,326.7829,41.9092,113.4342
549.5567,325.8134,41.8866,113.3731
549.5284,325.7368,41.9433,113.5264
550.4501,324.5249,42.0998,113.9503
551.4174,324.4365,42.1651,114.1270
552.4181,324.4383,42.1638,114.1234
553.4263,324.4604,42.1475,114.0792
554.4850,324.6193,42.0301,113.7614
555.5051,324.6740,41.9897,113.6521
556.5683,324.8448,41.8634,113.3104
557.6150,324.9712,41.7701,113.0576
558.6349,325.0250,41.7303,112.9500
559.6213,324.9883,41.7574,113.0234
560.6295,325.0106,41.7409,112.9788
561.6884,326.1699,41.6233,112.6603
561.6774,326.1400,41.6453,112.7199
562.6575,326.0864,41.6849,112.8271
563.6413,326.0424,41.7175,112.9153
565.6441,326.0500,41.7118,112.8999
566.6176,325.9782,41.7649,113.0436
567.6246,324.9972,41.7508,113.0055
568.6353,325.0262,41.7294,112.9475
569.6196,323.9837,41.7608,113.0326
571.5912,322.9070,41.8175,113.1861
572.6658,323.1088,41.6684,112.7824
573.6895,323.1729,41.6210,112.6542
574.7363,323.2997,41.5273,112.4006
575.8538,322.6176,41.2924,111.7647
576.9889,322.9833,41.0222,111.0334
578.1400,323.3923,40.7200,110.2155
579.1526,323.4264,40.6948,110.1473
579.1810,323.5033,40.6379,109.9933
580.2011,323.5577,40.5977,109.8845
581.2529,323.6978,40.4942,109.6044
581.2223,323.6151,40.5554,109.7699
582.1440,323.4032,40.7119,110.1937
583.1380,323.3868,40.7240,110.2264
583.1199,323.3379,40.7602,110.3242
584.0636,323.1854,40.8728,110.6292
584.0952,322.2709,40.8096,110.4581
585.1346,322.3778,40.7307,110.2443
585.1637,321.4564,40.6726,110.0872
586.2097,321.5809,40.5806,109.8381
586.2308,321.6380,40.5384,109.7240
587.2567,320.7080,40.4867,109.5840
588.3414,320.9373,40.3172,109.1253
588.4726,321.2925,40.0548,108.4149
589.5578,321.5231,39.8844,107.9538
590.5873,321.6031,39.8253,107.7938
590.6397,321.7447,39.7206,107.5105
591.5326,321.4550,39.9348,108.0901
592.4882,321.3346,40.0237,108.3308
592.5249,321.4340,39.9502,108.1320
593.4260,321.1665,40.1479,108.6670
593.3403,320.9344,40.3194,109.1313
595.2733,319.7531,40.4534,109.4939
595.1479,319.4138,40.7041,110.1724
596.0233,319.0763,40.9535,110.8475
596.7917,317.4496,41.4166,112.1009
597.7158,317.2442,41.5683,112.5116
598.2971,315.1107,42.4059,114.7786
599.1732,313.7753,42.6537,115.4493
600.0787,313.5196,42.8427,115.9609
600.9941,312.2906,43.0119,116.4188
600.9745,312.2377,43.0509,116.5246
601.8373,310.8664,43.3253,117.2672
602.8234,310.8285,43.3533,117.3430
603.8405,309.8749,43.3191,117.2503
603.9578,310.1923,43.0845,116.6155
604.9302,309.1177,43.1396,116.7646
605.0989,309.5744,42.8022,115.8513
606.1500,308.7126,42.7000,115.5748
607.2554,308.9980,42.4891,115.0039
607.3209,309.1751,42.3583,114.6498
608.3417,308.2316,42.3166,114.5369
608.4142,307.4279,42.1715,114.1443
609.4430,307.5057,42.1140,113.9886
610.3079,305.1400,42.3843,114.7201
611.3482,304.2491,42.3036,114.5017
611.5419,303.7735,41.9162,113.4531
612.5688,303.8463,41.8624,113.3074
612.5289,302.7381,41.9423,113.5238
613.4709,301.5812,42.0582,113.8376
613.4939,301.6435,42.0122,113.7129
614.3665,300.2986,42.2671,114.4029
614.3660,300.2975,42.2679,114.4051
615.2881,299.0865,42.4238,114.8271
616.2776,299.0581,42.4448,114.8838
616.2578,298.0044,42.4845,114.9912
617.2445,297.9684,42.5110,115.0631
617.2302,296.9296,42.5397,115.1409
618.2510,295.9860,42.4980,115.0280
618.3331,296.2082,42.3339,114.5837
619.3306,294.2014,42.3388,114.5971
620.4051,293.4031,42.1898,114.1938
621.4197,292.4426,42.1607,114.1149
622.3023,290.1248,42.3954,114.7503
623.2910,289.0941,42.4181,114.8117
624.2762,287.0542,42.4477,114.8917
625.3213,286.1762,42.3575,114.6475
625.3031,285.1271,42.3938,114.7458
626.2909,284.0940,42.4182,114.8119
626.3379,283.2213,42.3242,114.5574
627.2689,282.0343,42.4623,114.9314
627.1882,279.8162,42.6235,115.3676
628.1705,278.7680,42.6591,115.4640
628.2289,277.9263,42.5421,115.1473
629.2649,278.0236,42.4703,114.9529
630.2669,277.0291,42.4662,114.9417
630.3595,276.2798,42.2809,114.4404
630.4621,275.5574,42.0758,113.8852
631.5661,274.8390,41.8677,113.3220
631.6588,274.0897,41.6825,112.8206
631.6875,273.1675,41.6250,112.6649
632.6885,271.1703,41.6229,112.6593
632.7367,270.3007,41.5266,112.3986
632.6383,268.0343,41.7234,112.9314
632.6952,267.1883,41.6096,112.6234
633.6711,266.1233,41.6577,112.7535
633.6226,264.9918,41.7548,113.0163
633.5135,263.6965,41.9730,113.6070
633.5548,262.8083,41.8904,113.3834
633.4832,261.6143,42.0337,113.7713
634.4665,260.5692,42.0671,113.8615
634.5667,259.8404,41.8667,113.3193
634.6031,258.9392,41.7937,113.1215
634.6545,258.0782,41.6909,112.8435
634.7167,257.2466,41.5665,112.5067
634.8514,256.6111,41.2972,111.7779
634.9480,255.8725,41.1040,111.2549
635.9634,254.9142,41.0732,111.1716
636.0217,254.0721,40.9566,110.8558
635.9979,252.0075,41.0043,110.9850
636.9594,250.9035,41.0812,111.1931
636.9592,248.9029,41.0816,111.1942
636.8747,246.6742,41.2506,111.6516
637.8303,245.5540,41.3394,111.8919
637.6578,243.0873,41.6843,112.8255
637.5644,241.8342,41.8713,113.3316
637.3586,240.2771,42.2829,114.4457
637.1989,237.8450,42.6022,115.3100
637.1514,236.7163,42.6973,115.5674
637.1061,235.5940,42.7877,115.8119
637.0535,234.4514,42.8931,116.0972
637.0244,233.3727,42.9512,116.2546
637.0296,231.3869,42.9408,116.2263
637.0773,230.5159,42.8454,115.9682
637.2247,229.9150,42.5505,115.1700
636.3448,229.2401,42.3103,114.5199
636.3344,228.2119,42.3311,114.5762
636.3621,226.2866,42.2759,114.4268
636.4057,225.4048,42.1886,114.1904
635.3156,223.1610,42.3687,114.6780
635.3729,221.3158,42.2543,114.3684
635.4706,220.5803,42.0589,113.8394
634.4533,218.5336,42.0934,113.9328
634.5205,217.7155,41.9590,113.5689
634.5728,216.8571,41.8543,113.2857
633.5170,214.7061,41.9659,113.5877
633.5327,213.7484,41.9347,113.5033
633.5583,212.8179,41.8833,113.3642
632.6013,211.9342,41.7974,113.1315
632.6427,212.0462,41.7146,112.9075
632.6165,210.9751,41.7671,113.0497
631.6531,210.0743,41.6939,112.8514
631.6293,209.0100,41.7414,112.9801
631.6319,208.0170,41.7362,112.9660
631.6866,207.1652,41.6267,112.6696
631.7360,207.2988,41.5280,112.4025
631.7465,206.3273,41.5069,112.3454
631.8055,205.4869,41.3890,112.0262
631.8179,203.5204,41.3643,111.9593
631.8015,202.4760,41.3971,112.0480
631.8215,201.5301,41.3570,111.9397
631.7064,199.2185,41.5873,112.5630
631.5837,196.8866,41.8326,113.2268
632.5339,195.7518,41.9321,113.4963
632.4846,194.6183,42.0308,113.7634
632.4264,193.4608,42.1472,114.0783
632.3130,192.1540,42.3739,114.6920
632.2555,189.9983,42.4890,115.0034
632.2833,189.0735,42.4334,114.8531
633.3653,188.2954,42.2694,114.4093
633.5281,187.7362,41.9437,113.5276
633.6352,187.0260,41.7296,112.9481
633.7119,187.2334,41.5763,112.5333
634.7345,186.2947,41.5310,112.4105
634.8430,185.5883,41.3140,111.8233
634.9029,184.7505,41.1942,111.4990
635.7891,183.4426,41.4218,112.1149
635.8942,182.7271,41.2115,111.5459
635.9387,181.8475,41.1225,111.3049
635.9599,180.9048,41.0802,111.1905
635.9097,179.7690,41.1805,111.4619
636.8455,178.5951,41.3090,111.8097
636.8900,177.7155,41.2200,111.5689
