1
698.0000,360.0000,202.0000,210.0000
698.0000,360.0000,202.0000,210.0000
698.0000,360.0000,202.0000,210.0000
698.0000,360.0000,202.0000,210.0000
698.0000,360.0000,202.0000,210.0000
698.0000,351.9841,202.0000,210.0000
698.0000,351.9841,202.0000,210.0000
698.0000,351.9841,202.0000,210.0000
698.0000,351.9841,202.0000,210.0000
698.0000,351.9841,202.0000,210.0000
698.0000,351.9841,202.0000,210.0000
698.0000,351.9841,202.0000,210.0000
698.0000,351.9841,202.0000,210.0000
698.0000,343.9683,202.0000,210.0000
698.0000,343.9683,202.0000,210.0000
698.0000,343.9683,202.0000,210.0000
698.0000,343.9683,202.0000,210.0000
698.0000,343.9683,202.0000,210.0000
698.0000,343.9683,202.0000,210.0000
698.0000,343.9683,202.0000,210.0000
698.0000,335.9524,202.0000,210.0000
698.0000,335.9524,202.0000,210.0000
698.0000,335.9524,202.0000,210.0000
698.0000,335.9524,202.0000,210.0000
698.0000,335.9524,202.0000,210.0000
698.0000,335.9524,202.0000,210.0000
698.0000,335.9524,202.0000,210.0000
698.0000,335.9524,202.0000,210.0000
698.0000,327.9365,202.0000,210.0000
698.0000,327.9365,202.0000,210.0000
698.0000,327.9365,202.0000,210.0000
698.0000,327.9365,202.0000,210.0000
698.0000,327.9365,202.0000,210.0000
698.0000,327.9365,202.0000,210.0000
698.0000,327.9365,202.0000,210.0000
698.0000,327.9365,202.0000,210.0000
698.0000,327.9365,202.0000,210.0000
698.0000,327.9365,202.0000,210.0000
691.0743,328.9865,199.9800,207.9000
692.5742,330.5457,196.9803,204.7815
693.5590,331.5697,195.0105,202.7337
693.5590,331.5697,195.0105,202.7337
695.0216,325.4677,192.0853,199.6927
695.0216,325.4677,192.0853,199.6927
693.5810,323.9700,194.9666,202.6881
694.0684,324.4767,193.9918,201.6746
694.0684,324.4767,193.9918,201.6746
694.0684,324.4767,193.9918,201.6746
694.0684,324.4767,193.9918,201.6746
693.5834,323.9726,194.9617,202.6830
695.0457,325.4927,192.0373,199.6428
696.4859,326.9900,189.1568,196.6481
696.4859,326.9900,189.1568,196.6481
697.4317,327.9733,187.2652,194.6816
697.4317,327.9733,187.2652,194.6816
696.4954,326.9998,189.1378,196.6284
688.9899,326.9998,189.1378,196.6284
690.4084,328.4745,186.3008,193.6790
690.4084,328.4745,186.3008,193.6790
690.4084,328.4745,186.3008,193.6790
689.0112,327.0220,189.0953,196.5842
689.0112,327.0220,189.0953,196.5842
688.0657,326.0391,190.9862,198.5500
688.0657,326.0391,190.9862,198.5500
688.0657,326.0391,190.9862,198.5500
689.4981,327.5282,188.1214,195.5718
689.4981,327.5282,188.1214,195.5718
688.0872,326.0614,190.9433,198.5054
688.0872,326.0614,190.9433,198.5054
678.9644,324.5726,193.8074,201.4830
680.4179,326.0837,190.9003,198.4607
680.4179,326.0837,190.9003,198.4607
680.4179,326.0837,190.9003,198.4607
680.4179,326.0837,190.9003,198.4607
680.4179,326.0837,190.9003,198.4607
679.4634,325.0914,192.8093,200.4453
680.4274,326.0936,190.8812,198.4409
680.4274,326.0936,190.8812,198.4409
679.4730,325.1014,192.7900,200.4253
678.5091,324.0993,194.7179,202.4295
670.7822,324.0993,194.7179,202.4295
669.3218,322.5811,197.6387,205.4660
669.3218,322.5811,197.6387,205.4660
669.3218,322.5811,197.6387,205.4660
669.3218,322.5811,197.6387,205.4660
669.3218,322.5811,197.6387,205.4660
669.3218,322.5811,197.6387,205.4660
669.3218,322.5811,197.6387,205.4660
669.3218,322.5811,197.6387,205.4660
669.3218,322.5811,197.6387,205.4660
669.3218,322.5811,197.6387,205.4660
661.4790,322.5811,197.6387,205.4660
661.4790,322.5811,197.6387,205.4660
661.4790,322.5811,197.6387,205.4660
661.4790,322.5811,197.6387,205.4660
661.4790,322.5811,197.6387,205.4660
661.4790,322.5811,197.6387,205.4660
661.4790,322.5811,197.6387,205.4660
661.4790,322.5811,197.6387,205.4660
661.4790,322.5811,197.6387,205.4660
653.6362,322.5811,197.6387,205.4660
653.6362,322.5811,197.6387,205.4660
653.6362,322.5811,197.6387,205.4660
653.6362,322.5811,197.6387,205.4660
653.6362,322.5811,197.6387,205.4660
653.6362,322.5811,197.6387,205.4660
653.6362,322.5811,197.6387,205.4660
653.6362,322.5811,197.6387,205.4660
652.6480,321.5538,199.6151,207.5206
651.6499,320.5161,201.6112,209.5958
651.6499,320.5161,201.6112,209.5958
651.6499,320.5161,201.6112,209.5958
651.6499,320.5161,201.6112,209.5958
651.6499,320.5161,201.6112,209.5958
651.6499,320.5161,201.6112,209.5958
651.6499,320.5161,201.6112,209.5958
651.6499,320.5161,201.6112,209.5958
651.6499,320.5161,201.6112,209.5958
651.6499,320.5161,201.6112,209.5958
651.6499,320.5161,201.6112,209.5958
651.6499,320.5161,201.6112,209.5958
643.6495,320.5161,201.6112,209.5958
643.6495,320.5161,201.6112,209.5958
643.6495,320.5161,201.6112,209.5958
643.6495,320.5161,201.6112,209.5958
643.6495,320.5161,201.6112,209.5958
643.6495,320.5161,201.6112,209.5958
643.6495,320.5161,201.6112,209.5958
635.6490,320.5161,201.6112,209.5958
635.6490,320.5161,201.6112,209.5958
635.6490,320.5161,201.6112,209.5958
635.6490,320.5161,201.6112,209.5958
635.6490,320.5161,201.6112,209.5958
635.6490,320.5161,201.6112,209.5958
635.6490,320.5161,201.6112,209.5958
635.6490,320.5161,201.6112,209.5958
635.6490,320.5161,201.6112,209.5958
634.6410,319.4682,203.6273,211.6918
635.6591,320.5266,201.5911,209.5749
635.6591,320.5266,201.5911,209.5749
634.6511,319.4788,203.6070,211.6706
633.6331,318.4204,205.6431,213.7873
632.6049,317.3515,207.6995,215.9252
631.0472,315.7320,210.8150,219.1641
629.4661,314.0883,213.9772,222.4516
629.4661,314.0883,213.9772,222.4516
629.4661,314.0883,213.9772,222.4516
630.5359,315.2006,211.8374,220.2270
630.5359,315.2006,211.8374,220.2270
637.9670,314.0994,213.9558,222.4293
636.8973,312.9873,216.0954,224.6536
636.8973,312.9873,216.0954,224.6536
638.5180,314.6722,212.8539,221.2838
638.5180,314.6722,212.8539,221.2838
638.5180,314.6722,212.8539,221.2838
646.9645,314.6722,212.8539,221.2838
646.4324,314.1190,213.9182,222.3902
645.3629,313.0070,216.0574,224.6141
645.3629,313.0070,216.0574,224.6141
653.9365,313.0070,216.0574,224.6141
653.3964,312.4455,217.1377,225.7372
653.3964,312.4455,217.1377,225.7372
653.3964,312.4455,217.1377,225.7372
662.0130,312.4455,217.1377,225.7372
661.4702,311.8811,218.2234,226.8659
660.3790,310.7468,220.4056,229.1345
660.9301,311.3196,219.3036,227.9889
670.1373,311.8896,218.2070,226.8489
669.5918,311.3225,219.2981,227.9832
679.8083,313.0324,216.0086,224.5634
679.2682,312.4709,217.0887,225.6862
677.6401,310.7783,220.3450,229.0715
679.2927,312.4963,217.0398,225.6355
687.4058,311.9323,218.1250,226.7636
685.7699,310.2315,221.3969,230.1651
686.3234,310.8069,220.2899,229.0143
694.5580,310.2344,221.3913,230.1593
695.6650,311.3852,219.1774,227.8577
694.0212,309.6763,222.4651,231.2756
702.8492,309.6763,222.4651,231.2756
703.4053,310.2545,221.3528,230.1192
703.4053,310.2545,221.3528,230.1192
703.9587,310.8298,220.2460,228.9686
712.1917,310.2574,221.3472,230.1135
713.2985,311.4079,219.1338,227.8123
713.2985,311.4079,219.1338,227.8123
711.6549,309.6993,222.4208,231.2295
720.4811,309.6993,222.4208,231.2295
719.9251,309.1212,223.5329,232.3857
719.9251,309.1212,223.5329,232.3857
729.8244,310.2832,221.2975,230.0618
728.7180,309.1329,223.5105,232.3624
728.7180,309.1329,223.5105,232.3624
728.1592,308.5519,224.6281,233.5242
735.5220,306.8005,227.9975,237.0271
735.5220,306.8005,227.9975,237.0271
735.5220,306.8005,227.9975,237.0271
734.9520,306.2079,229.1375,238.2122
744.5721,306.8035,227.9918,237.0212
744.0021,306.2109,229.1318,238.2063
744.0021,306.2109,229.1318,238.2063
744.0021,306.2109,229.1318,238.2063
751.5126,304.4244,232.5687,241.7794
751.5126,304.4244,232.5687,241.7794
751.5126,304.4244,232.5687,241.7794
751.5126,304.4244,232.5687,241.7794
751.5126,304.4244,232.5687,241.7794
751.5126,304.4244,232.5687,241.7794
742.2836,304.4244,232.5687,241.7794
741.1208,303.2155,234.8944,244.1972
739.3591,301.3840,238.4178,247.8601
729.2547,300.7644,239.6099,249.0994
727.4576,298.8961,243.2041,252.8359
717.1504,298.2640,244.4201,254.1001
708.1108,298.8993,243.1980,252.8296
708.7188,299.5313,241.9820,251.5654
699.7692,300.1603,240.7721,250.3076
690.2148,300.1603,240.7721,250.3076
680.0107,299.5345,241.9760,251.5592
679.4057,298.9056,243.1858,252.8170
669.7555,298.9056,243.1858,252.8170
660.1052,298.9056,243.1858,252.8170
651.1113,299.5376,241.9699,251.5529
639.5505,297.6510,245.5995,255.3262
629.1417,297.0127,246.8275,256.6028
619.3470,297.0127,246.8275,256.6028
611.5504,298.9372,243.1250,252.7538
601.9025,298.9372,243.1250,252.7538
591.5987,298.3053,244.3407,254.0175
590.9878,297.6703,245.5624,255.2876
581.9059,298.3085,244.3345,254.0112
571.5508,297.6735,245.5562,255.2812
562.4691,308.0072,244.3284,254.0048
550.7957,306.1022,247.9934,257.8149
550.1757,305.4577,249.2333,259.1040
540.2855,305.4577,249.2333,259.1040
530.3952,305.4577,249.2333,259.1040
528.5259,303.5144,252.9718,262.9905
517.8048,302.8569,254.2367,264.3055
507.7160,302.8569,254.2367,264.3055
507.7160,302.8569,254.2367,264.3055
507.7160,302.8569,254.2367,264.3055
496.2552,311.7250,256.7791,266.9485
494.3293,309.7229,260.6307,270.9528
492.3746,307.6908,264.5402,275.0171
490.3906,305.6281,268.5083,279.1423
489.0480,304.2324,271.1934,281.9337
487.0141,302.1179,275.2613,286.1628
498.5707,302.8333,273.8850,284.7319
498.5707,313.7018,273.8850,284.7319
500.6248,315.8373,269.7767,280.4609
509.4675,313.7338,273.8234,284.6678
507.4138,311.5988,277.9307,288.9379
506.7190,310.8765,279.3204,290.3826
506.7190,310.8765,279.3204,290.3826
517.8032,310.8765,279.3204,290.3826
516.4066,309.4246,282.1136,293.2864
516.4066,309.4246,282.1136,293.2864
517.1118,310.1578,280.7030,291.8199
516.4101,309.4282,282.1065,293.2791
526.3062,307.9618,284.9276,296.2119
525.5939,307.2213,286.3522,297.6929
524.8780,317.8971,287.7840,299.1814
524.8780,317.8971,287.7840,299.1814
527.0364,320.1409,283.4672,294.6937
537.6326,319.4042,284.8846,296.1671
535.4960,317.1829,289.1578,300.6096
534.7731,316.4314,290.6036,302.1127
534.0466,315.6761,292.0566,303.6232
534.7767,316.4352,290.5963,302.1051
534.7767,316.4352,290.5963,302.1051
534.7767,316.4352,290.5963,302.1051
545.6395,315.6799,292.0493,303.6157
545.6395,315.6799,292.0493,303.6157
543.4492,313.4028,296.4301,308.1699
544.1902,314.1732,294.9479,306.6290
544.9276,314.9398,293.4732,305.0959
544.9276,314.9398,293.4732,305.0959
546.3950,316.4653,290.5385,302.0449
546.3950,316.4653,290.5385,302.0449
556.5869,314.9550,293.4438,305.0654
554.3860,312.6671,297.8455,309.6414
552.1522,298.3482,302.3132,314.2860
554.4196,300.7054,297.7785,309.5717
554.4196,300.7054,297.7785,309.5717
555.1640,301.4793,296.2896,308.0238
555.1640,301.4793,296.2896,308.0238
555.1640,301.4793,296.2896,308.0238
555.9047,302.2493,294.8081,306.4837
553.6937,299.9507,299.2303,311.0810
555.1898,301.5061,296.2380,307.9702
565.5817,299.9662,299.2003,311.0499
566.3297,300.7439,297.7043,309.4946
566.3297,300.7439,297.7043,309.4946
564.8411,299.1964,300.6814,312.5896
566.3445,300.7594,297.6746,309.4637
567.0887,301.5330,296.1862,307.9164
567.0887,301.5330,296.1862,307.9164
567.8292,290.6082,294.7053,306.3768
566.3557,289.0763,297.6523,309.4405
564.1232,286.7555,302.1171,314.0822
566.3892,289.1111,297.5854,309.3709
579.5679,290.6579,294.6095,306.2772
580.3044,291.4236,293.1364,304.7458
578.1059,289.1380,297.5335,309.3170
580.3374,291.4579,293.0705,304.6772
578.8721,289.9345,296.0012,307.7240
579.6121,290.7038,294.5212,306.1854
580.3484,291.4693,293.0486,304.6545
581.0810,292.2309,291.5833,303.1312
581.0810,292.2309,291.5833,303.1312
579.6230,279.0288,294.4992,306.1625
579.6230,279.0288,294.4992,306.1625
578.8868,278.2634,295.9717,307.6933
590.6317,278.2634,295.9717,307.6933
590.6317,278.2634,295.9717,307.6933
592.1116,279.8019,293.0120,304.6164
592.8441,280.5634,291.5469,303.0933
592.1152,279.8057,293.0046,304.6088
592.8478,280.5672,291.5396,303.0857
592.1189,279.8095,292.9973,304.6012
593.5839,281.3325,290.0673,301.5551
595.7594,283.5941,285.7163,297.0318
594.3308,270.6577,288.5735,300.0021
592.8879,269.1577,291.4592,303.0022
595.0739,271.4302,287.0873,298.4571
593.6385,269.9379,289.9582,301.4417
591.4638,267.6771,294.3076,305.9633
592.1995,268.4420,292.8360,304.4335
592.1995,268.4420,292.8360,304.4335
594.3958,270.7252,288.4435,299.8670
595.8380,272.2246,285.5591,296.8683
609.1415,274.4511,281.2757,292.4153
607.7351,272.9890,284.0884,295.3394
608.4453,273.7274,282.6680,293.8628
608.4453,262.5104,282.6680,293.8628
607.7386,261.7757,284.0813,295.3321
608.4489,262.5140,282.6609,293.8554
608.4489,262.5140,282.6609,293.8554
607.0355,261.0448,285.4875,296.7940
606.3218,260.3028,286.9150,298.2780
608.4737,262.5399,282.6112,293.8038
606.3541,260.3363,286.8504,298.2108
607.7883,261.8274,283.9819,295.2287
608.4983,262.5655,282.5620,293.7526
609.2047,263.2998,281.1492,292.2838
607.0961,261.1077,285.3664,296.6681
607.0961,261.1077,285.3664,296.6681
607.8095,250.5819,283.9396,295.1847
609.2292,252.0579,281.1002,292.2329
609.2292,252.0579,281.1002,292.2329
609.2292,252.0579,281.1002,292.2329
608.5264,251.3273,282.5057,293.6941
608.5264,251.3273,282.5057,293.6941
609.2327,252.0615,281.0932,292.2256
609.2327,252.0615,281.0932,292.2256
609.2327,252.0615,281.0932,292.2256
609.2327,252.0615,281.0932,292.2256
609.2327,252.0615,281.0932,292.2256
609.2327,252.0615,281.0932,292.2256
609.2327,252.0615,281.0932,292.2256
609.2327,240.9070,281.0932,292.2256
611.3409,243.0987,276.8768,287.8422
602.5951,245.2575,272.7236,283.5246
601.2315,243.8399,275.4509,286.3598
600.5429,243.1240,276.8281,287.7916
600.5429,243.1240,276.8281,287.7916
600.5429,243.1240,276.8281,287.7916
601.2349,243.8435,275.4440,286.3527
599.8577,242.4117,278.1984,289.2162
600.5532,243.1348,276.8074,287.7701
601.2452,243.8542,275.4234,286.3312
599.8681,242.4225,278.1776,289.1945
601.2590,232.9401,275.3958,286.3026
592.5600,235.0874,271.2649,282.0081
593.2382,235.7924,269.9086,280.5980
593.2382,235.7924,269.9086,280.5980
593.2382,235.7924,269.9086,280.5980
593.2382,235.7924,269.9086,280.5980
593.2382,235.7924,269.9086,280.5980
593.2382,235.7924,269.9086,280.5980
592.5634,235.0909,271.2581,282.0010
592.5634,235.0909,271.2581,282.0010
582.5311,235.7959,269.9018,280.5910
584.5554,237.9003,265.8533,276.3821
583.8908,237.2094,267.1826,277.7641
583.2228,236.5150,268.5185,279.1529
583.8941,237.2128,267.1759,277.7571
584.5621,237.9072,265.8400,276.3683
574.0129,237.9072,265.8400,276.3683
573.3483,237.2163,267.1692,277.7502
574.0162,227.3618,265.8334,276.3614
574.0162,227.3618,265.8334,276.3614
573.3516,226.6709,267.1625,277.7432
562.0290,225.9765,268.4984,279.1320
564.0427,228.0700,264.4709,274.9450
564.0427,228.0700,264.4709,274.9450
564.0427,228.0700,264.4709,274.9450
564.0427,228.0700,264.4709,274.9450
562.7204,226.6953,267.1156,277.6944
553.5621,228.0837,264.4444,274.9175
554.2232,228.7710,263.1222,273.5429
554.2232,228.7710,263.1222,273.5429
553.5654,228.0872,264.4378,274.9106
543.0718,228.0872,264.4378,274.9106
542.4108,227.3999,265.7600,276.2852
541.7464,226.7092,267.0888,277.6666
541.7464,226.7092,267.0888,277.6666
541.0787,226.0150,268.4243,279.0549
532.5999,228.1079,264.3979,274.8691
534.5828,230.1694,260.4319,270.7461
534.5828,230.1694,260.4319,270.7461
532.6296,228.1388,264.3384,274.8073
531.3079,226.7648,266.9818,277.5553
520.7134,226.7648,266.9818,277.5553
522.7158,228.8465,262.9771,273.3920
522.7158,228.8465,262.9771,273.3920
522.7158,228.8465,262.9771,273.3920
522.7158,228.8465,262.9771,273.3920
512.2802,228.8465,262.9771,273.3920
512.2802,228.8465,262.9771,273.3920
512.2802,228.8465,262.9771,273.3920
512.2802,239.2821,262.9771,273.3920
510.3078,237.2316,266.9217,277.4929
509.6405,236.5379,268.2563,278.8803
498.9954,236.5379,268.2563,278.8803
501.0074,238.6295,264.2325,274.6971
500.3468,237.9427,265.5536,276.0706
499.6829,237.2526,266.8814,277.4510
500.3501,237.9462,265.5470,276.0637
489.8125,237.9462,265.5470,276.0637
490.4764,238.6364,264.2193,274.6834
489.8158,248.4870,265.5403,276.0568
489.1520,247.7968,266.8681,277.4371
489.1520,247.7968,266.8681,277.4371
489.1520,247.7968,266.8681,277.4371
478.5620,247.7968,266.8681,277.4371
477.2276,246.4097,269.5367,280.2115
477.9015,257.7526,268.1891,278.8104
477.2310,257.0556,269.5300,280.2045
476.5572,256.3551,270.8777,281.6055
477.9116,257.7631,268.1689,278.7894
467.2700,257.7631,268.1689,278.7894
465.2587,266.4734,272.1914,282.9713
463.8977,265.0586,274.9133,285.8010
463.2104,264.3441,276.2879,287.2300
461.8290,262.9079,279.0508,290.1023
463.9219,265.0837,274.8650,285.7507
463.9219,275.9910,274.8650,285.7507
463.9219,275.9910,274.8650,285.7507
465.2962,277.4198,272.1164,282.8932
463.2553,275.2981,276.1981,287.1366
461.1838,273.1445,280.3411,291.4437
461.8847,284.9422,278.9394,289.9865
462.5821,285.6671,277.5447,288.5365
460.5005,283.5031,281.7078,292.8646
461.2047,284.2353,280.2993,291.4003
459.1025,282.0498,284.5038,295.7713
459.8138,294.0226,283.0813,294.2924
459.8138,294.0226,283.0813,294.2924
461.2292,295.4940,280.2505,291.3495
459.8279,294.0373,283.0529,294.2630
460.5355,305.9491,281.6377,292.7917
459.1273,304.4851,284.4541,295.7196
457.7051,303.0065,287.2986,298.6768
456.2686,301.5131,290.1716,301.6635
457.7195,314.4210,287.2699,298.6469
459.8740,316.6609,282.9608,294.1672
458.4592,315.1901,285.7904,297.1089
456.3157,312.9617,290.0773,301.5655
455.5905,312.2078,291.5277,303.0733
455.5905,323.7764,291.5277,303.0733
457.7770,326.0494,287.1548,298.5273
455.6233,323.8105,291.4621,303.0052
465.1768,321.5379,295.8340,307.5502
467.3956,335.4079,291.3965,302.9370
465.9386,333.8932,294.3105,305.9663
464.4670,332.3634,297.2536,309.0260
465.9533,333.9085,294.2810,305.9358
467.4247,346.9992,291.3382,302.8764
467.4247,346.9992,291.3382,302.8764
467.4247,346.9992,291.3382,302.8764
465.9680,345.4849,294.2516,305.9052
467.4393,347.0144,291.3091,302.8461
467.4393,347.0144,291.3091,302.8461
465.2545,344.7430,295.6787,307.3888
476.3072,343.9746,297.1571,308.9258
477.7930,345.5192,294.1856,305.8365
477.7930,345.5192,294.1856,305.8365
475.5866,343.2254,298.5984,310.4240
477.0796,344.7776,295.6124,307.3198
477.0796,344.7776,295.6124,307.3198
477.0796,344.7776,295.6124,307.3198
477.8186,345.5458,294.1343,305.7832
475.6126,343.2525,298.5463,310.3699
473.3735,340.9247,303.0245,315.0255
483.3060,338.5620,307.5699,319.7509
480.9992,336.1639,312.1834,324.5471
482.5602,337.7866,309.0616,321.3017
482.5602,337.7866,309.0616,321.3017
483.3328,338.5899,307.5163,319.6952
483.3328,338.5899,307.5163,319.6952
482.5640,337.7906,309.0539,321.2936
480.2461,335.3809,313.6897,326.1130
492.6941,335.3809,313.6897,326.1130
491.9099,334.5656,315.2581,327.7436
491.1217,333.7463,316.8344,329.3823
491.9138,334.5697,315.2502,327.7354
491.1257,333.7504,316.8265,329.3741
502.2398,332.1035,319.9948,332.6678
504.6397,334.5985,315.1948,327.6778
503.8517,333.7794,316.7708,329.3162
502.2679,332.1328,319.9385,332.6093
513.4911,330.4697,323.1379,335.9355
511.8754,328.7900,326.3693,339.2948
512.6913,329.6383,324.7374,337.5983
524.0829,327.9503,327.9848,340.9743
523.2630,327.0978,329.6247,342.6792
524.9111,328.8112,326.3285,339.2524
526.5427,330.5075,323.0652,335.8599
540.1063,331.3472,321.4499,334.1806
537.6955,328.8408,326.2716,339.1933
536.8798,327.9928,327.9030,340.8893
547.6277,338.6434,332.8215,346.0026
549.2918,340.3734,329.4933,342.5425
546.8206,337.8043,334.4357,347.6807
546.8206,337.8043,334.4357,347.6807
547.6567,338.6735,332.7635,345.9423
561.6275,339.5384,331.0997,344.2126
564.1108,342.1200,326.1332,339.0494
563.2954,341.2723,327.7639,340.7446
560.8372,338.7167,332.6804,345.8558
560.0055,337.8521,334.3438,347.5851
572.5036,336.9832,336.0155,349.3230
571.6636,336.1098,337.6956,351.0696
569.9751,334.3545,341.0725,354.5803
567.4171,331.6951,346.1886,359.8990
565.6861,329.8956,349.6505,363.4980
577.9516,328.0782,353.1470,367.1330
577.9516,328.0782,353.1470,367.1330
578.8345,328.9960,351.3813,365.2973
581.4698,345.4702,346.1105,359.8179
582.3351,346.3698,344.3800,358.0188
584.9180,349.0549,339.2143,352.6485
583.2219,347.2917,342.6064,356.1750
584.9349,349.0726,339.1804,352.6132
599.1751,349.9541,337.4844,350.8502
598.3314,335.6178,339.1719,352.6044
596.6356,333.8548,342.5636,356.1305
594.0663,331.1838,347.7021,361.4724
593.1971,330.2801,349.4406,363.2798
593.1971,330.2801,349.4406,363.2798
594.0707,331.1883,347.6934,361.4634
607.8680,331.1883,347.6934,361.4634
607.8680,331.1883,347.6934,361.4634
606.1295,329.3810,351.1703,365.0780
607.0074,330.2937,349.4144,363.2526
607.8810,331.2018,347.6674,361.4364
609.6193,333.0090,344.1907,357.8220
610.4798,320.3135,342.4697,356.0329
611.3360,321.2036,340.7574,354.2527
613.8917,323.8604,335.6460,348.9389
624.8934,321.2434,340.6807,354.1730
624.0417,320.3580,342.3841,355.9439
625.7536,322.1377,338.9603,352.3845
624.9062,321.2567,340.6551,354.1464
624.0546,306.7857,342.3584,355.9171
622.3428,305.0061,345.7820,359.4763
623.2073,305.9048,344.0530,357.6789
625.7877,308.5874,338.8922,352.3137
625.7877,308.5874,338.8922,352.3137
625.7877,308.5874,338.8922,352.3137
625.7877,295.1393,338.8922,352.3137
637.6758,293.3777,342.2812,355.8369
637.6758,293.3777,342.2812,355.8369
640.2429,296.0465,337.1469,350.4993
642.7715,298.6753,332.0897,345.2418
640.2808,296.0860,337.0711,350.4204
640.2808,296.0860,337.0711,350.4204
642.8088,298.7141,332.0150,345.1641
643.6389,286.4677,330.3549,343.4383
643.6389,286.4677,330.3549,343.4383
646.1165,289.0435,325.3996,338.2867
646.1165,289.0435,325.3996,338.2867
647.7435,290.7349,322.1456,334.9039
648.5489,291.5722,320.5349,333.2293
646.1449,289.0730,325.3429,338.2278
648.5850,291.6096,320.4628,333.1544
648.5850,291.6096,320.4628,333.1544
650.9884,294.1083,315.6558,328.1570
648.6210,291.6472,320.3907,333.0794
650.2230,293.3125,317.1868,329.7486
650.2230,293.3125,317.1868,329.7486
649.4300,292.4882,318.7727,331.3973
651.8208,294.9737,313.9911,326.4264
653.3907,296.6058,310.8512,323.1621
655.7221,311.1798,306.1884,318.3147
657.2531,312.7714,303.1265,315.1316
657.2531,312.7714,303.1265,315.1316
656.4952,311.9836,304.6422,316.7072
658.7801,326.2665,300.0725,311.9566
659.5303,327.0464,298.5722,310.3968
661.7695,329.3744,294.0936,305.7409
651.6863,330.9031,291.1526,302.6834
653.1421,343.8546,288.2411,299.6566
653.1421,343.8546,288.2411,299.6566
652.4215,343.1055,289.6823,301.1549
650.9731,353.2100,292.5792,304.1664
650.9731,353.2100,292.5792,304.1664
652.4360,366.2250,289.6534,301.1248
652.4360,366.2250,289.6534,301.1248
652.4360,366.2250,289.6534,301.1248
652.4360,377.7192,289.6534,301.1248
640.9418,377.7192,289.6534,301.1248
643.1142,391.2994,285.3086,296.6079
645.2540,393.5240,281.0289,292.1588
645.2540,393.5240,281.0289,292.1588
646.6592,394.9848,278.2187,289.2372
645.2681,393.5386,281.0008,292.1296
645.9706,405.3640,279.5958,290.6689
648.0676,407.5440,275.4019,286.3089
648.7560,408.2598,274.0249,284.8773
648.7560,408.2598,274.0249,284.8773
650.8112,410.3964,269.9145,280.6042
639.3720,409.6949,271.2641,282.0072
640.7283,411.1049,268.5515,279.1871
642.0710,423.0511,265.8659,276.3953
641.4064,422.3600,267.1953,277.7773
643.4104,424.4434,263.1873,273.6106
641.4365,422.3913,267.1351,277.7148
641.4365,422.3913,267.1351,277.7148
642.1043,423.0856,265.7995,276.3262
643.4333,424.4672,263.1415,273.5629
644.7490,425.8351,260.5100,270.8273
644.7490,425.8351,260.5100,270.8273
635.1143,436.7981,259.2075,269.4731
637.0583,438.8192,255.3194,265.4311
638.9732,440.8099,251.4896,261.4496
638.9732,440.8099,251.4896,261.4496
638.3445,440.1563,252.7471,262.7568
638.9764,440.8132,251.4833,261.4431
638.9764,440.8132,251.4833,261.4431
638.9764,440.8132,251.4833,261.4431
638.9764,450.7927,251.4833,261.4431
638.3477,450.1391,252.7407,262.7503
640.2432,452.1097,248.9496,258.8090
640.2432,452.1097,248.9496,258.8090
631.7078,453.4037,246.4601,256.2209
631.7078,463.1839,246.4601,256.2209
631.0917,462.5433,247.6924,257.5020
631.0917,462.5433,247.6924,257.5020
631.0917,472.3724,247.6924,257.5020
631.7109,473.0162,246.4540,256.2145
632.3270,473.6567,245.2217,254.9334
634.1662,485.1537,241.5434,251.1094
634.7700,485.7815,240.3356,249.8539
624.5844,485.1569,241.5373,251.1032
624.5844,494.7417,241.5373,251.1032
626.3959,496.6250,237.9143,247.3366
628.1803,507.7794,234.3456,243.6266
629.3520,508.9976,232.0021,241.1903
629.9320,509.6006,230.8421,239.9843
622.0174,519.8693,228.5337,237.5845
621.4461,519.2753,229.6763,238.7724
621.4461,528.3895,229.6763,238.7724
623.1686,530.1802,226.2312,235.1908
622.0375,529.0043,228.4935,237.5428
620.3238,536.4259,231.9209,241.1059
621.4834,537.6315,229.6017,238.6948
620.3354,545.6403,231.8977,241.0818
613.0104,547.4484,228.4193,237.4656
613.0104,556.5126,228.4193,237.4656
612.4393,555.9189,229.5613,238.6529
612.4393,565.0286,229.5613,238.6529
613.5872,575.2403,227.2657,236.2664
611.8826,573.4683,230.6747,239.8103
612.4594,574.0678,229.5213,238.6113
601.4933,581.5228,232.9642,242.1905
603.2405,583.3393,229.4697,238.5576
604.9615,585.1285,226.0276,234.9792
604.9615,594.0978,226.0276,234.9792
605.5266,594.6852,224.8975,233.8044
603.8399,601.9901,228.2710,237.3114
602.1279,600.2103,231.6950,240.8711
600.3901,607.7359,235.1705,244.4841
592.9617,609.5695,231.6429,240.8169
594.6991,620.4299,228.1683,237.2046
595.8399,621.6160,225.8866,234.8326
595.8399,630.5797,225.8866,234.8326
596.9694,640.6280,223.6277,232.4843
598.0875,641.7904,221.3914,230.1594
598.0875,641.7904,221.3914,230.1594
598.0875,650.5758,221.3914,230.1594
596.9805,658.2982,223.6054,232.4610
596.9805,658.2982,223.6054,232.4610
596.4215,666.6346,224.7234,233.6233
589.3231,650.8192,221.3525,230.1190
588.2164,667.4119,223.5661,232.4202
586.5396,674.6735,226.9196,235.9065
585.9723,683.1335,228.0542,237.0860
585.4022,691.6358,229.1944,238.2714
584.2562,690.4445,231.4864,240.6541
583.6775,699.0747,232.6438,241.8574
583.6775,699.0747,232.6438,241.8574
574.4456,699.0747,232.6438,241.8574
573.8640,707.7481,233.8070,243.0667
574.4485,708.3558,232.6380,241.8514
573.2853,707.1465,234.9644,244.2699
574.4601,708.3679,232.6147,241.8272
573.8786,717.0402,233.7778,243.0363
573.8786,717.0402,233.7778,243.0363
575.6319,709.7253,230.2711,239.3908
574.4806,717.7574,232.5738,241.7847
564.6238,717.1530,233.7367,242.9936
565.2082,717.7604,232.5680,241.7786
564.6268,717.1560,233.7309,242.9875
565.7955,718.3709,231.3936,240.5576
564.0600,716.5668,234.8645,244.1660
2
0
0
0
0
0
2
0
0
0
0
0
2
0
0
0
0
0
2
0
0
0
0
0
2
0
0
0
0
0
532.2645,712.3534,241.9751,251.5583
530.4498,710.4667,245.6047,255.3316
529.8358,709.8284,246.8327,256.6083
527.9845,707.9038,250.5352,260.4574
529.8635,709.8572,246.7772,256.5506
529.8635,709.8572,246.7772,256.5506
530.4805,710.4986,245.5433,255.2678
530.4805,710.4986,245.5433,255.2678
530.4805,710.4986,245.5433,255.2678
529.8666,719.6530,246.7710,256.5441
2
0
0
0
0
0
2
0
0
0
0
0
2
0
0
0
0
0
2
0
0
0
0
0
2
0
0
0
0
0
2
0
0
0
0
0
497.8464,636.6757,251.6686,261.6357
499.7339,638.6379,247.8936,257.7111
499.7339,638.6379,247.8936,257.7111
500.3537,639.2822,246.6541,256.4225
499.7370,648.4780,247.8873,257.7047
501.5962,650.4108,244.1690,253.8391
503.4275,652.3146,240.5065,250.0315
512.4178,661.2811,241.7090,251.2817
511.8135,670.2925,242.9176,252.5381
522.0122,670.9238,241.7030,251.2754
511.7686,699.2137,242.9115,252.5318
509.9468,707.1036,246.5552,256.3197
510.5632,707.7444,245.3224,255.0381
521.9921,709.6572,241.6426,251.2126
520.1797,707.7731,245.2672,254.9808
520.1797,707.7731,245.2672,254.9808
519.5666,716.9172,246.4935,256.2557
518.3341,715.6359,248.9585,258.8182
516.4669,713.6948,252.6929,262.7005
514.5718,711.7245,256.4832,266.6410
2
0
0
0
0
0
2
0
0
0
0
0
502.5018,709.7574,260.2719,270.5797
501.8511,709.0810,261.5733,271.9326
511.6290,697.9694,262.8812,273.2923
503.3253,679.4684,258.9379,269.1929
504.6200,670.6418,256.3485,266.5010
496.5226,662.6206,252.5033,262.5034
497.7851,663.9332,249.9783,259.8784
499.0350,655.4120,247.4785,257.2796
500.8911,647.6683,243.7663,253.4204
500.8911,647.6683,243.7663,253.4204
493.1912,640.0408,240.1098,249.6191
493.7914,640.6648,238.9093,248.3710
502.1722,639.4230,241.2984,250.8548
493.2480,630.5226,240.0919,249.6005
493.8483,631.1467,238.8914,248.3525
492.6538,620.3303,241.2803,250.8360
493.2570,620.9573,240.0739,249.5818
494.4574,612.7738,237.6732,247.0860
496.2399,614.6270,234.1081,243.3797
496.8252,615.2354,232.9376,242.1628
498.5722,617.0516,229.4435,238.5304
496.8514,615.2626,232.8851,242.1083
496.8514,615.2626,232.8851,242.1083
497.4336,615.8679,231.7207,240.8978
499.1715,617.6746,228.2449,237.2843
500.8834,628.3757,224.8212,233.7251
502.5695,630.1287,221.4489,230.2192
500.9086,637.3215,224.7707,233.6725
502.0325,638.4899,222.5229,231.3357
502.0325,638.4899,222.5229,231.3357
503.7014,640.2249,219.1851,227.8657
504.2494,649.4489,218.0892,226.7264
502.6137,647.7484,221.3605,230.1273
502.6137,656.5326,221.3605,230.1273
503.7205,657.6832,219.1469,227.8260
502.6248,665.3273,221.3384,230.1043
495.6333,667.0532,218.0183,226.6527
503.7830,675.1813,219.1084,227.7860
504.8786,676.3202,216.9173,225.5081
505.9632,685.9695,214.7481,223.2530
504.8894,693.4602,216.8956,225.4855
503.2627,700.5051,220.1491,228.8678
502.7123,699.9330,221.2498,230.0122
501.0529,707.1193,224.5685,233.4624
502.7372,708.8703,221.2000,229.9604
503.8432,710.0201,218.9880,227.6608
502.2008,708.3126,222.2728,231.0757
500.5338,715.5322,225.6069,234.5419
498.8417,713.7732,228.9910,238.0600
497.1243,711.9877,232.4259,241.6309
495.9622,710.7795,234.7502,244.0472
494.2015,708.9492,238.2714,247.7079
492.4145,697.4944,241.8455,251.4235
492.4145,687.8973,241.8455,251.4235
493.0191,678.9768,240.6363,250.1664
491.2143,667.4083,244.2458,253.9189
492.4355,659.0825,241.8033,251.3797
491.8311,648.8107,243.0124,252.6366
491.2235,638.4875,244.2274,253.8998
493.0552,630.8456,240.5640,250.0913
493.0552,621.2994,240.5640,250.0913
491.2510,609.7344,244.1725,253.8427
493.0823,592.5501,240.5099,250.0350
492.4810,582.3333,241.7124,251.2852
491.8767,572.0653,242.9210,252.5416
493.0913,554.2413,240.4918,250.0162
493.6926,545.3708,239.2893,248.7661
495.4872,528.5302,235.7000,245.0346
497.2550,511.9422,232.1645,241.3591
498.4158,504.0282,229.8428,238.9455
500.1396,487.8524,226.3952,235.3613
501.8376,480.7685,222.9993,231.8309
501.2801,462.4021,224.1143,232.9901
501.8404,454.1356,222.9937,231.8251
501.8404,445.2866,222.9937,231.8251
502.3979,437.0615,221.8787,230.6660
502.9525,428.8775,220.7693,229.5127
504.6083,413.3402,217.4578,226.0700
506.2393,406.5359,214.1959,222.6789
507.3102,399.2345,212.0540,220.4521
507.3102,399.2345,212.0540,220.4521
507.3102,390.8196,212.0540,220.4521
508.9006,392.4731,208.8732,217.1454
510.4672,394.1016,205.7401,213.8882
508.9241,400.7842,208.8262,217.0965
507.3579,399.1560,211.9586,220.3530
507.3579,399.1560,211.9586,220.3530
508.9476,400.8087,208.7792,217.0477
508.4257,408.5923,209.8231,218.1329
507.3766,407.5017,211.9213,220.3142
508.9660,409.1540,208.7425,217.0095
508.9660,409.1540,208.7425,217.0095
508.4441,416.9363,209.7862,218.0946
500.6854,417.4816,208.7373,217.0041
500.6854,417.4816,208.7373,217.0041
502.2509,419.1091,205.6062,213.7490
500.7089,417.5060,208.6903,216.9553
499.6654,424.7854,210.7772,219.1248
500.7193,425.8810,208.6694,216.9336
502.2843,427.5080,205.5394,213.6796
503.8259,429.1106,202.4563,210.4744
503.8259,429.1106,202.4563,210.4744
502.3074,435.6866,205.4931,213.6315
502.3074,435.6866,205.4931,213.6315
502.3074,435.6866,205.4931,213.6315
502.3074,435.6866,205.4931,213.6315
502.3074,435.6866,205.4931,213.6315
502.3074,435.6866,205.4931,213.6315
501.2800,442.8544,207.5481,215.7678
502.3177,443.9333,205.4726,213.6101
502.3177,443.9333,205.4726,213.6101
502.8314,444.4673,204.4452,212.5421
501.2980,442.8732,207.5119,215.7302
502.8544,436.3801,204.3992,212.4942
502.8544,436.3801,204.3992,212.4942
502.8544,428.2690,204.3992,212.4942
503.8764,421.3015,202.3552,210.3693
505.3940,414.9698,199.3199,207.2138
505.3940,407.0603,199.3199,207.2138
505.3940,399.1508,199.3199,207.2138
506.3907,392.3564,197.3267,205.1416
506.3907,384.5260,197.3267,205.1416
507.8706,378.3516,194.3668,202.0645
507.8706,370.6386,194.3668,202.0645
506.8988,369.6283,196.3105,204.0851
506.8988,361.8382,196.3105,204.0851
507.8803,355.1464,194.3474,202.0443
507.8803,347.4342,194.3474,202.0443
507.8803,339.7220,194.3474,202.0443
506.9086,338.7118,196.2908,204.0647
507.8900,332.0207,194.3279,202.0241
507.8900,332.0207,194.3279,202.0241
509.3475,325.9401,191.4130,198.9937
509.3475,325.9401,191.4130,198.9937
509.3475,318.3444,191.4130,198.9937
509.3475,318.3444,191.4130,198.9937
509.3475,318.3444,191.4130,198.9937
509.3475,318.3444,191.4130,198.9937
509.3475,310.7486,191.4130,198.9937
510.3046,311.7436,189.4989,197.0038
509.3571,310.7585,191.3939,198.9738
509.3571,310.7585,191.3939,198.9738
510.3140,311.7534,189.4799,196.9841
511.7351,313.2308,186.6377,194.0293
511.7351,313.2308,186.6377,194.0293
510.8019,312.2607,188.5041,195.9696
509.3882,310.7909,191.3317,198.9092
510.8232,304.8041,188.4617,195.9255
511.7655,305.7837,186.5771,193.9663
512.6984,306.7535,184.7113,192.0266
514.0837,308.1937,181.9406,189.1462
513.6288,300.4649,182.8504,190.0919
513.6288,293.2089,182.8504,190.0919
512.7146,284.9299,184.6788,191.9929
513.6380,278.6347,182.8321,190.0729
512.7238,270.3565,184.6604,191.9737
513.6471,264.0619,182.8138,190.0539
513.6471,249.5528,182.8138,190.0539
512.7330,248.6026,184.6419,191.9545
513.1946,241.7920,183.7187,190.9947
514.1132,235.5295,181.8815,189.0847
515.0226,236.4749,180.0627,187.1939
515.4728,236.9429,179.1624,186.2579
515.4728,236.9429,179.1624,186.2579
516.8165,238.3398,176.4750,183.4641
516.8165,231.3368,176.4750,183.4641
515.9341,230.4195,178.2397,185.2987
515.9341,230.4195,178.2397,185.2987
515.9341,230.4195,178.2397,185.2987
515.9341,230.4195,178.2397,185.2987
515.9341,230.4195,178.2397,185.2987
515.9341,223.3465,178.2397,185.2987
514.5974,221.9568,180.9133,188.0782
515.9542,223.3674,178.1996,185.2570
514.6177,221.9779,180.8726,188.0359
514.6177,221.9779,180.8726,188.0359
513.7133,213.7885,182.6813,189.9162
515.0834,215.2129,179.9411,187.0675
516.4330,216.6159,177.2420,184.2615
517.3192,217.5372,175.4696,182.4189
516.0032,209.1015,178.1016,185.1551
516.0032,209.1015,178.1016,185.1551
516.0032,209.1015,178.1016,185.1551
515.5579,208.6386,178.9921,186.0809
516.0054,202.0365,178.0972,185.1505
516.0054,202.0365,178.0972,185.1505
517.3411,203.4251,175.4257,182.3733
516.4641,202.5132,177.1800,184.1970
516.0211,194.9866,178.0659,185.1180
515.5759,194.5238,178.9562,186.0436
515.1285,194.0587,179.8510,186.9738
516.0278,194.9936,178.0525,185.1040
516.0278,194.9936,178.0525,185.1040
516.0278,187.9280,178.0525,185.1040
515.1375,187.0025,179.8330,186.9551
514.2383,186.0677,181.6313,188.8246
515.1465,187.0119,179.8150,186.9364
515.1465,187.0119,179.8150,186.9364
515.1465,179.8764,179.8150,186.9364
515.1465,179.8764,179.8150,186.9364
515.1465,179.8764,179.8150,186.9364
514.2474,178.9417,181.6131,188.8058
515.1555,179.8857,179.7970,186.9177
508.0207,172.7509,179.7970,186.9177
507.5712,172.2836,180.6960,187.8523
507.5712,172.2836,180.6960,187.8523
507.5712,172.2836,180.6960,187.8523
507.5712,165.1131,180.6960,187.8523
508.4747,166.0524,178.8890,185.9738
508.4747,166.0524,178.8890,185.9738
508.4747,166.0524,178.8890,185.9738
508.4747,158.9536,178.8890,185.9738
508.9219,159.4185,177.9946,185.0439
508.9219,159.4185,177.9946,185.0439
508.9219,159.4185,177.9946,185.0439
508.9219,152.3553,177.9946,185.0439
508.4769,151.8927,178.8846,185.9691
508.4769,151.8927,178.8846,185.9691
508.0297,151.4277,179.7790,186.8990
508.0297,144.2937,179.7790,186.8990
508.9286,145.2281,177.9812,185.0300
508.9286,145.2281,177.9812,185.0300
509.8185,146.1533,176.2014,183.1797
508.9375,138.1754,177.9634,185.0115
508.0477,137.2503,179.7430,186.8616
508.0477,137.2503,179.7430,186.8616
508.0477,137.2503,179.7430,186.8616
507.5983,129.6148,180.6418,187.7959
507.5983,129.6148,180.6418,187.7959
508.0499,130.0843,179.7385,186.8569
507.6006,129.6172,180.6372,187.7912
508.9554,123.9650,177.9277,184.9743
509.8450,124.8899,176.1484,183.1246
509.8450,124.8899,176.1484,183.1246
508.9643,123.9742,177.9099,184.9558
509.8538,117.9097,176.1308,183.1063
508.5328,116.5364,178.7728,185.8529
508.9798,117.0010,177.8789,184.9236
508.5351,116.5387,178.7683,185.8482
508.0881,108.9447,179.6621,186.7775
508.0881,108.9447,179.6621,186.7775
508.0881,108.9447,179.6621,186.7775
507.6390,108.4777,180.5604,187.7113
508.9932,102.8279,177.8520,184.8957
510.3271,104.2146,175.1842,182.1222
509.4511,103.3040,176.9361,183.9435
508.5665,102.3843,178.7054,185.7829
509.4600,96.2927,176.9184,183.9251
508.1331,94.9132,179.5722,186.6839
507.6842,94.4465,180.4700,187.6174
507.6842,94.4465,180.4700,187.6174
509.0377,88.7996,177.7630,184.8031
509.4821,89.2616,176.8742,183.8791
509.4821,89.2616,176.8742,183.8791
509.4821,89.2616,176.8742,183.8791
508.5977,81.2532,178.6429,185.7179
508.1512,80.7889,179.5361,186.6465
506.8046,86.6203,182.2292,189.4462
507.2602,87.0939,181.3180,188.4989
505.9003,85.6802,184.0378,191.3264
507.2806,94.3087,181.2772,188.4565
506.8274,101.0671,182.1836,189.3988
508.1938,109.6086,179.4509,186.5578
507.2965,115.8681,181.2454,188.4234
508.2028,131.0509,179.4329,186.5392
508.2028,138.1713,179.4329,186.5392
508.2028,152.4120,179.4329,186.5392
508.2028,173.7731,179.4329,186.5392
509.5485,189.1992,176.7414,183.7411
510.8741,204.3939,174.0903,180.9850
510.0036,217.4439,175.8312,182.7948
509.5640,231.0115,176.7104,183.7088
510.8893,253.1107,174.0597,180.9532
510.0190,266.1584,175.8003,182.7627
509.5796,279.7236,176.6793,183.6765
508.2545,292.5786,179.3295,186.4316
508.2545,306.8110,179.3295,186.4316
506.9095,327.0818,182.0194,189.2281
508.2746,335.6157,179.2891,186.3897
509.1711,350.6346,177.4962,184.5258
510.0586,358.5303,175.7213,182.6805
509.1800,364.6597,177.4785,184.5074
510.0674,365.5822,175.7037,182.6623
508.7496,371.2892,178.3393,185.4022
508.3037,370.8257,179.2310,186.3292
509.6479,372.2232,176.5425,183.5343
509.2066,371.7643,177.4252,184.4520
508.3195,363.7310,179.1995,186.2965
508.7675,364.1967,178.3035,185.3650
510.1047,365.5870,175.6289,182.5845
510.1047,365.5870,175.6289,182.5845
510.1047,358.6176,175.6289,182.5845
509.2266,357.7047,177.3852,184.4104
509.2266,357.7047,177.3852,184.4104
509.2266,357.7047,177.3852,184.4104
509.6701,351.1618,176.4983,183.4883
510.9938,352.5379,173.8508,180.7360
510.1245,351.6342,175.5893,182.5434
510.1245,351.6342,175.5893,182.5434
510.1245,344.6664,175.5893,182.5434
511.4415,346.0355,172.9555,179.8052
510.5767,345.1365,174.6850,181.6032
511.4501,346.0445,172.9382,179.7872
511.4501,339.1819,172.9382,179.7872
512.3148,340.0808,171.2088,177.9893
512.3148,340.0808,171.2088,177.9893
511.8868,339.6358,172.0648,178.8793
512.3170,333.2892,171.2045,177.9849
511.4609,332.3993,172.9166,179.7647
511.4609,332.3993,172.9166,179.7647
511.4609,332.3993,172.9166,179.7647
511.4609,325.5375,172.9166,179.7647
511.8932,325.9869,172.0520,178.8659
511.8932,325.9869,172.0520,178.8659
511.8932,325.9869,172.0520,178.8659
513.1836,320.6034,169.4712,176.1829
512.3362,319.7224,171.1659,177.9448
513.1921,320.6122,169.4543,176.1653
511.9212,319.2909,171.9961,178.8078
513.2111,313.9091,169.4161,176.1257
511.9405,312.5882,171.9574,178.7676
511.9405,312.5882,171.9574,178.7676
511.9405,312.5882,171.9574,178.7676
512.8003,306.7266,170.2378,176.9799
512.3747,306.2841,171.0890,177.8648
512.3747,306.2841,171.0890,177.8648
512.3747,306.2841,171.0890,177.8648
513.2302,300.4521,169.3781,176.0861
514.5005,301.7727,166.8374,173.4448
514.5005,301.7727,166.8374,173.4448
515.7518,303.0735,164.3349,170.8432
515.7518,296.5523,164.3349,170.8432
514.5193,295.2710,166.7999,173.4058
515.3533,296.1380,165.1319,171.6718
516.5917,290.9710,162.6549,169.0967
516.5917,290.9710,162.6549,169.0967
516.1851,290.5483,163.4682,169.9422
516.5938,290.9731,162.6508,169.0925
516.1871,290.5504,163.4641,169.9379
516.5958,284.5210,162.6468,169.0882
517.0024,284.9437,161.8335,168.2428
517.0024,284.9437,161.8335,168.2428
517.0024,284.9437,161.8335,168.2428
516.1932,284.1025,163.4519,169.9252
517.0105,278.5308,161.8174,168.2260
517.0105,278.5308,161.8174,168.2260
517.8196,279.3719,160.1992,166.5437
517.0186,278.5392,161.8012,168.2091
516.6141,278.1187,162.6102,169.0502
517.8337,273.0306,160.1710,166.5144
518.2341,273.4469,159.3702,165.6819
519.0309,274.2753,157.7765,164.0250
518.2421,273.4552,159.3542,165.6653
519.4373,268.4689,156.9639,163.1803
518.2600,267.2451,159.3184,165.6280
518.2600,267.2451,159.3184,165.6280
518.2600,267.2451,159.3184,165.6280
518.2600,267.2451,159.3184,165.6280
518.2600,260.9229,159.3184,165.6280
519.0566,261.7511,157.7252,163.9717
519.0566,261.7511,157.7252,163.9717
519.0566,261.7511,157.7252,163.9717
519.0566,261.7511,157.7252,163.9717
518.2680,260.9312,159.3024,165.6115
518.2680,260.9312,159.3024,165.6115
519.0645,261.7592,157.7094,163.9553
519.0645,261.7592,157.7094,163.9553
518.2759,260.9395,159.2865,165.5949
517.4795,260.1115,160.8794,167.2508
516.6751,259.2752,162.4882,168.9234
522.3751,258.4306,164.1131,170.6126
522.7854,258.8572,163.2925,169.7595
523.1936,259.2816,162.4760,168.9107
524.0060,260.1261,160.8513,167.2216
523.6039,259.7081,161.6555,168.0577
522.3914,258.4476,164.0804,170.5786
522.3914,258.4476,164.0804,170.5786
523.2119,259.3005,162.4396,168.8728
522.3997,258.4561,164.0639,170.5615
522.3997,258.4561,164.0639,170.5615
523.2200,259.3090,162.4233,168.8559
522.4078,258.4647,164.0475,170.5445
523.6382,259.7438,161.5868,167.9863
522.4263,258.4839,164.0106,170.5061
523.6564,259.7627,161.5505,167.9485
523.2525,259.3428,162.3582,168.7883
524.0643,253.8084,160.7346,167.1004
524.4661,254.2261,159.9310,166.2649
524.4661,254.2261,159.9310,166.2649
524.8660,254.6418,159.1313,165.4335
526.0594,255.8825,156.7443,162.9520
525.2758,255.0678,158.3118,164.5816
524.4842,254.2449,159.8949,166.2274
524.4842,254.2449,159.8949,166.2274
525.6834,249.2417,157.4965,163.7340
526.0771,249.6511,156.7090,162.9153
525.2936,248.8365,158.2761,164.5444
525.2936,248.8365,158.2761,164.5444
524.5022,248.0138,159.8589,166.1899
525.3015,248.8447,158.2603,164.5280
525.3015,248.8447,158.2603,164.5280
524.5102,248.0221,159.8429,166.1733
525.3094,242.5734,158.2444,164.5115
525.7050,242.9847,157.4532,163.6890
526.0986,243.3939,156.6660,162.8705
525.3153,242.5795,158.2326,164.4993
526.1065,243.4020,156.6503,162.8542
526.1065,243.4020,156.6503,162.8542
526.1065,243.4020,156.6503,162.8542
526.1065,243.4020,156.6503,162.8542
525.3232,242.5878,158.2168,164.4828
525.3232,242.5878,158.2168,164.4828
526.1143,243.4102,156.6346,162.8380
526.1143,237.1945,156.6346,162.8380
526.1143,237.1945,156.6346,162.8380
526.8975,238.0087,155.0683,161.2096
526.8975,238.0087,155.0683,161.2096
526.8975,238.0087,155.0683,161.2096
526.8975,238.0087,155.0683,161.2096
526.8975,238.0087,155.0683,161.2096
526.1221,237.2027,156.6190,162.8217
532.3372,237.2027,156.6190,162.8217
531.1625,235.9815,158.9682,165.2640
531.5599,236.3947,158.1734,164.4377
532.7463,237.6279,155.8008,161.9711
532.7463,237.6279,155.8008,161.9711
532.7463,237.6279,155.8008,161.9711
532.7463,237.6279,155.8008,161.9711
532.7463,237.6279,155.8008,161.9711
531.9673,236.8181,157.3588,163.5908
531.1805,242.3070,158.9324,165.2267
531.5778,242.7200,158.1377,164.4006
531.9731,243.1310,157.3470,163.5786
532.7599,243.9489,155.7736,161.9428
533.5388,244.7587,154.2158,160.3234
532.7676,243.9570,155.7580,161.9266
532.7676,243.9570,155.7580,161.9266
533.5464,244.7667,154.2004,160.3074
532.7755,250.1454,155.7424,161.9104
531.9968,249.3358,157.2998,163.5295
531.9968,249.3358,157.2998,163.5295
532.7833,250.1535,155.7268,161.8942
532.7833,250.1535,155.7268,161.8942
532.0046,255.5854,157.2841,163.5132
532.0046,255.5854,157.2841,163.5132
532.7910,256.4030,155.7113,161.8781
532.0125,255.5936,157.2684,163.4968
531.2261,261.0793,158.8411,165.1318
530.8290,260.6665,159.6353,165.9575
531.6272,261.4963,158.0389,164.2979
532.4174,268.5265,156.4585,162.6549
533.1997,269.3398,154.8940,161.0284
532.4252,274.7426,156.4429,162.6386
531.6430,273.9294,158.0073,164.2650
532.4330,274.7508,156.4272,162.6224
531.6509,280.2072,157.9915,164.2486
531.6509,280.2072,157.9915,164.2486
531.6509,286.4767,157.9915,164.2486
532.4409,287.2979,156.4116,162.6061
532.0498,293.1292,157.1936,163.4191
532.8358,293.9464,155.6217,161.7850
533.6139,300.8690,154.0655,160.1671
532.8436,300.0681,155.6062,161.7688
532.0656,305.4959,157.1622,163.3865
532.8514,306.3128,155.5906,161.7526
531.6844,311.3665,157.9245,164.1789
532.4741,312.1874,156.3452,162.5371
531.3015,317.2656,158.6904,164.9752
532.4916,318.5030,156.3100,162.5005
531.7101,323.9553,157.8731,164.1255
530.9207,323.1346,159.4519,165.7668
531.7180,323.9635,157.8573,164.1091
530.9287,329.4697,159.4359,165.7502
530.1315,335.0311,161.0303,167.4077
529.7289,334.6125,161.8354,168.2448
530.5381,335.4538,160.2171,166.5623
529.7371,341.0424,161.8192,168.2279
530.9507,342.3041,159.3920,165.7045
532.1461,343.5468,157.0011,163.2189
530.9686,348.6464,159.3561,165.6672
530.9686,348.6464,159.3561,165.6672
530.1718,347.8180,160.9497,167.3239
529.3671,353.4322,162.5592,168.9971
528.5543,352.5872,164.1847,170.6871
529.3752,353.4406,162.5429,168.9802
530.1879,354.2855,160.9175,167.2904
530.1879,360.6711,160.9175,167.2904
530.9925,361.5076,159.3083,165.6175
530.9925,361.5076,159.3083,165.6175
530.9925,367.8293,159.3083,165.6175
529.7977,366.5872,161.6979,168.1018
531.0104,367.8480,159.2724,165.5803
530.6122,367.4340,160.0688,166.4082
529.8119,373.0175,161.6695,168.0723
