1
537.7000,47.6700,40.6000,44.6600
537.8015,47.7817,40.3970,44.4367
537.5995,47.5595,40.8010,44.8811
537.7015,51.7314,40.5970,44.6567
537.7015,51.7314,40.5970,44.6567
537.6000,51.6197,40.7999,44.8799
537.2940,51.2831,41.4119,45.5531
537.5011,51.5109,40.9978,45.0976
537.6036,55.7029,40.7928,44.8721
537.2976,55.3664,41.4047,45.5452
537.6082,55.7080,40.7837,44.8620
537.9141,56.0444,40.1719,44.1891
538.2153,60.3328,39.5693,43.5263
538.4132,60.5504,39.1736,43.0910
538.4132,60.5504,39.1736,43.0910
538.4132,60.5504,39.1736,43.0910
538.4132,60.5504,39.1736,43.0910
538.4132,64.4678,39.1736,43.0910
538.4132,64.4678,39.1736,43.0910
538.4132,64.4678,39.1736,43.0910
538.2173,64.2523,39.5654,43.5219
538.4152,64.4699,39.1697,43.0867
538.4152,68.3869,39.1697,43.0867
538.4152,68.3869,39.1697,43.0867
538.4152,68.3869,39.1697,43.0867
538.4152,68.3869,39.1697,43.0867
538.4152,72.3039,39.1697,43.0867
538.4152,72.3039,39.1697,43.0867
538.2193,72.0884,39.5614,43.5176
538.4171,72.3060,39.1658,43.0824
538.4171,76.2226,39.1658,43.0824
538.2213,76.0072,39.5575,43.5132
538.2213,76.0072,39.5575,43.5132
538.2213,76.0072,39.5575,43.5132
538.2213,79.9629,39.5575,43.5132
538.2213,79.9629,39.5575,43.5132
538.2213,79.9629,39.5575,43.5132
538.2213,79.9629,39.5575,43.5132
538.4191,84.0967,39.1619,43.0781
538.2233,83.8813,39.5535,43.5089
538.2233,83.8813,39.5535,43.5089
538.2233,83.8813,39.5535,43.5089
538.5199,88.1036,38.9602,42.8562
538.2277,87.7822,39.5446,43.4991
538.0300,87.5647,39.9400,43.9341
538.2297,87.7844,39.5406,43.4947
538.2297,91.7385,39.5406,43.4947
538.4274,91.9559,39.1452,43.0598
538.2316,91.7406,39.5367,43.4904
538.2316,91.7406,39.5367,43.4904
538.2316,95.6943,39.5367,43.4904
538.2316,95.6943,39.5367,43.4904
538.2316,95.6943,39.5367,43.4904
538.2316,95.6943,39.5367,43.4904
538.2316,99.6480,39.5367,43.4904
538.4293,99.8654,39.1413,43.0555
538.2336,99.6502,39.5327,43.4860
538.2336,99.6502,39.5327,43.4860
538.2336,103.6034,39.5327,43.4860
538.2336,103.6034,39.5327,43.4860
538.4313,103.8209,39.1374,43.0512
538.4313,103.8209,39.1374,43.0512
538.2356,103.6056,39.5288,43.4817
538.2356,107.5585,39.5288,43.4817
538.4332,107.7759,39.1335,43.0469
538.2376,107.5607,39.5248,43.4773
538.4352,107.7780,39.1296,43.0425
538.2396,107.5628,39.5209,43.4730
538.2396,111.5149,39.5209,43.4730
538.4371,111.7323,39.1257,43.0382
538.4371,111.7323,39.1257,43.0382
538.4371,111.7323,39.1257,43.0382
538.4371,111.7323,39.1257,43.0382
538.2415,115.4688,39.5169,43.4686
538.4391,115.6861,39.1218,43.0339
538.2435,115.4710,39.5130,43.4643
538.0460,115.2536,39.9081,43.8989
538.3453,115.5829,39.3095,43.2404
538.5418,119.6907,38.9164,42.8080
538.5418,119.6907,38.9164,42.8080
538.5418,119.6907,38.9164,42.8080
538.5418,119.6907,38.9164,42.8080
534.5334,123.4948,39.1110,43.0221
534.3379,123.2797,39.5021,43.4523
534.1403,123.0624,39.8971,43.8868
534.3398,123.2819,39.4981,43.4479
534.1423,123.0646,39.8931,43.8824
533.9429,126.8744,40.2920,44.3213
533.9429,126.8744,40.2920,44.3213
533.7414,126.6528,40.6950,44.7645
534.0466,126.9885,40.0845,44.0930
534.1469,127.0988,39.8841,43.8725
533.9474,126.8794,40.2830,44.3113
533.7460,130.7264,40.6858,44.7544
534.0511,131.0621,40.0755,44.0831
533.7506,130.7315,40.6766,44.7443
533.5472,130.5077,41.0834,45.1917
533.7526,130.7337,40.6726,44.7398
534.0577,131.0692,40.0625,44.0687
534.3582,135.3459,39.4615,43.4077
534.1608,135.1289,39.8562,43.8418
534.3601,135.3481,39.4576,43.4034
534.5574,135.5651,39.0630,42.9693
534.3621,135.3503,39.4537,43.3990
534.1648,139.1181,39.8482,43.8330
534.4637,139.4468,39.2505,43.1755
534.5618,139.5548,39.0542,42.9596
534.2689,139.2326,39.6400,43.6040
534.4671,139.4506,39.2436,43.1680
534.7614,139.7744,38.6550,42.5205
534.4715,139.4554,39.2348,43.1583
534.3734,143.2906,39.4310,43.3741
534.4720,143.3991,39.2338,43.1572
534.3739,143.2912,39.4300,43.3730
534.5710,143.5081,39.0357,42.9393
534.3759,143.2934,39.4260,43.3686
534.5730,143.5102,39.0318,42.9350
534.7682,143.7249,38.6415,42.5056
534.5750,147.4151,39.0279,42.9307
534.7701,147.6298,38.6376,42.5014
534.7701,147.6298,38.6376,42.5014
534.4803,147.3110,39.2172,43.1389
534.3823,147.2032,39.4132,43.3546
534.5793,147.4200,39.0191,42.9210
534.5793,147.4200,39.0191,42.9210
534.3843,151.1463,39.4093,43.3502
534.1872,150.9295,39.8034,43.7837
534.1872,150.9295,39.8034,43.7837
533.9882,150.7106,40.2014,44.2216
533.9882,150.7106,40.2014,44.2216
534.2897,151.0423,39.5984,43.5583
534.5867,151.3690,39.0044,42.9049
534.2941,151.0472,39.5895,43.5485
533.9973,154.7389,40.1833,44.2017
533.8968,154.6284,40.3843,44.4227
533.9977,154.7395,40.1823,44.2006
533.9977,154.7395,40.1823,44.2006
533.9977,154.7395,40.1823,44.2006
533.8973,154.6290,40.3833,44.4216
534.0992,154.8511,39.9794,43.9774
534.2991,155.0709,39.5796,43.5376
534.1012,158.8508,39.9754,43.9730
534.1012,158.8508,39.9754,43.9730
533.8014,158.5210,40.5751,44.6326
533.7000,158.4094,40.7779,44.8557
534.0058,158.7458,40.1663,44.1829
534.3070,159.0772,39.5638,43.5201
534.6038,159.4036,38.9703,42.8673
534.7012,159.5108,38.7755,42.6530
534.7012,159.5108,38.7755,42.6530
534.5073,159.2975,39.1632,43.0795
534.3115,163.0376,39.5548,43.5103
534.5093,163.2552,39.1593,43.0752
534.7051,163.4705,38.7677,42.6445
534.5112,163.2573,39.1554,43.0709
534.8049,163.5803,38.5681,42.4249
535.0941,163.8985,37.9895,41.7885
534.9042,163.6896,38.3694,42.2064
534.9042,163.6896,38.3694,42.2064
534.7123,163.4785,38.7531,42.6284
534.7123,167.3539,38.7531,42.6284
534.5186,167.1407,39.1406,43.0547
534.3229,166.9254,39.5321,43.4853
534.3229,166.9254,39.5321,43.4853
534.6194,167.2516,38.9391,42.8330
534.8141,167.4657,38.5497,42.4047
534.5250,167.1477,39.1279,43.0407
534.3293,166.9325,39.5192,43.4711
538.2812,166.9325,39.5192,43.4711
538.0836,166.7151,39.9144,43.9058
538.2832,166.9347,39.5153,43.4668
538.5796,167.2607,38.9225,42.8148
538.2877,170.8902,39.5064,43.4570
538.5839,171.2161,38.9138,42.8051
538.5839,171.2161,38.9138,42.8051
538.2921,170.8951,39.4975,43.4472
538.0946,170.6779,39.8925,43.8817
538.2941,170.8973,39.4935,43.4429
538.5903,171.2231,38.9011,42.7912
538.5903,171.2231,38.9011,42.7912
538.6875,171.3301,38.7066,42.5773
538.9778,171.6494,38.1260,41.9386
538.6919,171.3349,38.6979,42.5677
538.4016,174.9434,39.2784,43.2062
538.4998,175.0515,39.0820,42.9902
538.5975,175.1589,38.8866,42.7752
538.3059,174.8381,39.4699,43.4169
538.3059,174.8381,39.4699,43.4169
538.3059,174.8381,39.4699,43.4169
538.6019,175.1637,38.8778,42.7656
538.6019,179.0515,38.8778,42.7656
538.6991,179.1584,38.6834,42.5518
538.6991,179.1584,38.6834,42.5518
538.6024,179.0521,38.8769,42.7645
538.6024,179.0521,38.8769,42.7645
538.6024,179.0521,38.8769,42.7645
538.3108,178.7313,39.4600,43.4060
538.6068,179.0569,38.8681,42.7549
538.6068,182.9437,38.8681,42.7549
538.7039,183.0506,38.6738,42.5411
538.6072,182.9442,38.8671,42.7538
538.7044,183.0511,38.6728,42.5401
538.8011,183.1575,38.4794,42.3274
538.7049,183.0516,38.6718,42.5390
538.7049,183.0516,38.6718,42.5390
538.6082,186.8318,38.8652,42.7517
538.5110,186.7249,39.0595,42.9655
538.7064,186.9398,38.6689,42.5358
538.6097,186.8334,38.8623,42.7485
538.7068,186.9403,38.6680,42.5348
538.7068,186.9403,38.6680,42.5348
538.7068,186.9403,38.6680,42.5348
538.7068,190.8071,38.6680,42.5348
538.6102,190.7007,38.8613,42.7474
538.3187,190.3801,39.4442,43.3886
538.1215,190.1632,39.8387,43.8225
538.1215,190.1632,39.8387,43.8225
537.9223,189.9441,40.2370,44.2607
537.7211,189.7228,40.6394,44.7034
537.9243,193.9696,40.2330,44.2563
538.2261,194.3015,39.6295,43.5925
537.9288,193.9746,40.2240,44.2464
537.9288,193.9746,40.2240,44.2464
538.1299,194.1958,39.8217,43.8039
538.1299,194.1958,39.8217,43.8039
538.1299,194.1958,39.8217,43.8039
537.9308,197.9988,40.2199,44.2419
538.1320,198.2200,39.8177,43.7995
2
0
0
0
0
0
2
0
0
0
0
0
2
0
0
0
0
0
2
0
0
0
0
0
2
0
0
0
0
0
2
0
0
0
0
0
2
0
0
0
0
0
2
0
0
0
0
0
2
0
0
0
0
0
2
0
0
0
0
0
2
0
0
0
0
0
2
0
0
0
0
0
2
0
0
0
0
0
2
0
0
0
0
0
2
0
0
0
0
0
2
0
0
0
0
0
2
0
0
0
0
0
2
0
0
0
0
0
2
0
0
0
0
0
2
0
0
0
0
0
2
0
0
0
0
0
2
0
0
0
0
0
2
0
0
0
0
0
2
0
0
0
0
0
2
0
0
0
0
0
2
0
0
0
0
0
2
0
0
0
0
0
2
0
0
0
0
0
2
0
0
0
0
0
2
0
0
0
0
0
2
0
0
0
0
0
2
0
0
0
0
0
2
0
0
0
0
0
2
0
0
0
0
0
2
0
0
0
0
0
2
0
0
0
0
0
2
0
0
0
0
0
2
0
0
0
0
0
2
0
0
0
0
0
2
0
0
0
0
0
2
0
0
0
0
0
2
0
0
0
0
0
2
0
0
0
0
0
2
0
0
0
0
0
2
0
0
0
0
0
2
0
0
0
0
0
2
0
0
0
0
0
2
0
0
0
0
0
2
0
0
0
0
0
2
0
0
0
0
0
2
0
0
0
0
0
2
0
0
0
0
0
2
0
0
0
0
0
2
0
0
0
0
0
2
0
0
0
0
0
2
0
0
0
0
0
2
0
0
0
0
0
2
0
0
0
0
0
2
0
0
0
0
0
2
0
0
0
0
0
2
0
0
0
0
0
2
0
0
0
0
0
2
0
0
0
0
0
2
0
0
0
0
0
2
0
0
0
0
0
2
0
0
0
0
0
2
0
0
0
0
0
2
0
0
0
0
0
2
0
0
0
0
0
2
0
0
0
0
0
2
0
0
0
0
0
2
0
0
0
0
0
2
0
0
0
0
0
2
0
0
0
0
0
2
0
0
0
0
0
2
0
0
0
0
0
2
0
0
0
0
0
2
0
0
0
0
0
2
0
0
0
0
0
2
0
0
0
0
0
2
0
0
0
0
0
2
0
0
0
0
0
2
0
0
0
0
0
2
0
0
0
0
0
2
0
0
0
0
0
2
0
0
0
0
0
2
0
0
0
0
0
2
0
0
0
0
0
2
0
0
0
0
0
2
0
0
0
0
0
2
0
0
0
0
0
2
0
0
0
0
0
2
0
0
0
0
0
2
0
0
0
0
0
2
0
0
0
0
0
2
0
0
0
0
0
2
0
0
0
0
0
2
0
0
0
0
0
2
0
0
0
0
0
2
0
0
0
0
0
2
0
0
0
0
0
2
0
0
0
0
0
2
0
0
0
0
0
2
0
0
0
0
0
2
0
0
0
0
0
2
0
0
0
0
0
2
0
0
0
0
0
2
0
0
0
0
0
2
0
0
0
0
0
2
0
0
0
0
0
2
0
0
0
0
0
2
0
0
0
0
0
2
0
0
0
0
0
2
0
0
0
0
0
2
0
0
0
0
0
2
0
0
0
0
0
2
0
0
0
0
0
2
0
0
0
0
0
2
0
0
0
0
0
2
0
0
0
0
0
2
0
0
0
0
0
2
0
0
0
0
0
2
0
0
0
0
0
2
0
0
0
0
0
2
0
0
0
0
0
2
0
0
0
0
0
2
0
0
0
0
0
2
0
0
0
0
0
2
0
0
0
0
0
2
0
0
0
0
0
2
0
0
0
0
0
2
0
0
0
0
0
2
0
0
0
0
0
2
0
0
0
0
0
