1
409.3911,121.0150,74.2500,200.9700
409.0199,128.0739,74.9925,202.9797
400.2728,126.5515,76.1174,206.0244
400.0825,126.0365,76.4980,207.0545
400.2737,126.5541,76.1155,206.0192
391.3956,133.3162,77.2572,209.1095
390.8162,131.7478,78.4161,212.2462
390.8162,131.7478,78.4161,212.2462
390.8162,131.7478,78.4161,212.2462
399.2480,123.3160,78.4161,212.2462
399.4441,123.8466,78.0240,211.1850
400.0293,125.4305,76.8536,208.0172
400.6057,126.9906,75.7008,204.8969
408.4484,125.9662,76.4578,206.9459
408.6396,126.4835,76.0755,205.9111
408.2592,125.4540,76.8363,207.9703
416.5211,125.4540,76.8363,207.9703
415.9449,123.8942,77.9888,211.0898
415.3600,122.3110,79.1587,214.2562
415.1621,121.7754,79.5545,215.3275
423.4041,120.6987,80.3500,217.4807
424.0067,122.3298,79.1448,214.2185
424.0067,122.3298,79.1448,214.2185
424.4024,123.4009,78.3533,212.0763
416.6914,124.9915,77.1780,208.8952
416.3055,123.9470,77.9498,210.9841
416.1106,123.4196,78.3396,212.0390
406.9731,121.8293,79.5146,215.2196
406.9731,121.8293,79.5146,215.2196
397.9401,120.7532,80.3098,217.3718
397.3377,119.1229,81.5144,220.6324
387.8299,117.4682,82.7372,223.9419
379.4361,118.5879,81.9098,221.7025
371.1262,119.6964,81.0907,219.4855
362.6531,120.2451,80.6852,218.3880
354.7126,121.8830,79.4750,215.1122
346.8911,123.4963,78.2828,211.8855
338.2358,122.9666,78.6742,212.9449
330.2542,124.0313,77.8875,210.8155
321.8792,124.0313,77.8875,210.8155
313.7408,124.5584,77.4981,209.7614
297.0745,124.5584,77.4981,209.7614
288.5060,132.4088,77.8856,210.8102
279.4214,130.8277,79.0538,213.9724
270.2006,129.2229,80.2396,217.1820
262.0602,130.3088,79.4372,215.0101
254.2424,131.9214,78.2457,211.7850
246.5420,133.5098,77.0720,208.6082
245.9639,131.9452,78.2281,211.7374
236.8394,130.3572,79.4015,214.9134
236.2439,128.7453,80.5925,218.1371
235.8409,127.6547,81.3985,220.3185
227.8302,120.6858,80.1775,217.0137
228.4315,122.3134,78.9748,213.7585
228.0367,121.2446,79.7646,215.8961
236.1439,119.6254,80.9610,219.1345
236.7511,112.6940,79.7466,215.8475
237.1499,113.7732,78.9492,213.6890
245.1742,112.1706,80.1334,216.8944
244.7736,111.0861,80.9347,219.0633
252.9997,109.4431,82.1487,222.3493
253.6159,102.4100,80.9165,219.0140
262.1578,101.8625,81.3211,220.1091
262.1578,101.8625,81.3211,220.1091
270.4232,100.2117,82.5409,223.4107
269.8042,98.5361,83.7790,226.7619
270.4325,91.3635,82.5223,223.3605
279.1440,90.8051,82.9350,224.4773
278.9366,90.2439,83.3496,225.5997
287.8989,81.2815,83.3496,225.5997
288.1073,81.8455,82.9329,224.4716
288.3146,73.5338,82.5182,223.3493
288.5209,74.0922,82.1056,222.2325
297.0273,72.9810,82.9267,224.4549
297.4419,65.2756,82.0974,222.2103
297.2366,64.7201,82.5079,223.3214
306.5942,66.3950,81.2703,219.9716
305.9847,64.7452,82.4893,223.2711
305.9847,64.7452,82.4893,223.2711
315.3401,57.6829,81.2520,219.9221
315.9495,59.3324,80.0332,216.6232
316.5497,60.9570,78.8327,213.3739
325.4905,62.5573,77.6502,210.1733
325.2964,62.0319,78.0385,211.2241
333.9939,63.0880,77.2581,209.1119
333.6076,62.0425,78.0307,211.2030
342.4573,63.6265,76.8602,208.0350
341.8809,62.0662,78.0131,211.1555
350.4225,62.5941,77.6230,210.0997
349.8403,61.0184,78.7874,213.2512
350.2343,53.6976,77.9995,211.1187
358.6213,53.6976,77.9995,211.1187
358.6213,53.6976,77.9995,211.1187
367.0084,53.6976,77.9995,211.1187
367.3983,46.4500,77.2195,209.0075
375.8531,46.9725,76.8334,207.9625
376.4293,48.5322,75.6809,204.8430
384.4185,48.0201,76.0593,205.8672
384.6087,48.5348,75.6790,204.8379
392.5977,48.0227,76.0574,205.8621
392.7878,48.5374,75.6771,204.8328
392.7878,48.5374,75.6771,204.8328
400.4796,47.0011,76.8123,207.9053
401.0558,48.5604,75.6601,204.7867
401.6232,50.0963,74.5252,201.7149
409.6367,50.0963,74.5252,201.7149
409.6367,50.0963,74.5252,201.7149
409.8230,50.6006,74.1526,200.7063
417.6508,50.0988,74.5234,201.7099
417.6508,50.0988,74.5234,201.7099
417.6508,50.0988,74.5234,201.7099
425.9566,51.1074,73.7781,199.6928
425.9566,51.1074,73.7781,199.6928
425.5877,50.1089,74.5159,201.6897
425.4014,49.6047,74.8885,202.6982
433.4539,49.6047,74.8885,202.6982
433.6412,50.1114,74.5140,201.6846
434.0137,51.1199,73.7689,199.6678
441.9459,51.1199,73.7689,199.6678
441.9459,51.1199,73.7689,199.6678
442.1303,51.6190,73.4000,198.6695
450.3109,52.6124,72.6660,196.6828
450.8558,54.0875,71.5761,193.7325
458.8331,55.0562,70.8603,191.7952
458.4788,61.7928,71.5689,193.7132
457.9420,60.3399,72.6424,196.6189
465.6105,59.8484,73.0056,197.6019
465.7930,60.3424,72.6406,196.6139
465.6114,59.8508,73.0038,197.5970
473.4613,59.8508,73.0038,197.5970
473.4613,59.8508,73.0038,197.5970
473.8263,60.8388,72.2738,195.6210
481.1722,59.3717,73.3579,198.5554
481.5390,60.3644,72.6243,196.5698
480.9943,58.8902,73.7137,199.5184
488.6312,57.8926,74.4508,201.5135
488.8173,58.3964,74.0786,200.5060
489.0025,58.8976,73.7082,199.5034
497.3621,60.3939,72.6025,196.5109
496.8175,58.9201,73.6916,199.4585
497.3702,60.4160,72.5862,196.4667
504.7479,66.8645,73.6750,199.4137
504.1953,65.3689,74.7801,202.4049
503.6345,63.8509,75.9018,205.4409
504.2037,65.3917,74.7633,202.3593
503.6430,72.0337,75.8848,205.3947
503.4533,71.5202,76.2642,206.4217
503.4533,71.5202,76.2642,206.4217
502.8813,78.2955,77.4081,209.5180
502.3008,76.7241,78.5693,212.6608
493.8524,76.7241,78.5693,212.6608
493.8524,76.7241,78.5693,212.6608
484.9268,75.6608,79.3549,214.7874
484.3316,82.7107,80.5453,218.0092
474.9369,81.0756,81.7535,221.2793
465.6495,79.9692,82.5710,223.4921
457.5233,81.6454,81.3324,220.1398
457.3200,89.8842,81.7391,221.2405
448.7792,90.4373,81.3304,220.1343
440.7751,92.0883,80.1104,216.8322
441.3759,93.7145,78.9088,213.5798
433.3705,94.7824,78.1197,211.4440
433.1752,102.6958,78.5103,212.5012
424.9717,103.2271,78.1177,211.4387
425.3623,104.2842,77.3366,209.3243
424.7823,111.1548,78.4966,212.4642
416.1034,110.6236,78.8891,213.5265
416.4978,111.6913,78.1002,211.3912
417.0836,113.2767,76.9287,208.2203
417.0836,113.2767,76.9287,208.2203
417.6605,114.8384,75.7748,205.0970
417.6605,114.8384,75.7748,205.0970
417.0922,113.3001,76.9114,208.1735
416.5154,111.7388,78.0651,211.2961
416.1251,110.6824,78.8457,213.4091
415.9279,110.1488,79.2399,214.4761
415.3336,108.5403,80.4285,217.6932
414.7304,106.9076,81.6350,220.9586
423.5084,106.9076,81.6350,220.9586
423.5084,106.9076,81.6350,220.9586
422.8961,105.2504,82.8595,224.2730
422.6890,104.6897,83.2738,225.3944
423.1053,105.8167,82.4410,223.1404
422.8992,105.2588,82.8533,224.2561
423.5206,106.9407,81.6105,220.8923
432.4561,107.4930,81.2024,219.7878
432.2531,106.9435,81.6084,220.8868
431.6411,105.2868,82.8325,224.2001
431.4340,104.7263,83.2467,225.3211
432.0583,106.4163,81.9980,221.9413
431.4433,104.7517,83.2280,225.2704
430.8191,103.0622,84.4764,228.6494
431.4527,95.8298,83.2093,225.2197
432.0768,97.5190,81.9611,221.8414
432.2816,98.0736,81.5513,220.7322
432.4855,98.6254,81.1435,219.6285
432.2827,98.0763,81.5493,220.7267
432.2827,98.0763,81.5493,220.7267
432.4865,98.6281,81.1415,219.6230
441.0522,98.0791,81.5472,220.7212
441.2561,98.6309,81.1395,219.6176
440.8504,97.5328,81.9509,221.8137
441.4650,99.1964,80.7216,218.4865
441.2632,98.6502,81.1252,219.5789
441.4660,99.1991,80.7196,218.4811
442.0714,100.8377,79.5088,215.2038
451.0888,102.4518,78.3162,211.9758
450.6973,101.3919,79.0993,214.0956
451.2905,102.9976,77.9128,210.8841
451.4853,103.5248,77.5233,209.8297
451.2915,103.0002,77.9109,210.8788
451.6810,104.0546,77.1318,208.7701
451.2954,103.0108,77.9031,210.8578
459.2134,101.4293,79.0717,214.0206
458.6204,99.8242,80.2577,217.2309
458.2191,98.7380,81.0603,219.4032
458.2191,98.7380,81.0603,219.4032
458.4218,99.2865,80.6550,218.3062
459.0267,100.9238,79.4452,215.0316
458.4308,99.3111,80.6369,218.2571
458.2292,98.7655,81.0400,219.3484
458.4318,99.3138,80.6348,218.2516
466.6275,106.4774,81.8444,221.5254
466.2183,105.3698,82.6628,223.7407
466.4250,105.9291,82.2495,222.6220
465.8081,104.2595,83.4832,225.9613
466.4342,105.9542,82.2310,222.5719
465.8175,113.2596,83.4645,225.9105
465.4002,112.1300,84.2991,228.1696
464.7679,110.4187,85.5636,231.5921
464.5540,109.8398,85.9914,232.7501
464.9840,111.0035,85.1315,230.4226
464.9840,111.0035,85.1315,230.4226
465.1968,111.5796,84.7058,229.2704
465.1968,111.5796,84.7058,229.2704
465.1968,111.5796,84.7058,229.2704
465.6203,112.7259,83.8588,226.9778
466.0396,113.8608,83.0202,224.7080
466.6623,115.5461,81.7749,221.3374
467.2756,117.2061,80.5483,218.0173
467.2756,125.8672,80.5483,218.0173
467.0742,125.3222,80.9510,219.1074
466.4671,123.6789,82.1653,222.3940
466.8779,124.7909,81.3436,220.1700
467.4880,126.4421,80.1235,216.8675
475.6317,133.5603,81.3253,220.1205
475.0218,131.9094,82.5452,223.4223
475.6409,133.5851,81.3070,220.0710
476.2507,135.2356,80.0874,216.7699
475.8503,134.1517,80.8883,218.9376
475.6480,133.6044,81.2927,220.0323
475.0383,131.9542,82.5121,223.3328
475.2446,132.5125,82.0996,222.2161
475.0394,131.9570,82.5101,223.3272
475.2456,132.5153,82.0975,222.2106
475.8614,134.1819,80.8660,218.8774
476.2657,135.2762,80.0574,216.6886
476.8661,136.9014,78.8565,213.4383
476.2747,143.9070,80.0394,216.6399
484.4099,142.2822,81.2400,219.8895
484.2068,141.7325,81.6462,220.9889
484.8191,143.3899,80.4215,217.6741
484.8191,143.3899,80.4215,217.6741
484.2160,150.5345,81.6278,220.9392
484.2160,150.5345,81.6278,220.9392
484.8282,152.1916,80.4034,217.6251
484.2252,159.3346,81.6094,220.8895
484.2252,159.3346,81.6094,220.8895
484.4292,159.8868,81.2014,219.7850
483.8202,158.2384,82.4194,223.0818
483.2020,156.5653,83.6557,226.4281
483.2020,156.5653,83.6557,226.4281
483.4112,157.1314,83.2374,225.2959
483.2031,156.5681,83.6536,226.4224
483.8305,158.2663,82.3988,223.0261
483.8305,158.2663,82.3988,223.0261
484.0365,158.8239,81.9868,221.9109
484.6514,160.4882,80.7570,218.5823
484.8532,161.0347,80.3532,217.4893
484.4515,168.6737,81.1567,219.6642
484.0457,167.5754,81.9683,221.8609
484.0457,167.5754,81.9683,221.8609
484.6605,169.2394,80.7388,218.5330
484.8623,169.7857,80.3351,217.4403
485.2640,170.8729,79.5317,215.2659
485.8605,172.4874,78.3388,212.0369
485.2729,179.4470,79.5138,215.2175
493.6668,178.9090,79.9114,216.2936
493.0674,177.2868,81.1101,219.5380
493.0674,177.2868,81.1101,219.5380
492.4591,175.6402,82.3267,222.8310
491.8417,173.9690,83.5616,226.1735
491.2150,172.2727,84.8151,229.5661
499.8355,170.5509,86.0873,233.0096
499.4051,169.3859,86.9482,235.3397
499.4051,169.3859,86.9482,235.3397
499.4051,169.3859,86.9482,235.3397
500.0572,161.9419,85.6439,231.8096
500.6996,163.6805,84.3593,228.3324
510.2671,165.3930,83.0939,224.9075
510.6825,166.5175,82.2629,222.6584
510.2712,174.3382,83.0856,224.8850
509.6481,172.6515,84.3319,228.2582
510.0697,173.7928,83.4885,225.9757
510.4872,174.9227,82.6537,223.7159
518.8881,173.2448,83.8935,227.0716
519.5173,174.9479,82.6351,223.6656
519.1041,173.8295,83.4614,225.9022
519.3127,174.3943,83.0441,224.7727
519.7280,175.5181,82.2137,222.5250
519.3169,174.4055,83.0358,224.7502
519.1093,173.8436,83.4510,225.8740
518.9007,173.2790,83.8682,227.0034
518.2717,171.5764,85.1263,230.4084
527.4250,171.5764,85.1263,230.4084
527.4250,171.5764,85.1263,230.4084
527.6379,172.1525,84.7006,229.2564
528.2731,173.8719,83.4301,225.8175
528.2731,173.8719,83.4301,225.8175
528.8989,175.5655,82.1787,222.4303
537.5740,175.0094,82.5896,223.5424
537.5740,175.0094,82.5896,223.5424
537.5740,175.0094,82.5896,223.5424
537.7805,175.5683,82.1766,222.4247
546.1329,182.8689,83.4093,225.7611
545.5073,181.1756,84.6604,229.1475
545.7189,181.7485,84.2371,228.0017
545.0872,180.0385,85.5007,231.4218
544.8734,179.4599,85.9282,232.5789
545.0883,180.0414,85.4985,231.4160
544.4470,178.3058,86.7810,234.8872
544.2300,177.7186,87.2149,236.0617
544.0120,177.1284,87.6510,237.2420
544.0120,177.1284,87.6510,237.2420
544.0120,177.1284,87.6510,237.2420
544.2311,177.7215,87.2127,236.0558
544.8853,179.4919,85.9045,232.5149
545.3148,180.6545,85.0455,230.1898
545.9526,182.3809,83.7698,226.7369
545.7432,190.8666,84.1887,227.8706
536.1792,189.7273,85.0305,230.1493
536.3917,190.3026,84.6054,228.9986
536.1802,198.8730,85.0284,230.1436
526.5208,197.7223,85.8787,232.4450
525.8767,195.9789,87.1669,235.9317
515.7096,203.7228,88.4744,239.4707
505.3900,201.9268,89.8015,243.0627
494.9156,200.1038,91.1485,246.7086
485.3915,200.7206,90.6928,245.4751
484.7113,198.8795,92.0532,249.1572
474.2539,197.6337,92.9737,251.6488
463.4095,205.8935,94.3683,255.4235
452.9756,205.2549,94.8401,256.7007
443.0659,205.8967,94.3659,255.4172
443.7736,207.8123,92.9505,251.5859
434.3437,209.0703,92.0210,249.0700
433.8835,217.8186,92.9412,251.5607
423.0429,215.9319,94.3353,255.3342
423.7504,217.8469,92.9202,251.5041
414.6058,219.7332,91.5264,247.7316
414.3770,229.0046,91.9841,248.9702
413.9171,227.7597,92.9039,251.4599
413.4525,226.5024,93.8330,253.9745
413.4525,226.5024,93.8330,253.9745
413.4525,226.5024,93.8330,253.9745
412.7488,224.5976,95.2404,257.7841
412.0345,222.6642,96.6691,261.6509
411.3094,220.7019,98.1191,265.5757
411.5547,221.3658,97.6285,264.2478
411.3107,220.7052,98.1166,265.5690
421.6683,220.0413,98.6072,266.8969
420.9288,218.0395,100.0863,270.9003
420.4283,216.6850,101.0872,273.6093
420.1756,216.0010,101.5926,274.9774
430.9002,215.3136,102.1006,276.3523
430.3897,213.9318,103.1216,279.1158
430.6475,214.6296,102.6060,277.7202
442.2845,205.8451,101.0669,273.5544
443.0424,207.8967,99.5509,269.4511
443.2913,208.5704,99.0531,268.1039
444.0342,210.5811,97.5673,264.0823
454.7168,211.2413,97.0795,262.7619
454.4741,210.5844,97.5649,264.0757
454.4741,210.5844,97.5649,264.0757
454.7180,200.8062,97.0771,262.7553
465.1564,200.8062,97.0771,262.7553
465.8845,192.4951,95.6209,258.8140
466.6016,194.4362,94.1866,254.9318
466.6016,194.4362,94.1866,254.9318
477.0989,185.6845,93.2447,252.3824
476.8658,185.0536,93.7110,253.6444
476.8658,185.0536,93.7110,253.6444
486.9422,185.0536,93.7110,253.6444
487.1765,175.6616,93.2424,252.3761
497.7515,177.5544,91.8438,248.5905
498.4403,179.4189,90.4661,244.8616
498.6665,180.0310,90.0138,243.6373
498.6665,180.0310,90.0138,243.6373
498.8915,180.6401,89.5637,242.4191
498.6676,180.0341,90.0115,243.6312
498.8926,180.6431,89.5615,242.4131
499.5644,172.9754,88.2181,238.7769
500.2260,174.7663,86.8948,235.1952
500.0088,174.1783,87.3293,236.3712
500.6637,166.7017,86.0193,232.8256
491.1530,166.1196,86.4494,233.9898
490.5047,164.3647,87.7462,237.4996
490.0659,163.1772,88.6236,239.8746
481.3441,155.5898,87.2943,236.2765
480.9077,154.4084,88.1672,238.6393
471.4273,154.4084,88.1672,238.6393
470.9865,153.2152,89.0489,241.0257
470.9865,153.2152,89.0489,241.0257
462.2228,155.0229,87.7132,237.4103
462.6614,146.8727,86.8360,235.0362
463.3127,148.6355,85.5335,231.5106
462.6711,146.8992,86.8165,234.9833
453.8635,148.0741,85.9483,232.6335
453.6486,147.4925,86.3781,233.7966
453.4327,146.9080,86.8100,234.9656
452.9986,145.7332,87.6780,237.3152
452.3410,143.9533,88.9932,240.8750
461.9102,134.3841,88.9932,240.8750
461.2427,132.5776,90.3281,244.4881
460.5653,130.7439,91.6830,248.1554
470.2438,130.1235,92.1415,249.3962
470.9348,122.2349,90.7593,245.6553
471.3886,123.4632,89.8517,243.1987
481.0501,113.8017,89.8517,243.1987
481.4994,115.0177,88.9532,240.7667
481.2770,114.4158,89.3980,241.9706
490.7142,113.8109,89.8450,243.1804
490.7142,113.8109,89.8450,243.1804
491.1635,105.4626,88.9465,240.7486
491.3858,106.0645,88.5018,239.5449
501.4232,107.8611,87.1743,235.9517
501.6411,108.4510,86.7384,234.7719
501.6411,108.4510,86.7384,234.7719
511.3082,109.6248,85.8710,232.4242
510.8789,108.4627,86.7297,234.7485
520.7152,110.2233,85.4288,231.2272
520.7152,101.0374,85.4288,231.2272
530.0688,101.6155,85.0016,230.0711
529.6437,100.4652,85.8517,232.3718
539.2121,92.4880,84.9931,230.0481
538.5746,90.7626,86.2680,233.4988
538.3589,90.1789,86.6994,234.6663
538.1422,89.5922,87.1329,235.8396
537.7065,88.4130,88.0042,238.1980
538.3666,80.8786,86.6841,234.6251
539.0167,82.6383,85.3839,231.1057
529.8356,82.6383,85.3839,231.1057
529.1953,80.9050,86.6646,234.5723
519.3500,79.7321,87.5313,236.9180
519.1312,79.1398,87.9689,238.1026
508.8705,77.3541,89.2885,241.6741
508.2008,75.5415,90.6278,245.2992
497.6300,73.7018,91.9872,248.9787
487.4595,73.0793,92.4471,250.2236
476.9573,71.8282,93.3716,252.7258
466.3501,70.5646,94.3053,255.2531
456.2097,70.5646,94.3053,255.2531
446.9287,62.4907,92.8908,251.4243
436.3762,61.2336,93.8197,253.9386
426.8580,62.5033,92.8815,251.3992
416.0243,60.6178,94.2747,255.1702
405.8873,60.6178,94.2747,255.1702
396.6093,62.5316,92.8606,251.3426
386.6243,62.5316,92.8606,251.3426
377.4855,64.4167,91.4677,247.5725
367.6503,64.4167,91.4677,247.5725
366.9643,62.5599,92.8397,251.2861
357.5456,63.8163,91.9113,248.7732
347.6626,63.8163,91.9113,248.7732
347.6626,63.8163,91.9113,248.7732
347.8924,64.4382,91.4517,247.5293
337.5033,73.1324,92.3662,250.0046
336.8105,71.2574,93.7517,253.7547
336.5762,70.6230,94.2205,255.0235
336.8117,71.2606,93.7494,253.7483
336.1086,69.3575,95.1556,257.5546
336.8223,61.2108,93.7283,253.6913
346.9006,61.2108,93.7283,253.6913
346.4319,59.9423,94.6656,256.2281
347.1419,51.8377,93.2456,252.3847
357.7173,53.7305,91.8469,248.5990
357.9469,54.3520,91.3877,247.3560
358.1754,54.9704,90.9307,246.1192
357.7207,53.7398,91.8400,248.5804
367.0553,51.8755,93.2176,252.3091
367.0553,51.8755,93.2176,252.3091
366.5892,50.6139,94.1498,254.8322
376.7129,50.6139,94.1498,254.8322
376.0067,48.7027,95.5621,258.6547
376.2456,49.3493,95.0843,257.3614
386.2832,48.7059,95.5597,258.6482
386.5221,49.3525,95.0819,257.3549
386.7598,49.9959,94.6065,256.0682
387.2328,51.2763,93.6604,253.5075
397.8552,43.2576,92.2555,249.7049
398.5471,45.1304,90.8717,245.9593
398.5471,45.1304,90.8717,245.9593
408.8532,46.9751,89.5086,242.2699
408.8532,46.9751,89.5086,242.2699
408.1819,45.1581,90.8512,245.9040
407.9548,34.7255,91.3055,247.1335
418.3101,36.5790,89.9359,243.4265
417.6356,34.7533,91.2849,247.0779
418.3202,36.6064,89.9157,243.3717
418.0954,35.9980,90.3652,244.5886
428.3441,37.8324,89.0098,240.9198
428.1216,37.2301,89.4548,242.1243
428.1216,37.2301,89.4548,242.1243
438.2670,39.0460,88.1130,238.4925
438.2670,39.0460,88.1130,238.4925
437.8264,37.8536,88.9941,240.8774
438.2714,39.0580,88.1042,238.4686
448.0908,40.2503,87.2231,236.0840
448.7449,42.0209,85.9148,232.5427
449.1745,43.1836,85.0556,230.2173
457.9865,51.2698,85.9062,232.5194
457.3422,49.5259,87.1948,236.0072
467.2313,51.2959,85.8869,232.4671
467.2313,51.2959,85.8869,232.4671
467.2313,51.2959,85.8869,232.4671
475.9608,49.5524,87.1752,235.9541
475.9608,49.5524,87.1752,235.9541
485.1634,48.9626,87.6110,237.1339
484.7253,47.7769,88.4872,239.5052
494.5874,48.9744,87.6023,237.1102
495.2444,50.7527,86.2882,233.5535
495.8916,52.5044,84.9939,230.0502
505.1975,53.0795,84.5690,228.9000
505.4089,53.6518,84.1461,227.7555
505.4089,53.6518,84.1461,227.7555
514.9523,55.3599,82.8839,224.3391
514.3306,62.7233,84.1272,227.7042
523.8718,64.4311,82.8653,224.2887
524.2861,65.5526,82.0366,222.0458
524.9014,67.2179,80.8061,218.7151
533.2731,74.9000,81.6141,220.9022
533.6812,76.0045,80.7980,218.6932
534.2872,77.6447,79.5860,215.4128
543.3134,79.2603,78.3922,212.1816
542.9214,86.7130,79.1761,214.3035
543.3173,87.7845,78.3844,212.1604
551.5919,87.2541,78.7763,213.2212
551.7888,87.7872,78.3824,212.1551
560.3708,88.3176,77.9905,211.0943
560.5658,88.8453,77.6006,210.0389
560.7598,89.3704,77.2126,208.9887
568.6077,96.2299,78.3708,212.1235
569.1954,97.8209,77.1952,208.9417
577.9505,99.3879,76.0373,205.8075
578.5208,100.9315,74.8967,202.7204
577.9590,107.5853,76.0201,205.7612
586.1332,107.5853,76.0201,205.7612
586.7034,109.1285,74.8799,202.6748
586.1418,115.7808,76.0031,205.7149
586.7118,117.3237,74.8630,202.6292
586.3375,124.4408,75.6116,204.6555
586.7156,125.4641,74.8555,202.6089
586.1541,132.1142,75.9783,205.6481
586.1541,132.1142,75.9783,205.6481
586.1541,132.1142,75.9783,205.6481
578.6768,133.6566,74.8387,202.5633
578.3026,140.7714,75.5871,204.5890
570.8638,142.3058,74.4533,201.5201
562.1796,140.7944,75.5701,204.5429
562.7463,142.3285,74.4365,201.4748
554.7424,142.3285,74.4365,201.4748
547.4168,143.8396,73.3200,198.4527
539.0875,150.8100,74.0532,200.4372
522.6326,149.8078,74.7937,202.4416
514.8174,150.3139,74.4197,201.4294
506.3632,157.3889,75.1639,203.4437
490.7364,158.4061,74.4123,201.4092
482.9611,158.9097,74.0402,200.4022
474.5500,165.9486,74.7806,202.4062
459.0029,166.9606,74.0328,200.3821
451.0424,174.9211,74.0328,200.3821
442.6320,181.9593,74.7731,202.3860
435.0462,182.9713,74.0254,200.3621
426.6367,190.0088,74.7657,202.3657
418.8246,190.5147,74.3918,201.3539
410.5995,198.0504,74.7638,202.3607
401.8790,196.5327,75.8852,205.3961
393.0278,203.2743,77.0235,208.4770
384.7457,203.2743,77.0235,208.4770
377.1655,204.8379,75.8682,205.3499
377.3552,205.3513,75.4888,204.3231
376.7890,212.0577,76.6212,207.3880
368.5502,212.0577,76.6212,207.3880
368.5502,212.0577,76.6212,207.3880
368.5502,212.0577,76.6212,207.3880
367.9755,210.5023,77.7705,210.4988
368.5588,212.0810,76.6039,207.3413
367.9843,218.8865,77.7530,210.4514
367.4011,217.3081,78.9193,213.6082
375.8871,217.3081,78.9193,213.6082
376.4789,218.9102,77.7355,210.4041
377.0620,220.4882,76.5695,207.2480
377.0620,228.7215,76.5695,207.2480
385.2952,228.7215,76.5695,207.2480
385.8695,230.2758,75.4209,204.1393
386.2466,231.2966,74.6667,202.0979
393.9822,230.2861,75.4134,204.1189
394.3593,231.3067,74.6592,202.0777
394.3593,231.3067,74.6592,202.0777
394.3593,231.3067,74.6592,202.0777
402.3872,231.3067,74.6592,202.0777
401.8272,229.7911,75.7791,205.1088
402.0167,230.3038,75.4002,204.0833
409.6804,228.7732,76.5312,207.1445
409.1064,227.2196,77.6792,210.2517
409.4948,228.2709,76.9024,208.1492
417.7639,228.2709,76.9024,208.1492
417.7639,228.2709,76.9024,208.1492
417.5716,227.7505,77.2869,209.1899
425.7303,227.2275,77.6734,210.2359
426.3129,228.8043,76.5083,207.0824
434.9900,230.3574,75.3606,203.9761
435.5552,231.8873,74.2302,200.9165
436.1119,233.3941,73.1168,197.9027
444.2609,234.3836,72.3856,195.9237
444.8038,235.8531,71.2998,192.9848
444.2690,242.1873,72.3693,195.8796
451.7667,241.2079,73.0930,197.8384
451.7667,241.2079,73.0930,197.8384
451.5840,240.7133,73.4585,198.8276
459.6269,241.2104,73.0912,197.8335
459.0787,239.7267,74.1876,200.8010
466.6191,238.2206,75.3004,203.8130
466.8073,238.7302,74.9239,202.7939
466.2454,237.2092,76.0477,205.8358
474.8703,238.7530,74.9070,202.7483
475.2448,239.7667,74.1579,200.7208
475.8010,241.2721,73.0456,197.7100
483.6554,241.2721,73.0456,197.7100
483.6554,241.2721,73.0456,197.7100
484.2032,242.7550,71.9499,194.7444
491.5162,249.1470,73.0291,197.6655
492.0639,250.6295,71.9337,194.7005
500.0810,251.6030,71.2144,192.7535
499.5469,257.9296,72.2826,195.6448
507.0355,256.9514,73.0054,197.6013
507.0355,256.9514,73.0054,197.6013
514.5991,263.8919,73.7355,199.5773
514.0460,262.3951,74.8415,202.5710
522.0935,262.3951,74.8415,202.5710
530.1410,262.3951,74.8415,202.5710
530.5152,263.4080,74.0931,200.5452
538.4822,263.4080,74.0931,200.5452
546.8854,264.9121,72.9817,197.5371
546.5204,271.8503,73.7115,199.5124
554.0125,270.3540,74.8172,202.5051
554.5736,271.8728,73.6949,199.4675
562.4978,271.8728,73.6949,199.4675
570.4220,279.7970,73.6949,199.4675
570.9747,281.2930,72.5895,196.4755
579.2073,282.7665,71.5006,193.5284
579.3861,290.9002,71.1431,192.5608
587.3151,291.8630,70.4317,190.6351
587.3151,299.4363,70.4317,190.6351
595.1649,300.3894,69.7274,188.7288
602.9361,308.7557,69.0301,186.8415
603.2812,309.6899,68.3398,184.9731
610.2273,315.7612,69.3649,187.7477
610.2273,315.7612,69.3649,187.7477
617.4136,322.3556,70.0586,189.6252
617.2385,321.8816,70.4089,190.5733
625.0856,322.8344,69.7048,188.6676
632.9911,324.2495,68.6592,185.8375
632.4762,330.3491,69.6891,188.6251
639.9697,330.3491,69.6891,188.6251
640.4923,331.7638,68.6437,185.7957
647.6039,338.2897,69.3302,187.6537
647.6039,338.2897,69.3302,187.6537
654.7867,344.8808,70.0235,189.5302
655.3119,346.3023,68.9731,186.6873
662.5930,353.2891,69.3180,187.6207
662.9396,354.2272,68.6248,185.7445
670.5880,362.4612,67.9386,183.8871
671.0975,363.8403,66.9195,181.1288
678.0305,370.2023,67.5887,182.9400
685.6960,371.5743,66.5749,180.1959
685.5295,378.3182,66.9077,181.0969
692.9865,379.2237,66.2386,179.2859
699.8490,385.5209,66.9010,181.0788
699.3472,384.1628,67.9046,183.7950
699.6868,385.0818,67.2255,181.9570
707.0472,392.7291,66.8894,181.0473
707.0472,392.7291,66.8894,181.0473
707.0472,392.7291,66.8894,181.0473
707.3817,393.6343,66.2205,179.2368
707.0506,399.9298,66.8827,181.0291
700.4684,401.2876,65.8794,178.3137
700.9625,402.6249,64.8913,175.6390
694.5763,403.9422,63.9179,173.0044
694.0969,409.6207,64.8767,175.5995
687.3180,410.0597,64.5523,174.7215
680.9651,411.3701,63.5840,172.1007
673.5487,417.0189,64.5378,174.6822
667.0012,417.8923,63.8924,172.9354
660.7133,419.1893,62.9340,170.3413
653.5639,425.1724,63.5633,172.0447
646.1499,423.8820,64.5168,174.6254
632.2753,423.8820,64.5168,174.6254
624.9461,423.0089,65.1619,176.3717
617.3456,421.6861,66.1394,179.0172
610.2338,421.6861,66.1394,179.0172
602.7203,420.7910,66.8008,180.8074
595.3345,420.3390,67.1348,181.7115
580.6569,419.8847,67.4704,182.6200
573.4020,419.8847,67.4704,182.6200
566.5570,420.7978,66.7957,180.7938
559.7805,421.7018,66.1278,178.9859
553.2726,423.0442,65.1359,176.3011
546.6644,423.9257,64.4845,174.5381
539.7306,430.8595,64.4845,174.5381
539.2469,429.5505,65.4518,177.1561
532.0103,429.1076,65.7790,178.0419
532.1747,429.5527,65.4501,177.1517
524.9383,429.1098,65.7774,178.0375
525.4316,430.4451,64.7907,175.3669
525.1077,429.5682,65.4386,177.1206
524.6169,428.2398,66.4202,179.7774
524.2848,427.3410,67.0844,181.5752
524.6202,421.1076,66.4136,179.7594
524.1221,419.7594,67.4098,182.4558
531.6350,413.4958,66.7357,180.6312
531.4682,413.0442,67.0694,181.5344
531.1329,412.1365,67.7401,183.3497
531.4716,405.8423,67.0627,181.5163
538.9458,406.7498,66.3920,179.7011
539.1118,400.0959,66.0601,178.8026
546.6039,401.4369,65.0692,176.1205
547.0919,395.8661,64.0931,173.4787
547.5726,397.1671,63.1317,170.8766
554.7327,391.7622,62.1848,168.3134
555.1990,393.0245,61.2520,165.7887
561.5449,392.1956,61.8645,167.4466
561.8542,386.4472,61.2459,165.7721
561.3948,385.2039,62.1645,168.2587
561.2394,384.7833,62.4754,169.1000
568.0798,378.5219,62.1630,168.2545
567.7690,377.6806,62.7846,169.9370
567.2981,369.5538,63.7264,172.4861
566.8202,368.2601,64.6823,175.0734
574.0291,362.2499,64.0355,173.3227
574.1892,355.8322,63.7153,172.4560
574.0299,355.4010,64.0339,173.3183
574.5102,349.9188,63.0734,170.7186
574.3525,349.4920,63.3887,171.5721
574.3525,342.6760,63.3887,171.5721
581.2928,343.1049,63.0718,170.7143
581.6082,337.2444,62.4411,169.0071
581.2960,336.3994,63.0655,170.6972
581.6113,330.5395,62.4348,168.9902
582.0796,331.8069,61.4983,166.4554
588.4510,330.9746,62.1133,168.1199
588.7615,325.2032,61.4921,166.4387
588.6078,324.7870,61.7996,167.2709
588.9168,319.0447,61.1816,165.5982
588.6109,318.2168,61.7934,167.2542
588.6109,311.5723,61.7934,167.2542
589.0743,306.2819,60.8665,164.7454
588.7700,305.4582,61.4752,166.3928
588.7700,298.8480,61.4752,166.3928
588.3090,297.6000,62.3973,168.8887
588.7769,292.2579,61.4614,166.3554
589.0842,293.0897,60.8467,164.6918
589.5406,287.8804,59.9340,162.2215
583.6422,289.0970,59.0350,159.7881
583.6422,289.0970,59.0350,159.7881
584.0850,284.0428,58.1495,157.3913
584.2303,284.4363,57.8588,156.6044
578.5363,285.6108,56.9909,154.2553
578.1088,284.4539,57.8457,156.5691
572.2403,285.2368,57.2673,155.0034
572.5266,279.9156,56.6946,153.4534
566.4304,279.9156,56.6946,153.4534
566.7139,280.6828,56.1277,151.9189
566.2930,279.5435,56.9696,154.1977
560.6863,274.6660,56.1150,151.8847
560.5461,274.2863,56.3956,152.6441
560.2641,273.5231,56.9596,154.1706
554.6584,268.6466,56.1052,151.8580
554.9390,269.4059,55.5441,150.3394
555.3556,270.5334,54.7110,148.0843
555.6292,271.2739,54.1638,146.6035
556.0353,272.3734,53.3514,144.4044
556.4355,267.8058,52.5511,142.2384
556.6982,268.5169,52.0256,140.8160
556.9584,269.2210,51.5054,139.4078
562.7998,270.2666,50.7328,137.3167
563.0535,270.9532,50.2254,135.9435
562.6768,269.9336,50.9788,137.9827
567.9583,274.7801,51.4886,139.3625
567.5721,273.7349,52.2609,141.4530
567.3108,273.0276,52.7836,142.8675
572.6757,271.9561,53.5753,145.0105
572.8097,266.5866,53.3074,144.2854
578.8555,267.6688,52.5078,142.1212
579.1180,268.3794,51.9827,140.7000
579.3779,269.0829,51.4629,139.2930
585.2145,270.1276,50.6910,137.2036
585.5947,271.1566,49.9306,135.1455
591.0616,271.4945,49.6810,134.4698
591.4342,272.5030,48.9357,132.4527
591.4342,272.5030,48.9357,132.4527
596.8882,273.1653,48.4464,131.1282
597.1304,273.8209,47.9619,129.8169
597.4901,274.7945,47.2425,127.8697
602.7554,275.4339,46.7701,126.5910
602.5215,279.8802,47.2378,127.8569
602.4034,279.5606,47.4740,128.4962
602.4034,279.5606,47.4740,128.4962
602.6408,280.2031,46.9992,127.2112
607.6945,280.2031,46.9992,127.2112
608.0469,281.1572,46.2942,125.3030
608.0469,281.1572,46.2942,125.3030
608.2784,281.7837,45.8313,124.0500
608.0493,281.1635,46.2896,125.2905
608.1650,281.4767,46.0581,124.6641
613.1175,286.4292,46.0581,124.6641
613.1175,286.4292,46.0581,124.6641
613.4629,287.3641,45.3673,122.7941
608.5847,287.3641,45.3673,122.7941
608.8115,287.9781,44.9136,121.5662
608.8115,292.8075,44.9136,121.5662
603.5728,291.8958,45.5873,123.3896
603.6868,292.2043,45.3594,122.7727
599.2228,293.1251,44.6790,120.9311
594.0115,297.0943,45.3492,122.7451
593.6713,296.1737,46.0294,124.5863
589.1414,297.1081,45.3390,122.7175
589.1414,297.1081,45.3390,122.7175
583.9908,301.4185,45.7924,123.9446
583.6473,300.4889,46.4792,125.8038
583.2988,299.5453,47.1764,127.6909
583.5347,300.1838,46.7047,126.4139
578.9382,301.1319,46.0041,124.5177
578.5932,300.1980,46.6942,126.3855
578.9434,301.1459,45.9937,124.4897
579.2884,302.0796,45.3038,122.6224
584.4265,302.9992,44.6243,120.7830
584.5380,308.0755,44.4012,120.1791
584.7601,308.6764,43.9571,118.9773
584.9799,309.2713,43.5176,117.7876
589.6591,313.9506,43.5176,117.7876
589.8767,314.5396,43.0824,116.6097
589.8767,314.5396,43.0824,116.6097
589.5536,318.3670,43.7286,118.3588
594.3414,318.6629,43.5100,117.7670
594.1239,318.0740,43.9451,118.9447
593.9042,322.2519,44.3845,120.1342
593.7932,321.9515,44.6065,120.7348
598.8522,322.8570,43.9374,118.9238
599.0719,323.4517,43.4980,117.7346
599.0719,323.4517,43.4980,117.7346
604.0051,324.3347,42.8455,115.9685
603.6838,328.1411,43.4882,117.7081
603.9012,328.7296,43.0533,116.5310
604.1165,329.3122,42.6228,115.3657
608.9506,334.6918,41.9834,113.6352
608.8456,334.4077,42.1934,114.2034
609.1620,335.2643,41.5605,112.4903
613.3862,338.9565,42.1839,114.1777
613.7026,339.8128,41.5511,112.4650
613.7026,344.2807,41.5511,112.4650
613.3910,343.4372,42.1744,114.1520
617.6776,347.1840,42.8070,115.8643
617.5706,346.8943,43.0210,116.4436
621.9432,350.7163,43.6663,118.1902
622.0524,351.0117,43.4480,117.5993
622.3782,351.8937,42.7963,115.8353
627.2319,357.2952,42.1544,114.0978
631.5165,356.4395,42.7867,115.8092
631.1956,355.5709,43.4285,117.5464
635.8653,360.2407,43.4285,117.5464
635.9739,360.5345,43.2113,116.9586
640.8746,365.9884,42.5632,115.2043
641.0875,366.5644,42.1375,114.0522
645.3703,370.3079,42.7696,115.7630
645.6911,371.1761,42.1280,114.0266
645.9017,376.2309,41.7068,112.8863
650.5500,376.7953,41.2897,111.7574
650.2404,380.4635,41.9090,113.4338
654.9934,381.3142,41.2804,111.7323
655.3030,386.5244,40.6612,110.0563
655.4047,386.7995,40.4579,109.5060
659.6756,390.8978,40.6602,110.0536
659.4723,390.3476,41.0668,111.1541
659.4723,394.7633,41.0668,111.1541
664.1298,395.5970,40.4508,109.4868
664.1298,395.5970,40.4508,109.4868
668.7175,396.4182,39.8440,107.8445
668.4187,399.9579,40.4417,109.4621
668.5198,400.2315,40.2395,108.9148
673.0835,401.0484,39.6359,107.2811
673.0835,401.0484,39.6359,107.2811
672.7863,404.5696,40.2304,108.8903
677.2700,405.1141,39.8281,107.8014
677.3696,405.3836,39.6290,107.2624
677.0723,408.9042,40.2234,108.8714
673.1138,409.7208,39.6201,107.2383
673.1138,409.7208,39.6201,107.2383
668.8536,409.7208,39.6201,107.2383
664.2323,413.2406,40.2144,108.8469
659.7860,412.9685,40.4154,109.3911
655.4402,412.9685,40.4154,109.3911
646.7488,412.9685,40.4154,109.3911
642.7713,413.7889,39.8092,107.7502
634.2102,413.7889,39.8092,107.7502
630.2924,414.5970,39.2121,106.1340
621.8597,414.5970,39.2121,106.1340
613.1467,414.0664,39.6042,107.1953
604.6296,414.0664,39.6042,107.1953
591.6912,413.7984,39.8022,107.7313
583.5585,414.6064,39.2052,106.1153
571.3954,415.4022,38.6171,104.5236
563.5048,416.1862,38.0378,102.9557
551.2346,416.1862,38.0378,102.9557
543.0544,420.2762,38.0378,102.9557
531.2535,421.0484,37.4673,101.4114
523.1960,421.0484,37.4673,101.4114
515.1385,421.0484,37.4673,101.4114
507.0811,425.0771,37.4673,101.4114
499.0236,425.0771,37.4673,101.4114
494.9948,425.0771,37.4673,101.4114
490.9661,429.1059,37.4673,101.4114
486.9373,429.1059,37.4673,101.4114
482.9086,429.1059,37.4673,101.4114
478.8799,429.1059,37.4673,101.4114
474.8511,429.1059,37.4673,101.4114
470.8224,429.1059,37.4673,101.4114
466.7937,425.0771,37.4673,101.4114
462.7649,425.0771,37.4673,101.4114
462.7649,425.0771,37.4673,101.4114
458.7362,425.0771,37.4673,101.4114
458.7362,425.0771,37.4673,101.4114
458.4552,424.3166,38.0293,102.9326
458.7404,421.0607,37.4588,101.3886
458.8340,421.3142,37.2715,100.8816
458.7409,421.0620,37.4579,101.3860
458.7409,421.0620,37.4579,101.3860
462.5481,420.3016,38.0198,102.9068
462.2629,419.5298,38.5901,104.4504
461.9735,414.5347,39.1689,106.0172
466.2621,414.7997,38.9731,105.4871
466.1646,414.5360,39.1679,106.0145
466.1646,410.3244,39.1679,106.0145
465.9688,409.7943,39.5596,107.0747
470.4554,406.4075,38.9662,105.4686
470.1632,405.6165,39.5507,107.0506
474.4159,405.6165,39.5507,107.0506
474.7126,402.2304,38.9575,105.4448
474.7126,402.2304,38.9575,105.4448
479.1309,403.0212,38.3731,103.8632
479.4187,399.7360,37.7975,102.3052
479.7022,400.5032,37.2305,100.7706
483.7054,400.5032,37.2305,100.7706
483.7054,396.5000,37.2305,100.7706
483.7054,396.5000,37.2305,100.7706
483.7054,396.5000,37.2305,100.7706
487.7087,396.5000,37.2305,100.7706
487.7087,392.4967,37.2305,100.7706
487.7087,392.4967,37.2305,100.7706
487.4295,391.7409,37.7890,102.2822
487.7129,388.5056,37.2222,100.7480
491.7153,388.5056,37.2222,100.7480
491.4361,387.7500,37.7805,102.2592
491.7195,384.5155,37.2138,100.7253
491.4404,383.7600,37.7720,102.2362
491.7237,380.5262,37.2054,100.7026
492.0027,381.2815,36.6473,99.1921
491.7279,380.5376,37.1970,100.6800
491.6349,380.2859,37.3830,101.1834
491.6349,376.2662,37.3830,101.1834
491.6349,376.2662,37.3830,101.1834
495.7279,376.5191,37.1961,100.6775
495.6349,376.2675,37.3821,101.1808
495.6349,376.2675,37.3821,101.1808
495.6349,372.2479,37.3821,101.1808
495.7284,372.5008,37.1952,100.6749
499.9468,373.2559,36.6372,99.1648
500.2216,370.1192,36.0877,97.6773
500.4923,370.8518,35.5464,96.2122
500.2257,370.1302,36.0796,97.6554
500.2257,366.2507,36.0796,97.6554
503.8928,365.5183,36.6208,99.1202
504.1674,362.3830,36.0715,97.6334
504.1674,362.3830,36.0715,97.6334
503.8969,361.6508,36.6125,99.0979
508.0493,358.5162,36.0633,97.6114
508.0493,358.5162,36.0633,97.6114
508.0493,358.5162,36.0633,97.6114
508.3198,355.4287,35.5224,96.1473
508.2310,355.1883,35.7000,96.6280
512.2798,355.9131,35.1645,95.1786
512.5436,356.6269,34.6370,93.7509
512.6301,356.8613,34.4638,93.2821
512.8025,353.6589,34.1192,92.3493
512.6319,353.1972,34.4604,93.2728
512.8042,353.6635,34.1158,92.3401
516.4725,353.6635,34.1158,92.3401
516.5579,353.8944,33.9452,91.8784
516.8124,350.9882,33.4360,90.5002
516.5616,350.3095,33.9376,91.8577
516.3071,349.6205,34.4466,93.2356
520.1462,346.4198,34.1022,92.3032
520.2315,346.6506,33.9317,91.8417
520.4012,347.1098,33.5923,90.9233
520.4012,347.1098,33.5923,90.9233
520.2332,346.6552,33.9283,91.8325
520.4877,343.7504,33.4193,90.4550
524.0156,343.5243,33.5864,90.9073
524.1835,343.9788,33.2506,89.9982
524.1835,343.9788,33.2506,89.9982
524.1835,343.9788,33.2506,89.9982
524.0173,343.5288,33.5831,90.8982
527.6284,343.5288,33.5831,90.8982
527.6284,343.5288,33.5831,90.8982
527.6284,343.5288,33.5831,90.8982
531.2394,343.5288,33.5831,90.8982
531.4913,340.6537,33.0793,89.5347
531.4913,340.6537,33.0793,89.5347
534.9833,340.4298,33.2447,89.9824
534.8171,339.9799,33.5772,90.8822
534.8171,339.9799,33.5772,90.8822
538.6252,337.1052,33.0735,89.5190
538.4598,336.6576,33.4043,90.4142
542.0517,336.6576,33.4043,90.4142
542.0517,336.6576,33.4043,90.4142
542.3022,337.3358,32.9032,89.0580
545.9048,337.5584,32.7387,88.6127
545.9048,337.5584,32.7387,88.6127
545.9048,337.5584,32.7387,88.6127
549.4250,337.5584,32.7387,88.6127
549.4250,337.5584,32.7387,88.6127
549.4250,337.5584,32.7387,88.6127
549.4250,337.5584,32.7387,88.6127
552.9453,337.5584,32.7387,88.6127
552.9453,337.5584,32.7387,88.6127
553.1909,338.2230,32.2476,87.2835
552.9490,337.5684,32.7313,88.5928
556.6612,334.7661,32.2403,87.2639
556.9030,335.4206,31.7567,85.9549
556.9824,335.6355,31.5980,85.5251
556.7454,334.9940,32.0719,86.8080
560.1940,334.9940,32.0719,86.8080
560.1940,334.9940,32.0719,86.8080
560.4346,335.6451,31.5908,85.5059
560.4346,335.6451,31.5908,85.5059
560.4346,335.6451,31.5908,85.5059
563.8314,335.6451,31.5908,85.5059
563.8314,335.6451,31.5908,85.5059
563.9894,336.0726,31.2749,84.6508
567.2295,335.6494,31.5877,85.4973
567.0716,335.2219,31.9036,86.3523
566.9120,334.7901,32.2226,87.2158
567.0732,335.2262,31.9004,86.3437
570.6285,335.6579,31.5814,85.4802
570.7864,336.0853,31.2656,84.6254
570.5519,335.4506,31.7345,85.8948
574.0266,335.6653,31.5759,85.4653
574.0266,335.6653,31.5759,85.4653
574.2634,332.9620,31.1022,84.1834
577.6687,333.1725,30.9467,83.7625
577.8234,333.5913,30.6373,82.9248
577.8234,333.5913,30.6373,82.9248
581.2982,334.2132,30.1777,81.6810
581.3736,334.4174,30.0268,81.2725
581.3736,334.4174,30.0268,81.2725
584.7201,334.8238,29.7265,80.4598
584.8688,335.2261,29.4293,79.6552
584.7216,334.8278,29.7236,80.4518
588.0344,335.2301,29.4263,79.6473
588.2551,335.8274,28.9849,78.4526
588.3275,336.0236,28.8400,78.0603
588.3275,336.0236,28.8400,78.0603
588.3275,336.0236,28.8400,78.0603
591.4286,336.0236,28.8400,78.0603
591.4286,336.0236,28.8400,78.0603
591.4286,336.0236,28.8400,78.0603
591.4286,332.9225,28.8400,78.0603
591.2123,332.3370,29.2726,79.2312
591.2123,332.3370,29.2726,79.2312
594.4173,332.5351,29.1262,78.8350
594.4173,332.5351,29.1262,78.8350
594.4173,332.5351,29.1262,78.8350
594.4173,332.5351,29.1262,78.8350
594.4173,332.5351,29.1262,78.8350
594.4173,332.5351,29.1262,78.8350
597.5492,332.5351,29.1262,78.8350
597.4764,332.3380,29.2719,79.2292
597.2568,331.7438,29.7110,80.4176
597.2568,331.7438,29.7110,80.4176
600.4515,331.7438,29.7110,80.4176
600.4515,331.7438,29.7110,80.4176
600.4515,331.7438,29.7110,80.4176
600.4515,328.5491,29.7110,80.4176
603.7629,328.9512,29.4138,79.6135
603.7629,328.9512,29.4138,79.6135
603.7629,328.9512,29.4138,79.6135
603.9835,326.4329,28.9726,78.4193
606.9851,326.0408,29.2624,79.2035
606.9851,326.0408,29.2624,79.2035
606.8388,325.6448,29.5550,79.9955
610.1328,326.0448,29.2594,79.1955
610.3522,323.5398,28.8205,78.0076
610.5684,324.1248,28.3882,76.8375
610.7812,324.7011,27.9624,75.6849
613.6782,324.3227,28.2420,76.4418
613.6782,324.3227,28.2420,76.4418
613.6782,324.3227,28.2420,76.4418
613.8195,324.7049,27.9596,75.6774
616.9904,322.3112,27.5402,74.5422
617.1970,322.8702,27.1271,73.4241
617.0613,322.5031,27.3984,74.1583
616.9244,322.1323,27.6724,74.8999
616.7860,321.7578,27.9491,75.6489
619.9558,319.3650,27.5299,74.5142
619.8870,319.1787,27.6675,74.8867
619.7487,318.8043,27.9442,75.6356
619.8884,316.2077,27.6647,74.8792
619.7501,315.8333,27.9414,75.6280
619.5405,315.2661,28.3605,76.7625
622.5900,315.2661,28.3605,76.7625
622.5191,312.0095,28.5023,77.1463
622.7328,312.5881,28.0748,75.9891
622.8030,312.7780,27.9344,75.6091
622.5936,312.2110,28.3534,76.7433
622.4518,311.8272,28.6370,77.5107
625.5310,311.8272,28.6370,77.5107
625.7458,309.3755,28.2074,76.3480
625.6753,309.1847,28.3484,76.7298
625.5336,308.8010,28.6319,77.4971
628.4999,308.4135,28.9182,78.2720
628.3553,304.8816,29.2074,79.0548
628.3553,304.8816,29.2074,79.0548
628.3553,301.7410,29.2074,79.0548
631.6105,302.1363,28.9154,78.2642
631.8274,299.6607,28.4816,77.0903
631.6138,299.0825,28.9088,78.2466
634.8924,296.6075,28.4752,77.0729
635.1060,297.1856,28.0481,75.9168
634.8956,296.6162,28.4688,77.0556
634.9668,293.7630,28.3265,76.6703
634.8252,293.3796,28.6097,77.4370
637.9015,293.3796,28.6097,77.4370
638.1160,290.9302,28.1806,76.2754
638.3274,291.5023,27.7579,75.1313
638.3274,291.5023,27.7579,75.1313
638.3274,291.5023,27.7579,75.1313
638.3274,288.5176,27.7579,75.1313
638.1886,288.1419,28.0355,75.8826
638.1886,288.1419,28.0355,75.8826
641.2032,285.1274,28.0355,75.8826
641.0630,284.7480,28.3158,76.6414
640.9922,281.4964,28.4574,77.0247
641.0634,281.6890,28.3151,76.6395
641.2050,279.0580,28.0319,75.8731
641.3451,279.4373,27.7516,75.1144
641.3451,279.4373,27.7516,75.1144
641.5532,277.0614,27.3354,73.9877
641.4849,276.8765,27.4720,74.3576
641.4849,273.9225,27.4720,74.3576
641.6909,274.4802,27.0599,73.2423
641.6909,274.4802,27.0599,73.2423
641.8939,272.1635,26.6541,72.1436
641.7606,271.8027,26.9206,72.8651
641.8279,271.9849,26.7860,72.5007
641.8279,269.1047,26.7860,72.5007
641.6940,268.7422,27.0538,73.2257
644.6030,268.7422,27.0538,73.2257
644.6030,265.8332,27.0538,73.2257
644.4001,265.2840,27.4597,74.3241
644.4001,262.3313,27.4597,74.3241
644.4001,262.3313,27.4597,74.3241
644.4001,259.3787,27.4597,74.3241
644.2628,259.0070,27.7343,75.0674
647.3538,256.4300,27.4569,74.3167
647.2166,256.0584,27.7315,75.0599
647.4245,253.6842,27.3155,73.9340
647.2197,253.1297,27.7252,75.0430
647.3583,250.5536,27.4480,74.2925
647.5641,251.1107,27.0363,73.1782
647.6317,248.4011,26.9011,72.8123
647.8335,248.9472,26.4976,71.7201
648.0322,246.6786,26.1001,70.6443
648.2280,247.2085,25.7086,69.5846
648.2922,247.3824,25.5801,69.2367
648.2922,244.6319,25.5801,69.2367
645.3086,244.1126,25.9638,70.2752
645.2437,241.1311,26.0936,70.6266
645.0480,240.6015,26.4850,71.6860
645.0480,237.7536,26.4850,71.6860
644.9156,237.3952,26.7498,72.4029
644.9156,234.5188,26.7498,72.4029
644.9156,234.5188,26.7498,72.4029
644.9156,231.6425,26.7498,72.4029
641.7955,231.0995,27.1511,73.4889
641.9312,228.5767,26.8796,72.7540
641.7968,228.2129,27.1484,73.4816
642.0004,225.8886,26.7411,72.3794
642.2010,226.4315,26.3400,71.2937
642.1351,226.2532,26.4717,71.6501
642.3337,223.9869,26.0746,70.5754
642.1381,223.4576,26.4658,71.6340
639.0511,222.9203,26.8628,72.7085
638.9169,222.5568,27.1314,73.4356
638.7812,222.1896,27.4027,74.1700
638.9182,219.6434,27.1287,73.4283
638.7825,219.2762,27.4000,74.1625
638.7825,219.2762,27.4000,74.1625
638.7825,216.3300,27.4000,74.1625
638.7825,216.3300,27.4000,74.1625
638.9196,213.7841,27.1260,73.4209
638.7839,213.4169,27.3972,74.1551
638.7839,210.4710,27.3972,74.1551
641.8374,210.8418,27.1232,73.4136
642.0408,208.5197,26.7164,72.3124
642.1076,208.7004,26.5828,71.9508
642.1076,205.8421,26.5828,71.9508
642.1076,205.8421,26.5828,71.9508
642.3070,203.5662,26.1841,70.8716
642.4379,203.9206,25.9222,70.1628
642.4379,203.9206,25.9222,70.1628
642.6323,201.7013,25.5334,69.1104
645.3278,201.5285,25.6611,69.4559
645.3278,201.5285,25.6611,69.4559
645.1995,201.1812,25.9177,70.1505
645.3290,198.7730,25.6585,69.4490
645.3290,198.7730,25.6585,69.4490
645.3290,198.7730,25.6585,69.4490
645.2007,195.6392,25.9151,70.1435
645.2007,195.6392,25.9151,70.1435
645.1359,192.6633,26.0447,70.4942
645.0708,192.4871,26.1749,70.8467
644.8745,191.9557,26.5675,71.9094
