1
544.6500,550.4500,54.5400,103.0200
536.2165,549.9349,55.0854,104.0502
524.1742,546.1350,54.8100,103.5299
516.5871,542.9124,53.9878,101.9770
508.0640,542.1476,54.7976,103.5067
499.4131,537.2513,55.6196,105.0593
490.6324,532.2816,56.4539,106.6351
478.2910,528.3873,56.1716,106.1020
470.5154,525.0847,55.3291,104.5104
462.3185,525.0847,55.3291,104.5104
454.4802,521.5497,54.7758,103.4653
446.8978,518.3291,53.9541,101.9134
442.9012,518.3291,53.9541,101.9134
434.9080,514.3325,53.9541,101.9134
426.9148,514.3325,53.9541,101.9134
414.9250,510.3359,53.9541,101.9134
406.5821,509.8263,54.4937,102.9325
402.3891,509.5690,54.7661,103.4472
394.2756,505.5123,54.7661,103.4472
385.8071,504.9950,55.3138,104.4816
377.6125,504.9950,55.3138,104.4816
369.4178,500.8977,55.3138,104.4816
365.1617,500.6365,55.5904,105.0040
357.4666,497.3680,54.7565,103.4290
349.8869,494.1485,53.9352,101.8775
345.8917,494.1485,53.9352,101.8775
338.4257,490.9773,53.1261,100.3494
334.3379,486.7715,53.3918,100.8511
330.5362,483.0885,53.1248,100.3469
326.2961,478.6122,53.6561,101.3503
322.4755,478.8656,53.3878,100.8436
322.6090,475.1828,53.1208,100.3394
318.6741,471.2479,53.1208,100.3394
318.8069,467.5836,52.8552,99.8377
318.5427,463.1300,53.3838,100.8360
315.0480,459.9913,52.5830,99.3235
315.3109,456.6318,52.0572,98.3303
315.1808,456.3860,52.3175,98.8219
311.7559,449.4926,51.5327,97.3396
312.0136,446.2003,51.0174,96.3662
311.8860,442.1614,51.2725,96.8480
311.8860,438.3635,51.2725,96.8480
312.0142,434.8266,51.0161,96.3638
307.9424,430.5280,51.5263,97.3274
307.6848,426.1865,52.0415,98.3007
307.2944,421.5364,52.8222,99.7752
307.0303,417.0857,53.3504,100.7730
307.4305,413.9489,52.5501,99.2614
303.5378,410.0563,52.5501,99.2614
303.9320,406.9665,51.7619,97.7724
303.9320,406.9665,51.7619,97.7724
304.1908,403.6595,51.2443,96.7947
304.5751,400.6465,50.4756,95.3428
304.3227,400.1698,50.9804,96.2962
300.5464,396.3935,50.9804,96.2962
300.9288,393.3961,50.2156,94.8518
301.0543,393.6332,49.9646,94.3775
297.7835,387.0499,49.2151,92.9619
297.7835,387.0499,49.2151,92.9619
298.0295,387.5147,48.7229,92.0322
297.7859,383.4093,49.2102,92.9526
294.1407,383.4093,49.2102,92.9526
294.1407,379.7641,49.2102,92.9526
293.8947,379.2994,49.7023,93.8821
294.1432,376.1240,49.2053,92.9433
298.1024,376.8210,48.4672,91.5491
301.4861,372.7372,48.9519,92.4646
305.1122,369.1111,48.9519,92.4646
309.0510,366.2330,48.2176,91.0776
316.2792,362.9068,47.9765,90.6223
323.1336,358.6201,48.6961,91.9816
326.7407,355.0129,48.6961,91.9816
334.2119,352.1498,47.9657,90.6019
341.4868,349.0853,47.4860,89.6958
348.7723,346.2933,46.7737,88.3504
352.1375,342.5904,47.0076,88.7922
359.3496,339.8265,46.3025,87.4603
365.9649,335.6893,46.9970,88.7722
372.6794,331.4900,47.7020,90.1038
379.8303,328.1995,47.4635,89.6532
387.1124,325.4088,46.7515,88.3084
390.6750,322.1838,46.5178,87.8669
397.7302,322.6231,46.0526,86.9882
404.4718,318.9773,46.2829,87.4232
411.1657,318.5402,46.7457,88.2974
418.2555,315.5536,46.2782,87.4144
425.0301,315.3351,46.5096,87.8515
428.7724,312.6005,45.8120,86.5337
435.3175,311.9515,46.4992,87.8317
439.0590,309.2176,45.8017,86.5143
445.6027,308.5687,46.4887,87.8120
448.8483,304.6516,46.9536,88.6901
455.7218,304.4299,47.1884,89.1335
459.5187,305.0984,46.4805,87.7965
463.1597,302.1288,46.0157,86.9186
470.0578,302.3461,45.7856,86.4840
473.6443,302.7785,45.3278,85.6191
477.0019,302.7785,45.3278,85.6191
483.9564,300.1134,44.6479,84.3349
487.1685,299.9026,44.8711,84.7565
490.3012,299.4788,45.3198,85.6041
493.6582,299.4788,45.3198,85.6041
500.5317,299.9068,44.8666,84.7481
503.9507,300.1187,44.6423,84.3243
507.3527,300.3295,44.4191,83.9027
510.3592,299.7002,45.0854,85.1612
513.7949,299.9131,44.8599,84.7354
520.4407,299.9131,44.8599,84.7354
523.5726,299.4894,45.3085,85.5828
527.2183,303.4371,44.6289,84.2990
533.7515,303.2264,44.8521,84.7205
537.0739,303.2264,44.8521,84.7205
543.4819,305.9632,45.5248,85.9913
546.6602,305.5332,45.9801,86.8513
553.4720,305.5332,45.9801,86.8513
556.8780,308.9392,45.9801,86.8513
563.9326,309.5905,45.2904,85.5485
570.4828,309.1628,45.7433,86.4040
573.6764,312.1531,46.2007,87.2680
580.6022,312.3712,45.9697,86.8317
584.2032,316.1765,45.5100,85.9634
591.1856,316.8212,44.8274,84.6739
597.5901,319.5565,45.4998,85.9440
601.2512,323.5209,44.8173,84.6549
607.8120,323.3093,45.0414,85.0781
611.1483,326.6457,45.0414,85.0781
617.9796,330.3741,44.5910,84.2273
621.3776,333.8712,44.3680,83.8062
627.7164,333.2426,45.0335,85.0633
630.7646,335.9905,45.7090,86.3393
634.0531,339.1775,45.9376,86.7710
637.5537,342.7802,45.7079,86.3371
644.4056,346.3648,45.4793,85.9054
647.8713,349.9316,45.2519,85.4759
651.5125,353.8744,44.5732,84.1937
651.2896,356.7881,45.0189,85.0357
654.6243,360.1229,45.0189,85.0357
657.6714,362.8698,45.6942,86.3112
657.5572,366.0558,45.9226,86.7428
660.6655,368.8579,46.6115,88.0439
660.7820,372.5134,46.3784,87.6037
664.5137,376.5544,45.6828,86.2896
664.1711,379.3419,46.3680,87.5840
663.9393,382.3730,46.8317,88.4598
667.5080,386.0458,46.5975,88.0175
667.6245,389.7002,46.3645,87.5774
667.7404,393.3364,46.1327,87.1395
668.0864,400.7219,45.4407,85.8325
668.4272,404.6812,44.7591,84.5450
668.2034,407.6071,45.2067,85.3904
668.5425,411.5459,44.5286,84.1096
668.7651,418.4973,44.0833,83.2685
668.8753,421.9546,43.8629,82.8521
668.9850,425.3946,43.6436,82.4379
669.3123,432.3816,42.9889,81.2013
669.5273,435.9401,42.5590,80.3893
669.3145,441.9063,42.9846,81.1932
669.6368,445.6515,42.3399,79.9753
666.7437,452.2612,41.9165,79.1755
666.4293,457.9704,42.5452,80.3632
666.2166,463.9346,42.9707,81.1668
665.8942,466.5566,43.6152,82.3843
662.4131,472.6708,44.0514,83.2081
662.1929,478.8462,44.4919,84.0402
661.8591,481.5610,45.1593,85.3008
662.0850,488.6109,44.7077,84.4478
662.0850,491.9225,44.7077,84.4478
661.8614,498.1899,45.1547,85.2923
661.8614,501.5347,45.1547,85.2923
661.8614,508.2243,45.1547,85.2923
662.0872,511.9621,44.7032,84.4394
659.1608,519.1187,44.0326,83.1728
658.8306,525.1161,44.6931,84.4204
658.4954,527.8433,45.3635,85.6867
658.7222,531.5983,44.9099,84.8298
658.8344,538.4305,44.6853,84.4057
658.4993,541.1571,45.3556,85.6717
658.3859,547.6959,45.5824,86.1001
658.3859,551.0723,45.5824,86.1001
658.3859,557.8253,45.5824,86.1001
658.4999,561.4001,45.3545,85.6696
658.4999,568.1193,45.3545,85.6696
655.5308,572.0710,44.6742,84.3846
655.1957,578.1558,45.3443,85.6503
655.0824,581.3173,45.5710,86.0786
654.7406,587.5243,46.2546,87.3698
654.6250,590.7493,46.4859,87.8066
651.3150,597.8211,46.2534,87.3676
651.0837,600.8447,46.7160,88.2412
650.7334,607.2076,47.4167,89.5649
647.0850,610.5136,47.6538,90.0127
646.7275,617.0042,48.3686,91.3629
643.4224,621.0081,47.8849,90.4493
643.5421,628.2928,47.6455,89.9970
640.1495,632.0294,47.4072,89.5470
639.7939,638.4865,48.1184,90.8902
636.5059,645.9983,47.6372,89.9813
633.2507,649.9416,47.1608,89.0815
629.8926,657.1161,46.9250,88.6361
626.8208,661.2047,46.2211,87.3066
623.6624,668.4203,45.7589,86.4335
2
0
0
0
0
0
2
0
0
0
0
0
2
0
0
0
0
0
2
0
0
0
0
0
2
0
0
0
0
0
2
0
0
0
0
0
2
0
0
0
0
0
2
0
0
0
0
0
2
0
0
0
0
0
2
0
0
0
0
0
2
0
0
0
0
0
2
0
0
0
0
0
2
0
0
0
0
0
2
0
0
0
0
0
2
0
0
0
0
0
2
0
0
0
0
0
2
0
0
0
0
0
2
0
0
0
0
0
2
0
0
0
0
0
2
0
0
0
0
0
2
0
0
0
0
0
2
0
0
0
0
0
2
0
0
0
0
0
2
0
0
0
0
0
2
0
0
0
0
0
2
0
0
0
0
0
2
0
0
0
0
0
2
0
0
0
0
0
2
0
0
0
0
0
2
0
0
0
0
0
2
0
0
0
0
0
2
0
0
0
0
0
2
0
0
0
0
0
2
0
0
0
0
0
2
0
0
0
0
0
2
0
0
0
0
0
2
0
0
0
0
0
2
0
0
0
0
0
2
0
0
0
0
0
2
0
0
0
0
0
2
0
0
0
0
0
2
0
0
0
0
0
2
0
0
0
0
0
2
0
0
0
0
0
2
0
0
0
0
0
2
0
0
0
0
0
2
0
0
0
0
0
2
0
0
0
0
0
2
0
0
0
0
0
2
0
0
0
0
0
2
0
0
0
0
0
2
0
0
0
0
0
2
0
0
0
0
0
2
0
0
0
0
0
2
0
0
0
0
0
2
0
0
0
0
0
2
0
0
0
0
0
2
0
0
0
0
0
2
0
0
0
0
0
2
0
0
0
0
0
2
0
0
0
0
0
2
0
0
0
0
0
2
0
0
0
0
0
2
0
0
0
0
0
2
0
0
0
0
0
2
0
0
0
0
0
2
0
0
0
0
0
2
0
0
0
0
0
2
0
0
0
0
0
2
0
0
0
0
0
2
0
0
0
0
0
2
0
0
0
0
0
2
0
0
0
0
0
2
0
0
0
0
0
2
0
0
0
0
0
2
0
0
0
0
0
2
0
0
0
0
0
2
0
0
0
0
0
2
0
0
0
0
0
646.9362,678.5782,52.9460,100.0091
646.9362,678.5782,52.9460,100.0091
2
0
0
0
0
0
2
0
0
0
0
0
2
0
0
0
0
0
2
0
0
0
0
0
2
0
0
0
0
0
2
0
0
0
0
0
2
0
0
0
0
0
2
0
0
0
0
0
2
0
0
0
0
0
2
0
0
0
0
0
2
0
0
0
0
0
2
0
0
0
0
0
2
0
0
0
0
0
2
0
0
0
0
0
2
0
0
0
0
0
2
0
0
0
0
0
2
0
0
0
0
0
2
0
0
0
0
0
2
0
0
0
0
0
2
0
0
0
0
0
2
0
0
0
0
0
2
0
0
0
0
0
2
0
0
0
0
0
2
0
0
0
0
0
2
0
0
0
0
0
2
0
0
0
0
0
2
0
0
0
0
0
2
0
0
0
0
0
2
0
0
0
0
0
2
0
0
0
0
0
2
0
0
0
0
0
2
0
0
0
0
0
2
0
0
0
0
0
2
0
0
0
0
0
2
0
0
0
0
0
2
0
0
0
0
0
2
0
0
0
0
0
2
0
0
0
0
0
2
0
0
0
0
0
2
0
0
0
0
0
2
0
0
0
0
0
2
0
0
0
0
0
2
0
0
0
0
0
2
0
0
0
0
0
2
0
0
0
0
0
2
0
0
0
0
0
2
0
0
0
0
0
2
0
0
0
0
0
2
0
0
0
0
0
2
0
0
0
0
0
2
0
0
0
0
0
2
0
0
0
0
0
2
0
0
0
0
0
2
0
0
0
0
0
2
0
0
0
0
0
2
0
0
0
0
0
2
0
0
0
0
0
2
