1
555.5555,246.6667,24.4444,76.6667
554.4445,247.7778,24.4444,76.6667
553.3333,248.8889,24.4444,76.6667
552.2222,250.0000,24.4444,76.6667
551.1111,251.1111,24.4444,76.6667
550.0000,244.4444,24.4444,76.6667
551.1111,245.5556,24.4444,76.6667
547.7778,246.6667,24.4444,76.6667
548.8889,247.7778,24.4444,76.6667
547.7778,248.8889,24.4444,76.6667
546.6667,250.0000,24.4444,76.6667
545.5555,251.1111,24.4444,76.6667
546.6667,252.2222,24.4444,76.6667
545.5555,253.3333,24.4444,76.6667
544.4445,246.6667,24.4444,76.6667
541.1111,247.7778,24.4444,76.6667
542.2222,248.8889,24.4444,76.6667
541.1111,250.0000,24.4444,76.6667
540.0000,251.1111,24.4444,76.6667
538.8889,252.2222,24.4444,76.6667
537.7778,253.3333,24.4444,76.6667
536.6667,254.4444,24.4444,76.6667
535.5555,247.7778,24.4444,76.6667
536.6667,248.8889,24.4444,76.6667
533.3333,250.0000,24.4444,76.6667
532.2222,251.1111,24.4444,76.6667
533.3333,252.2222,24.4444,76.6667
532.2222,253.3333,24.4444,76.6667
531.1111,254.4444,24.4444,76.6667
530.0000,255.5556,24.4444,76.6667
531.1111,256.6667,24.4444,76.6667
530.0000,250.0000,24.4444,76.6667
531.1111,251.1111,24.4444,76.6667
530.0000,252.2222,24.4444,76.6667
528.8889,253.3333,24.4444,76.6667
527.7778,254.4444,24.4444,76.6667
526.6667,255.5556,24.4444,76.6667
527.7778,256.6667,24.4444,76.6667
526.6667,257.7778,24.4444,76.6667
525.5555,258.8889,24.4444,76.6667
526.6667,260.0000,24.4444,76.6667
523.3333,261.1111,24.4444,76.6667
524.4445,262.2222,24.4444,76.6667
523.3333,263.3333,24.4444,76.6667
522.2222,256.6667,24.4444,76.6667
521.1111,257.7778,24.4444,76.6667
520.0000,258.8889,24.4444,76.6667
521.1111,260.0000,24.4444,76.6667
520.0000,261.1111,24.4444,76.6667
518.8889,262.2222,24.4444,76.6667
517.7778,255.5556,24.4444,76.6667
516.6667,256.6667,24.4444,76.6667
515.5555,257.7778,24.4444,76.6667
514.4445,258.8889,24.4444,76.6667
513.3333,260.0000,24.4444,76.6667
512.2222,261.1111,24.4444,76.6667
511.1111,262.2222,24.4444,76.6667
510.0000,263.3333,24.4444,76.6667
511.1111,256.6667,24.4444,76.6667
510.0000,257.7778,24.4444,76.6667
511.1111,258.8889,24.4444,76.6667
507.7778,260.0000,24.4444,76.6667
508.8889,261.1111,24.4444,76.6667
507.7778,262.2222,24.4444,76.6667
508.8889,263.3333,24.4444,76.6667
510.0000,264.4445,24.4444,76.6667
511.1111,265.5555,24.4444,76.6667
510.0000,266.6667,24.4444,76.6667
513.3333,267.7778,24.4444,76.6667
512.2222,268.8889,24.4444,76.6667
511.1111,262.2222,24.4444,76.6667
512.2222,263.3333,24.4444,76.6667
513.3333,264.4445,24.4444,76.6667
514.4445,265.5555,24.4444,76.6667
515.5555,266.6667,24.4444,76.6667
516.6667,267.7778,24.4444,76.6667
517.7778,268.8889,24.4444,76.6667
518.8889,270.0000,24.4444,76.6667
517.7778,271.1111,24.4444,76.6667
518.8889,272.2222,24.4444,76.6667
520.0000,273.3333,24.4444,76.6667
521.1111,266.6667,24.4444,76.6667
522.2222,267.7778,24.4444,76.6667
523.3333,268.8889,24.4444,76.6667
524.4445,270.0000,24.4444,76.6667
523.3333,271.1111,24.4444,76.6667
524.4445,272.2222,24.4444,76.6667
525.5555,273.3333,24.4444,76.6667
528.8889,274.4445,24.4444,76.6667
527.7778,275.5555,24.4444,76.6667
528.8889,268.8889,24.4444,76.6667
530.0000,270.0000,24.4444,76.6667
531.1111,271.1111,24.4444,76.6667
530.0000,272.2222,24.4444,76.6667
533.3333,273.3333,24.4444,76.6667
534.4445,266.6667,24.4444,76.6667
535.5555,267.7778,24.4444,76.6667
536.6667,268.8889,24.4444,76.6667
537.7778,270.0000,24.4444,76.6667
538.8889,271.1111,24.4444,76.6667
540.0000,272.2222,24.4444,76.6667
543.3333,273.3333,24.4444,76.6667
542.2222,274.4445,24.4444,76.6667
543.3333,275.5555,24.4444,76.6667
544.4445,268.8889,24.4444,76.6667
545.5555,270.0000,24.4444,76.6667
548.8889,271.1111,24.4444,76.6667
547.7778,272.2222,24.4444,76.6667
548.8889,273.3333,24.4444,76.6667
550.0000,274.4445,24.4444,76.6667
553.3333,275.5555,24.4444,76.6667
552.2222,276.6667,24.4444,76.6667
553.3333,277.7778,24.4444,76.6667
554.4445,271.1111,24.4444,76.6667
557.7778,280.0000,24.4444,76.6667
556.6667,273.3333,24.4444,76.6667
557.7778,274.4445,24.4444,76.6667
558.8889,275.5555,24.4444,76.6667
562.2222,276.6667,24.4444,76.6667
561.1111,270.0000,24.4444,76.6667
562.2222,271.1111,24.4444,76.6667
565.5555,272.2222,24.4444,76.6667
566.6667,273.3333,24.4444,76.6667
567.7778,274.4445,24.4444,76.6667
568.8889,275.5555,24.4444,76.6667
570.0000,268.8889,24.4444,76.6667
571.1111,270.0000,24.4444,76.6667
572.2222,271.1111,24.4444,76.6667
573.3333,272.2222,24.4444,76.6667
574.4445,273.3333,24.4444,76.6667
575.5555,274.4445,24.4444,76.6667
578.8889,275.5555,24.4444,76.6667
580.0000,276.6667,24.4444,76.6667
581.1111,277.7778,24.4444,76.6667
582.2222,278.8889,24.4444,76.6667
583.3333,280.0000,24.4444,76.6667
586.6667,273.3333,24.4444,76.6667
587.7778,274.4445,24.4444,76.6667
588.8889,275.5555,24.4444,76.6667
590.0000,276.6667,24.4444,76.6667
591.1111,277.7778,24.4444,76.6667
592.2222,278.8889,24.4444,76.6667
593.3333,280.0000,24.4444,76.6667
594.4445,281.1111,24.4444,76.6667
597.7778,282.2222,24.4444,76.6667
598.8889,283.3333,24.4444,76.6667
600.0000,284.4445,24.4444,76.6667
601.1111,277.7778,24.4444,76.6667
602.2222,278.8889,24.4444,76.6667
605.5555,280.0000,24.4444,76.6667
604.4445,281.1111,24.4444,76.6667
607.7778,282.2222,24.4444,76.6667
608.8889,283.3333,24.4444,76.6667
610.0000,276.6667,24.4444,76.6667
611.1111,277.7778,24.4444,76.6667
612.2222,278.8889,24.4444,76.6667
613.3333,280.0000,24.4444,76.6667
614.4445,281.1111,24.4444,76.6667
615.5555,282.2222,24.4444,76.6667
618.8889,275.5555,24.4444,76.6667
620.0000,276.6667,24.4444,76.6667
621.1111,277.7778,24.4444,76.6667
622.2222,278.8889,24.4444,76.6667
623.3333,280.0000,24.4444,76.6667
626.6667,281.1111,24.4444,76.6667
627.7778,282.2222,24.4444,76.6667
628.8889,283.3333,24.4444,76.6667
630.0000,284.4445,24.4444,76.6667
631.1111,285.5555,24.4444,76.6667
632.2222,278.8889,24.4444,76.6667
633.3333,280.0000,24.4444,76.6667
634.4445,281.1111,24.4444,76.6667
635.5555,282.2222,24.4444,76.6667
634.4445,283.3333,24.4444,76.6667
635.5555,284.4445,24.4444,76.6667
636.6667,285.5555,24.4444,76.6667
635.5555,286.6667,24.4444,76.6667
636.6667,287.7778,24.4444,76.6667
635.5555,281.1111,24.4444,76.6667
636.6667,282.2222,24.4444,76.6667
635.5555,283.3333,24.4444,76.6667
636.6667,284.4445,24.4444,76.6667
635.5555,285.5555,24.4444,76.6667
636.6667,286.6667,24.4444,76.6667
635.5555,287.7778,24.4444,76.6667
634.4445,281.1111,24.4444,76.6667
633.3333,282.2222,24.4444,76.6667
632.2222,283.3333,24.4444,76.6667
633.3333,284.4445,24.4444,76.6667
632.2222,285.5555,24.4444,76.6667
631.1111,286.6667,24.4444,76.6667
632.2222,287.7778,24.4444,76.6667
631.1111,288.8889,24.4444,76.6667
630.0000,290.0000,24.4444,76.6667
631.1111,283.3333,24.4444,76.6667
630.0000,284.4445,24.4444,76.6667
631.1111,285.5555,24.4444,76.6667
630.0000,286.6667,24.4444,76.6667
631.1111,287.7778,24.4444,76.6667
632.2222,288.8889,24.4444,76.6667
631.1111,290.0000,24.4444,76.6667
632.2222,291.1111,24.4444,76.6667
631.1111,292.2222,24.4444,76.6667
632.2222,285.5555,24.4444,76.6667
633.3333,286.6667,24.4444,76.6667
632.2222,287.7778,24.4444,76.6667
633.3333,288.8889,24.4444,76.6667
634.4445,290.0000,24.4444,76.6667
633.3333,291.1111,24.4444,76.6667
634.4445,292.2222,24.4444,76.6667
635.5555,293.3333,24.4444,76.6667
636.6667,294.4445,24.4444,76.6667
637.7778,295.5555,24.4444,76.6667
636.6667,288.8889,24.4444,76.6667
637.7778,290.0000,24.4444,76.6667
638.8889,291.1111,24.4444,76.6667
637.7778,292.2222,24.4444,76.6667
638.8889,293.3333,24.4444,76.6667
640.0000,294.4445,24.4444,76.6667
641.1111,295.5555,24.4444,76.6667
640.0000,296.6667,24.4444,76.6667
641.1111,290.0000,24.4444,76.6667
640.0000,291.1111,24.4444,76.6667
641.1111,292.2222,24.4444,76.6667
642.2222,293.3333,24.4444,76.6667
641.1111,294.4445,24.4444,76.6667
642.2222,295.5555,24.4444,76.6667
643.3333,296.6667,24.4444,76.6667
642.2222,297.7778,24.4444,76.6667
643.3333,291.1111,24.4444,76.6667
644.4445,292.2222,24.4444,76.6667
645.5555,293.3333,24.4444,76.6667
646.6667,294.4445,24.4444,76.6667
647.7778,295.5555,24.4444,76.6667
648.8889,296.6667,24.4444,76.6667
650.0000,297.7778,24.4444,76.6667
651.1111,298.8889,24.4444,76.6667
652.2222,300.0000,24.4444,76.6667
653.3333,301.1111,24.4444,76.6667
656.6667,294.4445,24.4444,76.6667
655.5555,295.5555,24.4444,76.6667
656.6667,296.6667,24.4444,76.6667
657.7778,297.7778,24.4444,76.6667
658.8889,298.8889,24.4444,76.6667
660.0000,300.0000,24.4444,76.6667
661.1111,301.1111,24.4444,76.6667
662.2222,302.2222,24.4444,76.6667
663.3333,303.3333,24.4444,76.6667
664.4445,304.4445,24.4444,76.6667
667.7778,297.7778,24.4444,76.6667
668.8889,298.8889,24.4444,76.6667
670.0000,300.0000,24.4444,76.6667
668.8889,301.1111,24.4444,76.6667
670.0000,302.2222,24.4444,76.6667
671.1111,303.3333,24.4444,76.6667
672.2222,304.4445,24.4444,76.6667
671.1111,297.7778,24.4444,76.6667
672.2222,298.8889,24.4444,76.6667
673.3333,300.0000,24.4444,76.6667
672.2222,301.1111,24.4444,76.6667
671.1111,302.2222,24.4444,76.6667
672.2222,303.3333,24.4444,76.6667
671.1111,296.6667,24.4444,76.6667
672.2222,297.7778,24.4444,76.6667
671.1111,298.8889,24.4444,76.6667
672.2222,300.0000,24.4444,76.6667
671.1111,301.1111,24.4444,76.6667
672.2222,302.2222,24.4444,76.6667
671.1111,303.3333,24.4444,76.6667
670.0000,304.4445,24.4444,76.6667
668.8889,305.5555,24.4444,76.6667
667.7778,306.6667,24.4444,76.6667
666.6667,300.0000,24.4444,76.6667
665.5555,301.1111,24.4444,76.6667
662.2222,302.2222,24.4444,76.6667
661.1111,303.3333,24.4444,76.6667
660.0000,304.4445,24.4444,76.6667
656.6667,305.5555,24.4444,76.6667
655.5555,306.6667,24.4444,76.6667
654.4445,307.7778,24.4444,76.6667
653.3333,308.8889,24.4444,76.6667
652.2222,310.0000,24.4444,76.6667
648.8889,311.1111,24.4444,76.6667
650.0000,304.4445,24.4444,76.6667
646.6667,305.5555,24.4444,76.6667
645.5555,306.6667,24.4444,76.6667
646.6667,307.7778,24.4444,76.6667
645.5555,308.8889,24.4444,76.6667
644.4445,302.2222,24.4444,76.6667
643.3333,303.3333,24.4444,76.6667
642.2222,304.4445,24.4444,76.6667
641.1111,305.5555,24.4444,76.6667
640.0000,306.6667,24.4444,76.6667
641.1111,307.7778,24.4444,76.6667
640.0000,301.1111,24.4444,76.6667
638.8889,302.2222,24.4444,76.6667
640.0000,303.3333,24.4444,76.6667
638.8889,304.4445,24.4444,76.6667
640.0000,305.5555,24.4444,76.6667
641.1111,306.6667,24.4444,76.6667
640.0000,307.7778,24.4444,76.6667
641.1111,308.8889,24.4444,76.6667
640.0000,310.0000,24.4444,76.6667
641.1111,303.3333,24.4444,76.6667
640.0000,304.4445,24.4444,76.6667
641.1111,305.5555,24.4444,76.6667
642.2222,306.6667,24.4444,76.6667
641.1111,307.7778,24.4444,76.6667
640.0000,308.8889,24.4444,76.6667
638.8889,310.0000,24.4444,76.6667
640.0000,311.1111,24.4444,76.6667
638.8889,312.2222,24.4444,76.6667
640.0000,313.3333,24.4444,76.6667
638.8889,314.4445,24.4444,76.6667
637.7778,307.7778,24.4444,76.6667
636.6667,308.8889,24.4444,76.6667
637.7778,310.0000,24.4444,76.6667
636.6667,311.1111,24.4444,76.6667
635.5555,312.2222,24.4444,76.6667
636.6667,313.3333,24.4444,76.6667
635.5555,306.6667,24.4444,76.6667
634.4445,307.7778,24.4444,76.6667
633.3333,308.8889,24.4444,76.6667
632.2222,310.0000,24.4444,76.6667
633.3333,311.1111,24.4444,76.6667
632.2222,312.2222,24.4444,76.6667
631.1111,313.3333,24.4444,76.6667
630.0000,314.4445,24.4444,76.6667
628.8889,315.5555,24.4444,76.6667
627.7778,308.8889,24.4444,76.6667
628.8889,310.0000,24.4444,76.6667
627.7778,311.1111,24.4444,76.6667
626.6667,312.2222,24.4444,76.6667
627.7778,313.3333,24.4444,76.6667
626.6667,314.4445,24.4444,76.6667
625.5555,315.5555,24.4444,76.6667
626.6667,316.6667,24.4444,76.6667
625.5555,317.7778,24.4444,76.6667
624.4445,318.8889,24.4444,76.6667
623.3333,320.0000,24.4444,76.6667
624.4445,321.1111,24.4444,76.6667
623.3333,322.2222,24.4444,76.6667
622.2222,315.5555,24.4444,76.6667
621.1111,316.6667,24.4444,76.6667
620.0000,317.7778,24.4444,76.6667
618.8889,318.8889,24.4444,76.6667
620.0000,320.0000,24.4444,76.6667
618.8889,321.1111,24.4444,76.6667
617.7778,322.2222,24.4444,76.6667
616.6667,323.3333,24.4444,76.6667
615.5555,324.4445,24.4444,76.6667
614.4445,317.7778,24.4444,76.6667
613.3333,318.8889,24.4444,76.6667
612.2222,320.0000,24.4444,76.6667
611.1111,321.1111,24.4444,76.6667
610.0000,322.2222,24.4444,76.6667
608.8889,323.3333,24.4444,76.6667
607.7778,324.4445,24.4444,76.6667
606.6667,325.5555,24.4444,76.6667
605.5555,326.6667,24.4444,76.6667
602.2222,320.0000,24.4444,76.6667
601.1111,321.1111,24.4444,76.6667
600.0000,322.2222,24.4444,76.6667
596.6667,323.3333,24.4444,76.6667
595.5555,324.4445,24.4444,76.6667
592.2222,325.5555,24.4444,76.6667
591.1111,318.8889,24.4444,76.6667
590.0000,320.0000,24.4444,76.6667
588.8889,321.1111,24.4444,76.6667
585.5555,322.2222,24.4444,76.6667
584.4445,323.3333,24.4444,76.6667
583.3333,324.4445,24.4444,76.6667
582.2222,325.5555,24.4444,76.6667
581.1111,326.6667,24.4444,76.6667
577.7778,327.7778,24.4444,76.6667
576.6667,328.8889,24.4444,76.6667
575.5555,330.0000,24.4444,76.6667
576.6667,331.1111,24.4444,76.6667
573.3333,332.2222,24.4444,76.6667
572.2222,333.3333,24.4444,76.6667
571.1111,334.4445,24.4444,76.6667
572.2222,335.5555,24.4444,76.6667
571.1111,336.6667,24.4444,76.6667
570.0000,337.7778,24.4444,76.6667
568.8889,338.8889,24.4444,76.6667
570.0000,332.2222,24.4444,76.6667
571.1111,333.3333,24.4444,76.6667
570.0000,334.4445,24.4444,76.6667
571.1111,335.5555,24.4444,76.6667
572.2222,336.6667,24.4444,76.6667
571.1111,337.7778,24.4444,76.6667
572.2222,338.8889,24.4444,76.6667
573.3333,340.0000,24.4444,76.6667
574.4445,341.1111,24.4444,76.6667
575.5555,342.2222,24.4444,76.6667
576.6667,343.3333,24.4444,76.6667
575.5555,336.6667,24.4444,76.6667
576.6667,337.7778,24.4444,76.6667
577.7778,338.8889,24.4444,76.6667
578.8889,340.0000,24.4444,76.6667
582.2222,333.3333,24.4444,76.6667
583.3333,334.4445,24.4444,76.6667
584.4445,335.5555,24.4444,76.6667
585.5555,336.6667,24.4444,76.6667
588.8889,337.7778,24.4444,76.6667
590.0000,338.8889,24.4444,76.6667
593.3333,340.0000,24.4444,76.6667
594.4445,341.1111,24.4444,76.6667
595.5555,342.2222,24.4444,76.6667
598.8889,343.3333,24.4444,76.6667
600.0000,344.4445,24.4444,76.6667
601.1111,345.5555,24.4444,76.6667
602.2222,346.6667,24.4444,76.6667
603.3333,340.0000,24.4444,76.6667
604.4445,341.1111,24.4444,76.6667
607.7778,342.2222,24.4444,76.6667
608.8889,343.3333,24.4444,76.6667
610.0000,344.4445,24.4444,76.6667
611.1111,345.5555,24.4444,76.6667
610.0000,346.6667,24.4444,76.6667
611.1111,347.7778,24.4444,76.6667
612.2222,348.8889,24.4444,76.6667
613.3333,350.0000,24.4444,76.6667
614.4445,343.3333,24.4444,76.6667
615.5555,344.4445,24.4444,76.6667
614.4445,345.5555,24.4444,76.6667
615.5555,346.6667,24.4444,76.6667
616.6667,347.7778,24.4444,76.6667
615.5555,348.8889,24.4444,76.6667
616.6667,350.0000,24.4444,76.6667
617.7778,351.1111,24.4444,76.6667
616.6667,344.4445,24.4444,76.6667
617.7778,345.5555,24.4444,76.6667
618.8889,346.6667,24.4444,76.6667
620.0000,347.7778,24.4444,76.6667
618.8889,348.8889,24.4444,76.6667
620.0000,342.2222,24.4444,76.6667
621.1111,343.3333,24.4444,76.6667
622.2222,344.4445,24.4444,76.6667
623.3333,345.5555,24.4444,76.6667
624.4445,346.6667,24.4444,76.6667
625.5555,347.7778,24.4444,76.6667
626.6667,348.8889,24.4444,76.6667
627.7778,350.0000,24.4444,76.6667
628.8889,351.1111,24.4444,76.6667
627.7778,352.2222,24.4444,76.6667
628.8889,345.5555,24.4444,76.6667
627.7778,346.6667,24.4444,76.6667
628.8889,347.7778,24.4444,76.6667
627.7778,348.8889,24.4444,76.6667
628.8889,350.0000,24.4444,76.6667
627.7778,351.1111,24.4444,76.6667
626.6667,352.2222,24.4444,76.6667
625.5555,353.3333,24.4444,76.6667
624.4445,354.4445,24.4444,76.6667
625.5555,347.7778,24.4444,76.6667
624.4445,348.8889,24.4444,76.6667
623.3333,350.0000,24.4444,76.6667
622.2222,351.1111,24.4444,76.6667
621.1111,344.4445,24.4444,76.6667
617.7778,345.5555,24.4444,76.6667
616.6667,346.6667,24.4444,76.6667
615.5555,347.7778,24.4444,76.6667
614.4445,348.8889,24.4444,76.6667
613.3333,350.0000,24.4444,76.6667
610.0000,351.1111,24.4444,76.6667
608.8889,344.4445,24.4444,76.6667
607.7778,345.5555,24.4444,76.6667
604.4445,346.6667,24.4444,76.6667
603.3333,347.7778,24.4444,76.6667
602.2222,341.1111,24.4444,76.6667
601.1111,342.2222,24.4444,76.6667
600.0000,343.3333,24.4444,76.6667
598.8889,344.4445,24.4444,76.6667
597.7778,345.5555,24.4444,76.6667
596.6667,346.6667,24.4444,76.6667
595.5555,347.7778,24.4444,76.6667
594.4445,348.8889,24.4444,76.6667
593.3333,342.2222,24.4444,76.6667
592.2222,343.3333,24.4444,76.6667
588.8889,344.4445,24.4444,76.6667
587.7778,345.5555,24.4444,76.6667
586.6667,346.6667,24.4444,76.6667
587.7778,347.7778,24.4444,76.6667
586.6667,348.8889,24.4444,76.6667
585.5555,350.0000,24.4444,76.6667
586.6667,351.1111,24.4444,76.6667
585.5555,344.4445,24.4444,76.6667
586.6667,345.5555,24.4444,76.6667
585.5555,346.6667,24.4444,76.6667
586.6667,347.7778,24.4444,76.6667
587.7778,348.8889,24.4444,76.6667
586.6667,342.2222,24.4444,76.6667
587.7778,343.3333,24.4444,76.6667
588.8889,344.4445,24.4444,76.6667
590.0000,345.5555,24.4444,76.6667
591.1111,346.6667,24.4444,76.6667
592.2222,347.7778,24.4444,76.6667
593.3333,341.1111,24.4444,76.6667
594.4445,342.2222,24.4444,76.6667
595.5555,343.3333,24.4444,76.6667
596.6667,344.4445,24.4444,76.6667
597.7778,337.7778,24.4444,76.6667
598.8889,338.8889,24.4444,76.6667
600.0000,340.0000,24.4444,76.6667
601.1111,341.1111,24.4444,76.6667
602.2222,342.2222,24.4444,76.6667
603.3333,335.5555,24.4444,76.6667
606.6667,336.6667,24.4444,76.6667
607.7778,337.7778,24.4444,76.6667
608.8889,338.8889,24.4444,76.6667
610.0000,340.0000,24.4444,76.6667
613.3333,341.1111,24.4444,76.6667
614.4445,342.2222,24.4444,76.6667
615.5555,343.3333,24.4444,76.6667
616.6667,336.6667,24.4444,76.6667
617.7778,337.7778,24.4444,76.6667
618.8889,338.8889,24.4444,76.6667
620.0000,340.0000,24.4444,76.6667
623.3333,341.1111,24.4444,76.6667
624.4445,342.2222,24.4444,76.6667
625.5555,343.3333,24.4444,76.6667
626.6667,344.4445,24.4444,76.6667
625.5555,345.5555,24.4444,76.6667
628.8889,338.8889,24.4444,76.6667
630.0000,340.0000,24.4444,76.6667
631.1111,341.1111,24.4444,76.6667
630.0000,342.2222,24.4444,76.6667
631.1111,343.3333,24.4444,76.6667
632.2222,344.4445,24.4444,76.6667
633.3333,345.5555,24.4444,76.6667
632.2222,346.6667,24.4444,76.6667
633.3333,340.0000,24.4444,76.6667
634.4445,341.1111,24.4444,76.6667
635.5555,342.2222,24.4444,76.6667
634.4445,343.3333,24.4444,76.6667
633.3333,336.6667,24.4444,76.6667
634.4445,337.7778,24.4444,76.6667
633.3333,338.8889,24.4444,76.6667
634.4445,340.0000,24.4444,76.6667
635.5555,341.1111,24.4444,76.6667
636.6667,342.2222,24.4444,76.6667
637.7778,343.3333,24.4444,76.6667
636.6667,344.4445,24.4444,76.6667
637.7778,345.5555,24.4444,76.6667
638.8889,338.8889,24.4444,76.6667
640.0000,340.0000,24.4444,76.6667
641.1111,341.1111,24.4444,76.6667
640.0000,342.2222,24.4444,76.6667
641.1111,343.3333,24.4444,76.6667
640.0000,344.4445,24.4444,76.6667
641.1111,345.5555,24.4444,76.6667
642.2222,346.6667,24.4444,76.6667
641.1111,347.7778,24.4444,76.6667
642.2222,348.8889,24.4444,76.6667
643.3333,342.2222,24.4444,76.6667
642.2222,343.3333,24.4444,76.6667
643.3333,344.4445,24.4444,76.6667
642.2222,345.5555,24.4444,76.6667
643.3333,346.6667,24.4444,76.6667
644.4445,347.7778,24.4444,76.6667
643.3333,348.8889,24.4444,76.6667
644.4445,342.2222,24.4444,76.6667
645.5555,343.3333,24.4444,76.6667
646.6667,336.6667,24.4444,76.6667
645.5555,337.7778,24.4444,76.6667
644.4445,338.8889,24.4444,76.6667
645.5555,340.0000,24.4444,76.6667
646.6667,333.3333,24.4444,76.6667
647.7778,334.4445,24.4444,76.6667
2
0
0
0
0
0
2
0
0
0
0
0
2
0
0
0
0
0
2
0
0
0
0
0
2
0
0
0
0
0
2
0
0
0
0
0
622.2222,357.7778,24.4444,76.6667
623.3333,358.8889,24.4444,76.6667
622.2222,360.0000,24.4444,76.6667
621.1111,361.1111,24.4444,76.6667
622.2222,362.2222,24.4444,76.6667
621.1111,363.3333,24.4444,76.6667
622.2222,364.4445,24.4444,76.6667
621.1111,373.3333,24.4444,76.6667
622.2222,374.4445,24.4444,76.6667
621.1111,375.5555,24.4444,76.6667
622.2222,376.6667,24.4444,76.6667
621.1111,370.0000,24.4444,76.6667
622.2222,371.1111,24.4444,76.6667
621.1111,372.2222,24.4444,76.6667
622.2222,373.3333,24.4444,76.6667
621.1111,374.4445,24.4444,76.6667
622.2222,375.5555,24.4444,76.6667
623.3333,376.6667,24.4444,76.6667
624.4445,377.7778,24.4444,76.6667
625.5555,378.8889,24.4444,76.6667
624.4445,380.0000,24.4444,76.6667
625.5555,381.1111,24.4444,76.6667
626.6667,374.4445,24.4444,76.6667
627.7778,375.5555,24.4444,76.6667
628.8889,376.6667,24.4444,76.6667
627.7778,377.7778,24.4444,76.6667
628.8889,378.8889,24.4444,76.6667
630.0000,380.0000,24.4444,76.6667
628.8889,381.1111,24.4444,76.6667
630.0000,382.2222,24.4444,76.6667
628.8889,383.3333,24.4444,76.6667
630.0000,376.6667,24.4444,76.6667
628.8889,377.7778,24.4444,76.6667
630.0000,378.8889,24.4444,76.6667
628.8889,380.0000,24.4444,76.6667
630.0000,381.1111,24.4444,76.6667
628.8889,382.2222,24.4444,76.6667
630.0000,375.5555,24.4444,76.6667
631.1111,376.6667,24.4444,76.6667
632.2222,377.7778,24.4444,76.6667
631.1111,378.8889,24.4444,76.6667
632.2222,380.0000,24.4444,76.6667
631.1111,381.1111,24.4444,76.6667
632.2222,382.2222,24.4444,76.6667
631.1111,383.3333,24.4444,76.6667
630.0000,384.4445,24.4444,76.6667
628.8889,377.7778,24.4444,76.6667
627.7778,378.8889,24.4444,76.6667
626.6667,380.0000,24.4444,76.6667
625.5555,381.1111,24.4444,76.6667
624.4445,382.2222,24.4444,76.6667
625.5555,383.3333,24.4444,76.6667
622.2222,384.4445,24.4444,76.6667
621.1111,377.7778,24.4444,76.6667
622.2222,378.8889,24.4444,76.6667
618.8889,380.0000,24.4444,76.6667
617.7778,381.1111,24.4444,76.6667
616.6667,382.2222,24.4444,76.6667
615.5555,375.5555,24.4444,76.6667
614.4445,376.6667,24.4444,76.6667
613.3333,377.7778,24.4444,76.6667
614.4445,378.8889,24.4444,76.6667
611.1111,380.0000,24.4444,76.6667
610.0000,381.1111,24.4444,76.6667
608.8889,382.2222,24.4444,76.6667
607.7778,375.5555,24.4444,76.6667
606.6667,376.6667,24.4444,76.6667
605.5555,377.7778,24.4444,76.6667
604.4445,378.8889,24.4444,76.6667
605.5555,380.0000,24.4444,76.6667
604.4445,381.1111,24.4444,76.6667
603.3333,374.4445,24.4444,76.6667
604.4445,375.5555,24.4444,76.6667
603.3333,376.6667,24.4444,76.6667
602.2222,377.7778,24.4444,76.6667
603.3333,378.8889,24.4444,76.6667
602.2222,380.0000,24.4444,76.6667
601.1111,381.1111,24.4444,76.6667
600.0000,382.2222,24.4444,76.6667
601.1111,383.3333,24.4444,76.6667
600.0000,376.6667,24.4444,76.6667
598.8889,377.7778,24.4444,76.6667
600.0000,378.8889,24.4444,76.6667
598.8889,380.0000,24.4444,76.6667
597.7778,381.1111,24.4444,76.6667
598.8889,382.2222,24.4444,76.6667
597.7778,383.3333,24.4444,76.6667
596.6667,376.6667,24.4444,76.6667
597.7778,377.7778,24.4444,76.6667
598.8889,378.8889,24.4444,76.6667
597.7778,380.0000,24.4444,76.6667
598.8889,381.1111,24.4444,76.6667
597.7778,374.4445,24.4444,76.6667
598.8889,375.5555,24.4444,76.6667
600.0000,376.6667,24.4444,76.6667
598.8889,377.7778,24.4444,76.6667
600.0000,378.8889,24.4444,76.6667
601.1111,380.0000,24.4444,76.6667
602.2222,373.3333,24.4444,76.6667
601.1111,374.4445,24.4444,76.6667
602.2222,375.5555,24.4444,76.6667
603.3333,376.6667,24.4444,76.6667
604.4445,377.7778,24.4444,76.6667
605.5555,371.1111,24.4444,76.6667
606.6667,372.2222,24.4444,76.6667
607.7778,373.3333,24.4444,76.6667
608.8889,374.4445,24.4444,76.6667
610.0000,375.5555,24.4444,76.6667
611.1111,376.6667,24.4444,76.6667
612.2222,377.7778,24.4444,76.6667
613.3333,378.8889,24.4444,76.6667
614.4445,372.2222,24.4444,76.6667
613.3333,373.3333,24.4444,76.6667
614.4445,374.4445,24.4444,76.6667
613.3333,375.5555,24.4444,76.6667
614.4445,376.6667,24.4444,76.6667
613.3333,377.7778,24.4444,76.6667
614.4445,371.1111,24.4444,76.6667
613.3333,372.2222,24.4444,76.6667
612.2222,373.3333,24.4444,76.6667
611.1111,374.4445,24.4444,76.6667
612.2222,375.5555,24.4444,76.6667
611.1111,376.6667,24.4444,76.6667
610.0000,370.0000,24.4444,76.6667
608.8889,371.1111,24.4444,76.6667
607.7778,372.2222,24.4444,76.6667
606.6667,373.3333,24.4444,76.6667
605.5555,374.4445,24.4444,76.6667
604.4445,367.7778,24.4444,76.6667
603.3333,368.8889,24.4444,76.6667
602.2222,370.0000,24.4444,76.6667
601.1111,371.1111,24.4444,76.6667
597.7778,372.2222,24.4444,76.6667
596.6667,365.5555,24.4444,76.6667
595.5555,366.6667,24.4444,76.6667
594.4445,367.7778,24.4444,76.6667
593.3333,368.8889,24.4444,76.6667
592.2222,370.0000,24.4444,76.6667
593.3333,371.1111,24.4444,76.6667
592.2222,364.4445,24.4444,76.6667
593.3333,365.5555,24.4444,76.6667
592.2222,366.6667,24.4444,76.6667
593.3333,367.7778,24.4444,76.6667
592.2222,368.8889,24.4444,76.6667
591.1111,370.0000,24.4444,76.6667
592.2222,371.1111,24.4444,76.6667
591.1111,364.4445,24.4444,76.6667
590.0000,365.5555,24.4444,76.6667
588.8889,366.6667,24.4444,76.6667
590.0000,367.7778,24.4444,76.6667
588.8889,368.8889,24.4444,76.6667
590.0000,362.2222,24.4444,76.6667
588.8889,363.3333,24.4444,76.6667
590.0000,364.4445,24.4444,76.6667
588.8889,365.5555,24.4444,76.6667
590.0000,366.6667,24.4444,76.6667
588.8889,367.7778,24.4444,76.6667
590.0000,368.8889,24.4444,76.6667
588.8889,362.2222,24.4444,76.6667
590.0000,363.3333,24.4444,76.6667
588.8889,364.4445,24.4444,76.6667
590.0000,365.5555,24.4444,76.6667
588.8889,358.8889,24.4444,76.6667
590.0000,360.0000,24.4444,76.6667
588.8889,361.1111,24.4444,76.6667
590.0000,362.2222,24.4444,76.6667
588.8889,355.5555,24.4444,76.6667
590.0000,356.6667,24.4444,76.6667
588.8889,357.7778,24.4444,76.6667
590.0000,358.8889,24.4444,76.6667
588.8889,360.0000,24.4444,76.6667
590.0000,353.3333,24.4444,76.6667
591.1111,354.4445,24.4444,76.6667
592.2222,355.5555,24.4444,76.6667
593.3333,356.6667,24.4444,76.6667
592.2222,357.7778,24.4444,76.6667
593.3333,358.8889,24.4444,76.6667
594.4445,360.0000,24.4444,76.6667
595.5555,361.1111,24.4444,76.6667
596.6667,362.2222,24.4444,76.6667
597.7778,355.5555,24.4444,76.6667
598.8889,356.6667,24.4444,76.6667
600.0000,357.7778,24.4444,76.6667
598.8889,351.1111,24.4444,76.6667
600.0000,352.2222,24.4444,76.6667
601.1111,353.3333,24.4444,76.6667
604.4445,354.4445,24.4444,76.6667
605.5555,355.5555,24.4444,76.6667
606.6667,356.6667,24.4444,76.6667
607.7778,357.7778,24.4444,76.6667
608.8889,358.8889,24.4444,76.6667
610.0000,352.2222,24.4444,76.6667
611.1111,353.3333,24.4444,76.6667
612.2222,354.4445,24.4444,76.6667
613.3333,355.5555,24.4444,76.6667
614.4445,356.6667,24.4444,76.6667
615.5555,350.0000,24.4444,76.6667
616.6667,351.1111,24.4444,76.6667
617.7778,352.2222,24.4444,76.6667
618.8889,353.3333,24.4444,76.6667
620.0000,354.4445,24.4444,76.6667
621.1111,347.7778,24.4444,76.6667
622.2222,348.8889,24.4444,76.6667
623.3333,350.0000,24.4444,76.6667
624.4445,351.1111,24.4444,76.6667
625.5555,352.2222,24.4444,76.6667
626.6667,345.5555,24.4444,76.6667
627.7778,346.6667,24.4444,76.6667
628.8889,347.7778,24.4444,76.6667
630.0000,348.8889,24.4444,76.6667
631.1111,350.0000,24.4444,76.6667
630.0000,351.1111,24.4444,76.6667
631.1111,352.2222,24.4444,76.6667
630.0000,345.5555,24.4444,76.6667
631.1111,346.6667,24.4444,76.6667
630.0000,347.7778,24.4444,76.6667
631.1111,348.8889,24.4444,76.6667
630.0000,342.2222,24.4444,76.6667
628.8889,351.1111,24.4444,76.6667
630.0000,344.4445,24.4444,76.6667
628.8889,345.5555,24.4444,76.6667
627.7778,346.6667,24.4444,76.6667
626.6667,347.7778,24.4444,76.6667
627.7778,348.8889,24.4444,76.6667
626.6667,342.2222,24.4444,76.6667
625.5555,343.3333,24.4444,76.6667
626.6667,344.4445,24.4444,76.6667
625.5555,345.5555,24.4444,76.6667
624.4445,346.6667,24.4444,76.6667
623.3333,347.7778,24.4444,76.6667
622.2222,341.1111,24.4444,76.6667
623.3333,342.2222,24.4444,76.6667
622.2222,343.3333,24.4444,76.6667
621.1111,344.4445,24.4444,76.6667
620.0000,337.7778,24.4444,76.6667
621.1111,338.8889,24.4444,76.6667
620.0000,340.0000,24.4444,76.6667
621.1111,341.1111,24.4444,76.6667
620.0000,342.2222,24.4444,76.6667
621.1111,335.5555,24.4444,76.6667
622.2222,336.6667,24.4444,76.6667
621.1111,337.7778,24.4444,76.6667
622.2222,338.8889,24.4444,76.6667
623.3333,340.0000,24.4444,76.6667
624.4445,341.1111,24.4444,76.6667
623.3333,342.2222,24.4444,76.6667
624.4445,343.3333,24.4444,76.6667
625.5555,336.6667,24.4444,76.6667
624.4445,337.7778,24.4444,76.6667
625.5555,338.8889,24.4444,76.6667
624.4445,340.0000,24.4444,76.6667
625.5555,341.1111,24.4444,76.6667
626.6667,342.2222,24.4444,76.6667
625.5555,335.5555,24.4444,76.6667
626.6667,336.6667,24.4444,76.6667
627.7778,337.7778,24.4444,76.6667
628.8889,338.8889,24.4444,76.6667
627.7778,340.0000,24.4444,76.6667
628.8889,333.3333,24.4444,76.6667
630.0000,334.4445,24.4444,76.6667
631.1111,335.5555,24.4444,76.6667
632.2222,336.6667,24.4444,76.6667
633.3333,337.7778,24.4444,76.6667
634.4445,331.1111,24.4444,76.6667
633.3333,332.2222,24.4444,76.6667
636.6667,333.3333,24.4444,76.6667
635.5555,334.4445,24.4444,76.6667
636.6667,335.5555,24.4444,76.6667
637.7778,328.8889,24.4444,76.6667
638.8889,330.0000,24.4444,76.6667
640.0000,331.1111,24.4444,76.6667
641.1111,332.2222,24.4444,76.6667
642.2222,325.5555,24.4444,76.6667
643.3333,326.6667,24.4444,76.6667
644.4445,327.7778,24.4444,76.6667
645.5555,328.8889,24.4444,76.6667
646.6667,330.0000,24.4444,76.6667
647.7778,331.1111,24.4444,76.6667
648.8889,332.2222,24.4444,76.6667
650.0000,325.5555,24.4444,76.6667
648.8889,326.6667,24.4444,76.6667
650.0000,327.7778,24.4444,76.6667
648.8889,328.8889,24.4444,76.6667
650.0000,330.0000,24.4444,76.6667
648.8889,323.3333,24.4444,76.6667
650.0000,324.4445,24.4444,76.6667
648.8889,325.5555,24.4444,76.6667
647.7778,326.6667,24.4444,76.6667
646.6667,327.7778,24.4444,76.6667
645.5555,328.8889,24.4444,76.6667
646.6667,330.0000,24.4444,76.6667
643.3333,323.3333,24.4444,76.6667
644.4445,324.4445,24.4444,76.6667
643.3333,325.5555,24.4444,76.6667
640.0000,326.6667,24.4444,76.6667
641.1111,320.0000,24.4444,76.6667
640.0000,321.1111,24.4444,76.6667
636.6667,322.2222,24.4444,76.6667
635.5555,323.3333,24.4444,76.6667
634.4445,324.4445,24.4444,76.6667
633.3333,325.5555,24.4444,76.6667
632.2222,318.8889,24.4444,76.6667
631.1111,320.0000,24.4444,76.6667
630.0000,321.1111,24.4444,76.6667
631.1111,322.2222,24.4444,76.6667
630.0000,315.5555,24.4444,76.6667
628.8889,316.6667,24.4444,76.6667
627.7778,317.7778,24.4444,76.6667
628.8889,318.8889,24.4444,76.6667
630.0000,320.0000,24.4444,76.6667
628.8889,321.1111,24.4444,76.6667
630.0000,322.2222,24.4444,76.6667
628.8889,323.3333,24.4444,76.6667
627.7778,324.4445,24.4444,76.6667
626.6667,325.5555,24.4444,76.6667
627.7778,326.6667,24.4444,76.6667
626.6667,320.0000,24.4444,76.6667
627.7778,321.1111,24.4444,76.6667
626.6667,322.2222,24.4444,76.6667
625.5555,323.3333,24.4444,76.6667
626.6667,324.4445,24.4444,76.6667
625.5555,325.5555,24.4444,76.6667
624.4445,326.6667,24.4444,76.6667
625.5555,327.7778,24.4444,76.6667
624.4445,321.1111,24.4444,76.6667
625.5555,322.2222,24.4444,76.6667
624.4445,323.3333,24.4444,76.6667
625.5555,324.4445,24.4444,76.6667
624.4445,325.5555,24.4444,76.6667
625.5555,326.6667,24.4444,76.6667
624.4445,320.0000,24.4444,76.6667
625.5555,321.1111,24.4444,76.6667
624.4445,322.2222,24.4444,76.6667
623.3333,323.3333,24.4444,76.6667
624.4445,324.4445,24.4444,76.6667
623.3333,317.7778,24.4444,76.6667
622.2222,318.8889,24.4444,76.6667
623.3333,320.0000,24.4444,76.6667
622.2222,321.1111,24.4444,76.6667
621.1111,322.2222,24.4444,76.6667
620.0000,323.3333,24.4444,76.6667
621.1111,324.4445,24.4444,76.6667
620.0000,325.5555,24.4444,76.6667
621.1111,318.8889,24.4444,76.6667
620.0000,320.0000,24.4444,76.6667
618.8889,321.1111,24.4444,76.6667
617.7778,322.2222,24.4444,76.6667
616.6667,323.3333,24.4444,76.6667
615.5555,324.4445,24.4444,76.6667
614.4445,325.5555,24.4444,76.6667
611.1111,318.8889,24.4444,76.6667
610.0000,327.7778,24.4444,76.6667
611.1111,328.8889,24.4444,76.6667
607.7778,322.2222,24.4444,76.6667
606.6667,323.3333,24.4444,76.6667
605.5555,324.4445,24.4444,76.6667
604.4445,325.5555,24.4444,76.6667
603.3333,326.6667,24.4444,76.6667
602.2222,327.7778,24.4444,76.6667
601.1111,328.8889,24.4444,76.6667
600.0000,322.2222,24.4444,76.6667
598.8889,323.3333,24.4444,76.6667
597.7778,324.4445,24.4444,76.6667
594.4445,325.5555,24.4444,76.6667
593.3333,326.6667,24.4444,76.6667
594.4445,327.7778,24.4444,76.6667
591.1111,328.8889,24.4444,76.6667
590.0000,330.0000,24.4444,76.6667
588.8889,323.3333,24.4444,76.6667
587.7778,324.4445,24.4444,76.6667
586.6667,325.5555,24.4444,76.6667
585.5555,326.6667,24.4444,76.6667
584.4445,320.0000,24.4444,76.6667
583.3333,321.1111,24.4444,76.6667
582.2222,322.2222,24.4444,76.6667
583.3333,323.3333,24.4444,76.6667
582.2222,324.4445,24.4444,76.6667
583.3333,325.5555,24.4444,76.6667
582.2222,326.6667,24.4444,76.6667
581.1111,327.7778,24.4444,76.6667
582.2222,328.8889,24.4444,76.6667
581.1111,330.0000,24.4444,76.6667
580.0000,323.3333,24.4444,76.6667
578.8889,324.4445,24.4444,76.6667
577.7778,325.5555,24.4444,76.6667
578.8889,326.6667,24.4444,76.6667
577.7778,327.7778,24.4444,76.6667
578.8889,328.8889,24.4444,76.6667
577.7778,330.0000,24.4444,76.6667
576.6667,331.1111,24.4444,76.6667
575.5555,324.4445,24.4444,76.6667
576.6667,325.5555,24.4444,76.6667
575.5555,326.6667,24.4444,76.6667
574.4445,327.7778,24.4444,76.6667
575.5555,328.8889,24.4444,76.6667
574.4445,322.2222,24.4444,76.6667
573.3333,323.3333,24.4444,76.6667
572.2222,324.4445,24.4444,76.6667
571.1111,325.5555,24.4444,76.6667
570.0000,326.6667,24.4444,76.6667
568.8889,327.7778,24.4444,76.6667
567.7778,328.8889,24.4444,76.6667
566.6667,322.2222,24.4444,76.6667
565.5555,323.3333,24.4444,76.6667
564.4445,324.4445,24.4444,76.6667
563.3333,325.5555,24.4444,76.6667
562.2222,318.8889,24.4444,76.6667
561.1111,320.0000,24.4444,76.6667
560.0000,321.1111,24.4444,76.6667
558.8889,322.2222,24.4444,76.6667
557.7778,323.3333,24.4444,76.6667
554.4445,324.4445,24.4444,76.6667
553.3333,325.5555,24.4444,76.6667
552.2222,326.6667,24.4444,76.6667
551.1111,327.7778,24.4444,76.6667
547.7778,321.1111,24.4444,76.6667
546.6667,322.2222,24.4444,76.6667
545.5555,315.5555,24.4444,76.6667
544.4445,316.6667,24.4444,76.6667
543.3333,325.5555,24.4444,76.6667
542.2222,318.8889,24.4444,76.6667
541.1111,320.0000,24.4444,76.6667
540.0000,321.1111,24.4444,76.6667
541.1111,322.2222,24.4444,76.6667
537.7778,323.3333,24.4444,76.6667
536.6667,316.6667,24.4444,76.6667
535.5555,317.7778,24.4444,76.6667
536.6667,318.8889,24.4444,76.6667
535.5555,320.0000,24.4444,76.6667
536.6667,321.1111,24.4444,76.6667
533.3333,314.4445,24.4444,76.6667
532.2222,315.5555,24.4444,76.6667
531.1111,316.6667,24.4444,76.6667
530.0000,317.7778,24.4444,76.6667
531.1111,318.8889,24.4444,76.6667
530.0000,312.2222,24.4444,76.6667
531.1111,313.3333,24.4444,76.6667
527.7778,314.4445,24.4444,76.6667
528.8889,315.5555,24.4444,76.6667
527.7778,316.6667,24.4444,76.6667
526.6667,310.0000,24.4444,76.6667
527.7778,311.1111,24.4444,76.6667
526.6667,312.2222,24.4444,76.6667
527.7778,313.3333,24.4444,76.6667
526.6667,314.4445,24.4444,76.6667
527.7778,315.5555,24.4444,76.6667
526.6667,316.6667,24.4444,76.6667
525.5555,317.7778,24.4444,76.6667
526.6667,311.1111,24.4444,76.6667
525.5555,312.2222,24.4444,76.6667
526.6667,305.5555,24.4444,76.6667
525.5555,314.4445,24.4444,76.6667
526.6667,315.5555,24.4444,76.6667
525.5555,316.6667,24.4444,76.6667
524.4445,310.0000,24.4444,76.6667
523.3333,311.1111,24.4444,76.6667
524.4445,312.2222,24.4444,76.6667
523.3333,313.3333,24.4444,76.6667
524.4445,314.4445,24.4444,76.6667
523.3333,307.7778,24.4444,76.6667
522.2222,308.8889,24.4444,76.6667
523.3333,310.0000,24.4444,76.6667
522.2222,311.1111,24.4444,76.6667
521.1111,304.4445,24.4444,76.6667
522.2222,305.5555,24.4444,76.6667
521.1111,306.6667,24.4444,76.6667
522.2222,307.7778,24.4444,76.6667
523.3333,308.8889,24.4444,76.6667
522.2222,302.2222,24.4444,76.6667
523.3333,303.3333,24.4444,76.6667
524.4445,304.4445,24.4444,76.6667
525.5555,305.5555,24.4444,76.6667
528.8889,306.6667,24.4444,76.6667
530.0000,307.7778,24.4444,76.6667
533.3333,308.8889,24.4444,76.6667
532.2222,302.2222,24.4444,76.6667
533.3333,303.3333,24.4444,76.6667
534.4445,304.4445,24.4444,76.6667
537.7778,305.5555,24.4444,76.6667
538.8889,306.6667,24.4444,76.6667
540.0000,307.7778,24.4444,76.6667
543.3333,308.8889,24.4444,76.6667
542.2222,302.2222,24.4444,76.6667
545.5555,303.3333,24.4444,76.6667
546.6667,304.4445,24.4444,76.6667
547.7778,305.5555,24.4444,76.6667
548.8889,306.6667,24.4444,76.6667
550.0000,307.7778,24.4444,76.6667
553.3333,301.1111,24.4444,76.6667
554.4445,302.2222,24.4444,76.6667
555.5555,303.3333,24.4444,76.6667
558.8889,304.4445,24.4444,76.6667
557.7778,305.5555,24.4444,76.6667
561.1111,298.8889,24.4444,76.6667
562.2222,300.0000,24.4444,76.6667
563.3333,301.1111,24.4444,76.6667
564.4445,302.2222,24.4444,76.6667
565.5555,303.3333,24.4444,76.6667
566.6667,296.6667,24.4444,76.6667
567.7778,297.7778,24.4444,76.6667
568.8889,298.8889,24.4444,76.6667
570.0000,300.0000,24.4444,76.6667
568.8889,293.3333,24.4444,76.6667
570.0000,294.4445,24.4444,76.6667
571.1111,295.5555,24.4444,76.6667
572.2222,296.6667,24.4444,76.6667
573.3333,297.7778,24.4444,76.6667
572.2222,298.8889,24.4444,76.6667
573.3333,300.0000,24.4444,76.6667
572.2222,293.3333,24.4444,76.6667
573.3333,294.4445,24.4444,76.6667
572.2222,295.5555,24.4444,76.6667
573.3333,296.6667,24.4444,76.6667
574.4445,297.7778,24.4444,76.6667
573.3333,298.8889,24.4444,76.6667
574.4445,292.2222,24.4444,76.6667
575.5555,293.3333,24.4444,76.6667
574.4445,294.4445,24.4444,76.6667
575.5555,295.5555,24.4444,76.6667
576.6667,296.6667,24.4444,76.6667
577.7778,297.7778,24.4444,76.6667
576.6667,298.8889,24.4444,76.6667
577.7778,292.2222,24.4444,76.6667
578.8889,293.3333,24.4444,76.6667
577.7778,294.4445,24.4444,76.6667
578.8889,287.7778,24.4444,76.6667
580.0000,288.8889,24.4444,76.6667
578.8889,290.0000,24.4444,76.6667
580.0000,291.1111,24.4444,76.6667
581.1111,292.2222,24.4444,76.6667
582.2222,293.3333,24.4444,76.6667
581.1111,286.6667,24.4444,76.6667
580.0000,287.7778,24.4444,76.6667
581.1111,288.8889,24.4444,76.6667
582.2222,290.0000,24.4444,76.6667
581.1111,283.3333,24.4444,76.6667
582.2222,284.4445,24.4444,76.6667
583.3333,285.5555,24.4444,76.6667
584.4445,286.6667,24.4444,76.6667
585.5555,287.7778,24.4444,76.6667
584.4445,288.8889,24.4444,76.6667
585.5555,290.0000,24.4444,76.6667
586.6667,291.1111,24.4444,76.6667
587.7778,292.2222,24.4444,76.6667
586.6667,293.3333,24.4444,76.6667
587.7778,286.6667,24.4444,76.6667
588.8889,287.7778,24.4444,76.6667
587.7778,288.8889,24.4444,76.6667
588.8889,290.0000,24.4444,76.6667
587.7778,291.1111,24.4444,76.6667
588.8889,292.2222,24.4444,76.6667
590.0000,293.3333,24.4444,76.6667
588.8889,294.4445,24.4444,76.6667
590.0000,287.7778,24.4444,76.6667
591.1111,288.8889,24.4444,76.6667
590.0000,290.0000,24.4444,76.6667
591.1111,291.1111,24.4444,76.6667
590.0000,292.2222,24.4444,76.6667
591.1111,293.3333,24.4444,76.6667
592.2222,294.4445,24.4444,76.6667
593.3333,287.7778,24.4444,76.6667
592.2222,288.8889,24.4444,76.6667
593.3333,290.0000,24.4444,76.6667
594.4445,291.1111,24.4444,76.6667
595.5555,292.2222,24.4444,76.6667
594.4445,293.3333,24.4444,76.6667
595.5555,294.4445,24.4444,76.6667
594.4445,287.7778,24.4444,76.6667
595.5555,288.8889,24.4444,76.6667
596.6667,290.0000,24.4444,76.6667
597.7778,291.1111,24.4444,76.6667
598.8889,292.2222,24.4444,76.6667
600.0000,285.5555,24.4444,76.6667
601.1111,286.6667,24.4444,76.6667
600.0000,287.7778,24.4444,76.6667
603.3333,288.8889,24.4444,76.6667
602.2222,290.0000,24.4444,76.6667
603.3333,291.1111,24.4444,76.6667
604.4445,292.2222,24.4444,76.6667
605.5555,293.3333,24.4444,76.6667
604.4445,286.6667,24.4444,76.6667
605.5555,287.7778,24.4444,76.6667
604.4445,288.8889,24.4444,76.6667
605.5555,290.0000,24.4444,76.6667
606.6667,291.1111,24.4444,76.6667
607.7778,292.2222,24.4444,76.6667
606.6667,293.3333,24.4444,76.6667
607.7778,294.4445,24.4444,76.6667
608.8889,295.5555,24.4444,76.6667
607.7778,288.8889,24.4444,76.6667
608.8889,290.0000,24.4444,76.6667
610.0000,291.1111,24.4444,76.6667
608.8889,292.2222,24.4444,76.6667
610.0000,293.3333,24.4444,76.6667
608.8889,286.6667,24.4444,76.6667
610.0000,287.7778,24.4444,76.6667
608.8889,288.8889,24.4444,76.6667
610.0000,290.0000,24.4444,76.6667
611.1111,291.1111,24.4444,76.6667
610.0000,284.4445,24.4444,76.6667
611.1111,285.5555,24.4444,76.6667
610.0000,286.6667,24.4444,76.6667
611.1111,287.7778,24.4444,76.6667
610.0000,288.8889,24.4444,76.6667
611.1111,290.0000,24.4444,76.6667
612.2222,291.1111,24.4444,76.6667
613.3333,292.2222,24.4444,76.6667
612.2222,285.5555,24.4444,76.6667
613.3333,286.6667,24.4444,76.6667
614.4445,287.7778,24.4444,76.6667
613.3333,288.8889,24.4444,76.6667
614.4445,290.0000,24.4444,76.6667
613.3333,291.1111,24.4444,76.6667
612.2222,284.4445,24.4444,76.6667
613.3333,285.5555,24.4444,76.6667
614.4445,286.6667,24.4444,76.6667
613.3333,287.7778,24.4444,76.6667
614.4445,288.8889,24.4444,76.6667
613.3333,290.0000,24.4444,76.6667
614.4445,291.1111,24.4444,76.6667
613.3333,284.4445,24.4444,76.6667
612.2222,285.5555,24.4444,76.6667
613.3333,286.6667,24.4444,76.6667
612.2222,287.7778,24.4444,76.6667
611.1111,288.8889,24.4444,76.6667
612.2222,282.2222,24.4444,76.6667
611.1111,283.3333,24.4444,76.6667
610.0000,284.4445,24.4444,76.6667
608.8889,285.5555,24.4444,76.6667
610.0000,286.6667,24.4444,76.6667
608.8889,287.7778,24.4444,76.6667
607.7778,281.1111,24.4444,76.6667
606.6667,282.2222,24.4444,76.6667
605.5555,283.3333,24.4444,76.6667
604.4445,284.4445,24.4444,76.6667
605.5555,285.5555,24.4444,76.6667
604.4445,278.8889,24.4444,76.6667
603.3333,280.0000,24.4444,76.6667
604.4445,281.1111,24.4444,76.6667
603.3333,282.2222,24.4444,76.6667
602.2222,283.3333,24.4444,76.6667
601.1111,284.4445,24.4444,76.6667
600.0000,285.5555,24.4444,76.6667
598.8889,286.6667,24.4444,76.6667
597.7778,287.7778,24.4444,76.6667
596.6667,281.1111,24.4444,76.6667
595.5555,282.2222,24.4444,76.6667
594.4445,283.3333,24.4444,76.6667
593.3333,284.4445,24.4444,76.6667
592.2222,285.5555,24.4444,76.6667
591.1111,286.6667,24.4444,76.6667
590.0000,287.7778,24.4444,76.6667
588.8889,281.1111,24.4444,76.6667
585.5555,282.2222,24.4444,76.6667
584.4445,283.3333,24.4444,76.6667
583.3333,284.4445,24.4444,76.6667
582.2222,285.5555,24.4444,76.6667
581.1111,286.6667,24.4444,76.6667
577.7778,280.0000,24.4444,76.6667
576.6667,281.1111,24.4444,76.6667
575.5555,282.2222,24.4444,76.6667
574.4445,283.3333,24.4444,76.6667
573.3333,284.4445,24.4444,76.6667
572.2222,285.5555,24.4444,76.6667
568.8889,278.8889,24.4444,76.6667
567.7778,280.0000,24.4444,76.6667
566.6667,281.1111,24.4444,76.6667
565.5555,282.2222,24.4444,76.6667
564.4445,283.3333,24.4444,76.6667
563.3333,284.4445,24.4444,76.6667
562.2222,285.5555,24.4444,76.6667
561.1111,278.8889,24.4444,76.6667
560.0000,280.0000,24.4444,76.6667
558.8889,281.1111,24.4444,76.6667
557.7778,282.2222,24.4444,76.6667
556.6667,283.3333,24.4444,76.6667
555.5555,284.4445,24.4444,76.6667
556.6667,285.5555,24.4444,76.6667
553.3333,278.8889,24.4444,76.6667
552.2222,280.0000,24.4444,76.6667
551.1111,281.1111,24.4444,76.6667
552.2222,282.2222,24.4444,76.6667
551.1111,283.3333,24.4444,76.6667
550.0000,284.4445,24.4444,76.6667
551.1111,285.5555,24.4444,76.6667
550.0000,286.6667,24.4444,76.6667
551.1111,287.7778,24.4444,76.6667
550.0000,288.8889,24.4444,76.6667
548.8889,282.2222,24.4444,76.6667
550.0000,283.3333,24.4444,76.6667
551.1111,284.4445,24.4444,76.6667
550.0000,285.5555,24.4444,76.6667
551.1111,286.6667,24.4444,76.6667
550.0000,287.7778,24.4444,76.6667
553.3333,288.8889,24.4444,76.6667
552.2222,282.2222,24.4444,76.6667
551.1111,283.3333,24.4444,76.6667
552.2222,284.4445,24.4444,76.6667
553.3333,285.5555,24.4444,76.6667
554.4445,278.8889,24.4444,76.6667
555.5555,280.0000,24.4444,76.6667
556.6667,281.1111,24.4444,76.6667
555.5555,282.2222,24.4444,76.6667
558.8889,283.3333,24.4444,76.6667
557.7778,284.4445,24.4444,76.6667
558.8889,285.5555,24.4444,76.6667
557.7778,286.6667,24.4444,76.6667
558.8889,287.7778,24.4444,76.6667
557.7778,288.8889,24.4444,76.6667
558.8889,282.2222,24.4444,76.6667
557.7778,283.3333,24.4444,76.6667
556.6667,284.4445,24.4444,76.6667
557.7778,285.5555,24.4444,76.6667
556.6667,286.6667,24.4444,76.6667
557.7778,287.7778,24.4444,76.6667
556.6667,288.8889,24.4444,76.6667
555.5555,282.2222,24.4444,76.6667
556.6667,283.3333,24.4444,76.6667
555.5555,284.4445,24.4444,76.6667
556.6667,285.5555,24.4444,76.6667
553.3333,286.6667,24.4444,76.6667
552.2222,287.7778,24.4444,76.6667
553.3333,288.8889,24.4444,76.6667
552.2222,282.2222,24.4444,76.6667
551.1111,283.3333,24.4444,76.6667
550.0000,284.4445,24.4444,76.6667
551.1111,285.5555,24.4444,76.6667
547.7778,286.6667,24.4444,76.6667
546.6667,287.7778,24.4444,76.6667
547.7778,281.1111,24.4444,76.6667
546.6667,290.0000,24.4444,76.6667
547.7778,283.3333,24.4444,76.6667
546.6667,284.4445,24.4444,76.6667
545.5555,285.5555,24.4444,76.6667
546.6667,286.6667,24.4444,76.6667
545.5555,287.7778,24.4444,76.6667
546.6667,288.8889,24.4444,76.6667
545.5555,290.0000,24.4444,76.6667
546.6667,291.1111,24.4444,76.6667
545.5555,284.4445,24.4444,76.6667
546.6667,285.5555,24.4444,76.6667
545.5555,286.6667,24.4444,76.6667
546.6667,287.7778,24.4444,76.6667
545.5555,288.8889,24.4444,76.6667
546.6667,290.0000,24.4444,76.6667
545.5555,291.1111,24.4444,76.6667
546.6667,292.2222,24.4444,76.6667
545.5555,285.5555,24.4444,76.6667
546.6667,286.6667,24.4444,76.6667
545.5555,287.7778,24.4444,76.6667
546.6667,288.8889,24.4444,76.6667
543.3333,290.0000,24.4444,76.6667
542.2222,283.3333,24.4444,76.6667
543.3333,284.4445,24.4444,76.6667
542.2222,285.5555,24.4444,76.6667
541.1111,286.6667,24.4444,76.6667
540.0000,287.7778,24.4444,76.6667
541.1111,288.8889,24.4444,76.6667
540.0000,290.0000,24.4444,76.6667
541.1111,291.1111,24.4444,76.6667
537.7778,292.2222,24.4444,76.6667
536.6667,285.5555,24.4444,76.6667
537.7778,286.6667,24.4444,76.6667
534.4445,287.7778,24.4444,76.6667
535.5555,288.8889,24.4444,76.6667
536.6667,290.0000,24.4444,76.6667
533.3333,291.1111,24.4444,76.6667
534.4445,292.2222,24.4444,76.6667
533.3333,293.3333,24.4444,76.6667
532.2222,294.4445,24.4444,76.6667
531.1111,287.7778,24.4444,76.6667
532.2222,288.8889,24.4444,76.6667
531.1111,290.0000,24.4444,76.6667
530.0000,291.1111,24.4444,76.6667
531.1111,292.2222,24.4444,76.6667
527.7778,293.3333,24.4444,76.6667
526.6667,294.4445,24.4444,76.6667
527.7778,295.5555,24.4444,76.6667
526.6667,288.8889,24.4444,76.6667
527.7778,297.7778,24.4444,76.6667
524.4445,291.1111,24.4444,76.6667
525.5555,292.2222,24.4444,76.6667
526.6667,293.3333,24.4444,76.6667
525.5555,294.4445,24.4444,76.6667
524.4445,295.5555,24.4444,76.6667
523.3333,296.6667,24.4444,76.6667
524.4445,297.7778,24.4444,76.6667
523.3333,291.1111,24.4444,76.6667
522.2222,292.2222,24.4444,76.6667
523.3333,293.3333,24.4444,76.6667
522.2222,286.6667,24.4444,76.6667
523.3333,295.5555,24.4444,76.6667
522.2222,281.1111,24.4444,76.6667
521.1111,282.2222,24.4444,76.6667
522.2222,283.3333,24.4444,76.6667
521.1111,284.4445,24.4444,76.6667
522.2222,285.5555,24.4444,76.6667
521.1111,286.6667,24.4444,76.6667
2
0
0
0
0
0
2
0
0
0
0
0
2
0
0
0
0
0
2
0
0
0
0
0
2
0
0
0
0
0
547.7778,293.3333,24.4444,76.6667
548.8889,286.6667,24.4444,76.6667
550.0000,287.7778,24.4444,76.6667
551.1111,288.8889,24.4444,76.6667
550.0000,290.0000,24.4444,76.6667
551.1111,291.1111,24.4444,76.6667
550.0000,292.2222,24.4444,76.6667
551.1111,285.5555,24.4444,76.6667
550.0000,286.6667,24.4444,76.6667
551.1111,287.7778,24.4444,76.6667
550.0000,288.8889,24.4444,76.6667
551.1111,290.0000,24.4444,76.6667
547.7778,291.1111,24.4444,76.6667
548.8889,284.4445,24.4444,76.6667
547.7778,285.5555,24.4444,76.6667
546.6667,286.6667,24.4444,76.6667
545.5555,287.7778,24.4444,76.6667
546.6667,288.8889,24.4444,76.6667
543.3333,290.0000,24.4444,76.6667
544.4445,291.1111,24.4444,76.6667
543.3333,292.2222,24.4444,76.6667
542.2222,293.3333,24.4444,76.6667
541.1111,294.4445,24.4444,76.6667
540.0000,287.7778,24.4444,76.6667
541.1111,288.8889,24.4444,76.6667
537.7778,290.0000,24.4444,76.6667
538.8889,291.1111,24.4444,76.6667
535.5555,284.4445,24.4444,76.6667
536.6667,285.5555,24.4444,76.6667
535.5555,286.6667,24.4444,76.6667
534.4445,287.7778,24.4444,76.6667
533.3333,288.8889,24.4444,76.6667
532.2222,290.0000,24.4444,76.6667
531.1111,291.1111,24.4444,76.6667
530.0000,284.4445,24.4444,76.6667
531.1111,285.5555,24.4444,76.6667
530.0000,286.6667,24.4444,76.6667
528.8889,287.7778,24.4444,76.6667
527.7778,288.8889,24.4444,76.6667
526.6667,290.0000,24.4444,76.6667
527.7778,291.1111,24.4444,76.6667
526.6667,284.4445,24.4444,76.6667
525.5555,285.5555,24.4444,76.6667
526.6667,286.6667,24.4444,76.6667
525.5555,287.7778,24.4444,76.6667
524.4445,288.8889,24.4444,76.6667
523.3333,290.0000,24.4444,76.6667
522.2222,283.3333,24.4444,76.6667
521.1111,284.4445,24.4444,76.6667
520.0000,285.5555,24.4444,76.6667
521.1111,286.6667,24.4444,76.6667
520.0000,287.7778,24.4444,76.6667
521.1111,288.8889,24.4444,76.6667
517.7778,282.2222,24.4444,76.6667
518.8889,283.3333,24.4444,76.6667
517.7778,284.4445,24.4444,76.6667
518.8889,285.5555,24.4444,76.6667
517.7778,286.6667,24.4444,76.6667
516.6667,287.7778,24.4444,76.6667
515.5555,281.1111,24.4444,76.6667
516.6667,282.2222,24.4444,76.6667
515.5555,283.3333,24.4444,76.6667
518.8889,284.4445,24.4444,76.6667
517.7778,285.5555,24.4444,76.6667
516.6667,286.6667,24.4444,76.6667
517.7778,280.0000,24.4444,76.6667
