1
628.0000,314.0000,22.0000,63.0000
625.0000,317.0000,22.0000,63.0000
622.0000,314.0000,22.0000,63.0000
621.0000,317.0000,22.0000,63.0000
618.0000,314.0000,22.0000,63.0000
615.0000,317.0000,22.0000,63.0000
612.0000,314.0000,22.0000,63.0000
609.0000,311.0000,22.0000,63.0000
608.0000,314.0000,22.0000,63.0000
603.0000,311.0000,22.0000,63.0000
602.0000,314.0000,22.0000,63.0000
599.0000,311.0000,22.0000,63.0000
596.0000,314.0000,22.0000,63.0000
593.0000,311.0000,22.0000,63.0000
590.0000,314.0000,22.0000,63.0000
587.0000,317.0000,22.0000,63.0000
584.0000,314.0000,22.0000,63.0000
581.0000,317.0000,22.0000,63.0000
578.0000,314.0000,22.0000,63.0000
575.0000,317.0000,22.0000,63.0000
570.0000,314.0000,22.0000,63.0000
567.0000,311.0000,22.0000,63.0000
564.0000,314.0000,22.0000,63.0000
561.0000,311.0000,22.0000,63.0000
556.0000,314.0000,22.0000,63.0000
553.0000,317.0000,22.0000,63.0000
548.0000,314.0000,22.0000,63.0000
545.0000,317.0000,22.0000,63.0000
542.0000,314.0000,22.0000,63.0000
539.0000,317.0000,22.0000,63.0000
536.0000,314.0000,22.0000,63.0000
531.0000,317.0000,22.0000,63.0000
528.0000,314.0000,22.0000,63.0000
523.0000,311.0000,22.0000,63.0000
518.0000,308.0000,22.0000,63.0000
515.0000,311.0000,22.0000,63.0000
510.0000,308.0000,22.0000,63.0000
507.0000,311.0000,22.0000,63.0000
504.0000,314.0000,22.0000,63.0000
499.0000,317.0000,22.0000,63.0000
494.0000,314.0000,22.0000,63.0000
491.0000,317.0000,22.0000,63.0000
488.0000,314.0000,22.0000,63.0000
483.0000,311.0000,22.0000,63.0000
478.0000,314.0000,22.0000,63.0000
473.0000,311.0000,22.0000,63.0000
470.0000,308.0000,22.0000,63.0000
465.0000,311.0000,22.0000,63.0000
462.0000,314.0000,22.0000,63.0000
457.0000,311.0000,22.0000,63.0000
454.0000,314.0000,22.0000,63.0000
451.0000,317.0000,22.0000,63.0000
450.0000,314.0000,22.0000,63.0000
447.0000,311.0000,22.0000,63.0000
444.0000,314.0000,22.0000,63.0000
441.0000,311.0000,22.0000,63.0000
440.0000,308.0000,22.0000,63.0000
441.0000,305.0000,22.0000,63.0000
440.0000,308.0000,22.0000,63.0000
441.0000,305.0000,22.0000,63.0000
442.0000,308.0000,22.0000,63.0000
443.0000,305.0000,22.0000,63.0000
446.0000,308.0000,22.0000,63.0000
447.0000,305.0000,22.0000,63.0000
450.0000,308.0000,22.0000,63.0000
453.0000,299.0000,22.0000,63.0000
454.0000,296.0000,22.0000,63.0000
457.0000,299.0000,22.0000,63.0000
460.0000,296.0000,22.0000,63.0000
463.0000,293.0000,22.0000,63.0000
466.0000,296.0000,22.0000,63.0000
469.0000,299.0000,22.0000,63.0000
472.0000,296.0000,22.0000,63.0000
473.0000,299.0000,22.0000,63.0000
476.0000,290.0000,22.0000,63.0000
479.0000,293.0000,22.0000,63.0000
480.0000,290.0000,22.0000,63.0000
483.0000,287.0000,22.0000,63.0000
484.0000,284.0000,22.0000,63.0000
487.0000,287.0000,22.0000,63.0000
490.0000,284.0000,22.0000,63.0000
491.0000,281.0000,22.0000,63.0000
494.0000,284.0000,22.0000,63.0000
495.0000,287.0000,22.0000,63.0000
496.0000,278.0000,22.0000,63.0000
499.0000,275.0000,22.0000,63.0000
502.0000,272.0000,22.0000,63.0000
503.0000,269.0000,22.0000,63.0000
506.0000,266.0000,22.0000,63.0000
511.0000,269.0000,22.0000,63.0000
516.0000,272.0000,22.0000,63.0000
511.0000,275.0000,22.0000,63.0000
516.0000,278.0000,22.0000,63.0000
519.0000,275.0000,22.0000,63.0000
526.0000,278.0000,22.0000,63.0000
531.0000,281.0000,22.0000,63.0000
2
0
0
0
0
0
2
0
0
0
0
0
2
0
0
0
0
0
2
0
0
0
0
0
2
0
0
0
0
0
2
0
0
0
0
0
2
0
0
0
0
0
2
0
0
0
0
0
2
0
0
0
0
0
2
0
0
0
0
0
2
0
0
0
0
0
2
0
0
0
0
0
2
0
0
0
0
0
2
0
0
0
0
0
2
0
0
0
0
0
2
0
0
0
0
0
2
0
0
0
0
0
2
0
0
0
0
0
2
0
0
0
0
0
2
0
0
0
0
0
2
0
0
0
0
0
2
0
0
0
0
0
2
0
0
0
0
0
2
0
0
0
0
0
2
0
0
0
0
0
2
0
0
0
0
0
2
0
0
0
0
0
2
0
0
0
0
0
2
0
0
0
0
0
2
0
0
0
0
0
2
0
0
0
0
0
2
0
0
0
0
0
2
0
0
0
0
0
2
0
0
0
0
0
2
0
0
0
0
0
2
0
0
0
0
0
2
0
0
0
0
0
2
0
0
0
0
0
2
0
0
0
0
0
2
0
0
0
0
0
2
0
0
0
0
0
2
0
0
0
0
0
2
0
0
0
0
0
2
0
0
0
0
0
2
0
0
0
0
0
2
0
0
0
0
0
2
0
0
0
0
0
2
0
0
0
0
0
2
0
0
0
0
0
2
0
0
0
0
0
2
0
0
0
0
0
2
0
0
0
0
0
2
0
0
0
0
0
2
0
0
0
0
0
2
0
0
0
0
0
2
0
0
0
0
0
2
0
0
0
0
0
2
0
0
0
0
0
2
0
0
0
0
0
2
0
0
0
0
0
2
0
0
0
0
0
2
0
0
0
0
0
2
0
0
0
0
0
2
0
0
0
0
0
2
0
0
0
0
0
2
0
0
0
0
0
2
0
0
0
0
0
2
0
0
0
0
0
2
0
0
0
0
0
2
0
0
0
0
0
2
0
0
0
0
0
2
0
0
0
0
0
2
0
0
0
0
0
2
0
0
0
0
0
2
0
0
0
0
0
2
0
0
0
0
0
2
0
0
0
0
0
2
0
0
0
0
0
2
0
0
0
0
0
2
0
0
0
0
0
2
0
0
0
0
0
2
0
0
0
0
0
2
0
0
0
0
0
2
0
0
0
0
0
2
0
0
0
0
0
2
0
0
0
0
0
2
0
0
0
0
0
2
0
0
0
0
0
2
0
0
0
0
0
2
0
0
0
0
0
2
0
0
0
0
0
2
0
0
0
0
0
2
0
0
0
0
0
2
0
0
0
0
0
2
0
0
0
0
0
2
0
0
0
0
0
2
0
0
0
0
0
2
0
0
0
0
0
2
0
0
0
0
0
2
0
0
0
0
0
2
0
0
0
0
0
2
0
0
0
0
0
2
0
0
0
0
0
2
0
0
0
0
0
2
0
0
0
0
0
2
0
0
0
0
0
2
0
0
0
0
0
2
0
0
0
0
0
2
0
0
0
0
0
2
0
0
0
0
0
2
0
0
0
0
0
2
0
0
0
0
0
2
0
0
0
0
0
2
0
0
0
0
0
2
0
0
0
0
0
2
0
0
0
0
0
2
0
0
0
0
0
2
0
0
0
0
0
2
0
0
0
0
0
2
0
0
0
0
0
2
0
0
0
0
0
2
0
0
0
0
0
2
0
0
0
0
0
2
0
0
0
0
0
2
0
0
0
0
0
2
0
0
0
0
0
2
0
0
0
0
0
2
0
0
0
0
0
2
0
0
0
0
0
2
0
0
0
0
0
2
0
0
0
0
0
2
0
0
0
0
0
2
0
0
0
0
0
2
0
0
0
0
0
2
0
0
0
0
0
