1
608.9275,170.7975,29.1450,81.4050
609.1461,171.4080,28.7078,80.1839
609.2896,171.8090,28.4207,79.3821
609.2186,171.6105,28.5629,79.7790
609.1472,171.4111,28.7057,80.1779
609.2189,171.6115,28.5621,79.7770
609.2903,171.8109,28.4193,79.3781
605.4340,172.0094,28.2772,78.9812
605.6461,172.6017,27.8531,77.7965
605.7157,176.6454,27.7138,77.4075
605.7157,176.6454,27.7138,77.4075
605.7157,176.6454,27.7138,77.4075
605.7157,176.6454,27.7138,77.4075
601.7780,176.4519,27.8524,77.7946
601.8477,176.6463,27.7131,77.4056
601.6398,176.0658,28.1288,78.5667
601.4288,179.4419,28.5507,79.7452
601.4288,175.4765,28.5507,79.7452
597.5547,175.6759,28.4080,79.3465
597.5547,175.6759,28.4080,79.3465
597.5547,175.6759,28.4080,79.3465
597.5547,175.6759,28.4080,79.3465
597.6967,176.0726,28.1239,78.5530
597.6967,176.0726,28.1239,78.5530
597.6967,176.0726,28.1239,78.5530
597.8373,176.4654,27.8427,77.7675
593.7035,179.8072,28.2603,78.9340
593.4915,179.2152,28.6842,80.1180
593.3481,178.8146,28.9711,80.9192
593.3481,178.8146,28.9711,80.9192
593.3481,178.8146,28.9711,80.9192
593.5654,179.4215,28.5365,79.7054
593.7794,180.0193,28.1084,78.5098
593.7794,180.0193,28.1084,78.5098
593.7794,180.0193,28.1084,78.5098
593.7794,180.0193,28.1084,78.5098
593.8497,180.2156,27.9679,78.1172
593.7798,180.0203,28.1077,78.5078
589.6065,179.4315,28.5294,79.6854
589.8205,180.0291,28.1014,78.4902
589.8205,180.0291,28.1014,78.4902
589.6800,179.6367,28.3824,79.2751
589.8219,180.0330,28.0986,78.4823
589.6111,179.4444,28.5201,79.6595
589.8251,180.0419,28.0923,78.4647
585.6542,179.4534,28.5137,79.6416
585.6542,179.4534,28.5137,79.6416
585.8680,180.0507,28.0860,78.4470
585.8680,180.0507,28.0860,78.4470
585.8680,180.0507,28.0860,78.4470
586.0787,180.6390,27.6647,77.2703
582.4131,181.0254,27.3880,76.4976
582.2761,180.6429,27.6619,77.2626
582.2070,180.4497,27.8002,77.6489
582.0680,180.0615,28.0782,78.4254
581.8574,179.4733,28.4994,79.6017
581.8574,179.4733,28.4994,79.6017
581.9286,179.6723,28.3569,79.2037
582.0704,180.0683,28.0733,78.4117
582.2108,180.4604,27.7926,77.6276
582.0718,180.0723,28.0705,78.4039
582.2122,180.4643,27.7898,77.6198
582.0038,179.8821,28.2067,78.7841
577.9059,179.4882,28.4887,79.5720
577.8347,179.2893,28.6312,79.9698
577.9063,179.4892,28.4880,79.5700
578.1200,180.0860,28.0607,78.3764
577.9095,179.4982,28.4816,79.5521
577.9095,179.4982,28.4816,79.5521
577.9095,179.4982,28.4816,79.5521
577.8383,179.2993,28.6240,79.9498
577.7668,179.0994,28.7671,80.3496
577.6948,178.8985,28.9110,80.7513
577.6948,178.8985,28.9110,80.7513
581.8669,175.5490,28.4773,79.5401
582.0092,175.9467,28.1925,78.7447
582.0797,176.1435,28.0516,78.3509
582.2200,176.5353,27.7711,77.5674
582.2200,176.5353,27.7711,77.5674
582.4283,177.1171,27.3545,76.4039
582.4283,177.1171,27.3545,76.4039
582.2231,176.5440,27.7648,77.5500
582.2925,176.7379,27.6260,77.1622
582.2234,176.5450,27.7641,77.5480
582.4317,177.1266,27.3476,76.3848
582.2266,176.5537,27.7579,77.5306
582.0184,175.9722,28.1742,78.6935
581.8775,175.5788,28.4560,79.4805
581.6641,174.9827,28.8828,80.6727
581.8085,171.4146,28.5940,79.8660
581.8085,171.4146,28.5940,79.8660
581.9515,171.8140,28.3080,79.0673
581.9515,171.8140,28.3080,79.0673
581.8099,171.4186,28.5911,79.8580
581.6670,171.0193,28.8770,80.6565
581.5226,170.6161,29.1658,81.4631
581.3038,170.0051,29.6033,82.6851
581.3779,166.1208,29.4553,82.2716
581.5988,166.7378,29.0134,81.0376
581.8164,167.3456,28.5782,79.8220
581.8164,167.3456,28.5782,79.8220
581.8878,167.5452,28.4354,79.4229
582.0300,167.9423,28.1510,78.6287
581.9597,167.7457,28.2918,79.0218
582.0303,167.9433,28.1503,78.6267
585.9401,167.9433,28.1503,78.6267
586.1512,164.6818,27.7280,77.4473
586.0126,164.2946,28.0053,78.2218
586.0126,164.2946,28.0053,78.2218
585.9426,164.0990,28.1454,78.6129
586.0129,164.2956,28.0046,78.2198
585.9429,164.1000,28.1446,78.6109
586.0133,164.2966,28.0039,78.2179
585.9433,164.1010,28.1439,78.6089
585.7322,163.5114,28.5661,79.7881
585.5894,163.1125,28.8518,80.5860
585.3730,162.5081,29.2845,81.7947
585.5194,162.9171,28.9917,80.9768
585.5194,162.9171,28.9917,80.9768
585.5194,162.9171,28.9917,80.9768
585.5194,162.9171,28.9917,80.9768
589.7031,159.5582,28.5568,79.7622
589.9172,160.1564,28.1285,78.5657
589.9172,160.1564,28.1285,78.5657
589.9876,160.3528,27.9878,78.1729
589.9176,160.1574,28.1278,78.5638
589.9176,160.1574,28.1278,78.5638
589.9176,160.1574,28.1278,78.5638
590.0582,156.6826,27.8465,77.7781
589.9190,156.2937,28.1250,78.5559
589.9190,156.2937,28.1250,78.5559
589.9190,156.2937,28.1250,78.5559
589.9190,156.2937,28.1250,78.5559
590.0596,156.6865,27.8437,77.7703
589.9204,156.2977,28.1221,78.5480
589.9907,156.4940,27.9815,78.1553
593.9276,156.6894,27.8416,77.7645
593.9276,156.6894,27.8416,77.7645
594.0668,157.0782,27.5632,76.9869
594.2735,157.6557,27.1498,75.8321
594.2056,157.4661,27.2855,76.2112
594.2739,157.6566,27.1491,75.8302
594.2739,157.6566,27.1491,75.8302
594.1381,157.2775,27.4206,76.5885
594.2067,157.4689,27.2835,76.2055
594.2748,157.6594,27.1470,75.8245
594.4106,158.0386,26.8756,75.0663
598.0948,157.8509,27.0100,75.4416
598.2299,158.2281,26.7399,74.6872
598.2299,158.2281,26.7399,74.6872
598.2299,158.2281,26.7399,74.6872
598.3635,158.6015,26.4725,73.9403
598.2312,158.2318,26.7372,74.6797
598.3649,158.6052,26.4698,73.9329
598.1663,158.0507,26.8669,75.0419
597.9648,157.4879,27.2699,76.1675
597.8285,157.1071,27.5426,76.9292
597.7596,156.9148,27.6803,77.3139
597.7596,156.9148,27.6803,77.3139
597.7596,156.9148,27.6803,77.3139
597.7596,156.9148,27.6803,77.3139
597.7596,156.9148,27.6803,77.3139
597.9672,157.4946,27.2651,76.1542
597.8990,157.3042,27.4014,76.5349
597.8306,160.9377,27.5384,76.9176
597.7617,160.7454,27.6761,77.3022
597.5541,160.1656,28.0912,78.4617
597.7648,160.7541,27.6699,77.2848
597.8340,160.9473,27.5315,76.8984
597.7652,164.5980,27.6692,77.2829
597.8344,164.7912,27.5308,76.8964
597.8344,164.7912,27.5308,76.8964
598.0408,165.3679,27.1179,75.7430
598.1086,165.5573,26.9823,75.3643
598.1086,165.5573,26.9823,75.3643
598.1086,165.5573,26.9823,75.3643
598.2435,165.9341,26.7125,74.6106
598.2435,165.9341,26.7125,74.6106
598.1100,165.5610,26.9796,75.3568
598.1100,165.5610,26.9796,75.3568
598.3123,166.1262,26.5749,74.2264
598.3123,169.8172,26.5749,74.2264
598.1130,169.2605,26.9735,75.3398
598.1130,169.2605,26.9735,75.3398
598.1130,169.2605,26.9735,75.3398
598.1804,169.4488,26.8386,74.9631
598.0463,169.0740,27.1070,75.7127
594.1082,168.6954,27.3781,76.4699
594.2451,169.0778,27.1043,75.7052
594.3806,169.4563,26.8333,74.9481
594.5818,170.0184,26.4308,73.8239
594.5818,170.0184,26.4308,73.8239
594.4497,169.6493,26.6951,74.5621
594.3162,169.2765,26.9620,75.3077
594.1140,168.7117,27.3665,76.4374
594.2509,169.0939,27.0928,75.6730
594.0477,168.5263,27.4992,76.8081
593.9789,168.3343,27.6367,77.1921
594.1171,168.7203,27.3603,76.4202
594.1171,168.7203,27.3603,76.4202
594.1171,168.7203,27.3603,76.4202
594.1171,168.7203,27.3603,76.4202
593.9803,168.3382,27.6339,77.1844
593.9803,168.3382,27.6339,77.1844
594.1876,168.9171,27.2194,76.0266
594.3917,169.4873,26.8111,74.8862
594.1906,168.9256,27.2133,76.0095
594.3267,169.3056,26.9412,75.2494
594.2593,169.1175,27.0759,75.6257
594.4624,165.9806,26.6697,74.4913
594.5958,166.3530,26.4030,73.7464
594.5297,166.1687,26.5350,74.1151
594.5297,166.1687,26.5350,74.1151
594.5297,166.1687,26.5350,74.1151
594.4634,165.9834,26.6677,74.4857
594.5967,166.3558,26.4010,73.7408
594.4647,165.9871,26.6650,74.4782
594.5981,166.3595,26.3984,73.7335
594.6641,166.5438,26.2664,73.3648
594.4670,165.9936,26.6604,74.4653
590.8494,166.1798,26.5271,74.0929
590.9157,166.3650,26.3945,73.7225
591.1136,166.9179,25.9985,72.6166
590.9187,166.3733,26.3885,73.7059
590.7208,165.8205,26.7844,74.8115
590.7208,165.8205,26.7844,74.8115
590.6538,165.6335,26.9183,75.1855
590.7884,166.0094,26.6491,74.4337
590.9216,166.3816,26.3826,73.6893
590.7897,166.0131,26.6464,74.4262
590.6565,165.6410,26.9129,75.1705
590.7238,165.8289,26.7783,74.7946
590.7238,165.8289,26.7783,74.7946
586.7479,165.2680,27.1800,75.9166
586.6800,165.0782,27.3159,76.2961
586.8166,165.4597,27.0427,75.5332
586.7490,165.2708,27.1780,75.9109
586.7490,165.2708,27.1780,75.9109
586.8848,165.6504,26.9062,75.1517
586.8848,165.6504,26.9062,75.1517
587.0867,166.2140,26.5026,74.0245
587.0204,166.0289,26.6351,74.3946
587.0870,166.2149,26.5019,74.0226
587.2195,166.5851,26.2369,73.2824
587.0883,166.2186,26.4993,74.0152
587.0883,166.2186,26.4993,74.0152
587.1545,166.4037,26.3668,73.6451
586.9568,165.8513,26.7623,74.7498
587.0906,166.2251,26.4947,74.0023
587.0244,166.0401,26.6271,74.3723
587.1575,166.4119,26.3609,73.6286
587.0257,166.0438,26.6245,74.3649
586.8926,165.6720,26.8907,75.1085
587.0270,166.0475,26.6218,74.3575
587.1602,166.4193,26.3556,73.6139
587.3578,166.9714,25.9603,72.5097
583.5034,166.4276,26.3497,73.5973
583.5034,166.4276,26.3497,73.5973
583.5693,166.6116,26.2179,73.2293
583.3727,166.0624,26.6112,74.3278
583.4392,166.2482,26.4781,73.9561
583.3730,166.0633,26.6105,74.3259
583.4395,166.2491,26.4775,73.9543
583.2410,165.6944,26.8746,75.0636
583.4425,166.2574,26.4715,73.9376
583.2440,165.7029,26.8686,75.0467
583.3112,165.8905,26.7342,74.6715
583.2443,165.7038,26.8679,75.0448
583.2443,165.7038,26.8679,75.0448
583.0428,165.1410,27.2709,76.1705
583.1791,165.5219,26.9982,75.4088
583.0442,165.1448,27.2682,76.1629
583.1805,165.5256,26.9955,75.4013
583.3155,165.9026,26.7256,74.6472
583.1151,165.3428,27.1264,75.7670
583.1151,165.3428,27.1264,75.7670
582.9794,164.9639,27.3977,76.5246
582.9109,164.7726,27.5347,76.9072
583.1174,165.3494,27.1217,75.7536
582.9818,164.9707,27.3929,76.5112
582.9818,164.9707,27.3929,76.5112
582.8448,164.5881,27.6668,77.2763
582.9832,164.9745,27.3901,76.5035
582.8463,164.5920,27.6641,77.2686
582.9846,164.9783,27.3874,76.4959
582.9846,164.9783,27.3874,76.4959
582.8476,164.5958,27.6613,77.2608
582.9859,164.9821,27.3847,76.4882
582.8490,164.5997,27.6585,77.2531
582.9873,164.9860,27.3819,76.4806
582.9873,164.9860,27.3819,76.4806
582.9873,164.9860,27.3819,76.4806
582.9873,164.9860,27.3819,76.4806
582.9873,164.9860,27.3819,76.4806
582.7819,164.4124,27.7927,77.6278
586.6420,164.4124,27.7927,77.6278
586.8505,164.9946,27.3758,76.4634
586.7136,164.6122,27.6495,77.2280
586.9210,161.4088,27.2348,76.0696
587.0571,161.7892,26.9624,75.3089
587.1920,162.1657,26.6928,74.5558
587.1920,162.1657,26.6928,74.5558
587.0585,161.7930,26.9597,75.3013
586.8563,165.0288,27.3641,76.4309
586.6511,164.4555,27.7746,77.5773
586.5816,164.2616,27.9135,77.9652
586.6514,164.4565,27.7739,77.5754
586.6514,164.4565,27.7739,77.5754
590.6092,164.8444,27.4962,76.7996
590.5405,164.6524,27.6336,77.1836
590.6095,164.8454,27.4955,76.7977
590.4720,164.4614,27.7704,77.5657
590.2638,163.8796,28.1870,78.7292
590.4752,164.4701,27.7642,77.5482
594.4817,165.0517,27.3477,76.3850
594.2766,164.4788,27.7579,77.5308
594.2766,164.4788,27.7579,77.5308
594.4848,161.2628,27.3416,76.3678
594.6898,161.8356,26.9314,75.2223
594.5552,161.4595,27.2008,75.9745
594.6912,161.8394,26.9288,75.2148
594.4892,165.0715,27.3327,76.3430
598.1374,164.4989,27.7427,77.4882
597.9987,164.1115,28.0201,78.2630
598.0687,164.3071,27.8800,77.8717
598.0687,164.3071,27.8800,77.8717
597.9293,163.9178,28.1588,78.6504
597.9293,163.9178,28.1588,78.6504
597.9293,163.9178,28.1588,78.6504
597.7181,163.3279,28.5812,79.8302
597.5752,162.9287,28.8670,80.6285
597.7917,159.5843,28.4340,79.4191
598.0049,160.1799,28.0075,78.2278
601.9960,160.5710,27.7274,77.4455
602.2040,161.1519,27.3115,76.2838
602.2723,161.3426,27.1749,75.9024
602.4081,161.7221,26.9032,75.1434
602.2736,161.3464,27.1722,75.8948
602.2736,161.3464,27.1722,75.8948
602.2057,161.1567,27.3081,76.2743
602.1375,160.9660,27.4446,76.6557
602.2747,161.3493,27.1702,75.8891
602.2747,161.3493,27.1702,75.8891
606.1954,161.9184,26.7626,74.7508
606.1285,161.7315,26.8964,75.1245
606.1285,161.7315,26.8964,75.1245
605.9941,161.3559,27.1654,75.8758
605.8582,160.9765,27.4371,76.6345
605.7897,160.7850,27.5742,77.0177
605.7207,160.5924,27.7121,77.4028
605.5822,160.2054,27.9892,78.1768
609.6212,160.7917,27.5694,77.0042
609.8279,157.5976,27.1559,75.8491
610.0316,158.1665,26.7485,74.7114
610.0316,158.1665,26.7485,74.7114
610.0984,158.3533,26.6148,74.3378
610.0984,158.3533,26.6148,74.3378
609.9654,157.9816,26.8809,75.0812
609.9654,157.9816,26.8809,75.0812
610.0998,158.3570,26.6121,74.3304
610.2328,158.7286,26.3460,73.5871
610.1011,158.3607,26.6094,74.3229
610.0346,158.1749,26.7425,74.6946
609.9678,157.9881,26.8762,75.0680
610.1021,158.3635,26.6074,74.3174
610.1021,158.3635,26.6074,74.3174
609.9691,157.9919,26.8735,75.0605
609.8347,157.6166,27.1423,75.8111
609.6312,157.0480,27.5494,76.9483
609.6312,157.0480,27.5494,76.9483
609.5623,156.8556,27.6871,77.3330
609.6315,157.0490,27.5487,76.9464
609.6315,157.0490,27.5487,76.9464
609.6315,157.0490,27.5487,76.9464
609.6315,157.0490,27.5487,76.9464
609.6315,157.0490,27.5487,76.9464
609.6315,157.0490,27.5487,76.9464
609.5626,156.8566,27.6864,77.3311
609.5626,156.8566,27.6864,77.3311
609.6318,157.0499,27.5480,76.9445
609.6318,157.0499,27.5480,76.9445
609.8384,153.8583,27.1348,75.7903
610.0420,154.4267,26.7278,74.6534
610.0420,154.4267,26.7278,74.6534
609.9752,154.2401,26.8614,75.0267
610.0423,154.4277,26.7271,74.6516
609.9755,154.2410,26.8607,75.0248
609.9755,154.2410,26.8607,75.0248
610.0426,154.4286,26.7264,74.6497
610.1094,154.6152,26.5928,74.2764
610.0430,154.4295,26.7258,74.6478
609.9761,154.2429,26.8594,75.0211
610.0433,154.4305,26.7251,74.6460
609.9765,154.2438,26.8587,75.0192
609.9765,154.2438,26.8587,75.0192
610.0436,154.4314,26.7244,74.6441
606.2465,154.2448,26.8581,75.0173
606.2465,154.2448,26.8581,75.0173
606.0451,153.6821,27.2609,76.1426
605.8406,153.1111,27.6698,77.2847
605.8406,153.1111,27.6698,77.2847
605.6331,152.5314,28.0849,78.4440
605.4927,152.1392,28.3657,79.2284
605.4218,151.9412,28.5076,79.6246
605.4930,152.1402,28.3650,79.2264
605.5640,152.3383,28.2232,78.8303
605.7051,152.7324,27.9410,78.0420
605.4955,152.1471,28.3601,79.2126
605.4955,152.1471,28.3601,79.2126
605.5664,152.3452,28.2183,78.8166
605.7781,152.9363,27.7950,77.6343
605.8475,153.1304,27.6560,77.2462
605.7784,152.9372,27.7943,77.6324
605.8479,153.1313,27.6553,77.2442
605.7787,152.9382,27.7936,77.6304
605.7787,152.9382,27.7936,77.6304
601.7410,152.5501,28.0716,78.4068
601.9515,149.2978,27.6505,77.2307
602.0897,149.6839,27.3740,76.4583
602.1582,149.8751,27.2371,76.0760
602.2263,150.0653,27.1009,75.6957
602.4295,150.6330,26.6944,74.5602
602.5630,151.0058,26.4275,73.8146
602.6951,151.3748,26.1632,73.0765
602.8260,151.7402,25.9016,72.3457
602.9554,152.1020,25.6425,71.6223
602.9554,152.1020,25.6425,71.6223
603.0196,152.2810,25.5143,71.2642
603.0196,152.2810,25.5143,71.2642
602.8282,151.7465,25.8970,72.3331
602.8929,151.9274,25.7676,71.9715
602.6997,151.3876,26.1541,73.0510
602.6997,151.3876,26.1541,73.0510
602.8959,151.9355,25.7618,71.9553
602.9603,152.1154,25.6329,71.5955
599.4001,152.1154,25.6329,71.5955
599.5283,152.4733,25.3766,70.8795
599.4014,152.1189,25.6304,71.5883
599.2733,151.7610,25.8867,72.3042
599.2086,155.1936,26.0161,72.6657
599.0134,154.6486,26.4064,73.7557
598.8154,154.0954,26.8025,74.8620
598.7484,153.9083,26.9365,75.2364
598.7484,153.9083,26.9365,75.2364
598.7484,153.9083,26.9365,75.2364
598.7484,153.9083,26.9365,75.2364
598.8831,154.2845,26.6671,74.4840
598.6830,153.7258,27.0671,75.6013
598.7507,153.9148,26.9318,75.2233
598.8181,154.1029,26.7971,74.8471
598.7510,153.9158,26.9311,75.2214
598.7510,153.9158,26.9311,75.2214
598.7510,153.9158,26.9311,75.2214
598.7510,153.9158,26.9311,75.2214
598.8857,154.2919,26.6618,74.4692
599.0190,154.6642,26.3952,73.7245
598.9530,154.4799,26.5272,74.0931
599.1520,155.0356,26.1292,72.9817
599.2827,155.4005,25.8680,72.2519
599.0886,154.8586,26.2560,73.3356
599.2199,155.2253,25.9934,72.6023
599.3499,155.5883,25.7335,71.8763
595.7758,155.5883,25.7335,71.8763
595.5828,158.6769,26.1195,72.9544
595.3869,158.1298,26.5113,74.0487
595.1880,157.5744,26.9089,75.1595
595.1880,157.5744,26.9089,75.1595
595.3226,157.9502,26.6399,74.4079
595.3892,158.1362,26.5067,74.0358
595.3892,158.1362,26.5067,74.0358
595.5880,158.6915,26.1091,72.9253
595.6533,158.8738,25.9785,72.5607
595.6533,162.4819,25.9785,72.5607
595.5883,162.3005,26.1084,72.9235
595.7189,162.6652,25.8473,72.1942
595.7834,162.8456,25.7181,71.8333
595.6549,162.4865,25.9753,72.5516
595.4601,165.6041,26.3649,73.6399
595.2623,165.0518,26.7604,74.7445
595.3292,165.2387,26.6266,74.3707
595.5289,165.7965,26.2272,73.2552
595.6601,166.1628,25.9649,72.5226
595.7250,166.3441,25.8351,72.1600
595.7250,166.3441,25.8351,72.1600
595.9188,166.8853,25.4475,71.0776
595.7279,169.9396,25.8293,72.1438
595.5988,169.5789,26.0875,72.8652
595.4031,169.0324,26.4789,73.9582
595.5355,169.4022,26.2141,73.2186
595.5355,169.4022,26.2141,73.2186
595.6666,169.7682,25.9519,72.4864
595.4719,172.8831,26.3412,73.5737
595.3402,172.5152,26.6046,74.3095
591.4752,172.1437,26.8707,75.0526
591.6767,172.7066,26.4676,73.9268
591.6105,172.5218,26.5999,74.2964
591.7435,172.8932,26.3339,73.5534
591.8093,173.0771,26.2023,73.1857
591.6128,176.2220,26.5953,74.2835
591.4799,175.8506,26.8613,75.0263
591.6141,176.2257,26.5927,74.2760
591.7471,176.5971,26.3267,73.5333
591.6155,179.9225,26.5900,74.2686
591.6819,180.1082,26.4570,73.8973
591.8142,180.4777,26.1925,73.1583
591.6833,183.7861,26.4544,73.8899
591.5510,183.4167,26.7189,74.6288
591.6178,183.6032,26.5853,74.2556
591.4184,186.7941,26.9841,75.3695
591.6208,187.3594,26.5794,74.2389
591.8201,187.9162,26.1807,73.1253
591.7547,191.3877,26.3116,73.4910
591.6889,191.2040,26.4431,73.8584
591.8872,191.7579,26.0465,72.7505
591.8221,195.2117,26.1767,73.1143
591.8221,195.2117,26.1767,73.1143
591.8876,195.3945,26.0458,72.7487
595.3640,198.5206,26.4365,73.8400
595.2318,198.1514,26.7009,74.5783
595.4320,198.7108,26.3004,73.4597
595.4320,202.3636,26.3004,73.4597
595.4978,202.5473,26.1689,73.0924
595.4978,202.5473,26.1689,73.0924
595.5632,202.7300,26.0380,72.7269
595.4981,206.1826,26.1682,73.0905
595.5635,206.3654,26.0374,72.7251
595.3682,209.4905,26.4279,73.8160
595.5665,210.0441,26.0315,72.7087
595.6966,210.4076,25.7712,71.9816
595.5034,213.5008,26.1578,73.0614
595.6995,214.0488,25.7654,71.9654
595.5707,217.3033,26.0231,72.6851
595.4406,216.9398,26.2833,73.4120
595.3091,220.2597,26.5461,74.1461
595.4419,220.6305,26.2807,73.4046
595.5076,224.4458,26.1493,73.0376
595.3115,223.8980,26.5415,74.1332
595.4442,224.2687,26.2761,73.3918
595.4442,227.9182,26.2761,73.3918
595.3785,231.4024,26.4075,73.7588
595.5765,231.9556,26.0114,72.6524
595.5115,235.4047,26.1414,73.0157
595.3154,238.5423,26.5335,74.1109
595.2491,242.0606,26.6662,74.4815
595.3158,245.9320,26.5329,74.1090
599.1446,250.1176,26.1349,72.9974
599.2100,253.9118,26.0042,72.6324
599.2100,257.5235,26.0042,72.6324
599.2100,261.1352,26.0042,72.6324
599.0150,264.2563,26.3943,73.7219
598.9489,267.7562,26.5262,74.0905
599.0815,268.1267,26.2610,73.3496
599.0815,271.7740,26.2610,73.3496
599.0159,275.2563,26.3923,73.7164
598.9500,278.7559,26.5242,74.0849
602.7775,279.3115,26.1264,72.9737
602.9735,283.4331,25.7345,71.8791
603.1022,283.7924,25.4771,71.1603
602.9748,287.0105,25.7319,71.8719
603.0391,290.7462,25.6032,71.5125
603.1671,291.1038,25.3472,70.7974
602.9770,294.1461,25.7274,71.8594
603.1700,294.6850,25.3415,70.7815
603.0433,297.8859,25.5949,71.4893
603.1712,298.2434,25.3390,70.7744
603.1079,298.0664,25.4657,71.1283
603.2352,298.4221,25.2110,70.4170
603.0461,297.8940,25.5892,71.4732
602.8542,297.3579,25.9730,72.5453
602.9191,297.5393,25.8432,72.1826
602.9838,297.7197,25.7139,71.8217
602.7909,297.1811,26.0996,72.8990
602.5952,296.6343,26.4911,73.9925
606.3223,296.8193,26.3587,73.6225
606.1246,296.2672,26.7541,74.7269
606.0577,296.0803,26.8878,75.1005
606.1249,296.2681,26.7534,74.7250
606.2587,296.6417,26.4859,73.9778
606.2587,296.6417,26.4859,73.9778
606.0601,296.0869,26.8832,75.0874
606.2617,296.6500,26.4799,73.9611
606.1293,296.2802,26.7447,74.7007
609.7955,296.0935,26.8784,75.0742
609.9971,292.9794,26.4752,73.9481
610.1295,293.3492,26.2105,73.2086
609.9985,292.9831,26.4726,73.9407
610.1970,289.9160,26.0755,72.8316
610.0015,289.3698,26.4666,73.9241
610.2000,286.3035,26.0696,72.8152
610.0044,285.7574,26.4607,73.9074
610.1367,282.4886,26.1961,73.1684
610.2677,282.8544,25.9341,72.4367
610.0732,282.3111,26.3231,73.5232
609.9416,281.9435,26.5864,74.2585
610.0745,278.6591,26.3205,73.5159
610.1403,278.8430,26.1889,73.1483
610.3367,279.3916,25.7961,72.0511
610.4657,279.7518,25.5381,71.3306
610.5934,280.1085,25.2827,70.6173
610.4670,279.7554,25.5356,71.3234
610.4031,279.5771,25.6632,71.6801
610.5956,280.1147,25.2783,70.6049
610.4692,279.7617,25.5311,71.3109
610.3416,279.4051,25.7864,72.0240
610.1482,278.8649,26.1732,73.1044
610.0828,278.6822,26.3040,73.4699
610.0170,278.4985,26.4356,73.8372
610.0831,278.6831,26.3034,73.4681
610.1488,278.8668,26.1719,73.1007
610.2142,279.0495,26.0410,72.7352
610.3445,279.4132,25.7806,72.0079
610.4734,279.7732,25.5228,71.2878
610.5372,279.9514,25.3952,70.9313
610.6641,280.3061,25.1412,70.2220
610.8527,280.8328,24.7641,69.1687
614.4263,281.3515,24.3926,68.1312
614.2433,280.8405,24.7585,69.1531
614.1815,280.6677,24.8823,69.4989
614.1815,280.6677,24.8823,69.4989
614.1815,280.6677,24.8823,69.4989
614.1815,280.6677,24.8823,69.4989
614.2437,280.8414,24.7579,69.1514
614.1199,280.4956,25.0055,69.8429
613.9949,280.1464,25.2555,70.5414
614.1212,280.4991,25.0030,69.8359
614.1837,280.6737,24.8780,69.4868
613.9971,280.1526,25.2511,70.5291
614.1233,280.5052,24.9986,69.8238
614.1858,280.6798,24.8736,69.4746
614.2480,280.8535,24.7493,69.1273
614.2480,280.8535,24.7493,69.1273
614.4336,281.3719,24.3780,68.0904
614.3117,281.0315,24.6218,68.7713
611.0493,281.3753,24.3756,68.0836
610.9884,281.2051,24.4975,68.4240
610.8047,280.6919,24.8649,69.4503
610.8047,280.6919,24.8649,69.4503
610.6182,280.1711,25.2379,70.4921
610.4289,279.6424,25.6165,71.5495
610.3649,279.4635,25.7446,71.9072
610.2361,279.1040,26.0020,72.6263
610.4312,279.6487,25.6120,71.5369
610.4952,279.8275,25.4839,71.1792
610.5589,280.0055,25.3565,70.8233
606.9562,279.8284,25.4833,71.1774
607.1473,280.3622,25.1010,70.1098
607.1473,280.3622,25.1010,70.1098
607.0218,280.0117,25.3520,70.8109
607.0851,280.1887,25.2253,70.4568
607.1482,280.3648,25.0992,70.1045
607.0854,280.1896,25.2246,70.4551
607.2116,280.5418,24.9724,69.7505
607.2740,280.7162,24.8475,69.4017
607.0876,280.1957,25.2203,70.4428
606.9615,279.8435,25.4725,71.1472
607.0889,280.1992,25.2177,70.4357
606.9628,279.8471,25.4699,71.1401
606.9628,279.8471,25.4699,71.1401
606.8355,279.4914,25.7246,71.8515
606.6426,278.9525,26.1105,72.9293
603.2663,279.4995,25.7188,71.8353
603.3949,279.8586,25.4616,71.1170
603.5222,280.2142,25.2070,70.4058
603.6483,280.5662,24.9549,69.7017
603.6483,280.5662,24.9549,69.7017
603.5859,280.3920,25.0797,70.0502
603.5859,280.3920,25.0797,70.0502
603.6486,280.5671,24.9543,69.7000
599.9435,280.0443,25.3286,70.7455
599.9435,280.0443,25.3286,70.7455
599.8802,279.8675,25.4553,71.0992
599.8802,279.8675,25.4553,71.0992
599.7529,279.5120,25.7098,71.8102
599.9457,280.0506,25.3242,70.7331
599.8824,279.8737,25.4508,71.0867
596.5103,280.2292,25.1963,70.3759
596.3212,279.7014,25.5742,71.4315
596.4491,280.0585,25.3185,70.7172
596.5125,280.2353,25.1919,70.3636
596.5125,280.2353,25.1919,70.3636
596.5754,280.4112,25.0659,70.0118
596.7007,280.7613,24.8153,69.3117
596.5146,280.2414,25.1875,70.3513
596.5146,280.2414,25.1875,70.3513
592.7750,279.7138,25.5653,71.4066
592.9667,280.2494,25.1819,70.3355
593.0297,280.4252,25.0559,69.9838
592.9670,280.2502,25.1812,70.3338
592.9041,280.0744,25.3071,70.6854
592.9673,280.2511,25.1806,70.3320
592.9673,280.2511,25.1806,70.3320
592.8414,279.8994,25.4324,71.0353
592.6507,279.3667,25.8139,72.1008
588.9830,279.1864,25.9430,72.4613
589.1776,279.7299,25.5538,71.3744
589.1136,279.5515,25.6816,71.7313
589.3063,280.0894,25.2964,70.6553
589.4960,280.6194,24.9169,69.5955
589.4960,280.6194,24.9169,69.5955
589.5583,280.7933,24.7923,69.2475
586.0357,280.6202,24.9163,69.5938
585.8488,280.0983,25.2900,70.6377
585.8488,280.0983,25.2900,70.6377
585.8488,280.0983,25.2900,70.6377
586.0385,277.1682,24.9107,69.5781
586.2253,277.6901,24.5370,68.5344
586.2253,277.6901,24.5370,68.5344
586.2253,277.6901,24.5370,68.5344
586.2253,277.6901,24.5370,68.5344
586.0413,277.1761,24.9051,69.5624
582.8209,277.6978,24.5315,68.5190
582.7596,277.5265,24.6542,68.8616
582.6980,277.3543,24.7774,69.2059
582.5121,280.3282,25.1491,70.2440
582.3235,279.8014,25.5263,71.2977
582.1959,279.4449,25.7816,72.0106
582.1959,279.4449,25.7816,72.0106
582.0026,278.9048,26.1683,73.0908
582.0680,279.0876,26.0375,72.7253
582.0029,278.9057,26.1677,73.0890
581.9374,278.7230,26.2985,73.4544
581.8717,278.5394,26.4300,73.8217
582.0699,275.4773,26.0335,72.7144
582.2652,276.0226,25.6430,71.6236
582.3293,276.2017,25.5148,71.2655
582.5206,276.7362,25.1321,70.1965
582.7092,277.2627,24.7551,69.1436
582.7092,277.2627,24.7551,69.1436
582.8329,277.6084,24.5076,68.4522
583.0167,278.1218,24.1399,67.4254
583.0167,278.1218,24.1399,67.4254
583.0167,278.1218,24.1399,67.4254
583.0771,278.2903,24.0193,67.0882
583.0170,278.1226,24.1393,67.4237
583.0170,278.1226,24.1393,67.4237
583.0170,278.1226,24.1393,67.4237
583.1377,278.4597,23.8980,66.7495
582.9585,277.9591,24.2564,67.7507
583.0191,278.1285,24.1351,67.4119
583.0191,278.1285,24.1351,67.4119
583.0191,278.1285,24.1351,67.4119
582.8381,277.6229,24.4972,68.4231
582.9606,277.9650,24.2522,67.7389
583.1425,278.4731,23.8884,66.7228
579.7484,278.3062,24.0079,67.0564
579.8684,278.6415,23.7678,66.3859
579.7496,281.6437,24.0055,67.0497
579.5695,281.1408,24.3655,68.0555
582.8217,280.6304,24.7310,69.0763
582.7598,280.4577,24.8547,69.4217
582.7598,280.4577,24.8547,69.4217
582.7598,280.4577,24.8547,69.4217
582.9462,280.9784,24.4819,68.3804
582.8238,280.6365,24.7267,69.0642
582.7620,280.4638,24.8503,69.4095
582.7620,280.4638,24.8503,69.4095
582.8241,280.6373,24.7261,69.0624
582.7623,280.4647,24.8497,69.4077
582.8244,280.6382,24.7254,69.0607
582.8244,280.6382,24.7254,69.0607
582.9481,280.9835,24.4782,68.3701
583.1317,281.4963,24.1110,67.3445
583.1919,281.6646,23.9905,67.0078
583.2519,281.8322,23.8705,66.6728
583.1922,281.6655,23.9899,67.0061
583.2522,281.8330,23.8699,66.6711
583.3715,282.1664,23.6312,66.0044
583.3124,282.0013,23.7494,66.3344
583.1343,281.5038,24.1056,67.3294
583.1343,281.5038,24.1056,67.3294
586.4824,281.5038,24.1056,67.3294
586.3618,281.1672,24.3467,68.0027
586.3010,280.9972,24.4684,68.3428
586.3621,281.1680,24.3461,68.0010
586.1795,280.6580,24.7112,69.0210
586.3649,281.1757,24.3406,67.9857
586.2432,280.8358,24.5840,68.6656
586.4276,281.3507,24.2152,67.6356
586.2459,280.8435,24.5784,68.6501
586.4302,281.3583,24.2098,67.6204
586.4908,281.5274,24.0887,67.2823
586.6112,281.8638,23.8478,66.6095
586.7305,282.1968,23.6094,65.9434
586.7305,282.1968,23.6094,65.9434
590.0095,282.1968,23.6094,65.9434
589.8915,281.8671,23.8454,66.6028
589.7723,281.5341,24.0839,67.2688
589.5916,281.0296,24.4452,68.2779
589.4083,280.5175,24.8118,69.3020
589.2842,280.1710,25.0600,69.9951
589.3469,280.3460,24.9347,69.6451
589.3469,280.3460,24.9347,69.6451
589.1599,279.8237,25.3087,70.6898
589.2231,280.0004,25.1821,70.3363
589.1602,279.8246,25.3080,70.6880
589.1602,279.8246,25.3080,70.6880
589.2867,280.1780,25.0550,69.9811
589.1614,279.8281,25.3055,70.6809
589.2247,280.0048,25.1790,70.3275
589.4136,280.5322,24.8013,69.2726
589.2275,280.0127,25.1733,70.3117
589.1646,279.8369,25.2992,70.6633
589.3544,276.9058,24.9197,69.6033
589.5413,277.4279,24.5459,68.5592
593.0834,277.9420,24.1777,67.5309
592.9625,277.6044,24.4195,68.2062
592.8404,277.2634,24.6637,68.8882
593.0254,277.7800,24.2937,67.8549
592.9039,277.4407,24.5367,68.5335
592.7198,276.9267,24.9047,69.5615
592.7198,276.9267,24.9047,69.5615
592.7198,276.9267,24.9047,69.5615
592.8444,277.2745,24.6557,68.8658
593.0293,277.7910,24.2858,67.8329
593.0900,277.9606,24.1644,67.4937
593.1505,278.1294,24.0436,67.1562
593.0302,277.7936,24.2840,67.8278
592.8481,277.2849,24.6483,68.8452
596.1824,276.9406,24.8948,69.5337
596.1202,276.7668,25.0192,69.8813
596.0577,276.5921,25.1443,70.2307
596.1834,273.4859,24.8929,69.5284
596.1834,273.4859,24.8929,69.5284
596.3701,274.0074,24.5195,68.4855
596.5540,274.5210,24.1517,67.4582
596.4936,274.3524,24.2725,67.7955
596.3723,274.0134,24.5152,68.4735
596.3723,274.0134,24.5152,68.4735
596.4948,274.3558,24.2700,67.7887
596.4341,274.1863,24.3914,68.1277
596.4951,274.3566,24.2694,67.7870
596.6165,274.6956,24.0267,67.1092
596.4363,274.1922,24.3871,68.1158
596.3753,274.0219,24.5091,68.4564
596.3753,274.0219,24.5091,68.4564
596.1915,273.5085,24.8767,69.4832
596.1293,273.3348,25.0011,69.8306
595.9418,272.8111,25.3761,70.8781
596.0052,269.4814,25.2492,70.5237
596.0684,269.6577,25.1230,70.1711
596.2568,270.1840,24.7461,69.1185
599.7831,270.5296,24.4987,68.4273
599.9669,271.0428,24.1312,67.4009
599.9669,271.0428,24.1312,67.4009
599.9669,271.0428,24.1312,67.4009
599.9669,271.0428,24.1312,67.4009
599.9669,271.0428,24.1312,67.4009
599.9065,270.8743,24.2519,67.7379
600.0278,271.2130,24.0093,67.0606
600.0278,271.2130,24.0093,67.0606
599.9077,270.8777,24.2494,67.7312
599.7258,270.3697,24.6132,68.7471
599.6028,270.0260,24.8593,69.4346
599.6028,270.0260,24.8593,69.4346
599.6649,266.7642,24.7350,69.0874
603.2343,267.2823,24.3640,68.0511
603.2343,267.2823,24.3640,68.0511
603.2343,267.2823,24.3640,68.0511
603.2343,267.2823,24.3640,68.0511
603.2343,267.2823,24.3640,68.0511
603.1734,267.1122,24.4858,68.3914
603.2346,267.2832,24.3634,68.0494
603.2346,267.2832,24.3634,68.0494
603.1737,267.1130,24.4852,68.3897
603.2961,267.4550,24.2403,67.7058
603.1749,267.1165,24.4827,68.3828
603.1749,267.1165,24.4827,68.3828
603.3586,264.2800,24.1155,67.3571
603.4791,264.6167,23.8743,66.6835
603.5388,264.7834,23.7550,66.3501
603.4200,264.4517,23.9925,67.0136
603.3001,264.1166,24.2324,67.6837
603.1183,263.6090,24.5959,68.6990
603.3028,260.7594,24.2270,67.6685
603.3028,260.7594,24.2270,67.6685
603.3028,260.7594,24.2270,67.6685
603.3028,260.7594,24.2270,67.6685
603.3028,260.7594,24.2270,67.6685
603.3028,260.7594,24.2270,67.6685
603.4845,261.2669,23.8636,66.6535
603.3055,260.7670,24.2215,67.6533
606.7134,260.9361,24.1004,67.3150
606.5929,260.5995,24.3414,67.9882
606.7146,260.9395,24.0980,67.3083
606.8953,258.1476,23.7366,66.2987
606.9547,258.3133,23.6179,65.9672
606.9547,258.3133,23.6179,65.9672
606.8365,257.9835,23.8540,66.6268
606.6577,257.4838,24.2119,67.6262
606.4761,256.9766,24.5750,68.6406
606.4761,256.9766,24.5750,68.6406
606.5375,257.1482,24.4522,68.2974
606.4764,256.9774,24.5744,68.6389
606.6607,254.1303,24.2058,67.6093
606.8422,254.6374,23.8427,66.5952
606.9019,254.8039,23.7235,66.2622
607.0798,255.3008,23.3677,65.2683
606.9630,254.9745,23.6013,65.9210
610.3687,255.4689,23.2473,64.9321
610.3106,255.3066,23.3635,65.2568
610.3106,255.3066,23.3635,65.2568
610.3106,255.3066,23.3635,65.2568
610.4858,252.5997,23.0131,64.2780
610.3132,252.1176,23.3583,65.2421
610.1381,251.6283,23.7087,66.2208
609.9603,251.1317,24.0643,67.2141
609.9001,250.9636,24.1846,67.5501
609.9001,250.9636,24.1846,67.5501
609.9001,250.9636,24.1846,67.5501
609.9001,250.9636,24.1846,67.5501
609.7792,250.6259,24.4265,68.2256
609.7792,250.6259,24.4265,68.2256
609.5959,250.1142,24.7929,69.2490
609.7819,247.2418,24.4210,68.2103
609.9651,247.7533,24.0547,67.1871
610.1455,248.2572,23.6938,66.1793
609.9678,247.7609,24.0492,67.1720
613.3514,247.9288,23.9290,66.8362
613.1719,247.4276,24.2879,67.8387
613.3541,244.6136,23.9236,66.8211
613.5335,245.1148,23.5648,65.8188
613.6513,245.4439,23.3291,65.1606
613.5347,245.1181,23.5624,65.8122
613.4169,244.7890,23.7980,66.4703
613.5358,245.1214,23.5600,65.8056
613.4180,244.7923,23.7956,66.4637
613.3586,244.6262,23.9146,66.7960
613.4183,244.7932,23.7950,66.4620
613.2994,244.4609,24.0330,67.1267
613.4796,241.6765,23.6725,66.1198
613.5980,242.0071,23.4358,65.4586
613.6566,242.1707,23.3186,65.1313
613.4817,241.6822,23.6684,66.1082
613.4225,241.5170,23.7867,66.4388
613.2441,241.0187,24.1435,67.4354
613.4252,241.5244,23.7814,66.4238
613.6035,238.7692,23.4246,65.4275
613.7206,239.0963,23.1904,64.7732
613.6047,238.7724,23.4223,65.4209
613.4291,238.2818,23.7736,66.4022
613.4291,238.2818,23.7736,66.4022
613.4291,238.2818,23.7736,66.4022
613.3102,237.9498,24.0114,67.0663
613.1301,237.4468,24.3715,68.0723
613.1301,237.4468,24.3715,68.0723
613.3129,237.9573,24.0060,67.0512
613.4329,234.9918,23.7659,66.3807
613.5518,235.3237,23.5283,65.7169
613.6105,235.4880,23.4106,65.3883
613.6105,235.4880,23.4106,65.3883
613.6691,235.6514,23.2936,65.0613
613.4944,235.1635,23.6430,66.0372
616.8635,232.2428,23.4065,65.3769
616.8635,232.2428,23.4065,65.3769
616.8635,232.2428,23.4065,65.3769
617.0391,232.7331,23.0554,64.3962
617.2120,233.2160,22.7096,63.4303
617.0984,232.8989,22.9367,64.0646
616.9264,232.4184,23.2808,65.0256
617.1010,229.7212,22.9315,64.0502
617.2730,230.2015,22.5876,63.0894
617.2166,230.0438,22.7005,63.4049
617.2166,230.0438,22.7005,63.4049
613.9186,229.7268,22.9275,64.0389
613.9186,229.7268,22.9275,64.0389
613.9186,229.7268,22.9275,64.0389
613.8040,229.4066,23.1568,64.6793
613.9777,226.7237,22.8094,63.7091
613.9207,226.5644,22.9235,64.0277
613.8060,226.2443,23.1527,64.6679
613.6324,225.7593,23.5000,65.6379
613.5149,225.4311,23.7350,66.2943
613.5149,225.4311,23.7350,66.2943
613.5149,225.4311,23.7350,66.2943
613.5149,225.4311,23.7350,66.2943
613.6335,222.4990,23.4977,65.6314
613.6335,222.4990,23.4977,65.6314
613.6923,222.6631,23.3802,65.3032
613.8092,222.9896,23.1464,64.6502
613.9249,223.3129,22.9149,64.0037
613.9249,223.3129,22.9149,64.0037
613.9249,223.3129,22.9149,64.0037
613.9249,223.3129,22.9149,64.0037
614.0968,220.6580,22.5712,63.0436
613.9839,220.3428,22.7969,63.6741
613.8700,220.0244,23.0249,64.3108
613.6973,219.5421,23.3702,65.2755
613.5804,219.2157,23.6039,65.9282
613.7574,216.4810,23.2499,64.9393
613.9318,216.9681,22.9011,63.9652
613.9891,217.1280,22.7866,63.6454
613.9321,216.9689,22.9006,63.9636
613.9894,217.1288,22.7861,63.6438
613.9894,217.1288,22.7861,63.6438
613.9894,217.1288,22.7861,63.6438
613.9894,217.1288,22.7861,63.6438
613.9324,216.9697,22.9000,63.9620
613.9324,216.9697,22.9000,63.9620
613.9897,213.9649,22.7855,63.6422
610.8250,213.9649,22.7855,63.6422
610.7111,213.6467,23.0133,64.2786
610.5385,213.1646,23.3585,65.2428
610.3633,212.6753,23.7089,66.2215
610.1855,212.1786,24.0646,67.2148
610.2456,209.0211,23.9442,66.8787
610.2456,209.0211,23.9442,66.8787
610.3654,209.3555,23.7048,66.2099
610.3654,209.3555,23.7048,66.2099
610.3061,209.1900,23.8233,66.5410
610.3657,209.3563,23.7042,66.2083
610.4249,209.5218,23.5857,65.8772
610.5428,209.8512,23.3498,65.2184
610.4845,209.6882,23.4666,65.5445
610.3085,209.1966,23.8186,66.5277
610.1298,208.6976,24.1758,67.5256
610.3112,205.8967,23.8132,66.5127
610.4897,206.3955,23.4560,65.5150
610.4897,206.3955,23.4560,65.5150
610.4311,206.2317,23.5733,65.8426
610.4311,206.2317,23.5733,65.8426
610.4311,206.2317,23.5733,65.8426
610.5490,206.5609,23.3376,65.1842
610.4323,206.2350,23.5709,65.8360
610.4323,206.2350,23.5709,65.8360
610.6091,203.5042,23.2174,64.8485
610.7832,203.9905,22.8691,63.8758
610.9547,204.4696,22.5261,62.9176
611.1237,204.9415,22.1882,61.9739
611.0682,204.7865,22.2991,62.2837
611.1240,204.9422,22.1876,61.9723
610.9575,204.4775,22.5204,62.9019
607.6139,204.0057,22.8582,63.8454
607.4424,203.5269,23.2011,64.8031
607.3845,203.3649,23.3171,65.1271
607.3845,203.3649,23.3171,65.1271
607.3845,203.3649,23.3171,65.1271
607.5010,200.4844,23.0840,64.4759
607.5010,200.4844,23.0840,64.4759
607.5010,200.4844,23.0840,64.4759
607.6741,200.9679,22.7377,63.5087
607.6741,200.9679,22.7377,63.5087
607.6741,200.9679,22.7377,63.5087
604.6614,201.2855,22.5103,62.8736
604.4926,200.8139,22.8480,63.8167
604.6639,201.2926,22.5052,62.8595
604.6639,201.2926,22.5052,62.8595
604.7765,201.6069,22.2802,62.2309
604.6650,201.2957,22.5030,62.8532
604.8339,201.7671,22.1655,61.9104
604.6676,201.3028,22.4979,62.8391
604.6113,201.1457,22.6104,63.1533
604.6113,201.1457,22.6104,63.1533
604.4418,200.6720,22.9496,64.1006
604.3270,200.3515,23.1791,64.7416
604.3270,200.3515,23.1791,64.7416
601.1077,200.3515,23.1791,64.7416
600.9338,199.8660,23.5268,65.7127
600.8162,199.5374,23.7620,66.3698
600.9351,199.8692,23.5244,65.7061
601.1115,200.3620,23.1715,64.7205
601.1115,200.3620,23.1715,64.7205
601.2853,200.8475,22.8240,63.7497
598.0424,200.6881,22.9381,64.0685
598.0424,200.6881,22.9381,64.0685
597.8703,200.2076,23.2822,65.0295
598.0449,200.6953,22.9329,64.0540
598.0449,200.6953,22.9329,64.0540
598.0449,200.6953,22.9329,64.0540
594.8598,200.6953,22.9329,64.0540
594.7451,200.3750,23.1623,64.6946
594.5714,199.8898,23.5097,65.6650
594.4539,199.5615,23.7448,66.3217
594.3945,199.3957,23.8635,66.6533
594.2752,199.0624,24.1021,67.3198
591.1586,199.5673,23.7406,66.3100
590.9806,199.0700,24.0967,67.3046
590.9806,199.0700,24.0967,67.3046
591.1613,199.5748,23.7353,66.2951
591.3394,200.0720,23.3792,65.3007
591.4562,200.3985,23.1455,64.6476
588.3156,200.5601,23.0297,64.3244
588.3731,200.7209,22.9146,64.0028
588.2585,200.4009,23.1437,64.6428
588.3743,200.7241,22.9123,63.9964
588.3743,200.7241,22.9123,63.9964
588.2597,200.4041,23.1414,64.6364
584.8239,199.9194,23.4885,65.6059
584.8239,199.9194,23.4885,65.6059
584.7064,199.5913,23.7234,66.2620
584.7064,199.5913,23.7234,66.2620
584.8250,199.9226,23.4862,65.5993
581.4880,199.7586,23.6036,65.9273
581.6060,200.0883,23.3676,65.2681
581.7813,200.5778,23.0171,64.2890
581.8964,200.8992,22.7869,63.6461
578.7315,200.8992,22.7869,63.6461
578.8455,201.2175,22.5590,63.0097
578.8455,201.2175,22.5590,63.0097
578.8455,201.2175,22.5590,63.0097
575.7123,201.2175,22.5590,63.0097
575.7123,201.2175,22.5590,63.0097
575.5431,200.7449,22.8974,63.9548
575.3713,200.2652,23.2409,64.9142
572.0692,200.1030,23.3571,65.2387
571.8940,199.6137,23.7074,66.2173
571.8940,199.6137,23.7074,66.2173
571.8940,199.6137,23.7074,66.2173
571.7162,199.1170,24.0630,67.2106
568.6047,199.6211,23.7021,66.2024
568.6047,199.6211,23.7021,66.2024
568.6047,199.6211,23.7021,66.2024
568.6640,199.7866,23.5836,65.8714
568.6640,199.7866,23.5836,65.8714
568.6640,199.7866,23.5836,65.8714
568.7230,199.9513,23.4657,65.5420
568.7230,199.9513,23.4657,65.5420
565.3889,199.7874,23.5830,65.8698
565.5657,197.0552,23.2293,64.8817
565.6238,197.2174,23.1131,64.5573
565.6238,197.2174,23.1131,64.5573
565.7972,197.7016,22.7664,63.5889
565.7402,197.5426,22.8802,63.9069
565.6830,197.3828,22.9946,64.2264
562.4893,197.3828,22.9946,64.2264
562.4318,197.2222,23.1096,64.5475
562.4318,197.2222,23.1096,64.5475
562.4896,197.3836,22.9941,64.2248
562.3746,197.0625,23.2240,64.8671
562.4327,197.2247,23.1079,64.5427
562.3749,197.0633,23.2234,64.8654
562.4330,197.2255,23.1073,64.5411
562.4330,197.2255,23.1073,64.5411
559.1498,197.0641,23.2228,64.8638
559.1498,197.0641,23.2228,64.8638
559.0338,196.7398,23.4551,65.5125
559.0338,196.7398,23.4551,65.5125
558.8578,196.2485,23.8069,66.4951
558.7388,195.9160,24.0450,67.1601
558.8590,196.2518,23.8045,66.4885
558.8590,196.2518,23.8045,66.4885
559.0375,196.7504,23.4475,65.4912
559.1548,197.0779,23.2130,64.8363
559.2128,197.2400,23.0969,64.5121
559.3860,197.7238,22.7505,63.5444
559.3860,197.7238,22.7505,63.5444
559.4998,198.0415,22.5230,62.9089
559.6687,198.5134,22.1851,61.9653
559.6687,198.5134,22.1851,61.9653
559.5023,198.0486,22.5179,62.8948
559.6149,198.3631,22.2927,62.2658
559.7264,198.6744,22.0698,61.6432
559.6160,198.3662,22.2905,62.2596
559.5046,198.0549,22.5134,62.8822
559.5046,198.0549,22.5134,62.8822
559.6171,198.3693,22.2882,62.2534
559.4500,201.0444,22.6226,63.1872
559.3369,200.7285,22.8488,63.8191
559.2226,200.4094,23.0773,64.4573
559.1072,200.0871,23.3081,65.1018
559.2238,200.4126,23.0750,64.4508
559.3969,200.8960,22.7289,63.4840
559.3969,200.8960,22.7289,63.4840
559.5105,201.2134,22.5016,62.8492
559.3979,200.8992,22.7266,63.4777
559.4548,201.0579,22.6129,63.1603
559.2852,203.7720,22.9521,64.1077
559.1130,203.2912,23.2964,65.0693
559.1130,203.2912,23.2964,65.0693
559.1130,203.2912,23.2964,65.0693
559.1130,203.2912,23.2964,65.0693
559.1130,203.2912,23.2964,65.0693
559.1130,203.2912,23.2964,65.0693
559.2296,203.6165,23.0635,64.4186
559.2296,203.6165,23.0635,64.4186
559.1142,206.5297,23.2941,65.0628
558.9395,206.0417,23.6435,66.0388
558.9395,206.0417,23.6435,66.0388
559.1168,206.5370,23.2889,65.0482
559.2333,206.8623,23.0560,64.3977
559.4062,207.3453,22.7101,63.4317
559.5198,207.6624,22.4830,62.7974
559.4636,207.5054,22.5954,63.1114
559.5765,207.8210,22.3695,62.4803
559.4088,207.3524,22.7050,63.4175
559.4088,210.5059,22.7050,63.4175
559.2385,210.0302,23.0456,64.3688
559.1232,209.7084,23.2761,65.0124
559.1232,209.7084,23.2761,65.0124
559.1232,209.7084,23.2761,65.0124
559.1232,209.7084,23.2761,65.0124
559.2978,210.1960,22.9269,64.0373
559.4697,210.6763,22.5830,63.0767
559.5262,210.8340,22.4701,62.7613
559.6385,211.1478,22.2454,62.1337
559.7498,211.4584,22.0229,61.5124
559.8599,211.7660,21.8027,60.8972
559.6964,214.3828,22.1298,61.8107
559.5304,213.9193,22.4617,62.7379
559.4742,213.7624,22.5740,63.0515
559.3049,213.2895,22.9126,63.9973
559.1904,212.9695,23.1417,64.6373
559.0747,212.6464,23.3732,65.2837
558.8994,212.1567,23.7238,66.2629
558.7214,211.6598,24.0796,67.2569
558.7817,211.8279,23.9592,66.9206
558.7217,211.6606,24.0790,67.2552
558.6616,211.4925,24.1994,67.5915
558.7825,211.8304,23.9574,66.9155
558.7825,211.8304,23.9574,66.9155
558.9622,212.3323,23.5981,65.9118
559.0212,212.4971,23.4801,65.5823
559.1973,212.9889,23.1279,64.5985
559.3708,213.4734,22.7809,63.6295
559.2569,213.1553,23.0088,64.2658
559.3144,213.3159,22.8937,63.9445
559.2571,213.1561,23.0082,64.2642
559.0846,212.6741,23.3533,65.2282
558.9095,212.1849,23.7036,66.2066
559.0872,212.6814,23.3480,65.2135
559.0289,212.5184,23.4648,65.5396
559.0875,212.6823,23.3475,65.2119
559.0292,212.5192,23.4642,65.5379
559.0878,212.6831,23.3469,65.2103
559.0295,212.5200,23.4636,65.5363
559.0881,212.6839,23.3463,65.2086
559.0881,212.6839,23.3463,65.2086
559.2048,213.0099,23.1128,64.5565
559.2048,213.0099,23.1128,64.5565
559.2626,213.1713,22.9973,64.2338
555.8481,212.6896,23.3422,65.1973
555.7314,212.3636,23.5757,65.8492
555.7314,212.3636,23.5757,65.8492
555.9083,212.8574,23.2220,64.8615
555.7922,212.5331,23.4542,65.5101
555.7335,212.3694,23.5715,65.8377
555.5568,211.8756,23.9251,66.8252
555.4371,211.5414,24.1643,67.4935
555.4976,211.7102,24.0435,67.1560
555.3773,211.3744,24.2839,67.8276
555.3773,211.3744,24.2839,67.8276
555.5594,211.8831,23.9197,66.8102
552.2372,211.8831,23.9197,66.8102
552.2971,212.0501,23.8001,66.4761
552.2375,211.8839,23.9191,66.8085
552.4169,212.3850,23.5603,65.8064
552.4758,212.5495,23.4425,65.4773
552.4172,212.3858,23.5597,65.8047
552.5350,212.7149,23.3241,65.1467
552.5350,212.7149,23.3241,65.1467
552.3601,212.2263,23.6740,66.1239
552.3601,212.2263,23.6740,66.1239
552.1826,211.7303,24.0291,67.1157
552.0624,211.3947,24.2694,67.7869
551.9410,211.0558,24.5121,68.4648
552.1249,211.5693,24.1444,67.4378
552.1249,211.5693,24.1444,67.4378
552.1249,211.5693,24.1444,67.4378
552.1249,211.5693,24.1444,67.4378
552.1249,211.5693,24.1444,67.4378
552.2456,211.9065,23.9029,66.7634
552.1261,211.5727,24.1420,67.4310
552.3072,208.7757,23.7798,66.4196
552.4855,209.2738,23.4231,65.4233
552.6612,209.7645,23.0718,64.4419
552.8342,210.2478,22.7257,63.4753
552.6638,209.7717,23.0666,64.4274
552.5485,209.4496,23.2973,65.0717
552.4902,209.2869,23.4138,65.3971
549.0139,208.7964,23.7650,66.3780
549.0734,208.9624,23.6461,66.0461
549.0142,208.7973,23.7644,66.3764
549.0142,208.7973,23.7644,66.3764
549.0142,208.7973,23.7644,66.3764
549.0736,208.9632,23.6456,66.0445
549.1919,209.2934,23.4091,65.3840
549.0748,208.9665,23.6432,66.0379
549.0748,208.9665,23.6432,66.0379
549.0748,208.9665,23.6432,66.0379
549.0157,208.8014,23.7614,66.3681
549.0157,208.8014,23.7614,66.3681
549.0751,208.9673,23.6426,66.0362
549.0751,208.9673,23.6426,66.0362
552.4442,206.0466,23.4062,65.3759
552.6198,206.5370,23.0551,64.3952
552.5045,206.2150,23.2856,65.0392
552.4462,206.0524,23.4021,65.3644
552.5048,206.2158,23.2850,65.0376
552.6794,206.7036,22.9358,64.0620
552.7941,207.0239,22.7064,63.4214
552.6805,206.7068,22.9335,64.0556
552.7952,207.0271,22.7041,63.4150
552.9655,207.5027,22.3636,62.4638
552.7977,207.0342,22.6990,63.4008
552.7977,207.0342,22.6990,63.4008
552.8545,207.1927,22.5855,63.0838
552.6851,206.7196,22.9243,64.0300
552.5705,206.3994,23.1536,64.6703
552.6284,206.5611,23.0378,64.3470
552.4556,206.0785,23.3834,65.3122
552.3972,205.9152,23.5003,65.6387
552.3972,205.9152,23.5003,65.6387
552.2796,205.5870,23.7353,66.2951
552.2796,205.5870,23.7353,66.2951
552.4576,206.0842,23.3793,65.3007
552.5745,206.4107,23.1455,64.6477
552.5745,206.4107,23.1455,64.6477
552.6324,206.5724,23.0297,64.3244
552.8051,207.0548,22.6843,63.3596
552.8051,207.0548,22.6843,63.3596
552.8051,207.0548,22.6843,63.3596
555.9967,207.2132,22.5709,63.0428
555.9402,207.0556,22.6837,63.3580
555.9969,207.2140,22.5703,63.0412
555.9969,207.2140,22.5703,63.0412
555.9969,207.2140,22.5703,63.0412
555.8841,206.8988,22.7960,63.6716
555.8271,206.7396,22.9100,63.9900
555.7126,206.4196,23.1391,64.6299
555.5969,206.0965,23.3705,65.2762
555.5385,205.9333,23.4873,65.6025
558.8430,206.0973,23.3699,65.2745
558.9598,206.4237,23.1362,64.6218
559.1334,206.9083,22.7892,63.6525
559.1334,206.9083,22.7892,63.6525
559.1334,206.9083,22.7892,63.6525
559.1903,207.0675,22.6752,63.3342
559.0770,206.7508,22.9020,63.9675
559.0770,206.7508,22.9020,63.9675
559.1342,206.9107,22.7874,63.6477
559.0773,206.7516,22.9014,63.9659
559.0773,206.7516,22.9014,63.9659
558.9627,206.4318,23.1304,64.6056
558.7892,205.9472,23.4774,65.5747
558.6719,205.6194,23.7121,66.2304
558.6719,205.6194,23.7121,66.2304
558.6719,205.6194,23.7121,66.2304
562.0081,205.7849,23.5936,65.8993
561.8901,205.4554,23.8295,66.5583
