1
731.5000,271.5000,113.0000,99.0000
731.5000,267.5000,113.0000,99.0000
735.5000,267.5000,113.0000,99.0000
739.5000,267.5000,113.0000,99.0000
743.5000,267.5000,113.0000,99.0000
747.5000,263.5000,113.0000,99.0000
751.5000,263.5000,113.0000,99.0000
755.5000,263.5000,113.0000,99.0000
759.5000,259.5000,113.0000,99.0000
763.5000,259.5000,113.0000,99.0000
763.5000,259.5000,113.0000,99.0000
767.5000,259.5000,113.0000,99.0000
771.5000,255.5000,113.0000,99.0000
775.5000,255.5000,113.0000,99.0000
779.5000,255.5000,113.0000,99.0000
783.5000,255.5000,113.0000,99.0000
787.5000,251.5000,113.0000,99.0000
787.5000,251.5000,113.0000,99.0000
791.5000,247.5000,113.0000,99.0000
795.5000,247.5000,113.0000,99.0000
799.5000,243.5000,113.0000,99.0000
803.5000,243.5000,113.0000,99.0000
807.5000,239.5000,113.0000,99.0000
811.5000,239.5000,113.0000,99.0000
815.5000,235.5000,113.0000,99.0000
819.5000,235.5000,113.0000,99.0000
823.5000,231.5000,113.0000,99.0000
831.5000,231.5000,113.0000,99.0000
835.5000,227.5000,113.0000,99.0000
839.5000,227.5000,113.0000,99.0000
843.5000,227.5000,113.0000,99.0000
847.5000,223.5000,113.0000,99.0000
851.5000,223.5000,113.0000,99.0000
855.5000,223.5000,113.0000,99.0000
863.5000,223.5000,113.0000,99.0000
867.5000,223.5000,113.0000,99.0000
871.5000,223.5000,113.0000,99.0000
875.5000,223.5000,113.0000,99.0000
883.5000,223.5000,113.0000,99.0000
887.5000,219.5000,113.0000,99.0000
891.5000,219.5000,113.0000,99.0000
895.5000,219.5000,113.0000,99.0000
903.5000,219.5000,113.0000,99.0000
907.5000,215.5000,113.0000,99.0000
911.5000,215.5000,113.0000,99.0000
919.5000,215.5000,113.0000,99.0000
923.5000,211.5000,113.0000,99.0000
927.5000,211.5000,113.0000,99.0000
931.5000,207.5000,113.0000,99.0000
939.5000,203.5000,113.0000,99.0000
943.5000,203.5000,113.0000,99.0000
951.5000,199.5000,113.0000,99.0000
955.5000,199.5000,113.0000,99.0000
959.5000,199.5000,113.0000,99.0000
967.5000,195.5000,113.0000,99.0000
971.5000,195.5000,113.0000,99.0000
979.5000,195.5000,113.0000,99.0000
983.5000,195.5000,113.0000,99.0000
983.5000,203.5000,113.0000,99.0000
967.5000,195.5000,113.0000,99.0000
967.5000,195.5000,113.0000,99.0000
971.5000,195.5000,113.0000,99.0000
971.5000,195.5000,113.0000,99.0000
979.5000,199.5000,113.0000,99.0000
1011.5000,163.5000,113.0000,99.0000
1015.5000,159.5000,113.0000,99.0000
1023.5000,167.5000,113.0000,99.0000
1027.5000,167.5000,113.0000,99.0000
1031.5000,167.5000,113.0000,99.0000
1035.5000,171.5000,113.0000,99.0000
1039.5000,175.5000,113.0000,99.0000
1043.5000,179.5000,113.0000,99.0000
1051.5000,179.5000,113.0000,99.0000
1055.5000,179.5000,113.0000,99.0000
1059.5000,183.5000,113.0000,99.0000
1059.5000,183.5000,113.0000,99.0000
1031.5000,183.5000,113.0000,99.0000
1003.5000,183.5000,113.0000,99.0000
975.5000,183.5000,113.0000,99.0000
951.5000,187.5000,113.0000,99.0000
931.5000,187.5000,113.0000,99.0000
907.5000,187.5000,113.0000,99.0000
887.5000,187.5000,113.0000,99.0000
871.5000,191.5000,113.0000,99.0000
855.5000,195.5000,113.0000,99.0000
847.5000,179.5000,113.0000,99.0000
827.5000,179.5000,113.0000,99.0000
803.5000,183.5000,113.0000,99.0000
787.5000,183.5000,113.0000,99.0000
763.5000,187.5000,113.0000,99.0000
747.5000,195.5000,113.0000,99.0000
727.5000,199.5000,113.0000,99.0000
707.5000,203.5000,113.0000,99.0000
691.5000,211.5000,113.0000,99.0000
675.5000,215.5000,113.0000,99.0000
671.5000,219.5000,113.0000,99.0000
663.5000,223.5000,113.0000,99.0000
659.5000,227.5000,113.0000,99.0000
659.5000,231.5000,113.0000,99.0000
655.5000,235.5000,113.0000,99.0000
647.5000,235.5000,113.0000,99.0000
643.5000,235.5000,113.0000,99.0000
635.5000,235.5000,113.0000,99.0000
627.5000,235.5000,113.0000,99.0000
615.5000,235.5000,113.0000,99.0000
611.5000,239.5000,113.0000,99.0000
599.5000,239.5000,113.0000,99.0000
595.5000,243.5000,113.0000,99.0000
587.5000,243.5000,113.0000,99.0000
579.5000,247.5000,113.0000,99.0000
571.5000,247.5000,113.0000,99.0000
559.5000,247.5000,113.0000,99.0000
547.5000,251.5000,113.0000,99.0000
539.5000,251.5000,113.0000,99.0000
531.5000,251.5000,113.0000,99.0000
523.5000,251.5000,113.0000,99.0000
2
0
0
0
0
0
531.5000,275.5000,113.0000,99.0000
519.5000,259.5000,113.0000,99.0000
507.5000,259.5000,113.0000,99.0000
2
0
0
0
0
0
2
0
0
0
0
0
2
0
0
0
0
0
2
0
0
0
0
0
2
0
0
0
0
0
2
0
0
0
0
0
2
0
0
0
0
0
2
0
0
0
0
0
2
0
0
0
0
0
2
0
0
0
0
0
2
0
0
0
0
0
2
0
0
0
0
0
2
0
0
0
0
0
2
0
0
0
0
0
2
0
0
0
0
0
2
0
0
0
0
0
2
0
0
0
0
0
2
0
0
0
0
0
2
0
0
0
0
0
2
0
0
0
0
0
2
0
0
0
0
0
2
0
0
0
0
0
2
0
0
0
0
0
2
0
0
0
0
0
2
0
0
0
0
0
2
0
0
0
0
0
2
0
0
0
0
0
2
0
0
0
0
0
2
0
0
0
0
0
2
0
0
0
0
0
2
0
0
0
0
0
2
0
0
0
0
0
2
0
