1
533.3333,310.0000,186.6667,130.0000
526.6667,310.0000,186.6667,130.0000
540.0000,296.6667,186.6667,130.0000
533.3333,310.0000,186.6667,130.0000
526.6667,310.0000,186.6667,130.0000
540.0000,296.6667,186.6667,130.0000
533.3333,310.0000,186.6667,130.0000
526.6667,310.0000,186.6667,130.0000
540.0000,296.6667,186.6667,130.0000
533.3333,296.6667,186.6667,130.0000
526.6667,296.6667,186.6667,130.0000
540.0000,296.6667,186.6667,130.0000
533.3333,296.6667,186.6667,130.0000
526.6667,296.6667,186.6667,130.0000
520.0000,310.0000,186.6667,130.0000
533.3333,296.6667,186.6667,130.0000
526.6667,296.6667,186.6667,130.0000
520.0000,296.6667,186.6667,130.0000
533.3333,296.6667,186.6667,130.0000
526.6667,296.6667,186.6667,130.0000
520.0000,296.6667,186.6667,130.0000
533.3333,296.6667,186.6667,130.0000
526.6667,296.6667,186.6667,130.0000
520.0000,296.6667,186.6667,130.0000
513.3333,296.6667,186.6667,130.0000
526.6667,296.6667,186.6667,130.0000
520.0000,296.6667,186.6667,130.0000
513.3333,296.6667,186.6667,130.0000
526.6667,296.6667,186.6667,130.0000
520.0000,296.6667,186.6667,130.0000
513.3333,296.6667,186.6667,130.0000
526.6667,296.6667,186.6667,130.0000
520.0000,296.6667,186.6667,130.0000
513.3333,296.6667,186.6667,130.0000
506.6667,296.6667,186.6667,130.0000
520.0000,296.6667,186.6667,130.0000
513.3333,296.6667,186.6667,130.0000
506.6667,296.6667,186.6667,130.0000
520.0000,296.6667,186.6667,130.0000
513.3333,296.6667,186.6667,130.0000
506.6667,296.6667,186.6667,130.0000
520.0000,296.6667,186.6667,130.0000
513.3333,296.6667,186.6667,130.0000
506.6667,296.6667,186.6667,130.0000
520.0000,296.6667,186.6667,130.0000
513.3333,296.6667,186.6667,130.0000
506.6667,296.6667,186.6667,130.0000
500.0000,296.6667,186.6667,130.0000
513.3333,296.6667,186.6667,130.0000
506.6667,296.6667,186.6667,130.0000
520.0000,296.6667,186.6667,130.0000
513.3333,296.6667,186.6667,130.0000
506.6667,296.6667,186.6667,130.0000
500.0000,296.6667,186.6667,130.0000
513.3333,296.6667,186.6667,130.0000
506.6667,296.6667,186.6667,130.0000
500.0000,296.6667,186.6667,130.0000
513.3333,296.6667,186.6667,130.0000
506.6667,296.6667,186.6667,130.0000
500.0000,296.6667,186.6667,130.0000
513.3333,296.6667,186.6667,130.0000
506.6667,296.6667,186.6667,130.0000
520.0000,296.6667,186.6667,130.0000
513.3333,296.6667,186.6667,130.0000
506.6667,296.6667,186.6667,130.0000
520.0000,296.6667,186.6667,130.0000
513.3333,296.6667,186.6667,130.0000
506.6667,296.6667,186.6667,130.0000
520.0000,296.6667,186.6667,130.0000
513.3333,296.6667,186.6667,130.0000
506.6667,296.6667,186.6667,130.0000
520.0000,296.6667,186.6667,130.0000
513.3333,296.6667,186.6667,130.0000
526.6667,296.6667,186.6667,130.0000
520.0000,296.6667,186.6667,130.0000
513.3333,296.6667,186.6667,130.0000
526.6667,296.6667,186.6667,130.0000
520.0000,296.6667,186.6667,130.0000
513.3333,296.6667,186.6667,130.0000
506.6667,296.6667,186.6667,130.0000
520.0000,296.6667,186.6667,130.0000
513.3333,296.6667,186.6667,130.0000
526.6667,296.6667,186.6667,130.0000
520.0000,296.6667,186.6667,130.0000
513.3333,296.6667,186.6667,130.0000
526.6667,296.6667,186.6667,130.0000
520.0000,296.6667,186.6667,130.0000
513.3333,296.6667,186.6667,130.0000
526.6667,296.6667,186.6667,130.0000
520.0000,296.6667,186.6667,130.0000
513.3333,296.6667,186.6667,130.0000
526.6667,296.6667,186.6667,130.0000
520.0000,296.6667,186.6667,130.0000
513.3333,296.6667,186.6667,130.0000
526.6667,296.6667,186.6667,130.0000
520.0000,296.6667,186.6667,130.0000
533.3333,310.0000,186.6667,130.0000
526.6667,310.0000,186.6667,130.0000
520.0000,310.0000,186.6667,130.0000
533.3333,310.0000,186.6667,130.0000
526.6667,310.0000,186.6667,130.0000
520.0000,310.0000,186.6667,130.0000
533.3333,310.0000,186.6667,130.0000
526.6667,310.0000,186.6667,130.0000
520.0000,310.0000,186.6667,130.0000
533.3333,310.0000,186.6667,130.0000
526.6667,310.0000,186.6667,130.0000
520.0000,310.0000,186.6667,130.0000
533.3333,310.0000,186.6667,130.0000
526.6667,323.3333,186.6667,130.0000
520.0000,323.3333,186.6667,130.0000
533.3333,310.0000,186.6667,130.0000
526.6667,323.3333,186.6667,130.0000
520.0000,323.3333,186.6667,130.0000
533.3333,323.3333,186.6667,130.0000
526.6667,323.3333,186.6667,130.0000
520.0000,323.3333,186.6667,130.0000
533.3333,323.3333,186.6667,130.0000
526.6667,323.3333,186.6667,130.0000
520.0000,323.3333,186.6667,130.0000
513.3333,323.3333,186.6667,130.0000
526.6667,323.3333,186.6667,130.0000
520.0000,323.3333,186.6667,130.0000
533.3333,323.3333,186.6667,130.0000
526.6667,323.3333,186.6667,130.0000
520.0000,323.3333,186.6667,130.0000
533.3333,323.3333,186.6667,130.0000
526.6667,323.3333,186.6667,130.0000
500.0000,323.3333,186.6667,130.0000
513.3333,323.3333,186.6667,130.0000
526.6667,323.3333,186.6667,130.0000
500.0000,323.3333,186.6667,130.0000
533.3333,323.3333,186.6667,130.0000
526.6667,323.3333,186.6667,130.0000
520.0000,323.3333,186.6667,130.0000
493.3333,323.3333,186.6667,130.0000
526.6667,323.3333,186.6667,130.0000
500.0000,323.3333,186.6667,130.0000
513.3333,323.3333,186.6667,130.0000
526.6667,323.3333,186.6667,130.0000
520.0000,323.3333,186.6667,130.0000
493.3333,323.3333,186.6667,130.0000
526.6667,323.3333,186.6667,130.0000
500.0000,323.3333,186.6667,130.0000
513.3333,323.3333,186.6667,130.0000
506.6667,323.3333,186.6667,130.0000
520.0000,323.3333,186.6667,130.0000
493.3333,323.3333,186.6667,130.0000
526.6667,323.3333,186.6667,130.0000
520.0000,323.3333,186.6667,130.0000
513.3333,323.3333,186.6667,130.0000
526.6667,336.6667,186.6667,130.0000
520.0000,323.3333,186.6667,130.0000
493.3333,323.3333,186.6667,130.0000
506.6667,323.3333,186.6667,130.0000
520.0000,323.3333,186.6667,130.0000
493.3333,323.3333,186.6667,130.0000
506.6667,323.3333,186.6667,130.0000
520.0000,336.6667,186.6667,130.0000
493.3333,323.3333,186.6667,130.0000
526.6667,336.6667,186.6667,130.0000
520.0000,336.6667,186.6667,130.0000
513.3333,336.6667,186.6667,130.0000
526.6667,336.6667,186.6667,130.0000
520.0000,336.6667,186.6667,130.0000
513.3333,336.6667,186.6667,130.0000
526.6667,336.6667,186.6667,130.0000
520.0000,336.6667,186.6667,130.0000
493.3333,336.6667,186.6667,130.0000
526.6667,336.6667,186.6667,130.0000
500.0000,336.6667,186.6667,130.0000
493.3333,336.6667,186.6667,130.0000
486.6667,336.6667,186.6667,130.0000
500.0000,336.6667,186.6667,130.0000
493.3333,336.6667,186.6667,130.0000
526.6667,336.6667,186.6667,130.0000
520.0000,336.6667,186.6667,130.0000
493.3333,336.6667,186.6667,130.0000
526.6667,336.6667,186.6667,130.0000
520.0000,336.6667,186.6667,130.0000
493.3333,336.6667,186.6667,130.0000
506.6667,336.6667,186.6667,130.0000
500.0000,336.6667,186.6667,130.0000
493.3333,336.6667,186.6667,130.0000
506.6667,336.6667,186.6667,130.0000
500.0000,336.6667,186.6667,130.0000
493.3333,336.6667,186.6667,130.0000
506.6667,336.6667,186.6667,130.0000
500.0000,336.6667,186.6667,130.0000
493.3333,336.6667,186.6667,130.0000
506.6667,336.6667,186.6667,130.0000
500.0000,336.6667,186.6667,130.0000
513.3333,336.6667,186.6667,130.0000
506.6667,336.6667,186.6667,130.0000
500.0000,336.6667,186.6667,130.0000
513.3333,336.6667,186.6667,130.0000
506.6667,336.6667,186.6667,130.0000
500.0000,336.6667,186.6667,130.0000
513.3333,336.6667,186.6667,130.0000
506.6667,336.6667,186.6667,130.0000
520.0000,336.6667,186.6667,130.0000
513.3333,336.6667,186.6667,130.0000
506.6667,336.6667,186.6667,130.0000
520.0000,336.6667,186.6667,130.0000
513.3333,336.6667,186.6667,130.0000
506.6667,336.6667,186.6667,130.0000
520.0000,336.6667,186.6667,130.0000
513.3333,336.6667,186.6667,130.0000
526.6667,336.6667,186.6667,130.0000
520.0000,336.6667,186.6667,130.0000
513.3333,336.6667,186.6667,130.0000
526.6667,336.6667,186.6667,130.0000
520.0000,336.6667,186.6667,130.0000
533.3333,336.6667,186.6667,130.0000
526.6667,336.6667,186.6667,130.0000
520.0000,336.6667,186.6667,130.0000
533.3333,336.6667,186.6667,130.0000
526.6667,336.6667,186.6667,130.0000
520.0000,336.6667,186.6667,130.0000
533.3333,336.6667,186.6667,130.0000
526.6667,336.6667,186.6667,130.0000
540.0000,336.6667,186.6667,130.0000
533.3333,336.6667,186.6667,130.0000
526.6667,336.6667,186.6667,130.0000
540.0000,336.6667,186.6667,130.0000
533.3333,336.6667,186.6667,130.0000
526.6667,336.6667,186.6667,130.0000
540.0000,336.6667,186.6667,130.0000
533.3333,336.6667,186.6667,130.0000
526.6667,336.6667,186.6667,130.0000
540.0000,336.6667,186.6667,130.0000
533.3333,336.6667,186.6667,130.0000
526.6667,336.6667,186.6667,130.0000
540.0000,336.6667,186.6667,130.0000
533.3333,336.6667,186.6667,130.0000
526.6667,336.6667,186.6667,130.0000
540.0000,336.6667,186.6667,130.0000
533.3333,336.6667,186.6667,130.0000
526.6667,336.6667,186.6667,130.0000
540.0000,350.0000,186.6667,130.0000
533.3333,350.0000,186.6667,130.0000
546.6667,350.0000,186.6667,130.0000
540.0000,350.0000,186.6667,130.0000
533.3333,350.0000,186.6667,130.0000
526.6667,350.0000,186.6667,130.0000
540.0000,350.0000,186.6667,130.0000
533.3333,350.0000,186.6667,130.0000
526.6667,350.0000,186.6667,130.0000
540.0000,350.0000,186.6667,130.0000
533.3333,350.0000,186.6667,130.0000
526.6667,350.0000,186.6667,130.0000
540.0000,350.0000,186.6667,130.0000
533.3333,350.0000,186.6667,130.0000
526.6667,350.0000,186.6667,130.0000
540.0000,350.0000,186.6667,130.0000
533.3333,363.3333,186.6667,130.0000
526.6667,363.3333,186.6667,130.0000
540.0000,363.3333,186.6667,130.0000
533.3333,363.3333,186.6667,130.0000
526.6667,363.3333,186.6667,130.0000
540.0000,363.3333,186.6667,130.0000
533.3333,363.3333,186.6667,130.0000
526.6667,363.3333,186.6667,130.0000
540.0000,363.3333,186.6667,130.0000
533.3333,363.3333,186.6667,130.0000
526.6667,363.3333,186.6667,130.0000
520.0000,363.3333,186.6667,130.0000
533.3333,363.3333,186.6667,130.0000
526.6667,363.3333,186.6667,130.0000
520.0000,363.3333,186.6667,130.0000
533.3333,363.3333,186.6667,130.0000
526.6667,376.6667,186.6667,130.0000
520.0000,363.3333,186.6667,130.0000
533.3333,363.3333,186.6667,130.0000
526.6667,363.3333,186.6667,130.0000
520.0000,376.6667,186.6667,130.0000
513.3333,363.3333,186.6667,130.0000
526.6667,376.6667,186.6667,130.0000
520.0000,376.6667,186.6667,130.0000
513.3333,376.6667,186.6667,130.0000
526.6667,376.6667,186.6667,130.0000
520.0000,376.6667,186.6667,130.0000
513.3333,376.6667,186.6667,130.0000
506.6667,376.6667,186.6667,130.0000
520.0000,376.6667,186.6667,130.0000
513.3333,376.6667,186.6667,130.0000
506.6667,376.6667,186.6667,130.0000
520.0000,376.6667,186.6667,130.0000
513.3333,376.6667,186.6667,130.0000
506.6667,376.6667,186.6667,130.0000
500.0000,376.6667,186.6667,130.0000
513.3333,376.6667,186.6667,130.0000
506.6667,376.6667,186.6667,130.0000
500.0000,376.6667,186.6667,130.0000
513.3333,376.6667,186.6667,130.0000
506.6667,376.6667,186.6667,130.0000
500.0000,376.6667,186.6667,130.0000
493.3333,376.6667,186.6667,130.0000
506.6667,376.6667,186.6667,130.0000
500.0000,376.6667,186.6667,130.0000
493.3333,376.6667,186.6667,130.0000
486.6667,376.6667,186.6667,130.0000
500.0000,376.6667,186.6667,130.0000
493.3333,376.6667,186.6667,130.0000
486.6667,376.6667,186.6667,130.0000
500.0000,376.6667,186.6667,130.0000
493.3333,376.6667,186.6667,130.0000
486.6667,376.6667,186.6667,130.0000
480.0000,376.6667,186.6667,130.0000
493.3333,376.6667,186.6667,130.0000
486.6667,376.6667,186.6667,130.0000
480.0000,376.6667,186.6667,130.0000
473.3333,376.6667,186.6667,130.0000
486.6667,376.6667,186.6667,130.0000
480.0000,376.6667,186.6667,130.0000
473.3333,376.6667,186.6667,130.0000
466.6667,376.6667,186.6667,130.0000
480.0000,376.6667,186.6667,130.0000
473.3333,376.6667,186.6667,130.0000
466.6667,376.6667,186.6667,130.0000
480.0000,376.6667,186.6667,130.0000
473.3333,376.6667,186.6667,130.0000
466.6667,376.6667,186.6667,130.0000
480.0000,376.6667,186.6667,130.0000
473.3333,376.6667,186.6667,130.0000
466.6667,376.6667,186.6667,130.0000
460.0000,376.6667,186.6667,130.0000
473.3333,376.6667,186.6667,130.0000
466.6667,376.6667,186.6667,130.0000
460.0000,376.6667,186.6667,130.0000
473.3333,376.6667,186.6667,130.0000
466.6667,376.6667,186.6667,130.0000
460.0000,376.6667,186.6667,130.0000
453.3333,376.6667,186.6667,130.0000
466.6667,376.6667,186.6667,130.0000
460.0000,376.6667,186.6667,130.0000
453.3333,376.6667,186.6667,130.0000
466.6667,376.6667,186.6667,130.0000
460.0000,376.6667,186.6667,130.0000
453.3333,376.6667,186.6667,130.0000
466.6667,376.6667,186.6667,130.0000
460.0000,376.6667,186.6667,130.0000
453.3333,376.6667,186.6667,130.0000
466.6667,376.6667,186.6667,130.0000
460.0000,376.6667,186.6667,130.0000
453.3333,376.6667,186.6667,130.0000
466.6667,376.6667,186.6667,130.0000
460.0000,376.6667,186.6667,130.0000
453.3333,376.6667,186.6667,130.0000
466.6667,376.6667,186.6667,130.0000
460.0000,376.6667,186.6667,130.0000
453.3333,376.6667,186.6667,130.0000
466.6667,376.6667,186.6667,130.0000
460.0000,376.6667,186.6667,130.0000
453.3333,376.6667,186.6667,130.0000
466.6667,376.6667,186.6667,130.0000
460.0000,376.6667,186.6667,130.0000
453.3333,376.6667,186.6667,130.0000
446.6667,376.6667,186.6667,130.0000
460.0000,376.6667,186.6667,130.0000
453.3333,376.6667,186.6667,130.0000
446.6667,376.6667,186.6667,130.0000
460.0000,376.6667,186.6667,130.0000
453.3333,376.6667,186.6667,130.0000
446.6667,376.6667,186.6667,130.0000
440.0000,376.6667,186.6667,130.0000
453.3333,376.6667,186.6667,130.0000
446.6667,376.6667,186.6667,130.0000
440.0000,376.6667,186.6667,130.0000
453.3333,376.6667,186.6667,130.0000
446.6667,376.6667,186.6667,130.0000
440.0000,376.6667,186.6667,130.0000
433.3333,376.6667,186.6667,130.0000
446.6667,376.6667,186.6667,130.0000
440.0000,376.6667,186.6667,130.0000
433.3333,376.6667,186.6667,130.0000
446.6667,376.6667,186.6667,130.0000
440.0000,376.6667,186.6667,130.0000
433.3333,376.6667,186.6667,130.0000
426.6667,376.6667,186.6667,130.0000
440.0000,376.6667,186.6667,130.0000
433.3333,376.6667,186.6667,130.0000
426.6667,376.6667,186.6667,130.0000
440.0000,376.6667,186.6667,130.0000
433.3333,376.6667,186.6667,130.0000
426.6667,376.6667,186.6667,130.0000
440.0000,376.6667,186.6667,130.0000
433.3333,376.6667,186.6667,130.0000
426.6667,376.6667,186.6667,130.0000
420.0000,376.6667,186.6667,130.0000
433.3333,376.6667,186.6667,130.0000
426.6667,376.6667,186.6667,130.0000
420.0000,376.6667,186.6667,130.0000
433.3333,376.6667,186.6667,130.0000
426.6667,390.0000,186.6667,130.0000
420.0000,376.6667,186.6667,130.0000
433.3333,390.0000,186.6667,130.0000
426.6667,390.0000,186.6667,130.0000
420.0000,390.0000,186.6667,130.0000
413.3333,390.0000,186.6667,130.0000
426.6667,390.0000,186.6667,130.0000
420.0000,390.0000,186.6667,130.0000
413.3333,390.0000,186.6667,130.0000
426.6667,390.0000,186.6667,130.0000
420.0000,390.0000,186.6667,130.0000
413.3333,390.0000,186.6667,130.0000
406.6667,390.0000,186.6667,130.0000
420.0000,390.0000,186.6667,130.0000
413.3333,390.0000,186.6667,130.0000
406.6667,390.0000,186.6667,130.0000
420.0000,390.0000,186.6667,130.0000
413.3333,390.0000,186.6667,130.0000
406.6667,390.0000,186.6667,130.0000
400.0000,390.0000,186.6667,130.0000
413.3333,390.0000,186.6667,130.0000
406.6667,390.0000,186.6667,130.0000
400.0000,390.0000,186.6667,130.0000
393.3333,390.0000,186.6667,130.0000
406.6667,390.0000,186.6667,130.0000
400.0000,390.0000,186.6667,130.0000
393.3333,390.0000,186.6667,130.0000
406.6667,390.0000,186.6667,130.0000
400.0000,390.0000,186.6667,130.0000
393.3333,390.0000,186.6667,130.0000
386.6667,390.0000,186.6667,130.0000
400.0000,390.0000,186.6667,130.0000
393.3333,390.0000,186.6667,130.0000
386.6667,390.0000,186.6667,130.0000
400.0000,403.3333,186.6667,130.0000
393.3333,403.3333,186.6667,130.0000
386.6667,403.3333,186.6667,130.0000
400.0000,403.3333,186.6667,130.0000
393.3333,403.3333,186.6667,130.0000
386.6667,403.3333,186.6667,130.0000
380.0000,403.3333,186.6667,130.0000
393.3333,403.3333,186.6667,130.0000
386.6667,403.3333,186.6667,130.0000
380.0000,403.3333,186.6667,130.0000
393.3333,403.3333,186.6667,130.0000
386.6667,403.3333,186.6667,130.0000
380.0000,403.3333,186.6667,130.0000
373.3333,403.3333,186.6667,130.0000
386.6667,403.3333,186.6667,130.0000
380.0000,403.3333,186.6667,130.0000
373.3333,403.3333,186.6667,130.0000
366.6667,403.3333,186.6667,130.0000
380.0000,403.3333,186.6667,130.0000
373.3333,403.3333,186.6667,130.0000
366.6667,403.3333,186.6667,130.0000
380.0000,403.3333,186.6667,130.0000
373.3333,403.3333,186.6667,130.0000
366.6667,403.3333,186.6667,130.0000
360.0000,403.3333,186.6667,130.0000
373.3333,403.3333,186.6667,130.0000
366.6667,403.3333,186.6667,130.0000
360.0000,403.3333,186.6667,130.0000
373.3333,403.3333,186.6667,130.0000
366.6667,403.3333,186.6667,130.0000
360.0000,403.3333,186.6667,130.0000
373.3333,403.3333,186.6667,130.0000
366.6667,403.3333,186.6667,130.0000
360.0000,403.3333,186.6667,130.0000
353.3333,403.3333,186.6667,130.0000
366.6667,403.3333,186.6667,130.0000
360.0000,403.3333,186.6667,130.0000
353.3333,403.3333,186.6667,130.0000
366.6667,416.6667,186.6667,130.0000
360.0000,416.6667,186.6667,130.0000
353.3333,416.6667,186.6667,130.0000
366.6667,416.6667,186.6667,130.0000
360.0000,416.6667,186.6667,130.0000
353.3333,416.6667,186.6667,130.0000
366.6667,416.6667,186.6667,130.0000
360.0000,416.6667,186.6667,130.0000
353.3333,416.6667,186.6667,130.0000
366.6667,416.6667,186.6667,130.0000
360.0000,416.6667,186.6667,130.0000
353.3333,416.6667,186.6667,130.0000
366.6667,416.6667,186.6667,130.0000
360.0000,416.6667,186.6667,130.0000
353.3333,416.6667,186.6667,130.0000
346.6667,416.6667,186.6667,130.0000
360.0000,416.6667,186.6667,130.0000
353.3333,416.6667,186.6667,130.0000
346.6667,416.6667,186.6667,130.0000
360.0000,416.6667,186.6667,130.0000
353.3333,416.6667,186.6667,130.0000
346.6667,416.6667,186.6667,130.0000
360.0000,430.0000,186.6667,130.0000
353.3333,416.6667,186.6667,130.0000
346.6667,416.6667,186.6667,130.0000
360.0000,430.0000,186.6667,130.0000
353.3333,430.0000,186.6667,130.0000
366.6667,430.0000,186.6667,130.0000
360.0000,430.0000,186.6667,130.0000
353.3333,430.0000,186.6667,130.0000
346.6667,430.0000,186.6667,130.0000
360.0000,430.0000,186.6667,130.0000
353.3333,430.0000,186.6667,130.0000
346.6667,430.0000,186.6667,130.0000
360.0000,430.0000,186.6667,130.0000
353.3333,430.0000,186.6667,130.0000
346.6667,430.0000,186.6667,130.0000
360.0000,430.0000,186.6667,130.0000
