1
642.0000,288.0000,15.0000,64.0000
642.0000,290.0000,15.0000,64.0000
642.0000,292.0000,15.0000,64.0000
641.0000,288.0000,15.0000,64.0000
641.0000,290.0000,15.0000,64.0000
641.0000,292.0000,15.0000,64.0000
640.0000,288.0000,15.0000,64.0000
639.0000,290.0000,15.0000,64.0000
638.0000,292.0000,15.0000,64.0000
638.0000,288.0000,15.0000,64.0000
638.0000,290.0000,15.0000,64.0000
637.0000,292.0000,15.0000,64.0000
637.0000,288.0000,15.0000,64.0000
636.0000,290.0000,15.0000,64.0000
636.0000,292.0000,15.0000,64.0000
635.0000,288.0000,15.0000,64.0000
635.0000,290.0000,15.0000,64.0000
634.0000,286.0000,15.0000,64.0000
633.0000,288.0000,15.0000,64.0000
632.0000,290.0000,15.0000,64.0000
632.0000,286.0000,15.0000,64.0000
632.0000,288.0000,15.0000,64.0000
631.0000,290.0000,15.0000,64.0000
630.0000,286.0000,15.0000,64.0000
630.0000,288.0000,15.0000,64.0000
630.0000,284.0000,15.0000,64.0000
629.0000,286.0000,15.0000,64.0000
628.0000,288.0000,15.0000,64.0000
629.0000,284.0000,15.0000,64.0000
628.0000,286.0000,15.0000,64.0000
628.0000,288.0000,15.0000,64.0000
629.0000,284.0000,15.0000,64.0000
628.0000,286.0000,15.0000,64.0000
628.0000,288.0000,15.0000,64.0000
627.0000,290.0000,15.0000,64.0000
627.0000,286.0000,15.0000,64.0000
627.0000,288.0000,15.0000,64.0000
627.0000,290.0000,15.0000,64.0000
627.0000,286.0000,15.0000,64.0000
626.0000,288.0000,15.0000,64.0000
627.0000,290.0000,15.0000,64.0000
626.0000,286.0000,15.0000,64.0000
626.0000,288.0000,15.0000,64.0000
626.0000,290.0000,15.0000,64.0000
626.0000,286.0000,15.0000,64.0000
626.0000,288.0000,15.0000,64.0000
626.0000,290.0000,15.0000,64.0000
626.0000,286.0000,15.0000,64.0000
626.0000,288.0000,15.0000,64.0000
626.0000,290.0000,15.0000,64.0000
625.0000,286.0000,15.0000,64.0000
626.0000,288.0000,15.0000,64.0000
625.0000,290.0000,15.0000,64.0000
625.0000,286.0000,15.0000,64.0000
625.0000,288.0000,15.0000,64.0000
625.0000,290.0000,15.0000,64.0000
625.0000,286.0000,15.0000,64.0000
625.0000,288.0000,15.0000,64.0000
626.0000,290.0000,15.0000,64.0000
626.0000,286.0000,15.0000,64.0000
626.0000,288.0000,15.0000,64.0000
626.0000,290.0000,15.0000,64.0000
626.0000,286.0000,15.0000,64.0000
627.0000,288.0000,15.0000,64.0000
627.0000,290.0000,15.0000,64.0000
628.0000,286.0000,15.0000,64.0000
628.0000,288.0000,15.0000,64.0000
629.0000,290.0000,15.0000,64.0000
629.0000,292.0000,15.0000,64.0000
629.0000,294.0000,15.0000,64.0000
630.0000,296.0000,15.0000,64.0000
630.0000,292.0000,15.0000,64.0000
631.0000,294.0000,15.0000,64.0000
631.0000,296.0000,15.0000,64.0000
631.0000,292.0000,15.0000,64.0000
632.0000,294.0000,15.0000,64.0000
631.0000,296.0000,15.0000,64.0000
632.0000,292.0000,15.0000,64.0000
632.0000,294.0000,15.0000,64.0000
632.0000,290.0000,15.0000,64.0000
633.0000,292.0000,15.0000,64.0000
633.0000,294.0000,15.0000,64.0000
633.0000,296.0000,15.0000,64.0000
634.0000,292.0000,15.0000,64.0000
634.0000,294.0000,15.0000,64.0000
634.0000,290.0000,15.0000,64.0000
634.0000,292.0000,15.0000,64.0000
634.0000,294.0000,15.0000,64.0000
634.0000,296.0000,15.0000,64.0000
634.0000,292.0000,15.0000,64.0000
634.0000,294.0000,15.0000,64.0000
634.0000,296.0000,15.0000,64.0000
634.0000,292.0000,15.0000,64.0000
634.0000,294.0000,15.0000,64.0000
635.0000,296.0000,15.0000,64.0000
634.0000,298.0000,15.0000,64.0000
636.0000,294.0000,15.0000,64.0000
636.0000,296.0000,15.0000,64.0000
637.0000,292.0000,15.0000,64.0000
637.0000,294.0000,15.0000,64.0000
637.0000,296.0000,15.0000,64.0000
637.0000,298.0000,15.0000,64.0000
638.0000,294.0000,15.0000,64.0000
638.0000,296.0000,15.0000,64.0000
638.0000,298.0000,15.0000,64.0000
638.0000,300.0000,15.0000,64.0000
638.0000,296.0000,15.0000,64.0000
638.0000,298.0000,15.0000,64.0000
638.0000,300.0000,15.0000,64.0000
638.0000,302.0000,15.0000,64.0000
638.0000,298.0000,15.0000,64.0000
638.0000,300.0000,15.0000,64.0000
638.0000,296.0000,15.0000,64.0000
638.0000,298.0000,15.0000,64.0000
638.0000,300.0000,15.0000,64.0000
638.0000,302.0000,15.0000,64.0000
639.0000,298.0000,15.0000,64.0000
639.0000,300.0000,15.0000,64.0000
640.0000,296.0000,15.0000,64.0000
639.0000,298.0000,15.0000,64.0000
639.0000,300.0000,15.0000,64.0000
639.0000,296.0000,15.0000,64.0000
639.0000,298.0000,15.0000,64.0000
639.0000,300.0000,15.0000,64.0000
640.0000,296.0000,15.0000,64.0000
639.0000,298.0000,15.0000,64.0000
640.0000,300.0000,15.0000,64.0000
640.0000,296.0000,15.0000,64.0000
640.0000,298.0000,15.0000,64.0000
640.0000,300.0000,15.0000,64.0000
640.0000,302.0000,15.0000,64.0000
641.0000,298.0000,15.0000,64.0000
641.0000,300.0000,15.0000,64.0000
642.0000,302.0000,15.0000,64.0000
643.0000,298.0000,15.0000,64.0000
643.0000,300.0000,15.0000,64.0000
643.0000,302.0000,15.0000,64.0000
644.0000,304.0000,15.0000,64.0000
644.0000,300.0000,15.0000,64.0000
645.0000,302.0000,15.0000,64.0000
645.0000,304.0000,15.0000,64.0000
645.0000,300.0000,15.0000,64.0000
645.0000,302.0000,15.0000,64.0000
646.0000,298.0000,15.0000,64.0000
646.0000,300.0000,15.0000,64.0000
646.0000,302.0000,15.0000,64.0000
647.0000,304.0000,15.0000,64.0000
647.0000,300.0000,15.0000,64.0000
648.0000,302.0000,15.0000,64.0000
649.0000,298.0000,15.0000,64.0000
649.0000,294.0000,15.0000,64.0000
650.0000,296.0000,15.0000,64.0000
650.0000,298.0000,15.0000,64.0000
650.0000,294.0000,15.0000,64.0000
650.0000,296.0000,15.0000,64.0000
651.0000,298.0000,15.0000,64.0000
651.0000,294.0000,15.0000,64.0000
651.0000,296.0000,15.0000,64.0000
652.0000,298.0000,15.0000,64.0000
652.0000,300.0000,15.0000,64.0000
652.0000,296.0000,15.0000,64.0000
653.0000,298.0000,15.0000,64.0000
653.0000,300.0000,15.0000,64.0000
654.0000,302.0000,15.0000,64.0000
654.0000,304.0000,15.0000,64.0000
655.0000,306.0000,15.0000,64.0000
655.0000,308.0000,15.0000,64.0000
656.0000,310.0000,15.0000,64.0000
657.0000,312.0000,15.0000,64.0000
657.0000,308.0000,15.0000,64.0000
657.0000,310.0000,15.0000,64.0000
658.0000,312.0000,15.0000,64.0000
658.0000,314.0000,15.0000,64.0000
659.0000,310.0000,15.0000,64.0000
659.0000,312.0000,15.0000,64.0000
659.0000,314.0000,15.0000,64.0000
660.0000,316.0000,15.0000,64.0000
660.0000,312.0000,15.0000,64.0000
661.0000,314.0000,15.0000,64.0000
661.0000,316.0000,15.0000,64.0000
662.0000,312.0000,15.0000,64.0000
662.0000,314.0000,15.0000,64.0000
662.0000,316.0000,15.0000,64.0000
663.0000,318.0000,15.0000,64.0000
664.0000,320.0000,15.0000,64.0000
664.0000,316.0000,15.0000,64.0000
665.0000,318.0000,15.0000,64.0000
665.0000,320.0000,15.0000,64.0000
666.0000,322.0000,15.0000,64.0000
666.0000,324.0000,15.0000,64.0000
666.0000,320.0000,15.0000,64.0000
667.0000,322.0000,15.0000,64.0000
667.0000,318.0000,15.0000,64.0000
668.0000,320.0000,15.0000,64.0000
668.0000,322.0000,15.0000,64.0000
668.0000,324.0000,15.0000,64.0000
669.0000,326.0000,15.0000,64.0000
669.0000,322.0000,15.0000,64.0000
669.0000,324.0000,15.0000,64.0000
670.0000,326.0000,15.0000,64.0000
671.0000,328.0000,15.0000,64.0000
670.0000,330.0000,15.0000,64.0000
671.0000,332.0000,15.0000,64.0000
672.0000,334.0000,15.0000,64.0000
673.0000,330.0000,15.0000,64.0000
673.0000,332.0000,15.0000,64.0000
673.0000,334.0000,15.0000,64.0000
671.0000,330.0000,15.0000,64.0000
669.0000,332.0000,15.0000,64.0000
666.0000,334.0000,15.0000,64.0000
662.0000,336.0000,15.0000,64.0000
658.0000,332.0000,15.0000,64.0000
654.0000,334.0000,15.0000,64.0000
648.0000,336.0000,15.0000,64.0000
642.0000,338.0000,15.0000,64.0000
635.0000,334.0000,15.0000,64.0000
629.0000,336.0000,15.0000,64.0000
621.0000,338.0000,15.0000,64.0000
612.0000,340.0000,15.0000,64.0000
603.0000,342.0000,15.0000,64.0000
596.0000,344.0000,15.0000,64.0000
588.0000,340.0000,15.0000,64.0000
581.0000,342.0000,15.0000,64.0000
571.0000,344.0000,15.0000,64.0000
564.0000,346.0000,15.0000,64.0000
557.0000,342.0000,15.0000,64.0000
549.0000,344.0000,15.0000,64.0000
543.0000,346.0000,15.0000,64.0000
535.0000,348.0000,15.0000,64.0000
528.0000,350.0000,15.0000,64.0000
522.0000,352.0000,15.0000,64.0000
516.0000,348.0000,15.0000,64.0000
512.0000,350.0000,15.0000,64.0000
505.0000,352.0000,15.0000,64.0000
501.0000,354.0000,15.0000,64.0000
498.0000,356.0000,15.0000,64.0000
495.0000,352.0000,15.0000,64.0000
491.0000,354.0000,15.0000,64.0000
489.0000,356.0000,15.0000,64.0000
487.0000,358.0000,15.0000,64.0000
486.0000,360.0000,15.0000,64.0000
484.0000,362.0000,15.0000,64.0000
482.0000,364.0000,15.0000,64.0000
481.0000,360.0000,15.0000,64.0000
479.0000,362.0000,15.0000,64.0000
478.0000,364.0000,15.0000,64.0000
478.0000,366.0000,15.0000,64.0000
478.0000,362.0000,15.0000,64.0000
477.0000,364.0000,15.0000,64.0000
476.0000,366.0000,15.0000,64.0000
475.0000,362.0000,15.0000,64.0000
478.0000,364.0000,15.0000,64.0000
478.0000,366.0000,15.0000,64.0000
478.0000,368.0000,15.0000,64.0000
477.0000,364.0000,15.0000,64.0000
475.0000,366.0000,15.0000,64.0000
475.0000,356.0000,15.0000,64.0000
473.0000,358.0000,15.0000,64.0000
471.0000,360.0000,15.0000,64.0000
470.0000,362.0000,15.0000,64.0000
469.0000,358.0000,15.0000,64.0000
466.0000,360.0000,15.0000,64.0000
465.0000,362.0000,15.0000,64.0000
463.0000,358.0000,15.0000,64.0000
461.0000,360.0000,15.0000,64.0000
458.0000,356.0000,15.0000,64.0000
456.0000,364.0000,15.0000,64.0000
2
0
0
0
0
0
2
0
0
0
0
0
2
0
0
0
0
0
2
0
0
0
0
0
2
0
0
0
0
0
2
0
0
0
0
0
2
0
0
0
0
0
2
0
0
0
0
0
2
0
0
0
0
0
2
0
0
0
0
0
2
0
0
0
0
0
2
0
0
0
0
0
2
0
0
0
0
0
2
0
0
0
0
0
2
0
0
0
0
0
2
0
0
0
0
0
2
0
0
0
0
0
2
0
0
0
0
0
2
0
0
0
0
0
2
0
0
0
0
0
2
0
0
0
0
0
2
0
0
0
0
0
2
0
0
0
0
0
2
0
0
0
0
0
2
0
0
0
0
0
2
0
0
0
0
0
2
0
0
0
0
0
2
0
0
0
0
0
2
0
0
0
0
0
2
0
0
0
0
0
2
0
0
0
0
0
2
0
0
0
0
0
2
0
0
0
0
0
2
0
0
0
0
0
2
0
0
0
0
0
2
0
0
0
0
0
2
0
0
0
0
0
2
0
0
0
0
0
2
0
0
0
0
0
2
0
0
0
0
0
2
0
0
0
0
0
2
0
0
0
0
0
2
0
0
0
0
0
2
0
0
0
0
0
2
0
0
0
0
0
2
0
0
0
0
0
2
0
0
0
0
0
2
0
0
0
0
0
2
0
0
0
0
0
2
0
0
0
0
0
2
0
0
0
0
0
2
0
0
0
0
0
2
0
0
0
0
0
2
0
0
0
0
0
2
0
0
0
0
0
2
0
0
0
0
0
2
0
0
0
0
0
2
0
0
0
0
0
2
0
0
0
0
0
2
0
0
0
0
0
2
0
0
0
0
0
2
0
0
0
0
0
2
0
0
0
0
0
2
0
0
0
0
0
2
0
0
0
0
0
2
0
0
0
0
0
2
0
0
0
0
0
2
0
0
0
0
0
2
0
0
0
0
0
2
0
0
0
0
0
2
0
0
0
0
0
2
0
0
0
0
0
2
0
0
0
0
0
2
0
0
0
0
0
2
0
0
0
0
0
2
0
0
0
0
0
2
0
0
0
0
0
2
0
0
0
0
0
2
0
0
0
0
0
2
0
0
0
0
0
2
0
0
0
0
0
2
0
0
0
0
0
2
0
0
0
0
0
2
0
0
0
0
0
2
0
0
0
0
0
2
0
0
0
0
0
2
0
0
0
0
0
2
0
0
0
0
0
2
0
0
0
0
0
2
0
0
0
0
0
2
0
0
0
0
0
2
0
0
0
0
0
2
0
0
0
0
0
2
0
0
0
0
0
2
0
0
0
0
0
2
0
0
0
0
0
2
0
0
0
0
0
2
0
0
0
0
0
2
0
0
0
0
0
2
0
0
0
0
0
2
0
0
0
0
0
2
0
0
0
0
0
2
0
0
0
0
0
2
0
0
0
0
0
2
0
0
0
0
0
2
0
0
0
0
0
2
0
0
0
0
0
2
0
0
0
0
0
2
0
0
0
0
0
2
0
0
0
0
0
2
0
0
0
0
0
2
0
0
0
0
0
2
0
0
0
0
0
2
0
0
0
0
0
2
0
0
0
0
0
2
0
0
0
0
0
2
0
0
0
0
0
2
0
0
0
0
0
2
0
0
0
0
0
2
0
0
0
0
0
2
0
0
0
0
0
2
0
0
0
0
0
2
0
0
0
0
0
2
0
0
0
0
0
2
0
0
0
0
0
2
0
0
0
0
0
2
0
0
0
0
0
2
0
0
0
0
0
2
0
0
0
0
0
2
0
0
0
0
0
2
0
0
0
0
0
2
0
0
0
0
0
2
0
0
0
0
0
2
0
0
0
0
0
2
0
0
0
0
0
2
0
0
0
0
0
2
0
0
0
0
0
2
0
0
0
0
0
2
0
0
0
0
0
2
0
0
0
0
0
2
0
0
0
0
0
2
0
0
0
0
0
2
0
0
0
0
0
2
0
0
0
0
0
2
0
0
0
0
0
2
0
0
0
0
0
2
0
0
0
0
0
2
0
0
0
0
0
2
0
0
0
0
0
2
0
0
0
0
0
2
0
0
0
0
0
2
0
0
0
0
0
2
0
0
0
0
0
2
0
0
0
0
0
2
0
0
0
0
0
2
0
0
0
0
0
2
0
0
0
0
0
2
0
0
0
0
0
2
0
0
0
0
0
2
0
0
0
0
0
2
0
0
0
0
0
2
0
0
0
0
0
2
0
0
0
0
0
2
0
0
0
0
0
2
0
0
0
0
0
2
0
0
