1
812.0000,638.0000,62.0000,82.0000
824.0000,638.0000,62.0000,82.0000
837.0000,637.0000,62.0000,82.0000
850.0000,635.0000,62.0000,82.0000
863.0000,633.0000,62.0000,82.0000
876.0000,630.0000,62.0000,82.0000
889.0000,628.0000,62.0000,82.0000
901.0000,626.0000,62.0000,82.0000
912.0000,624.0000,62.0000,82.0000
923.0000,623.0000,62.0000,82.0000
934.0000,624.0000,62.0000,82.0000
945.0000,625.0000,62.0000,82.0000
956.0000,627.0000,62.0000,82.0000
968.0000,629.0000,62.0000,82.0000
978.0000,629.0000,62.0000,82.0000
989.0000,628.0000,62.0000,82.0000
1001.0000,626.0000,62.0000,82.0000
1013.0000,622.0000,62.0000,82.0000
1025.0000,619.0000,62.0000,82.0000
1037.0000,616.0000,62.0000,82.0000
1049.0000,614.0000,62.0000,82.0000
1060.0000,613.0000,62.0000,82.0000
1071.0000,613.0000,62.0000,82.0000
1081.0000,613.0000,62.0000,82.0000
1090.0000,614.0000,62.0000,82.0000
1100.0000,615.0000,62.0000,82.0000
1110.0000,616.0000,62.0000,82.0000
1120.0000,616.0000,62.0000,82.0000
1132.0000,615.0000,62.0000,82.0000
1144.0000,614.0000,62.0000,82.0000
1157.0000,612.0000,62.0000,82.0000
1170.0000,611.0000,62.0000,82.0000
1182.0000,610.0000,62.0000,82.0000
1194.0000,610.0000,62.0000,82.0000
1205.0000,611.0000,62.0000,82.0000
1216.0000,612.0000,62.0000,82.0000
1226.0000,614.0000,62.0000,82.0000
1235.0000,617.0000,62.0000,82.0000
1246.0000,619.0000,62.0000,82.0000
1249.0000,621.0000,62.0000,82.0000
1259.0000,620.0000,62.0000,82.0000
1262.0000,621.0000,62.0000,82.0000
1262.0000,640.0000,62.0000,82.0000
1266.0000,641.0000,62.0000,82.0000
1269.0000,644.0000,62.0000,82.0000
2
0
0
0
0
0
2
0
0
0
0
0
2
0
0
0
0
0
2
0
0
0
0
0
2
0
0
0
0
0
2
0
0
0
0
0
2
0
0
0
0
0
2
0
0
0
0
0
2
0
0
0
0
0
2
0
0
0
0
0
2
0
0
0
0
0
2
0
0
0
0
0
2
0
0
0
0
0
2
0
0
0
0
0
2
0
0
0
0
0
2
0
0
0
0
0
2
0
0
0
0
0
2
0
0
0
0
0
2
0
0
0
0
0
2
0
0
0
0
0
2
0
0
0
0
0
2
0
0
0
0
0
2
0
0
0
0
0
2
0
0
0
0
0
2
0
0
0
0
0
2
0
0
0
0
0
2
0
0
0
0
0
2
0
0
0
0
0
2
0
0
0
0
0
2
0
0
0
0
0
2
0
0
0
0
0
2
0
0
0
0
0
2
0
0
0
0
0
2
0
0
0
0
0
2
0
0
0
0
0
2
0
0
0
0
0
2
0
0
0
0
0
2
0
0
0
0
0
2
0
0
0
0
0
2
0
0
0
0
0
2
0
0
0
0
0
2
0
0
0
0
0
2
0
0
0
0
0
2
0
0
0
0
0
2
0
0
0
0
0
2
0
0
0
0
0
2
0
0
0
0
0
2
0
0
0
0
0
2
0
0
0
0
0
2
0
0
0
0
0
2
0
0
0
0
0
2
0
0
0
0
0
2
0
0
0
0
0
2
0
0
0
0
0
2
0
0
0
0
0
2
0
0
0
0
0
2
0
0
0
0
0
2
0
0
0
0
0
2
0
0
0
0
0
2
0
0
0
0
0
2
0
0
0
0
0
2
0
0
0
0
0
2
0
0
0
0
0
2
0
0
0
0
0
2
0
0
0
0
0
2
0
0
0
0
0
2
0
0
0
0
0
2
0
0
0
0
0
2
0
0
0
0
0
2
0
0
0
0
0
2
0
0
0
0
0
2
0
0
0
0
0
2
0
0
0
0
0
2
0
0
0
0
0
2
0
0
0
0
0
2
0
0
0
0
0
2
0
0
0
0
0
2
0
0
0
0
0
2
0
0
0
0
0
2
0
0
0
0
0
2
0
0
0
0
0
2
0
0
0
0
0
2
0
0
0
0
0
2
0
0
0
0
0
2
0
0
0
0
0
2
0
0
0
0
0
2
0
0
0
0
0
2
0
0
0
0
0
2
0
0
0
0
0
2
0
0
0
0
0
2
0
0
0
0
0
2
0
0
0
0
0
2
0
0
0
0
0
2
0
0
0
0
0
2
0
0
0
0
0
2
0
0
0
0
0
2
0
0
0
0
0
2
0
0
0
0
0
2
0
0
0
0
0
2
0
0
0
0
0
2
0
0
0
0
0
2
0
0
0
0
0
2
0
0
