1
508.5000,184.0000,135.0000,98.0000
508.5000,184.0000,135.0000,98.0000
508.5000,184.0000,135.0000,98.0000
508.5000,184.0000,135.0000,98.0000
504.5000,184.0000,135.0000,98.0000
504.5000,184.0000,135.0000,98.0000
504.5000,184.0000,135.0000,98.0000
504.5000,184.0000,135.0000,98.0000
504.5000,184.0000,135.0000,98.0000
504.5000,184.0000,135.0000,98.0000
504.5000,184.0000,135.0000,98.0000
504.5000,184.0000,135.0000,98.0000
504.5000,184.0000,135.0000,98.0000
504.5000,184.0000,135.0000,98.0000
504.5000,184.0000,135.0000,98.0000
504.5000,184.0000,135.0000,98.0000
504.5000,184.0000,135.0000,98.0000
500.5000,184.0000,135.0000,98.0000
500.5000,184.0000,135.0000,98.0000
500.5000,184.0000,135.0000,98.0000
500.5000,184.0000,135.0000,98.0000
500.5000,184.0000,135.0000,98.0000
500.5000,184.0000,135.0000,98.0000
500.5000,184.0000,135.0000,98.0000
500.5000,184.0000,135.0000,98.0000
500.5000,184.0000,135.0000,98.0000
500.5000,184.0000,135.0000,98.0000
500.5000,184.0000,135.0000,98.0000
500.5000,184.0000,135.0000,98.0000
500.5000,184.0000,135.0000,98.0000
496.5000,184.0000,135.0000,98.0000
496.5000,184.0000,135.0000,98.0000
496.5000,184.0000,135.0000,98.0000
496.5000,184.0000,135.0000,98.0000
496.5000,184.0000,135.0000,98.0000
496.5000,184.0000,135.0000,98.0000
496.5000,184.0000,135.0000,98.0000
496.5000,184.0000,135.0000,98.0000
496.5000,184.0000,135.0000,98.0000
496.5000,188.0000,135.0000,98.0000
496.5000,188.0000,135.0000,98.0000
496.5000,188.0000,135.0000,98.0000
496.5000,188.0000,135.0000,98.0000
496.5000,188.0000,135.0000,98.0000
496.5000,188.0000,135.0000,98.0000
496.5000,188.0000,135.0000,98.0000
492.5000,188.0000,135.0000,98.0000
492.5000,188.0000,135.0000,98.0000
492.5000,188.0000,135.0000,98.0000
492.5000,188.0000,135.0000,98.0000
492.5000,188.0000,135.0000,98.0000
492.5000,188.0000,135.0000,98.0000
492.5000,188.0000,135.0000,98.0000
492.5000,188.0000,135.0000,98.0000
492.5000,188.0000,135.0000,98.0000
492.5000,188.0000,135.0000,98.0000
492.5000,188.0000,135.0000,98.0000
492.5000,188.0000,135.0000,98.0000
492.5000,188.0000,135.0000,98.0000
492.5000,188.0000,135.0000,98.0000
492.5000,188.0000,135.0000,98.0000
492.5000,188.0000,135.0000,98.0000
492.5000,188.0000,135.0000,98.0000
492.5000,188.0000,135.0000,98.0000
492.5000,188.0000,135.0000,98.0000
492.5000,188.0000,135.0000,98.0000
492.5000,188.0000,135.0000,98.0000
492.5000,188.0000,135.0000,98.0000
492.5000,188.0000,135.0000,98.0000
492.5000,188.0000,135.0000,98.0000
492.5000,188.0000,135.0000,98.0000
492.5000,188.0000,135.0000,98.0000
492.5000,188.0000,135.0000,98.0000
492.5000,188.0000,135.0000,98.0000
496.5000,188.0000,135.0000,98.0000
496.5000,188.0000,135.0000,98.0000
496.5000,188.0000,135.0000,98.0000
496.5000,188.0000,135.0000,98.0000
496.5000,188.0000,135.0000,98.0000
496.5000,188.0000,135.0000,98.0000
496.5000,188.0000,135.0000,98.0000
496.5000,188.0000,135.0000,98.0000
496.5000,188.0000,135.0000,98.0000
496.5000,188.0000,135.0000,98.0000
496.5000,188.0000,135.0000,98.0000
496.5000,192.0000,135.0000,98.0000
496.5000,192.0000,135.0000,98.0000
496.5000,192.0000,135.0000,98.0000
496.5000,192.0000,135.0000,98.0000
496.5000,192.0000,135.0000,98.0000
496.5000,192.0000,135.0000,98.0000
496.5000,192.0000,135.0000,98.0000
500.5000,192.0000,135.0000,98.0000
500.5000,192.0000,135.0000,98.0000
500.5000,192.0000,135.0000,98.0000
500.5000,192.0000,135.0000,98.0000
500.5000,192.0000,135.0000,98.0000
500.5000,192.0000,135.0000,98.0000
500.5000,192.0000,135.0000,98.0000
500.5000,192.0000,135.0000,98.0000
500.5000,192.0000,135.0000,98.0000
504.5000,192.0000,135.0000,98.0000
504.5000,192.0000,135.0000,98.0000
504.5000,192.0000,135.0000,98.0000
504.5000,192.0000,135.0000,98.0000
504.5000,192.0000,135.0000,98.0000
504.5000,192.0000,135.0000,98.0000
504.5000,192.0000,135.0000,98.0000
504.5000,192.0000,135.0000,98.0000
508.5000,192.0000,135.0000,98.0000
508.5000,192.0000,135.0000,98.0000
508.5000,192.0000,135.0000,98.0000
508.5000,192.0000,135.0000,98.0000
508.5000,192.0000,135.0000,98.0000
508.5000,192.0000,135.0000,98.0000
512.5000,192.0000,135.0000,98.0000
512.5000,192.0000,135.0000,98.0000
512.5000,192.0000,135.0000,98.0000
512.5000,192.0000,135.0000,98.0000
512.5000,192.0000,135.0000,98.0000
512.5000,192.0000,135.0000,98.0000
512.5000,192.0000,135.0000,98.0000
516.5000,192.0000,135.0000,98.0000
516.5000,192.0000,135.0000,98.0000
516.5000,192.0000,135.0000,98.0000
516.5000,192.0000,135.0000,98.0000
516.5000,192.0000,135.0000,98.0000
520.5000,192.0000,135.0000,98.0000
520.5000,192.0000,135.0000,98.0000
520.5000,192.0000,135.0000,98.0000
520.5000,196.0000,135.0000,98.0000
520.5000,196.0000,135.0000,98.0000
520.5000,196.0000,135.0000,98.0000
520.5000,196.0000,135.0000,98.0000
524.5000,196.0000,135.0000,98.0000
524.5000,196.0000,135.0000,98.0000
524.5000,196.0000,135.0000,98.0000
524.5000,196.0000,135.0000,98.0000
524.5000,196.0000,135.0000,98.0000
528.5000,196.0000,135.0000,98.0000
528.5000,196.0000,135.0000,98.0000
528.5000,196.0000,135.0000,98.0000
528.5000,196.0000,135.0000,98.0000
528.5000,196.0000,135.0000,98.0000
532.5000,196.0000,135.0000,98.0000
532.5000,196.0000,135.0000,98.0000
532.5000,196.0000,135.0000,98.0000
532.5000,196.0000,135.0000,98.0000
532.5000,200.0000,135.0000,98.0000
532.5000,200.0000,135.0000,98.0000
536.5000,200.0000,135.0000,98.0000
536.5000,200.0000,135.0000,98.0000
536.5000,200.0000,135.0000,98.0000
536.5000,200.0000,135.0000,98.0000
536.5000,200.0000,135.0000,98.0000
536.5000,200.0000,135.0000,98.0000
540.5000,200.0000,135.0000,98.0000
540.5000,200.0000,135.0000,98.0000
540.5000,200.0000,135.0000,98.0000
540.5000,204.0000,135.0000,98.0000
540.5000,204.0000,135.0000,98.0000
540.5000,204.0000,135.0000,98.0000
540.5000,204.0000,135.0000,98.0000
544.5000,204.0000,135.0000,98.0000
544.5000,204.0000,135.0000,98.0000
544.5000,208.0000,135.0000,98.0000
544.5000,208.0000,135.0000,98.0000
544.5000,208.0000,135.0000,98.0000
544.5000,208.0000,135.0000,98.0000
548.5000,208.0000,135.0000,98.0000
548.5000,208.0000,135.0000,98.0000
548.5000,212.0000,135.0000,98.0000
548.5000,212.0000,135.0000,98.0000
548.5000,212.0000,135.0000,98.0000
548.5000,212.0000,135.0000,98.0000
548.5000,216.0000,135.0000,98.0000
552.5000,216.0000,135.0000,98.0000
552.5000,216.0000,135.0000,98.0000
552.5000,216.0000,135.0000,98.0000
552.5000,220.0000,135.0000,98.0000
552.5000,220.0000,135.0000,98.0000
552.5000,220.0000,135.0000,98.0000
552.5000,220.0000,135.0000,98.0000
552.5000,224.0000,135.0000,98.0000
556.5000,224.0000,135.0000,98.0000
556.5000,224.0000,135.0000,98.0000
556.5000,228.0000,135.0000,98.0000
556.5000,228.0000,135.0000,98.0000
556.5000,228.0000,135.0000,98.0000
556.5000,232.0000,135.0000,98.0000
556.5000,232.0000,135.0000,98.0000
560.5000,232.0000,135.0000,98.0000
560.5000,236.0000,135.0000,98.0000
560.5000,236.0000,135.0000,98.0000
560.5000,236.0000,135.0000,98.0000
560.5000,240.0000,135.0000,98.0000
560.5000,240.0000,135.0000,98.0000
560.5000,244.0000,135.0000,98.0000
564.5000,244.0000,135.0000,98.0000
564.5000,244.0000,135.0000,98.0000
564.5000,248.0000,135.0000,98.0000
564.5000,248.0000,135.0000,98.0000
564.5000,252.0000,135.0000,98.0000
564.5000,252.0000,135.0000,98.0000
564.5000,256.0000,135.0000,98.0000
564.5000,256.0000,135.0000,98.0000
568.5000,256.0000,135.0000,98.0000
568.5000,260.0000,135.0000,98.0000
568.5000,260.0000,135.0000,98.0000
568.5000,264.0000,135.0000,98.0000
568.5000,264.0000,135.0000,98.0000
568.5000,264.0000,135.0000,98.0000
568.5000,268.0000,135.0000,98.0000
572.5000,268.0000,135.0000,98.0000
572.5000,268.0000,135.0000,98.0000
572.5000,272.0000,135.0000,98.0000
572.5000,272.0000,135.0000,98.0000
572.5000,272.0000,135.0000,98.0000
572.5000,276.0000,135.0000,98.0000
572.5000,276.0000,135.0000,98.0000
572.5000,276.0000,135.0000,98.0000
576.5000,280.0000,135.0000,98.0000
576.5000,280.0000,135.0000,98.0000
576.5000,280.0000,135.0000,98.0000
576.5000,284.0000,135.0000,98.0000
576.5000,284.0000,135.0000,98.0000
576.5000,284.0000,135.0000,98.0000
576.5000,284.0000,135.0000,98.0000
576.5000,288.0000,135.0000,98.0000
580.5000,288.0000,135.0000,98.0000
580.5000,288.0000,135.0000,98.0000
580.5000,288.0000,135.0000,98.0000
580.5000,292.0000,135.0000,98.0000
580.5000,292.0000,135.0000,98.0000
580.5000,292.0000,135.0000,98.0000
580.5000,296.0000,135.0000,98.0000
584.5000,296.0000,135.0000,98.0000
584.5000,296.0000,135.0000,98.0000
584.5000,296.0000,135.0000,98.0000
584.5000,300.0000,135.0000,98.0000
584.5000,300.0000,135.0000,98.0000
584.5000,300.0000,135.0000,98.0000
584.5000,300.0000,135.0000,98.0000
584.5000,304.0000,135.0000,98.0000
588.5000,304.0000,135.0000,98.0000
588.5000,304.0000,135.0000,98.0000
588.5000,304.0000,135.0000,98.0000
588.5000,308.0000,135.0000,98.0000
588.5000,308.0000,135.0000,98.0000
588.5000,308.0000,135.0000,98.0000
592.5000,308.0000,135.0000,98.0000
592.5000,312.0000,135.0000,98.0000
592.5000,312.0000,135.0000,98.0000
592.5000,312.0000,135.0000,98.0000
592.5000,312.0000,135.0000,98.0000
596.5000,316.0000,135.0000,98.0000
596.5000,316.0000,135.0000,98.0000
596.5000,316.0000,135.0000,98.0000
596.5000,316.0000,135.0000,98.0000
600.5000,320.0000,135.0000,98.0000
600.5000,320.0000,135.0000,98.0000
600.5000,320.0000,135.0000,98.0000
600.5000,324.0000,135.0000,98.0000
604.5000,324.0000,135.0000,98.0000
604.5000,324.0000,135.0000,98.0000
604.5000,324.0000,135.0000,98.0000
604.5000,324.0000,135.0000,98.0000
604.5000,328.0000,135.0000,98.0000
608.5000,328.0000,135.0000,98.0000
608.5000,328.0000,135.0000,98.0000
608.5000,328.0000,135.0000,98.0000
608.5000,332.0000,135.0000,98.0000
612.5000,332.0000,135.0000,98.0000
612.5000,332.0000,135.0000,98.0000
612.5000,332.0000,135.0000,98.0000
612.5000,332.0000,135.0000,98.0000
612.5000,332.0000,135.0000,98.0000
616.5000,336.0000,135.0000,98.0000
616.5000,336.0000,135.0000,98.0000
616.5000,336.0000,135.0000,98.0000
616.5000,336.0000,135.0000,98.0000
616.5000,336.0000,135.0000,98.0000
616.5000,336.0000,135.0000,98.0000
620.5000,336.0000,135.0000,98.0000
620.5000,340.0000,135.0000,98.0000
620.5000,340.0000,135.0000,98.0000
620.5000,340.0000,135.0000,98.0000
620.5000,340.0000,135.0000,98.0000
620.5000,340.0000,135.0000,98.0000
620.5000,340.0000,135.0000,98.0000
620.5000,340.0000,135.0000,98.0000
624.5000,340.0000,135.0000,98.0000
624.5000,344.0000,135.0000,98.0000
624.5000,344.0000,135.0000,98.0000
624.5000,344.0000,135.0000,98.0000
624.5000,344.0000,135.0000,98.0000
624.5000,344.0000,135.0000,98.0000
624.5000,344.0000,135.0000,98.0000
624.5000,344.0000,135.0000,98.0000
624.5000,348.0000,135.0000,98.0000
624.5000,348.0000,135.0000,98.0000
624.5000,348.0000,135.0000,98.0000
624.5000,348.0000,135.0000,98.0000
624.5000,348.0000,135.0000,98.0000
624.5000,348.0000,135.0000,98.0000
624.5000,352.0000,135.0000,98.0000
628.5000,352.0000,135.0000,98.0000
628.5000,352.0000,135.0000,98.0000
628.5000,352.0000,135.0000,98.0000
628.5000,352.0000,135.0000,98.0000
628.5000,356.0000,135.0000,98.0000
628.5000,356.0000,135.0000,98.0000
628.5000,356.0000,135.0000,98.0000
628.5000,356.0000,135.0000,98.0000
628.5000,356.0000,135.0000,98.0000
628.5000,360.0000,135.0000,98.0000
628.5000,360.0000,135.0000,98.0000
628.5000,360.0000,135.0000,98.0000
628.5000,360.0000,135.0000,98.0000
628.5000,360.0000,135.0000,98.0000
628.5000,364.0000,135.0000,98.0000
632.5000,364.0000,135.0000,98.0000
632.5000,364.0000,135.0000,98.0000
632.5000,364.0000,135.0000,98.0000
632.5000,364.0000,135.0000,98.0000
632.5000,364.0000,135.0000,98.0000
632.5000,368.0000,135.0000,98.0000
632.5000,368.0000,135.0000,98.0000
636.5000,368.0000,135.0000,98.0000
636.5000,368.0000,135.0000,98.0000
636.5000,372.0000,135.0000,98.0000
636.5000,372.0000,135.0000,98.0000
636.5000,372.0000,135.0000,98.0000
636.5000,372.0000,135.0000,98.0000
640.5000,376.0000,135.0000,98.0000
640.5000,376.0000,135.0000,98.0000
640.5000,376.0000,135.0000,98.0000
640.5000,376.0000,135.0000,98.0000
640.5000,376.0000,135.0000,98.0000
644.5000,380.0000,135.0000,98.0000
644.5000,380.0000,135.0000,98.0000
644.5000,380.0000,135.0000,98.0000
644.5000,384.0000,135.0000,98.0000
644.5000,384.0000,135.0000,98.0000
648.5000,384.0000,135.0000,98.0000
648.5000,388.0000,135.0000,98.0000
648.5000,388.0000,135.0000,98.0000
648.5000,388.0000,135.0000,98.0000
652.5000,388.0000,135.0000,98.0000
652.5000,392.0000,135.0000,98.0000
652.5000,392.0000,135.0000,98.0000
652.5000,392.0000,135.0000,98.0000
656.5000,392.0000,135.0000,98.0000
656.5000,396.0000,135.0000,98.0000
656.5000,396.0000,135.0000,98.0000
656.5000,396.0000,135.0000,98.0000
660.5000,396.0000,135.0000,98.0000
660.5000,400.0000,135.0000,98.0000
660.5000,400.0000,135.0000,98.0000
660.5000,400.0000,135.0000,98.0000
664.5000,404.0000,135.0000,98.0000
664.5000,404.0000,135.0000,98.0000
664.5000,404.0000,135.0000,98.0000
664.5000,404.0000,135.0000,98.0000
668.5000,408.0000,135.0000,98.0000
668.5000,408.0000,135.0000,98.0000
668.5000,408.0000,135.0000,98.0000
668.5000,408.0000,135.0000,98.0000
672.5000,412.0000,135.0000,98.0000
672.5000,412.0000,135.0000,98.0000
672.5000,412.0000,135.0000,98.0000
672.5000,412.0000,135.0000,98.0000
676.5000,416.0000,135.0000,98.0000
676.5000,416.0000,135.0000,98.0000
676.5000,416.0000,135.0000,98.0000
676.5000,420.0000,135.0000,98.0000
680.5000,420.0000,135.0000,98.0000
680.5000,420.0000,135.0000,98.0000
680.5000,420.0000,135.0000,98.0000
684.5000,424.0000,135.0000,98.0000
684.5000,424.0000,135.0000,98.0000
684.5000,424.0000,135.0000,98.0000
684.5000,424.0000,135.0000,98.0000
688.5000,428.0000,135.0000,98.0000
688.5000,428.0000,135.0000,98.0000
688.5000,428.0000,135.0000,98.0000
688.5000,428.0000,135.0000,98.0000
692.5000,432.0000,135.0000,98.0000
692.5000,432.0000,135.0000,98.0000
692.5000,432.0000,135.0000,98.0000
692.5000,432.0000,135.0000,98.0000
692.5000,432.0000,135.0000,98.0000
696.5000,436.0000,135.0000,98.0000
696.5000,436.0000,135.0000,98.0000
696.5000,436.0000,135.0000,98.0000
696.5000,440.0000,135.0000,98.0000
700.5000,440.0000,135.0000,98.0000
700.5000,440.0000,135.0000,98.0000
700.5000,440.0000,135.0000,98.0000
700.5000,444.0000,135.0000,98.0000
704.5000,444.0000,135.0000,98.0000
704.5000,444.0000,135.0000,98.0000
704.5000,444.0000,135.0000,98.0000
704.5000,444.0000,135.0000,98.0000
704.5000,448.0000,135.0000,98.0000
708.5000,448.0000,135.0000,98.0000
708.5000,448.0000,135.0000,98.0000
708.5000,448.0000,135.0000,98.0000
708.5000,448.0000,135.0000,98.0000
712.5000,452.0000,135.0000,98.0000
712.5000,452.0000,135.0000,98.0000
712.5000,452.0000,135.0000,98.0000
712.5000,452.0000,135.0000,98.0000
712.5000,452.0000,135.0000,98.0000
716.5000,456.0000,135.0000,98.0000
716.5000,456.0000,135.0000,98.0000
716.5000,456.0000,135.0000,98.0000
716.5000,456.0000,135.0000,98.0000
716.5000,456.0000,135.0000,98.0000
716.5000,456.0000,135.0000,98.0000
720.5000,456.0000,135.0000,98.0000
720.5000,460.0000,135.0000,98.0000
720.5000,460.0000,135.0000,98.0000
720.5000,460.0000,135.0000,98.0000
720.5000,460.0000,135.0000,98.0000
724.5000,460.0000,135.0000,98.0000
724.5000,460.0000,135.0000,98.0000
724.5000,460.0000,135.0000,98.0000
724.5000,460.0000,135.0000,98.0000
724.5000,460.0000,135.0000,98.0000
724.5000,460.0000,135.0000,98.0000
728.5000,464.0000,135.0000,98.0000
728.5000,464.0000,135.0000,98.0000
728.5000,464.0000,135.0000,98.0000
728.5000,464.0000,135.0000,98.0000
728.5000,464.0000,135.0000,98.0000
728.5000,464.0000,135.0000,98.0000
732.5000,464.0000,135.0000,98.0000
732.5000,464.0000,135.0000,98.0000
732.5000,464.0000,135.0000,98.0000
732.5000,464.0000,135.0000,98.0000
732.5000,464.0000,135.0000,98.0000
732.5000,464.0000,135.0000,98.0000
732.5000,464.0000,135.0000,98.0000
732.5000,464.0000,135.0000,98.0000
732.5000,464.0000,135.0000,98.0000
732.5000,464.0000,135.0000,98.0000
732.5000,464.0000,135.0000,98.0000
732.5000,464.0000,135.0000,98.0000
736.5000,464.0000,135.0000,98.0000
736.5000,464.0000,135.0000,98.0000
736.5000,464.0000,135.0000,98.0000
736.5000,464.0000,135.0000,98.0000
736.5000,460.0000,135.0000,98.0000
736.5000,460.0000,135.0000,98.0000
736.5000,460.0000,135.0000,98.0000
736.5000,460.0000,135.0000,98.0000
736.5000,460.0000,135.0000,98.0000
736.5000,460.0000,135.0000,98.0000
736.5000,460.0000,135.0000,98.0000
736.5000,456.0000,135.0000,98.0000
736.5000,456.0000,135.0000,98.0000
736.5000,456.0000,135.0000,98.0000
736.5000,456.0000,135.0000,98.0000
736.5000,456.0000,135.0000,98.0000
736.5000,452.0000,135.0000,98.0000
736.5000,452.0000,135.0000,98.0000
736.5000,452.0000,135.0000,98.0000
736.5000,452.0000,135.0000,98.0000
736.5000,452.0000,135.0000,98.0000
736.5000,448.0000,135.0000,98.0000
736.5000,448.0000,135.0000,98.0000
740.5000,448.0000,135.0000,98.0000
740.5000,444.0000,135.0000,98.0000
740.5000,444.0000,135.0000,98.0000
740.5000,444.0000,135.0000,98.0000
740.5000,444.0000,135.0000,98.0000
740.5000,440.0000,135.0000,98.0000
740.5000,440.0000,135.0000,98.0000
740.5000,440.0000,135.0000,98.0000
740.5000,436.0000,135.0000,98.0000
740.5000,436.0000,135.0000,98.0000
740.5000,436.0000,135.0000,98.0000
740.5000,436.0000,135.0000,98.0000
740.5000,432.0000,135.0000,98.0000
740.5000,432.0000,135.0000,98.0000
