1
95.0000,290.0000,49.0000,29.0000
115.0000,288.0000,49.0000,29.0000
133.0000,288.0000,49.0000,29.0000
149.0000,288.0000,49.0000,29.0000
166.0000,287.0000,49.0000,29.0000
180.0000,284.0000,49.0000,29.0000
194.0000,281.0000,49.0000,29.0000
194.0000,281.0000,49.0000,29.0000
209.0000,277.0000,49.0000,29.0000
220.0000,274.0000,49.0000,29.0000
232.0000,269.0000,49.0000,29.0000
246.0000,267.0000,49.0000,29.0000
256.0000,264.0000,49.0000,29.0000
266.0000,263.0000,49.0000,29.0000
276.0000,262.0000,49.0000,29.0000
282.0000,259.0000,49.0000,29.0000
293.0000,255.0000,49.0000,29.0000
301.0000,251.0000,49.0000,29.0000
306.0000,247.0000,49.0000,29.0000
315.0000,241.0000,49.0000,29.0000
316.0000,254.0000,49.0000,29.0000
306.0000,249.0000,49.0000,29.0000
316.0000,229.0000,49.0000,29.0000
318.0000,226.0000,49.0000,29.0000
314.0000,225.0000,49.0000,29.0000
315.0000,222.0000,49.0000,29.0000
314.0000,219.0000,49.0000,29.0000
314.0000,214.0000,49.0000,29.0000
311.0000,207.0000,49.0000,29.0000
310.0000,201.0000,49.0000,29.0000
306.0000,198.0000,49.0000,29.0000
302.0000,196.0000,49.0000,29.0000
299.0000,193.0000,49.0000,29.0000
297.0000,189.0000,49.0000,29.0000
297.0000,189.0000,49.0000,29.0000
297.0000,189.0000,49.0000,29.0000
298.0000,189.0000,49.0000,29.0000
297.0000,189.0000,49.0000,29.0000
2
0
0
0
0
0
2
0
0
0
0
0
2
0
0
0
0
0
2
0
0
0
0
0
2
0
0
0
0
0
2
0
0
0
0
0
2
0
0
0
0
0
2
0
0
0
0
0
2
0
0
0
0
0
2
0
0
0
0
0
2
0
0
0
0
0
2
0
0
0
0
0
2
0
0
0
0
0
2
0
0
0
0
0
2
0
0
0
0
0
2
0
0
0
0
0
2
0
0
0
0
0
2
0
0
0
0
0
2
0
0
0
0
0
2
0
0
0
0
0
2
0
0
0
0
0
2
0
0
0
0
0
2
0
0
0
0
0
2
0
0
0
0
0
2
0
0
0
0
0
2
0
0
0
0
0
2
0
0
0
0
0
2
0
0
0
0
0
2
0
0
0
0
0
2
0
0
0
0
0
2
0
0
0
0
0
2
0
0
0
0
0
2
0
0
0
0
0
2
0
0
0
0
0
2
0
0
0
0
0
2
0
0
0
0
0
360.0000,144.0000,49.0000,29.0000
347.0000,144.0000,49.0000,29.0000
332.0000,142.0000,49.0000,29.0000
319.0000,141.0000,49.0000,29.0000
304.0000,140.0000,49.0000,29.0000
290.0000,141.0000,49.0000,29.0000
278.0000,143.0000,49.0000,29.0000
264.0000,145.0000,49.0000,29.0000
252.0000,147.0000,49.0000,29.0000
251.0000,147.0000,49.0000,29.0000
240.0000,149.0000,49.0000,29.0000
227.0000,152.0000,49.0000,29.0000
2
0
0
0
0
0
2
0
0
0
0
0
208.0000,158.0000,49.0000,29.0000
193.0000,169.0000,49.0000,29.0000
187.0000,166.0000,49.0000,29.0000
184.0000,162.0000,49.0000,29.0000
180.0000,160.0000,49.0000,29.0000
180.0000,160.0000,49.0000,29.0000
176.0000,157.0000,49.0000,29.0000
170.0000,156.0000,49.0000,29.0000
165.0000,154.0000,49.0000,29.0000
159.0000,154.0000,49.0000,29.0000
154.0000,151.0000,49.0000,29.0000
147.0000,148.0000,49.0000,29.0000
139.0000,145.0000,49.0000,29.0000
131.0000,145.0000,49.0000,29.0000
131.0000,145.0000,49.0000,29.0000
123.0000,143.0000,49.0000,29.0000
114.0000,146.0000,49.0000,29.0000
104.0000,148.0000,49.0000,29.0000
98.0000,148.0000,49.0000,29.0000
90.0000,149.0000,49.0000,29.0000
82.0000,150.0000,49.0000,29.0000
73.0000,151.0000,49.0000,29.0000
