1
414.5000,304.5000,33.0000,71.0000
414.0000,305.0000,33.0000,71.0000
414.5000,304.5000,33.0000,71.0000
414.0000,305.0000,33.0000,71.0000
413.5000,305.5000,33.0000,71.0000
414.0000,305.0000,33.0000,71.0000
413.5000,305.5000,33.0000,71.0000
413.0000,305.0000,33.0000,71.0000
413.5000,305.5000,33.0000,71.0000
413.0000,306.0000,33.0000,71.0000
413.5000,305.5000,33.0000,71.0000
413.0000,306.0000,33.0000,71.0000
413.5000,306.5000,33.0000,71.0000
413.0000,307.0000,33.0000,71.0000
413.5000,307.5000,33.0000,71.0000
413.0000,307.0000,33.0000,71.0000
413.5000,307.5000,33.0000,71.0000
413.0000,308.0000,33.0000,71.0000
413.5000,308.5000,33.0000,71.0000
413.0000,309.0000,33.0000,71.0000
413.5000,309.5000,33.0000,71.0000
414.0000,310.0000,33.0000,71.0000
413.5000,310.5000,33.0000,71.0000
414.0000,311.0000,33.0000,71.0000
414.5000,311.5000,33.0000,71.0000
415.0000,312.0000,33.0000,71.0000
415.5000,312.5000,33.0000,71.0000
415.0000,313.0000,33.0000,71.0000
415.5000,313.5000,33.0000,71.0000
416.0000,314.0000,33.0000,71.0000
416.5000,314.5000,33.0000,71.0000
416.0000,315.0000,33.0000,71.0000
416.5000,315.5000,33.0000,71.0000
417.0000,316.0000,33.0000,71.0000
417.5000,317.5000,33.0000,71.0000
417.0000,318.0000,33.0000,71.0000
417.5000,318.5000,33.0000,71.0000
418.0000,319.0000,33.0000,71.0000
417.5000,319.5000,33.0000,71.0000
418.0000,320.0000,33.0000,71.0000
418.5000,320.5000,33.0000,71.0000
419.0000,321.0000,33.0000,71.0000
419.5000,321.5000,33.0000,71.0000
420.0000,322.0000,33.0000,71.0000
420.5000,322.5000,33.0000,71.0000
421.0000,323.0000,33.0000,71.0000
421.5000,324.5000,33.0000,71.0000
422.0000,325.0000,33.0000,71.0000
421.5000,325.5000,33.0000,71.0000
422.0000,327.0000,33.0000,71.0000
422.5000,327.5000,33.0000,71.0000
422.0000,328.0000,33.0000,71.0000
422.5000,329.5000,33.0000,71.0000
422.0000,330.0000,33.0000,71.0000
421.5000,330.5000,33.0000,71.0000
422.0000,332.0000,33.0000,71.0000
421.5000,332.5000,33.0000,71.0000
422.0000,333.0000,33.0000,71.0000
422.5000,333.5000,33.0000,71.0000
423.0000,334.0000,33.0000,71.0000
422.5000,334.5000,33.0000,71.0000
423.0000,335.0000,33.0000,71.0000
422.5000,335.5000,33.0000,71.0000
423.0000,336.0000,33.0000,71.0000
423.5000,337.5000,33.0000,71.0000
424.0000,338.0000,33.0000,71.0000
423.5000,338.5000,33.0000,71.0000
424.0000,339.0000,33.0000,71.0000
424.5000,340.5000,33.0000,71.0000
425.0000,341.0000,33.0000,71.0000
425.5000,341.5000,33.0000,71.0000
426.0000,343.0000,33.0000,71.0000
426.5000,343.5000,33.0000,71.0000
427.0000,344.0000,33.0000,71.0000
427.5000,345.5000,33.0000,71.0000
428.0000,346.0000,33.0000,71.0000
428.5000,347.5000,33.0000,71.0000
429.0000,348.0000,33.0000,71.0000
428.5000,348.5000,33.0000,71.0000
429.0000,349.0000,33.0000,71.0000
429.5000,349.5000,33.0000,71.0000
430.0000,350.0000,33.0000,71.0000
430.5000,350.5000,33.0000,71.0000
431.0000,351.0000,33.0000,71.0000
431.5000,351.5000,33.0000,71.0000
432.0000,352.0000,33.0000,71.0000
432.5000,352.5000,33.0000,71.0000
433.0000,353.0000,33.0000,71.0000
433.5000,353.5000,33.0000,71.0000
434.0000,354.0000,33.0000,71.0000
434.5000,354.5000,33.0000,71.0000
435.0000,356.0000,33.0000,71.0000
435.5000,356.5000,33.0000,71.0000
436.0000,357.0000,33.0000,71.0000
436.5000,357.5000,33.0000,71.0000
437.0000,359.0000,33.0000,71.0000
437.5000,359.5000,33.0000,71.0000
438.0000,360.0000,33.0000,71.0000
438.5000,360.5000,33.0000,71.0000
439.0000,361.0000,33.0000,71.0000
439.5000,361.5000,33.0000,71.0000
440.0000,362.0000,33.0000,71.0000
440.5000,362.5000,33.0000,71.0000
441.0000,363.0000,33.0000,71.0000
441.5000,363.5000,33.0000,71.0000
442.0000,364.0000,33.0000,71.0000
442.5000,364.5000,33.0000,71.0000
443.0000,365.0000,33.0000,71.0000
444.5000,365.5000,33.0000,71.0000
445.0000,366.0000,33.0000,71.0000
446.5000,366.5000,33.0000,71.0000
448.0000,367.0000,33.0000,71.0000
448.5000,367.5000,33.0000,71.0000
450.0000,368.0000,33.0000,71.0000
451.5000,368.5000,33.0000,71.0000
453.0000,369.0000,33.0000,71.0000
454.5000,369.5000,33.0000,71.0000
456.0000,370.0000,33.0000,71.0000
457.5000,371.5000,33.0000,71.0000
459.0000,372.0000,33.0000,71.0000
460.5000,372.5000,33.0000,71.0000
462.0000,373.0000,33.0000,71.0000
462.5000,372.5000,33.0000,71.0000
463.0000,373.0000,33.0000,71.0000
464.5000,373.5000,33.0000,71.0000
466.0000,373.0000,33.0000,71.0000
467.5000,373.5000,33.0000,71.0000
468.0000,374.0000,33.0000,71.0000
469.5000,373.5000,33.0000,71.0000
471.0000,375.0000,33.0000,71.0000
472.5000,375.5000,33.0000,71.0000
474.0000,376.0000,33.0000,71.0000
474.5000,378.5000,33.0000,71.0000
476.0000,379.0000,33.0000,71.0000
477.5000,379.5000,33.0000,71.0000
480.0000,380.0000,33.0000,71.0000
481.5000,380.5000,33.0000,71.0000
483.0000,380.0000,33.0000,71.0000
484.5000,381.5000,33.0000,71.0000
486.0000,382.0000,33.0000,71.0000
487.5000,381.5000,33.0000,71.0000
489.0000,382.0000,33.0000,71.0000
490.5000,381.5000,33.0000,71.0000
492.0000,382.0000,33.0000,71.0000
494.5000,383.5000,33.0000,71.0000
496.0000,384.0000,33.0000,71.0000
497.5000,383.5000,33.0000,71.0000
499.0000,384.0000,33.0000,71.0000
500.5000,383.5000,33.0000,71.0000
503.0000,383.0000,33.0000,71.0000
2
0
0
0
0
0
2
0
0
0
0
0
2
0
0
0
0
0
2
0
0
0
0
0
2
0
0
0
0
0
2
0
0
0
0
0
2
0
0
0
0
0
2
0
0
0
0
0
2
0
0
0
0
0
2
0
0
0
0
0
2
0
0
0
0
0
2
0
0
0
0
0
2
0
0
0
0
0
2
0
0
0
0
0
2
0
0
0
0
0
451.0000,395.0000,33.0000,71.0000
449.5000,394.5000,33.0000,71.0000
448.0000,394.0000,33.0000,71.0000
447.5000,394.5000,33.0000,71.0000
446.0000,394.0000,33.0000,71.0000
445.5000,393.5000,33.0000,71.0000
444.0000,393.0000,33.0000,71.0000
443.5000,392.5000,33.0000,71.0000
443.0000,392.0000,33.0000,71.0000
446.5000,390.5000,33.0000,71.0000
447.0000,390.0000,33.0000,71.0000
447.5000,389.5000,33.0000,71.0000
449.0000,389.0000,33.0000,71.0000
450.5000,388.5000,33.0000,71.0000
451.0000,388.0000,33.0000,71.0000
452.5000,387.5000,33.0000,71.0000
454.0000,387.0000,33.0000,71.0000
454.5000,386.5000,33.0000,71.0000
456.0000,385.0000,33.0000,71.0000
457.5000,384.5000,33.0000,71.0000
458.0000,383.0000,33.0000,71.0000
458.5000,382.5000,33.0000,71.0000
460.0000,381.0000,33.0000,71.0000
460.5000,379.5000,33.0000,71.0000
461.0000,379.0000,33.0000,71.0000
462.5000,377.5000,33.0000,71.0000
463.0000,377.0000,33.0000,71.0000
463.5000,375.5000,33.0000,71.0000
464.0000,375.0000,33.0000,71.0000
464.5000,373.5000,33.0000,71.0000
466.0000,373.0000,33.0000,71.0000
466.5000,372.5000,33.0000,71.0000
467.0000,371.0000,33.0000,71.0000
467.5000,370.5000,33.0000,71.0000
469.0000,370.0000,33.0000,71.0000
470.5000,368.5000,33.0000,71.0000
471.0000,367.0000,33.0000,71.0000
471.5000,366.5000,33.0000,71.0000
473.0000,365.0000,33.0000,71.0000
473.5000,363.5000,33.0000,71.0000
474.0000,362.0000,33.0000,71.0000
475.5000,360.5000,33.0000,71.0000
476.0000,359.0000,33.0000,71.0000
475.5000,358.5000,33.0000,71.0000
476.0000,357.0000,33.0000,71.0000
476.5000,355.5000,33.0000,71.0000
477.0000,354.0000,33.0000,71.0000
477.5000,353.5000,33.0000,71.0000
478.0000,352.0000,33.0000,71.0000
479.5000,350.5000,33.0000,71.0000
480.0000,350.0000,33.0000,71.0000
481.5000,348.5000,33.0000,71.0000
482.0000,347.0000,33.0000,71.0000
483.5000,345.5000,33.0000,71.0000
485.0000,344.0000,33.0000,71.0000
486.5000,342.5000,33.0000,71.0000
488.0000,341.0000,33.0000,71.0000
489.5000,338.5000,33.0000,71.0000
491.0000,337.0000,33.0000,71.0000
493.5000,335.5000,33.0000,71.0000
495.0000,334.0000,33.0000,71.0000
496.5000,331.5000,33.0000,71.0000
498.0000,330.0000,33.0000,71.0000
499.5000,328.5000,33.0000,71.0000
502.0000,327.0000,33.0000,71.0000
503.5000,325.5000,33.0000,71.0000
505.0000,324.0000,33.0000,71.0000
506.5000,323.5000,33.0000,71.0000
508.0000,322.0000,33.0000,71.0000
510.5000,320.5000,33.0000,71.0000
512.0000,320.0000,33.0000,71.0000
513.5000,318.5000,33.0000,71.0000
515.0000,318.0000,33.0000,71.0000
517.5000,316.5000,33.0000,71.0000
519.0000,315.0000,33.0000,71.0000
520.5000,313.5000,33.0000,71.0000
522.0000,312.0000,33.0000,71.0000
523.5000,310.5000,33.0000,71.0000
525.0000,310.0000,33.0000,71.0000
526.5000,308.5000,33.0000,71.0000
528.0000,307.0000,33.0000,71.0000
528.5000,306.5000,33.0000,71.0000
530.0000,305.0000,33.0000,71.0000
530.5000,304.5000,33.0000,71.0000
532.0000,303.0000,33.0000,71.0000
532.5000,302.5000,33.0000,71.0000
533.0000,302.0000,33.0000,71.0000
533.5000,301.5000,33.0000,71.0000
535.0000,301.0000,33.0000,71.0000
535.5000,300.5000,33.0000,71.0000
536.0000,299.0000,33.0000,71.0000
536.5000,298.5000,33.0000,71.0000
537.0000,298.0000,33.0000,71.0000
537.5000,296.5000,33.0000,71.0000
538.0000,296.0000,33.0000,71.0000
538.5000,294.5000,33.0000,71.0000
539.0000,294.0000,33.0000,71.0000
539.5000,293.5000,33.0000,71.0000
540.0000,293.0000,33.0000,71.0000
540.5000,291.5000,33.0000,71.0000
541.0000,291.0000,33.0000,71.0000
541.5000,290.5000,33.0000,71.0000
542.0000,290.0000,33.0000,71.0000
542.5000,289.5000,33.0000,71.0000
543.0000,289.0000,33.0000,71.0000
543.5000,288.5000,33.0000,71.0000
544.0000,288.0000,33.0000,71.0000
544.5000,288.5000,33.0000,71.0000
545.0000,288.0000,33.0000,71.0000
545.5000,287.5000,33.0000,71.0000
546.0000,287.0000,33.0000,71.0000
546.5000,286.5000,33.0000,71.0000
547.0000,286.0000,33.0000,71.0000
547.5000,285.5000,33.0000,71.0000
548.0000,284.0000,33.0000,71.0000
548.5000,283.5000,33.0000,71.0000
548.0000,283.0000,33.0000,71.0000
548.5000,282.5000,33.0000,71.0000
549.0000,282.0000,33.0000,71.0000
548.5000,281.5000,33.0000,71.0000
549.0000,281.0000,33.0000,71.0000
548.5000,280.5000,33.0000,71.0000
549.0000,280.0000,33.0000,71.0000
548.5000,280.5000,33.0000,71.0000
549.0000,280.0000,33.0000,71.0000
548.5000,279.5000,33.0000,71.0000
549.0000,279.0000,33.0000,71.0000
548.5000,279.5000,33.0000,71.0000
549.0000,279.0000,33.0000,71.0000
548.5000,278.5000,33.0000,71.0000
548.0000,278.0000,33.0000,71.0000
548.5000,277.5000,33.0000,71.0000
548.0000,277.0000,33.0000,71.0000
547.5000,276.5000,33.0000,71.0000
548.0000,276.0000,33.0000,71.0000
547.5000,275.5000,33.0000,71.0000
548.0000,275.0000,33.0000,71.0000
547.5000,274.5000,33.0000,71.0000
547.0000,274.0000,33.0000,71.0000
547.5000,273.5000,33.0000,71.0000
547.0000,274.0000,33.0000,71.0000
547.5000,273.5000,33.0000,71.0000
547.0000,273.0000,33.0000,71.0000
546.5000,273.5000,33.0000,71.0000
547.0000,273.0000,33.0000,71.0000
546.5000,272.5000,33.0000,71.0000
547.0000,273.0000,33.0000,71.0000
547.5000,272.5000,33.0000,71.0000
547.0000,272.0000,33.0000,71.0000
547.5000,271.5000,33.0000,71.0000
547.0000,271.0000,33.0000,71.0000
547.5000,270.5000,33.0000,71.0000
547.0000,270.0000,33.0000,71.0000
546.5000,270.5000,33.0000,71.0000
546.0000,270.0000,33.0000,71.0000
546.5000,269.5000,33.0000,71.0000
546.0000,269.0000,33.0000,71.0000
545.5000,268.5000,33.0000,71.0000
545.0000,268.0000,33.0000,71.0000
544.5000,268.5000,33.0000,71.0000
544.0000,268.0000,33.0000,71.0000
544.5000,267.5000,33.0000,71.0000
544.0000,268.0000,33.0000,71.0000
543.5000,267.5000,33.0000,71.0000
543.0000,267.0000,33.0000,71.0000
542.5000,267.5000,33.0000,71.0000
543.0000,267.0000,33.0000,71.0000
542.5000,266.5000,33.0000,71.0000
542.0000,266.0000,33.0000,71.0000
541.5000,265.5000,33.0000,71.0000
542.0000,265.0000,33.0000,71.0000
541.5000,264.5000,33.0000,71.0000
541.0000,264.0000,33.0000,71.0000
541.5000,263.5000,33.0000,71.0000
541.0000,263.0000,33.0000,71.0000
541.5000,262.5000,33.0000,71.0000
541.0000,262.0000,33.0000,71.0000
541.5000,261.5000,33.0000,71.0000
541.0000,262.0000,33.0000,71.0000
541.5000,261.5000,33.0000,71.0000
541.0000,261.0000,33.0000,71.0000
541.5000,261.5000,33.0000,71.0000
542.0000,261.0000,33.0000,71.0000
541.5000,260.5000,33.0000,71.0000
542.0000,260.0000,33.0000,71.0000
542.5000,260.5000,33.0000,71.0000
542.0000,260.0000,33.0000,71.0000
542.5000,259.5000,33.0000,71.0000
543.0000,259.0000,33.0000,71.0000
542.5000,258.5000,33.0000,71.0000
543.0000,258.0000,33.0000,71.0000
542.5000,257.5000,33.0000,71.0000
543.0000,257.0000,33.0000,71.0000
542.5000,257.5000,33.0000,71.0000
543.0000,257.0000,33.0000,71.0000
542.5000,256.5000,33.0000,71.0000
542.0000,257.0000,33.0000,71.0000
542.5000,256.5000,33.0000,71.0000
542.0000,257.0000,33.0000,71.0000
541.5000,256.5000,33.0000,71.0000
542.0000,257.0000,33.0000,71.0000
541.5000,257.5000,33.0000,71.0000
541.0000,257.0000,33.0000,71.0000
540.5000,256.5000,33.0000,71.0000
541.0000,257.0000,33.0000,71.0000
540.5000,256.5000,33.0000,71.0000
540.0000,256.0000,33.0000,71.0000
539.5000,255.5000,33.0000,71.0000
540.0000,255.0000,33.0000,71.0000
539.5000,255.5000,33.0000,71.0000
540.0000,255.0000,33.0000,71.0000
539.5000,254.5000,33.0000,71.0000
540.0000,255.0000,33.0000,71.0000
539.5000,254.5000,33.0000,71.0000
539.0000,255.0000,33.0000,71.0000
539.5000,254.5000,33.0000,71.0000
539.0000,255.0000,33.0000,71.0000
539.5000,255.5000,33.0000,71.0000
540.0000,255.0000,33.0000,71.0000
539.5000,255.5000,33.0000,71.0000
540.0000,256.0000,33.0000,71.0000
540.5000,255.5000,33.0000,71.0000
540.0000,256.0000,33.0000,71.0000
540.5000,255.5000,33.0000,71.0000
541.0000,255.0000,33.0000,71.0000
540.5000,254.5000,33.0000,71.0000
541.0000,255.0000,33.0000,71.0000
540.5000,254.5000,33.0000,71.0000
541.0000,255.0000,33.0000,71.0000
540.5000,254.5000,33.0000,71.0000
540.0000,255.0000,33.0000,71.0000
539.5000,254.5000,33.0000,71.0000
540.0000,255.0000,33.0000,71.0000
539.5000,255.5000,33.0000,71.0000
539.0000,255.0000,33.0000,71.0000
538.5000,255.5000,33.0000,71.0000
539.0000,256.0000,33.0000,71.0000
538.5000,256.5000,33.0000,71.0000
538.0000,256.0000,33.0000,71.0000
537.5000,256.5000,33.0000,71.0000
537.0000,257.0000,33.0000,71.0000
536.5000,256.5000,33.0000,71.0000
537.0000,256.0000,33.0000,71.0000
536.5000,256.5000,33.0000,71.0000
536.0000,256.0000,33.0000,71.0000
535.5000,256.5000,33.0000,71.0000
535.0000,256.0000,33.0000,71.0000
535.5000,256.5000,33.0000,71.0000
535.0000,257.0000,33.0000,71.0000
534.5000,256.5000,33.0000,71.0000
535.0000,257.0000,33.0000,71.0000
534.5000,257.5000,33.0000,71.0000
534.0000,258.0000,33.0000,71.0000
534.5000,258.5000,33.0000,71.0000
534.0000,258.0000,33.0000,71.0000
533.5000,258.5000,33.0000,71.0000
534.0000,259.0000,33.0000,71.0000
533.5000,258.5000,33.0000,71.0000
534.0000,259.0000,33.0000,71.0000
533.5000,258.5000,33.0000,71.0000
534.0000,259.0000,33.0000,71.0000
533.5000,258.5000,33.0000,71.0000
534.0000,258.0000,33.0000,71.0000
533.5000,258.5000,33.0000,71.0000
533.0000,258.0000,33.0000,71.0000
533.5000,258.5000,33.0000,71.0000
533.0000,258.0000,33.0000,71.0000
533.5000,258.5000,33.0000,71.0000
533.0000,258.0000,33.0000,71.0000
532.5000,258.5000,33.0000,71.0000
532.0000,259.0000,33.0000,71.0000
532.5000,259.5000,33.0000,71.0000
532.0000,259.0000,33.0000,71.0000
531.5000,259.5000,33.0000,71.0000
531.0000,259.0000,33.0000,71.0000
531.5000,259.5000,33.0000,71.0000
531.0000,259.0000,33.0000,71.0000
530.5000,258.5000,33.0000,71.0000
530.0000,259.0000,33.0000,71.0000
530.5000,258.5000,33.0000,71.0000
530.0000,258.0000,33.0000,71.0000
530.5000,258.5000,33.0000,71.0000
530.0000,258.0000,33.0000,71.0000
530.5000,257.5000,33.0000,71.0000
530.0000,258.0000,33.0000,71.0000
530.5000,257.5000,33.0000,71.0000
531.0000,258.0000,33.0000,71.0000
531.5000,257.5000,33.0000,71.0000
531.0000,258.0000,33.0000,71.0000
531.5000,257.5000,33.0000,71.0000
532.0000,258.0000,33.0000,71.0000
532.5000,257.5000,33.0000,71.0000
533.0000,258.0000,33.0000,71.0000
533.5000,257.5000,33.0000,71.0000
534.0000,257.0000,33.0000,71.0000
534.5000,256.5000,33.0000,71.0000
534.0000,256.0000,33.0000,71.0000
534.5000,255.5000,33.0000,71.0000
535.0000,255.0000,33.0000,71.0000
535.5000,255.5000,33.0000,71.0000
535.0000,255.0000,33.0000,71.0000
535.5000,254.5000,33.0000,71.0000
536.0000,254.0000,33.0000,71.0000
536.5000,254.5000,33.0000,71.0000
536.0000,254.0000,33.0000,71.0000
536.5000,254.5000,33.0000,71.0000
537.0000,254.0000,33.0000,71.0000
537.5000,254.5000,33.0000,71.0000
537.0000,254.0000,33.0000,71.0000
537.5000,253.5000,33.0000,71.0000
538.0000,253.0000,33.0000,71.0000
538.5000,252.5000,33.0000,71.0000
538.0000,252.0000,33.0000,71.0000
538.5000,252.5000,33.0000,71.0000
539.0000,252.0000,33.0000,71.0000
539.5000,251.5000,33.0000,71.0000
540.0000,251.0000,33.0000,71.0000
540.5000,250.5000,33.0000,71.0000
541.0000,251.0000,33.0000,71.0000
541.5000,250.5000,33.0000,71.0000
542.0000,251.0000,33.0000,71.0000
542.5000,250.5000,33.0000,71.0000
543.0000,251.0000,33.0000,71.0000
544.5000,250.5000,33.0000,71.0000
545.0000,251.0000,33.0000,71.0000
545.5000,250.5000,33.0000,71.0000
547.0000,251.0000,33.0000,71.0000
547.5000,250.5000,33.0000,71.0000
548.0000,250.0000,33.0000,71.0000
549.5000,249.5000,33.0000,71.0000
550.0000,250.0000,33.0000,71.0000
550.5000,249.5000,33.0000,71.0000
551.0000,249.0000,33.0000,71.0000
551.5000,248.5000,33.0000,71.0000
552.0000,248.0000,33.0000,71.0000
552.5000,248.5000,33.0000,71.0000
553.0000,248.0000,33.0000,71.0000
553.5000,247.5000,33.0000,71.0000
554.0000,248.0000,33.0000,71.0000
554.5000,247.5000,33.0000,71.0000
555.0000,248.0000,33.0000,71.0000
555.5000,248.5000,33.0000,71.0000
556.0000,248.0000,33.0000,71.0000
556.5000,248.5000,33.0000,71.0000
557.0000,248.0000,33.0000,71.0000
557.5000,247.5000,33.0000,71.0000
558.0000,247.0000,33.0000,71.0000
557.5000,246.5000,33.0000,71.0000
558.0000,247.0000,33.0000,71.0000
558.5000,246.5000,33.0000,71.0000
559.0000,246.0000,33.0000,71.0000
559.5000,246.5000,33.0000,71.0000
559.0000,247.0000,33.0000,71.0000
559.5000,247.5000,33.0000,71.0000
559.0000,249.0000,33.0000,71.0000
559.5000,249.5000,33.0000,71.0000
559.0000,250.0000,33.0000,71.0000
559.5000,250.5000,33.0000,71.0000
559.0000,251.0000,33.0000,71.0000
558.5000,248.5000,33.0000,71.0000
558.0000,249.0000,33.0000,71.0000
557.5000,249.5000,33.0000,71.0000
557.0000,250.0000,33.0000,71.0000
557.5000,251.5000,33.0000,71.0000
557.0000,253.0000,33.0000,71.0000
556.5000,253.5000,33.0000,71.0000
557.0000,255.0000,33.0000,71.0000
556.5000,256.5000,33.0000,71.0000
557.0000,258.0000,33.0000,71.0000
556.5000,259.5000,33.0000,71.0000
557.0000,260.0000,33.0000,71.0000
556.5000,261.5000,33.0000,71.0000
557.0000,262.0000,33.0000,71.0000
556.5000,263.5000,33.0000,71.0000
557.0000,265.0000,33.0000,71.0000
2
0
0
0
0
0
2
0
0
0
0
0
2
0
0
0
0
0
2
0
0
0
0
0
2
0
0
0
0
0
2
0
0
0
0
0
2
0
0
0
0
0
2
0
0
0
0
0
2
0
0
0
0
0
2
0
0
0
0
0
2
0
0
0
0
0
2
0
0
0
0
0
2
0
0
0
0
0
2
0
0
0
0
0
2
0
0
0
0
0
2
0
0
0
0
0
2
0
0
0
0
0
2
0
0
0
0
0
2
0
0
0
0
0
2
0
0
0
0
0
2
0
0
0
0
0
2
0
0
0
0
0
2
0
0
0
0
0
2
0
0
0
0
0
2
0
0
0
0
0
2
0
0
0
0
0
2
0
0
0
0
0
2
0
0
0
0
0
2
0
0
0
0
0
2
0
0
0
0
0
2
0
0
0
0
0
2
0
0
0
0
0
2
0
0
0
0
0
2
0
0
0
0
0
2
0
0
0
0
0
2
0
0
0
0
0
2
0
0
0
0
0
2
0
0
0
0
0
2
0
0
0
0
0
2
0
0
0
0
0
2
0
0
0
0
0
2
0
0
0
0
0
2
0
0
0
0
0
2
0
0
0
0
0
2
0
0
0
0
0
2
0
0
0
0
0
2
0
0
0
0
0
2
0
0
0
0
0
2
0
0
0
0
0
2
0
0
0
0
0
2
0
0
0
0
0
2
0
0
0
0
0
2
0
0
0
0
0
2
0
0
0
0
0
2
0
0
0
0
0
2
0
0
0
0
0
2
0
0
0
0
0
2
0
0
0
0
0
2
0
0
0
0
0
2
0
0
0
0
0
2
0
0
0
0
0
2
0
0
0
0
0
2
0
0
0
0
0
2
0
0
0
0
0
2
0
0
0
0
0
2
0
0
0
0
0
2
0
0
0
0
0
2
0
0
0
0
0
2
0
0
0
0
0
2
0
0
0
0
0
2
0
0
0
0
0
2
0
0
0
0
0
2
0
0
0
0
0
2
0
0
0
0
0
2
0
0
0
0
0
2
0
0
0
0
0
2
0
0
0
0
0
2
0
0
0
0
0
2
0
0
0
0
0
2
0
0
0
0
0
2
0
0
0
0
0
2
0
0
0
0
0
2
0
0
0
0
0
2
0
0
0
0
0
2
0
0
0
0
0
2
0
0
0
0
0
2
0
0
0
0
0
2
0
0
0
0
0
2
0
0
